customer_id,order_year,order_month,order_monthname,first_order_num,max_cum_delivered,is_first,is_repeat
C00001,2024,7,July,1,0,1,0
C00001,2025,7,July,2,0,0,0
C00001,2025,9,September,3,1,0,0
C00002,2024,7,July,1,1,1,0
C00002,2024,8,August,2,2,0,1
C00002,2025,4,April,3,3,0,1
C00002,2025,6,June,4,4,0,1
C00003,2024,12,December,1,1,1,0
C00003,2025,3,March,2,2,0,1
C00003,2025,4,April,3,2,0,1
C00003,2025,5,May,4,2,0,1
C00003,2025,11,November,5,3,0,1
C00004,2024,11,November,1,1,1,0
C00004,2025,4,April,2,2,0,1
C00004,2025,6,June,3,3,0,1
C00004,2025,11,November,4,5,0,1
C00005,2024,7,July,1,1,1,0
C00005,2024,8,August,2,2,0,1
C00005,2025,5,May,3,3,0,1
C00005,2025,12,December,4,3,0,1
C00006,2025,8,August,1,1,1,0
C00007,2025,2,February,1,1,1,0
C00008,2024,10,October,1,0,1,0
C00009,2024,10,October,1,1,1,0
C00009,2025,12,December,2,1,0,0
C00011,2024,9,September,1,1,1,0
C00011,2024,10,October,3,2,0,1
C00011,2025,6,June,4,4,0,1
C00011,2025,10,October,6,5,0,1
C00012,2024,10,October,1,1,1,0
C00012,2025,2,February,2,2,0,1
C00012,2025,7,July,3,2,0,1
C00012,2025,9,September,4,2,0,1
C00012,2025,11,November,5,3,0,1
C00014,2025,3,March,1,1,1,0
C00014,2025,5,May,2,2,0,1
C00014,2025,9,September,3,3,0,1
C00015,2024,10,October,1,1,1,0
C00016,2024,8,August,1,1,1,0
C00016,2025,5,May,2,2,0,1
C00017,2024,10,October,1,3,0,1
C00017,2024,11,November,4,5,0,1
C00017,2025,2,February,6,6,0,1
C00017,2025,11,November,7,7,0,1
C00017,2025,12,December,8,8,0,1
C00018,2024,7,July,1,1,1,0
C00018,2024,8,August,2,2,0,1
C00018,2025,9,September,3,3,0,1
C00019,2024,7,July,1,1,1,0
C00019,2024,8,August,3,2,0,1
C00019,2025,1,January,4,3,0,1
C00019,2025,4,April,5,4,0,1
C00020,2024,8,August,1,1,1,0
C00020,2024,12,December,2,2,0,1
C00020,2025,1,January,3,3,0,1
C00020,2025,6,June,4,5,0,1
C00020,2025,8,August,6,5,0,1
C00020,2025,9,September,8,6,0,1
C00020,2025,11,November,9,7,0,1
C00021,2024,11,November,1,1,1,0
C00022,2024,8,August,1,1,1,0
C00022,2025,8,August,2,2,0,1
C00022,2025,9,September,3,3,0,1
C00024,2025,1,January,1,1,1,0
C00024,2025,6,June,2,2,0,1
C00024,2025,7,July,3,3,0,1
C00025,2024,11,November,1,1,1,0
C00025,2025,3,March,2,2,0,1
C00025,2025,4,April,3,3,0,1
C00025,2025,5,May,4,4,0,1
C00025,2025,7,July,5,5,0,1
C00025,2025,11,November,6,6,0,1
C00026,2024,8,August,1,1,1,0
C00026,2025,2,February,2,2,0,1
C00026,2025,3,March,3,3,0,1
C00026,2025,4,April,4,4,0,1
C00026,2025,7,July,6,5,0,1
C00027,2024,10,October,1,1,1,0
C00027,2025,1,January,2,2,0,1
C00027,2025,10,October,3,3,0,1
C00028,2024,12,December,1,1,1,0
C00028,2025,2,February,2,2,0,1
C00028,2025,3,March,3,4,0,1
C00029,2025,10,October,1,0,1,0
C00029,2025,12,December,2,1,0,0
C00030,2025,8,August,1,0,1,0
C00031,2024,11,November,1,1,1,0
C00031,2025,4,April,2,2,0,1
C00031,2025,8,August,3,3,0,1
C00031,2025,9,September,4,4,0,1
C00032,2024,12,December,1,1,1,0
C00032,2025,9,September,2,1,0,0
C00033,2025,3,March,1,1,1,0
C00033,2025,12,December,2,2,0,1
C00034,2024,10,October,1,1,1,0
C00034,2024,11,November,2,2,0,1
C00034,2025,3,March,3,3,0,1
C00035,2025,5,May,1,1,1,0
C00035,2025,11,November,2,2,0,1
C00036,2024,8,August,1,1,1,0
C00036,2024,9,September,2,3,0,1
C00036,2025,10,October,4,4,0,1
C00037,2025,9,September,1,1,1,0
C00038,2024,11,November,1,1,1,0
C00038,2025,8,August,2,2,0,1
C00038,2025,9,September,3,3,0,1
C00039,2024,7,July,1,0,1,0
C00039,2025,7,July,2,1,0,0
C00039,2025,12,December,3,2,0,1
C00040,2024,9,September,1,1,1,0
C00040,2024,12,December,2,1,0,0
C00040,2025,5,May,3,2,0,1
C00040,2025,11,November,4,3,0,1
C00040,2025,12,December,5,5,0,1
C00041,2024,8,August,1,2,0,1
C00041,2024,9,September,3,3,0,1
C00041,2024,11,November,4,4,0,1
C00041,2025,6,June,5,5,0,1
C00041,2025,11,November,6,6,0,1
C00042,2024,8,August,1,1,1,0
C00042,2024,11,November,2,2,0,1
C00042,2025,1,January,4,3,0,1
C00042,2025,2,February,5,4,0,1
C00043,2024,7,July,1,1,1,0
C00043,2024,10,October,2,1,0,0
C00043,2024,12,December,3,2,0,1
C00043,2025,7,July,4,3,0,1
C00045,2024,8,August,1,1,1,0
C00046,2024,8,August,1,1,1,0
C00046,2025,1,January,2,2,0,1
C00046,2025,5,May,3,3,0,1
C00046,2025,12,December,5,3,0,1
C00048,2025,6,June,1,1,1,0
C00049,2024,7,July,1,0,1,0
C00049,2024,8,August,2,1,0,0
C00049,2025,8,August,3,1,0,0
C00050,2024,8,August,1,0,1,0
C00050,2024,12,December,2,0,0,0
C00050,2025,7,July,3,1,0,0
C00050,2025,12,December,4,2,0,1
C00051,2024,7,July,1,1,1,0
C00051,2025,1,January,2,2,0,1
C00051,2025,3,March,3,2,0,1
C00051,2025,6,June,4,3,0,1
C00052,2025,1,January,1,1,1,0
C00052,2025,3,March,2,2,0,1
C00052,2025,10,October,3,3,0,1
C00053,2024,11,November,1,1,1,0
C00053,2025,7,July,2,2,0,1
C00054,2024,10,October,1,1,1,0
C00054,2024,12,December,2,1,0,0
C00054,2025,3,March,3,2,0,1
C00054,2025,11,November,4,3,0,1
C00055,2024,8,August,1,1,1,0
C00055,2024,11,November,2,3,0,1
C00055,2024,12,December,4,4,0,1
C00055,2025,1,January,5,5,0,1
C00055,2025,2,February,6,6,0,1
C00055,2025,3,March,7,6,0,1
C00055,2025,8,August,8,8,0,1
C00056,2025,11,November,1,1,1,0
C00056,2025,12,December,2,2,0,1
C00057,2024,8,August,1,1,1,0
C00057,2024,10,October,2,2,0,1
C00057,2024,12,December,3,3,0,1
C00057,2025,4,April,4,4,0,1
C00057,2025,11,November,5,5,0,1
C00057,2025,12,December,6,6,0,1
C00058,2024,11,November,1,1,1,0
C00058,2025,4,April,2,1,0,0
C00059,2025,5,May,1,1,1,0
C00059,2025,12,December,2,2,0,1
C00060,2024,9,September,1,0,1,0
C00060,2025,1,January,2,0,0,0
C00060,2025,9,September,3,1,0,0
C00060,2025,10,October,4,2,0,1
C00061,2024,10,October,1,1,1,0
C00061,2025,6,June,2,2,0,1
C00062,2025,4,April,1,1,1,0
C00062,2025,9,September,2,3,0,1
C00062,2025,10,October,4,4,0,1
C00062,2025,11,November,5,5,0,1
C00063,2024,11,November,1,1,1,0
C00063,2025,6,June,2,2,0,1
C00063,2025,11,November,3,3,0,1
C00064,2025,11,November,1,1,1,0
C00064,2025,12,December,2,2,0,1
C00065,2025,4,April,1,0,1,0
C00066,2024,12,December,1,1,1,0
C00066,2025,10,October,2,2,0,1
C00067,2025,5,May,1,1,1,0
C00067,2025,10,October,2,1,0,0
C00068,2024,12,December,1,2,0,1
C00068,2025,5,May,3,4,0,1
C00068,2025,12,December,5,5,0,1
C00069,2024,7,July,1,1,1,0
C00069,2024,11,November,2,2,0,1
C00069,2025,4,April,3,5,0,1
C00069,2025,7,July,6,5,0,1
C00069,2025,8,August,7,7,0,1
C00069,2025,10,October,9,8,0,1
C00070,2024,7,July,1,0,1,0
C00070,2024,10,October,2,1,0,0
C00070,2025,2,February,3,2,0,1
C00070,2025,4,April,4,3,0,1
C00070,2025,7,July,5,4,0,1
C00071,2025,6,June,1,1,1,0
C00073,2024,9,September,1,0,1,0
C00073,2024,10,October,2,1,0,0
C00073,2024,11,November,3,1,0,0
C00073,2024,12,December,4,2,0,1
C00073,2025,1,January,5,3,0,1
C00073,2025,4,April,6,4,0,1
C00074,2024,11,November,1,1,1,0
C00074,2025,10,October,2,2,0,1
C00075,2024,8,August,1,1,1,0
C00075,2025,5,May,2,2,0,1
C00075,2025,7,July,3,3,0,1
C00075,2025,12,December,4,4,0,1
C00076,2025,3,March,1,1,1,0
C00077,2024,7,July,1,1,1,0
C00077,2024,12,December,2,2,0,1
C00077,2025,6,June,3,3,0,1
C00077,2025,8,August,4,4,0,1
C00078,2025,12,December,1,1,1,0
C00079,2025,6,June,1,1,1,0
C00079,2025,7,July,2,2,0,1
C00079,2025,9,September,3,3,0,1
C00079,2025,10,October,4,4,0,1
C00079,2025,11,November,5,5,0,1
C00080,2024,7,July,1,1,1,0
C00080,2025,5,May,2,3,0,1
C00080,2025,11,November,4,4,0,1
C00080,2025,12,December,5,4,0,1
C00081,2024,7,July,1,1,1,0
C00081,2024,12,December,2,2,0,1
C00081,2025,3,March,3,3,0,1
C00082,2024,7,July,1,1,1,0
C00082,2024,9,September,2,2,0,1
C00082,2024,10,October,3,2,0,1
C00082,2025,1,January,4,4,0,1
C00082,2025,5,May,6,5,0,1
C00082,2025,6,June,7,7,0,1
C00082,2025,7,July,9,8,0,1
C00082,2025,9,September,10,8,0,1
C00082,2025,10,October,11,8,0,1
C00082,2025,11,November,12,8,0,1
C00083,2024,10,October,1,0,1,0
C00083,2025,10,October,2,1,0,0
C00084,2024,7,July,1,1,1,0
C00084,2024,10,October,2,2,0,1
C00084,2024,11,November,3,3,0,1
C00084,2024,12,December,4,4,0,1
C00084,2025,1,January,5,4,0,1
C00084,2025,3,March,6,5,0,1
C00084,2025,5,May,7,6,0,1
C00084,2025,6,June,8,8,0,1
C00085,2024,7,July,1,1,1,0
C00085,2024,10,October,2,2,0,1
C00085,2025,1,January,3,3,0,1
C00085,2025,3,March,4,4,0,1
C00085,2025,10,October,5,5,0,1
C00086,2024,7,July,1,1,1,0
C00086,2025,3,March,2,2,0,1
C00086,2025,7,July,3,2,0,1
C00086,2025,10,October,4,3,0,1
C00087,2024,8,August,1,1,1,0
C00087,2024,12,December,2,2,0,1
C00087,2025,1,January,3,2,0,1
C00087,2025,6,June,4,4,0,1
C00087,2025,10,October,6,5,0,1
C00088,2024,7,July,1,0,1,0
C00088,2025,6,June,2,1,0,0
C00089,2024,10,October,1,0,1,0
C00089,2025,11,November,2,1,0,0
C00089,2025,12,December,3,2,0,1
C00090,2024,8,August,1,0,1,0
C00090,2024,9,September,2,1,0,0
C00090,2025,5,May,3,2,0,1
C00091,2025,1,January,1,1,1,0
C00091,2025,2,February,2,2,0,1
C00091,2025,4,April,3,3,0,1
C00091,2025,8,August,4,4,0,1
C00091,2025,10,October,5,5,0,1
C00092,2025,4,April,1,1,1,0
C00092,2025,8,August,2,2,0,1
C00092,2025,9,September,3,3,0,1
C00092,2025,11,November,4,3,0,1
C00092,2025,12,December,5,5,0,1
C00093,2025,1,January,1,1,1,0
C00093,2025,7,July,2,2,0,1
C00093,2025,8,August,4,3,0,1
C00094,2025,7,July,1,1,1,0
C00095,2024,8,August,1,1,1,0
C00095,2024,9,September,2,2,0,1
C00095,2024,11,November,3,3,0,1
C00095,2025,7,July,4,4,0,1
C00095,2025,8,August,5,5,0,1
C00095,2025,12,December,6,5,0,1
C00096,2025,2,February,1,1,1,0
C00096,2025,5,May,2,2,0,1
C00097,2025,7,July,1,1,1,0
C00098,2024,7,July,1,0,1,0
C00098,2025,1,January,2,1,0,0
C00098,2025,11,November,4,2,0,1
C00099,2024,7,July,1,1,1,0
C00099,2024,11,November,2,2,0,1
C00099,2024,12,December,3,3,0,1
C00099,2025,5,May,4,4,0,1
C00100,2024,8,August,1,0,1,0
C00100,2024,11,November,2,1,0,0
C00100,2024,12,December,3,2,0,1
C00100,2025,2,February,4,3,0,1
C00100,2025,5,May,5,3,0,1
C00100,2025,11,November,6,4,0,1
C00100,2025,12,December,7,6,0,1
C00101,2025,3,March,1,1,1,0
C00102,2024,8,August,1,2,0,1
C00102,2025,3,March,3,3,0,1
C00102,2025,4,April,4,4,0,1
C00102,2025,7,July,5,5,0,1
C00102,2025,10,October,6,6,0,1
C00103,2025,4,April,1,1,1,0
C00103,2025,7,July,2,1,0,0
C00104,2024,9,September,1,2,0,1
C00104,2024,11,November,3,3,0,1
C00104,2025,3,March,4,4,0,1
C00104,2025,8,August,5,5,0,1
C00105,2024,11,November,1,1,1,0
C00105,2024,12,December,2,2,0,1
C00105,2025,1,January,3,3,0,1
C00105,2025,2,February,4,3,0,1
C00105,2025,5,May,5,4,0,1
C00105,2025,8,August,6,6,0,1
C00105,2025,12,December,8,7,0,1
C00106,2024,7,July,1,1,1,0
C00106,2024,10,October,2,2,0,1
C00106,2024,11,November,3,3,0,1
C00106,2024,12,December,5,3,0,1
C00106,2025,1,January,6,4,0,1
C00106,2025,8,August,7,5,0,1
C00106,2025,9,September,8,6,0,1
C00106,2025,10,October,9,8,0,1
C00107,2024,8,August,1,0,1,0
C00107,2025,6,June,2,1,0,0
C00107,2025,11,November,3,1,0,0
C00108,2024,9,September,1,1,1,0
C00108,2024,10,October,2,2,0,1
C00108,2025,4,April,3,3,0,1
C00108,2025,7,July,4,5,0,1
C00108,2025,8,August,6,6,0,1
C00108,2025,12,December,7,7,0,1
C00109,2024,8,August,1,0,1,0
C00109,2025,1,January,2,1,0,0
C00109,2025,3,March,3,3,0,1
C00109,2025,8,August,5,4,0,1
C00109,2025,11,November,6,5,0,1
C00109,2025,12,December,7,6,0,1
C00110,2024,9,September,1,1,1,0
C00110,2025,3,March,2,2,0,1
C00111,2024,11,November,1,1,1,0
C00111,2025,5,May,2,2,0,1
C00111,2025,6,June,4,3,0,1
C00111,2025,8,August,5,4,0,1
C00112,2025,1,January,1,1,1,0
C00112,2025,2,February,2,2,0,1
C00112,2025,7,July,3,3,0,1
C00113,2025,1,January,1,1,1,0
C00113,2025,8,August,2,2,0,1
C00114,2025,10,October,1,0,1,0
C00115,2024,12,December,1,1,1,0
C00115,2025,2,February,2,3,0,1
C00115,2025,9,September,4,4,0,1
C00116,2024,8,August,1,1,1,0
C00116,2025,4,April,2,1,0,0
C00117,2025,5,May,1,1,1,0
C00117,2025,8,August,2,2,0,1
C00117,2025,9,September,3,3,0,1
C00118,2025,1,January,1,1,1,0
C00119,2024,11,November,1,1,1,0
C00119,2024,12,December,2,2,0,1
C00119,2025,12,December,3,3,0,1
C00120,2024,9,September,1,0,1,0
C00120,2025,1,January,2,1,0,0
C00121,2024,9,September,1,1,1,0
C00121,2024,12,December,2,2,0,1
C00121,2025,12,December,3,3,0,1
C00122,2025,1,January,1,2,0,1
C00122,2025,2,February,3,3,0,1
C00122,2025,4,April,4,4,0,1
C00122,2025,8,August,5,5,0,1
C00122,2025,11,November,6,6,0,1
C00123,2025,1,January,1,0,1,0
C00123,2025,7,July,2,1,0,0
C00124,2024,9,September,1,1,1,0
C00124,2024,10,October,2,2,0,1
C00124,2024,12,December,3,3,0,1
C00124,2025,6,June,4,4,0,1
C00124,2025,10,October,5,5,0,1
C00125,2024,8,August,1,0,1,0
C00125,2024,11,November,2,0,0,0
C00125,2025,11,November,4,1,0,0
C00126,2024,8,August,1,1,1,0
C00126,2024,11,November,2,2,0,1
C00126,2025,4,April,3,3,0,1
C00126,2025,6,June,5,4,0,1
C00126,2025,7,July,7,5,0,1
C00126,2025,9,September,8,5,0,1
C00126,2025,11,November,9,6,0,1
C00127,2024,8,August,1,1,1,0
C00127,2024,11,November,3,1,0,0
C00127,2025,3,March,4,2,0,1
C00128,2024,12,December,1,1,1,0
C00128,2025,1,January,2,2,0,1
C00128,2025,6,June,3,3,0,1
C00128,2025,7,July,4,3,0,1
C00129,2024,12,December,1,1,1,0
C00129,2025,5,May,2,2,0,1
C00129,2025,7,July,3,3,0,1
C00129,2025,10,October,5,4,0,1
C00130,2024,12,December,1,1,1,0
C00130,2025,4,April,2,1,0,0
C00130,2025,5,May,3,2,0,1
C00130,2025,10,October,4,3,0,1
C00131,2024,12,December,1,1,1,0
C00131,2025,1,January,2,2,0,1
C00131,2025,11,November,3,3,0,1
C00132,2024,7,July,1,1,1,0
C00132,2024,8,August,2,2,0,1
C00132,2024,10,October,3,3,0,1
C00132,2024,12,December,4,4,0,1
C00132,2025,4,April,5,4,0,1
C00132,2025,5,May,6,5,0,1
C00132,2025,6,June,7,6,0,1
C00132,2025,10,October,9,7,0,1
C00132,2025,11,November,10,8,0,1
C00132,2025,12,December,11,10,0,1
C00133,2025,4,April,1,2,0,1
C00133,2025,5,May,4,2,0,1
C00133,2025,9,September,5,3,0,1
C00133,2025,10,October,6,4,0,1
C00134,2025,2,February,1,1,1,0
C00135,2024,11,November,1,0,1,0
C00136,2024,7,July,1,1,1,0
C00137,2024,10,October,1,1,1,0
C00137,2025,3,March,2,2,0,1
C00137,2025,4,April,4,3,0,1
C00137,2025,5,May,5,3,0,1
C00137,2025,6,June,6,4,0,1
C00137,2025,8,August,7,5,0,1
C00138,2024,7,July,1,1,1,0
C00138,2024,11,November,2,2,0,1
C00138,2025,2,February,3,3,0,1
C00138,2025,4,April,4,4,0,1
C00138,2025,8,August,5,4,0,1
C00138,2025,10,October,6,5,0,1
C00138,2025,12,December,7,6,0,1
C00139,2024,7,July,1,1,1,0
C00139,2024,9,September,2,1,0,0
C00139,2025,7,July,3,2,0,1
C00140,2024,12,December,1,2,0,1
C00140,2025,2,February,3,4,0,1
C00140,2025,6,June,5,5,0,1
C00140,2025,7,July,6,6,0,1
C00141,2024,9,September,1,1,1,0
C00141,2025,7,July,2,3,0,1
C00142,2025,5,May,1,2,0,1
C00142,2025,8,August,3,3,0,1
C00142,2025,11,November,4,4,0,1
C00142,2025,12,December,5,5,0,1
C00143,2025,5,May,1,1,1,0
C00143,2025,6,June,2,2,0,1
C00143,2025,7,July,3,3,0,1
C00143,2025,12,December,4,4,0,1
C00144,2024,12,December,1,1,1,0
C00144,2025,1,January,2,2,0,1
C00144,2025,4,April,3,4,0,1
C00144,2025,5,May,5,5,0,1
C00144,2025,9,September,6,5,0,1
C00144,2025,10,October,7,5,0,1
C00145,2024,9,September,1,0,1,0
C00145,2025,3,March,2,1,0,0
C00146,2025,3,March,1,0,1,0
C00146,2025,7,July,2,1,0,0
C00146,2025,10,October,3,2,0,1
C00147,2025,1,January,1,2,0,1
C00148,2024,8,August,1,1,1,0
C00148,2024,12,December,2,3,0,1
C00148,2025,1,January,5,5,0,1
C00148,2025,6,June,7,5,0,1
C00148,2025,8,August,8,7,0,1
C00148,2025,9,September,10,8,0,1
C00148,2025,11,November,11,9,0,1
C00149,2025,7,July,1,1,1,0
C00149,2025,9,September,2,2,0,1
C00150,2025,6,June,1,0,1,0
C00151,2024,10,October,1,1,1,0
C00151,2024,11,November,2,2,0,1
C00151,2025,8,August,4,3,0,1
C00152,2024,7,July,1,1,1,0
C00152,2024,11,November,2,3,0,1
C00152,2025,1,January,4,4,0,1
C00153,2024,8,August,1,1,1,0
C00153,2024,11,November,2,2,0,1
C00153,2025,1,January,3,3,0,1
C00153,2025,2,February,4,5,0,1
C00154,2025,3,March,1,0,1,0
C00154,2025,4,April,2,1,0,0
C00154,2025,7,July,3,2,0,1
C00155,2024,10,October,1,1,1,0
C00155,2025,4,April,2,2,0,1
C00155,2025,8,August,3,3,0,1
C00155,2025,9,September,4,5,0,1
C00156,2024,8,August,1,1,1,0
C00156,2024,9,September,2,2,0,1
C00156,2024,10,October,3,3,0,1
C00156,2024,11,November,4,4,0,1
C00156,2024,12,December,5,5,0,1
C00156,2025,3,March,6,6,0,1
C00156,2025,8,August,7,7,0,1
C00156,2025,12,December,8,8,0,1
C00157,2024,7,July,1,1,1,0
C00157,2024,8,August,2,2,0,1
C00157,2024,9,September,3,3,0,1
C00157,2025,10,October,4,4,0,1
C00158,2024,7,July,1,0,1,0
C00158,2024,11,November,2,2,0,1
C00158,2025,2,February,4,3,0,1
C00158,2025,3,March,5,4,0,1
C00158,2025,8,August,6,5,0,1
C00159,2024,8,August,1,1,1,0
C00159,2024,11,November,2,2,0,1
C00159,2025,6,June,3,3,0,1
C00159,2025,11,November,4,4,0,1
C00160,2024,8,August,1,1,1,0
C00160,2024,11,November,2,2,0,1
C00160,2025,10,October,3,3,0,1
C00160,2025,12,December,4,4,0,1
C00161,2025,1,January,1,0,1,0
C00161,2025,5,May,2,1,0,0
C00161,2025,10,October,3,1,0,0
C00161,2025,12,December,4,1,0,0
C00162,2024,7,July,1,1,1,0
C00162,2024,8,August,2,1,0,0
C00162,2024,11,November,3,2,0,1
C00162,2025,3,March,4,3,0,1
C00162,2025,7,July,5,4,0,1
C00162,2025,9,September,6,5,0,1
C00163,2025,7,July,1,2,0,1
C00163,2025,8,August,3,3,0,1
C00163,2025,11,November,4,4,0,1
C00163,2025,12,December,5,5,0,1
C00164,2024,11,November,1,1,1,0
C00164,2025,2,February,2,2,0,1
C00165,2024,7,July,1,1,1,0
C00165,2024,9,September,2,1,0,0
C00165,2025,2,February,3,1,0,0
C00165,2025,9,September,4,2,0,1
C00166,2024,7,July,1,1,1,0
C00166,2024,8,August,2,2,0,1
C00166,2024,9,September,3,3,0,1
C00166,2024,12,December,4,3,0,1
C00166,2025,1,January,5,4,0,1
C00166,2025,2,February,7,4,0,1
C00167,2025,2,February,1,1,1,0
C00167,2025,6,June,2,2,0,1
C00167,2025,7,July,4,2,0,1
C00167,2025,8,August,5,3,0,1
C00167,2025,10,October,6,4,0,1
C00167,2025,12,December,7,5,0,1
C00168,2025,2,February,1,1,1,0
C00168,2025,5,May,2,3,0,1
C00168,2025,6,June,4,3,0,1
C00168,2025,12,December,5,4,0,1
C00169,2024,9,September,1,0,1,0
C00169,2024,11,November,2,0,0,0
C00169,2025,6,June,3,1,0,0
C00169,2025,7,July,4,3,0,1
C00170,2024,7,July,1,1,1,0
C00170,2024,10,October,2,2,0,1
C00170,2025,12,December,3,3,0,1
C00171,2024,10,October,1,1,1,0
C00171,2025,3,March,2,1,0,0
C00171,2025,9,September,3,2,0,1
C00171,2025,12,December,4,3,0,1
C00172,2025,6,June,1,0,1,0
C00172,2025,9,September,2,0,0,0
C00172,2025,10,October,3,2,0,1
C00173,2024,7,July,1,1,1,0
C00173,2024,8,August,2,2,0,1
C00173,2024,11,November,3,3,0,1
C00174,2024,11,November,1,1,1,0
C00174,2025,8,August,2,3,0,1
C00175,2024,9,September,1,1,1,0
C00175,2024,12,December,2,3,0,1
C00175,2025,4,April,4,3,0,1
C00176,2024,7,July,1,1,1,0
C00176,2025,3,March,2,2,0,1
C00176,2025,6,June,3,5,0,1
C00176,2025,8,August,7,6,0,1
C00176,2025,11,November,8,7,0,1
C00177,2024,7,July,1,1,1,0
C00177,2024,10,October,2,2,0,1
C00177,2025,4,April,3,3,0,1
C00177,2025,5,May,5,4,0,1
C00177,2025,6,June,6,5,0,1
C00177,2025,7,July,7,6,0,1
C00177,2025,8,August,8,7,0,1
C00177,2025,12,December,9,7,0,1
C00178,2024,7,July,1,1,1,0
C00178,2025,2,February,2,1,0,0
C00178,2025,6,June,3,2,0,1
C00178,2025,8,August,4,3,0,1
C00178,2025,11,November,5,5,0,1
C00178,2025,12,December,7,6,0,1
C00179,2024,7,July,1,1,1,0
C00179,2024,9,September,2,2,0,1
C00179,2024,11,November,3,3,0,1
C00179,2024,12,December,4,4,0,1
C00179,2025,2,February,5,5,0,1
C00179,2025,5,May,6,6,0,1
C00179,2025,6,June,7,6,0,1
C00180,2024,11,November,1,1,1,0
C00180,2025,5,May,2,1,0,0
C00181,2024,7,July,1,1,1,0
C00181,2024,8,August,2,2,0,1
C00181,2024,9,September,4,4,0,1
C00181,2024,12,December,6,4,0,1
C00181,2025,3,March,7,5,0,1
C00181,2025,4,April,8,6,0,1
C00181,2025,5,May,9,6,0,1
C00181,2025,8,August,10,7,0,1
C00181,2025,9,September,11,8,0,1
C00181,2025,11,November,12,10,0,1
C00182,2024,8,August,1,1,1,0
C00182,2024,9,September,2,2,0,1
C00182,2024,12,December,4,3,0,1
C00182,2025,4,April,5,4,0,1
C00182,2025,12,December,6,5,0,1
C00183,2024,11,November,1,1,1,0
C00183,2025,7,July,2,2,0,1
C00184,2024,8,August,1,1,1,0
C00184,2024,11,November,2,2,0,1
C00184,2025,1,January,3,3,0,1
C00184,2025,10,October,4,4,0,1
C00184,2025,12,December,5,5,0,1
C00185,2024,7,July,1,1,1,0
C00185,2024,9,September,2,4,0,1
C00185,2024,12,December,5,5,0,1
C00185,2025,6,June,6,5,0,1
C00185,2025,11,November,7,6,0,1
C00186,2025,2,February,1,0,1,0
C00186,2025,4,April,2,2,0,1
C00186,2025,5,May,4,3,0,1
C00187,2024,10,October,1,1,1,0
C00187,2025,6,June,3,2,0,1
C00187,2025,8,August,4,3,0,1
C00187,2025,10,October,5,5,0,1
C00188,2024,7,July,1,1,1,0
C00188,2025,1,January,2,1,0,0
C00188,2025,9,September,3,2,0,1
C00188,2025,10,October,4,3,0,1
C00188,2025,12,December,6,4,0,1
C00189,2024,11,November,1,1,1,0
C00189,2025,8,August,2,2,0,1
C00190,2025,4,April,1,0,1,0
C00190,2025,7,July,2,1,0,0
C00190,2025,8,August,3,3,0,1
C00191,2024,7,July,1,1,1,0
C00191,2024,9,September,3,3,0,1
C00191,2024,10,October,5,4,0,1
C00191,2024,11,November,6,5,0,1
C00191,2024,12,December,7,6,0,1
C00191,2025,6,June,8,6,0,1
C00191,2025,8,August,9,7,0,1
C00192,2024,11,November,1,1,1,0
C00192,2025,5,May,2,2,0,1
C00192,2025,12,December,4,2,0,1
C00193,2025,1,January,1,1,1,0
C00193,2025,11,November,2,2,0,1
C00194,2025,2,February,1,1,1,0
C00194,2025,7,July,2,1,0,0
C00195,2024,12,December,1,2,0,1
C00195,2025,1,January,3,3,0,1
C00195,2025,4,April,4,3,0,1
C00195,2025,9,September,5,4,0,1
C00195,2025,10,October,6,6,0,1
C00196,2024,7,July,1,1,1,0
C00196,2025,11,November,2,1,0,0
C00197,2025,6,June,1,1,1,0
C00197,2025,10,October,2,2,0,1
C00198,2024,12,December,1,1,1,0
C00198,2025,8,August,2,2,0,1
C00198,2025,10,October,3,3,0,1
C00199,2024,9,September,1,1,1,0
C00199,2024,10,October,2,2,0,1
C00199,2025,9,September,3,3,0,1
C00199,2025,12,December,4,3,0,1
C00200,2024,7,July,1,1,1,0
C00200,2025,2,February,2,2,0,1
C00200,2025,3,March,3,2,0,1
C00200,2025,4,April,4,3,0,1
C00200,2025,6,June,5,5,0,1
C00200,2025,7,July,7,6,0,1
C00200,2025,11,November,8,7,0,1
C00201,2024,9,September,1,1,1,0
C00201,2025,4,April,2,2,0,1
C00201,2025,10,October,3,3,0,1
C00202,2025,9,September,1,1,1,0
C00202,2025,11,November,2,2,0,1
C00202,2025,12,December,3,2,0,1
C00203,2024,7,July,1,1,1,0
C00203,2025,3,March,2,2,0,1
C00203,2025,7,July,3,2,0,1
C00203,2025,9,September,4,2,0,1
C00204,2025,7,July,1,1,1,0
C00204,2025,10,October,2,2,0,1
C00205,2024,8,August,1,1,1,0
C00205,2025,7,July,2,2,0,1
C00205,2025,10,October,3,3,0,1
C00205,2025,11,November,4,3,0,1
C00206,2025,2,February,1,1,1,0
C00206,2025,8,August,2,2,0,1
C00207,2024,11,November,1,1,1,0
C00207,2025,2,February,2,1,0,0
C00208,2024,11,November,1,1,1,0
C00208,2025,1,January,2,2,0,1
C00208,2025,5,May,3,3,0,1
C00208,2025,11,November,4,3,0,1
C00209,2024,8,August,1,1,1,0
C00209,2025,6,June,2,2,0,1
C00209,2025,11,November,4,3,0,1
C00209,2025,12,December,5,4,0,1
C00210,2024,12,December,1,1,1,0
C00210,2025,5,May,2,1,0,0
C00210,2025,8,August,3,2,0,1
C00211,2025,5,May,1,1,1,0
C00211,2025,9,September,2,2,0,1
C00212,2024,9,September,1,1,1,0
C00213,2024,8,August,1,1,1,0
C00213,2025,5,May,2,2,0,1
C00213,2025,11,November,3,2,0,1
C00214,2024,9,September,1,0,1,0
C00214,2025,6,June,2,0,0,0
C00215,2025,5,May,1,0,1,0
C00216,2025,9,September,1,1,1,0
C00217,2025,1,January,1,0,1,0
C00217,2025,6,June,2,1,0,0
C00217,2025,7,July,3,2,0,1
C00217,2025,11,November,4,2,0,1
C00218,2025,2,February,1,1,1,0
C00218,2025,9,September,2,2,0,1
C00219,2024,12,December,1,1,1,0
C00219,2025,4,April,2,2,0,1
C00219,2025,6,June,3,2,0,1
C00220,2024,9,September,1,1,1,0
C00220,2024,10,October,2,1,0,0
C00220,2025,8,August,3,2,0,1
C00220,2025,11,November,4,3,0,1
C00221,2024,7,July,1,1,1,0
C00221,2024,11,November,2,2,0,1
C00221,2025,1,January,3,2,0,1
C00221,2025,3,March,5,4,0,1
C00221,2025,4,April,7,5,0,1
C00221,2025,5,May,8,6,0,1
C00221,2025,9,September,9,7,0,1
C00222,2024,7,July,1,0,1,0
C00222,2024,9,September,2,1,0,0
C00222,2024,11,November,3,2,0,1
C00222,2024,12,December,4,3,0,1
C00222,2025,4,April,5,4,0,1
C00222,2025,7,July,6,5,0,1
C00222,2025,9,September,7,6,0,1
C00222,2025,10,October,8,7,0,1
C00222,2025,11,November,9,8,0,1
C00223,2024,12,December,1,1,1,0
C00223,2025,2,February,2,2,0,1
C00223,2025,12,December,3,4,0,1
C00224,2024,10,October,1,1,1,0
C00224,2025,1,January,2,1,0,0
C00224,2025,9,September,3,2,0,1
C00224,2025,12,December,4,2,0,1
C00225,2024,12,December,1,1,1,0
C00225,2025,1,January,2,3,0,1
C00225,2025,5,May,4,4,0,1
C00225,2025,7,July,5,6,0,1
C00225,2025,9,September,7,7,0,1
C00226,2024,7,July,1,1,1,0
C00226,2024,8,August,2,2,0,1
C00226,2024,10,October,3,3,0,1
C00226,2025,2,February,4,3,0,1
C00226,2025,5,May,5,4,0,1
C00226,2025,6,June,6,5,0,1
C00226,2025,7,July,7,6,0,1
C00226,2025,10,October,8,6,0,1
C00226,2025,11,November,9,7,0,1
C00226,2025,12,December,10,9,0,1
C00227,2025,2,February,1,1,1,0
C00227,2025,3,March,2,2,0,1
C00227,2025,7,July,3,3,0,1
C00228,2025,5,May,1,1,1,0
C00228,2025,10,October,2,2,0,1
C00229,2024,8,August,1,1,1,0
C00229,2025,3,March,2,2,0,1
C00229,2025,4,April,3,3,0,1
C00229,2025,5,May,4,4,0,1
C00229,2025,11,November,5,6,0,1
C00230,2024,8,August,1,1,1,0
C00230,2024,11,November,2,2,0,1
C00230,2025,2,February,3,3,0,1
C00230,2025,4,April,4,4,0,1
C00230,2025,8,August,5,5,0,1
C00230,2025,10,October,6,6,0,1
C00231,2024,9,September,1,2,0,1
C00231,2024,10,October,3,2,0,1
C00231,2024,12,December,4,3,0,1
C00231,2025,6,June,5,4,0,1
C00231,2025,7,July,6,5,0,1
C00232,2025,4,April,1,1,1,0
C00233,2024,12,December,1,0,1,0
C00233,2025,12,December,2,1,0,0
C00234,2024,10,October,1,1,1,0
C00234,2025,9,September,2,2,0,1
C00234,2025,11,November,3,3,0,1
C00235,2024,10,October,1,1,1,0
C00235,2024,11,November,2,2,0,1
C00235,2025,1,January,3,2,0,1
C00235,2025,4,April,4,3,0,1
C00235,2025,7,July,5,3,0,1
C00235,2025,8,August,6,4,0,1
C00236,2024,8,August,1,1,1,0
C00236,2025,8,August,2,2,0,1
C00236,2025,9,September,3,3,0,1
C00236,2025,11,November,4,4,0,1
C00238,2025,2,February,1,1,1,0
C00238,2025,5,May,2,2,0,1
C00240,2025,9,September,1,1,1,0
C00241,2025,1,January,1,0,1,0
C00241,2025,5,May,2,1,0,0
C00241,2025,8,August,3,2,0,1
C00241,2025,10,October,4,3,0,1
C00242,2024,7,July,1,0,1,0
C00242,2024,8,August,2,1,0,0
C00242,2025,1,January,3,2,0,1
C00242,2025,4,April,4,3,0,1
C00242,2025,5,May,6,3,0,1
C00242,2025,10,October,7,4,0,1
C00242,2025,11,November,9,5,0,1
C00242,2025,12,December,10,5,0,1
C00243,2025,4,April,1,1,1,0
C00243,2025,9,September,2,2,0,1
C00244,2024,9,September,1,1,1,0
C00244,2025,7,July,2,2,0,1
C00244,2025,8,August,3,3,0,1
C00245,2024,8,August,1,1,1,0
C00245,2025,5,May,2,2,0,1
C00245,2025,12,December,3,4,0,1
C00246,2024,11,November,1,0,1,0
C00246,2025,1,January,2,1,0,0
C00248,2024,10,October,1,1,1,0
C00248,2025,8,August,2,2,0,1
C00248,2025,12,December,3,3,0,1
C00249,2025,3,March,1,1,1,0
C00250,2025,1,January,1,1,1,0
C00250,2025,10,October,2,2,0,1
C00251,2025,7,July,1,1,1,0
C00251,2025,9,September,2,1,0,0
C00252,2024,7,July,1,0,1,0
C00252,2024,11,November,2,1,0,0
C00252,2024,12,December,3,1,0,0
C00252,2025,3,March,4,2,0,1
C00252,2025,4,April,5,2,0,1
C00252,2025,9,September,6,4,0,1
C00252,2025,11,November,8,5,0,1
C00252,2025,12,December,9,6,0,1
C00253,2025,7,July,1,1,1,0
C00254,2024,9,September,1,1,1,0
C00254,2025,12,December,2,2,0,1
C00256,2024,7,July,1,1,1,0
C00256,2024,9,September,2,1,0,0
C00256,2025,1,January,3,3,0,1
C00256,2025,4,April,6,4,0,1
C00256,2025,5,May,7,5,0,1
C00256,2025,10,October,8,6,0,1
C00256,2025,11,November,9,7,0,1
C00257,2024,8,August,1,1,1,0
C00257,2024,9,September,2,2,0,1
C00257,2024,10,October,3,3,0,1
C00257,2025,5,May,4,4,0,1
C00257,2025,6,June,5,5,0,1
C00257,2025,8,August,6,6,0,1
C00257,2025,11,November,7,7,0,1
C00258,2025,5,May,1,1,1,0
C00258,2025,7,July,2,2,0,1
C00258,2025,8,August,3,4,0,1
C00258,2025,10,October,5,5,0,1
C00258,2025,11,November,7,6,0,1
C00259,2025,7,July,1,2,0,1
C00259,2025,8,August,3,3,0,1
C00260,2024,11,November,1,1,1,0
C00260,2025,5,May,2,2,0,1
C00260,2025,6,June,3,4,0,1
C00261,2024,9,September,1,0,1,0
C00261,2024,11,November,3,0,0,0
C00262,2024,7,July,1,1,1,0
C00262,2024,8,August,2,2,0,1
C00262,2024,11,November,3,3,0,1
C00262,2025,1,January,4,4,0,1
C00262,2025,4,April,5,5,0,1
C00262,2025,8,August,6,5,0,1
C00262,2025,10,October,7,5,0,1
C00263,2025,1,January,1,1,1,0
C00263,2025,2,February,2,2,0,1
C00263,2025,6,June,3,2,0,1
C00263,2025,8,August,4,3,0,1
C00263,2025,10,October,5,4,0,1
C00264,2024,9,September,1,1,1,0
C00264,2025,2,February,2,2,0,1
C00265,2024,7,July,1,0,1,0
C00265,2024,10,October,2,0,0,0
C00265,2025,3,March,3,0,0,0
C00265,2025,7,July,4,1,0,0
C00265,2025,8,August,5,2,0,1
C00266,2024,7,July,1,1,1,0
C00266,2024,11,November,2,1,0,0
C00266,2025,5,May,3,2,0,1
C00266,2025,6,June,4,2,0,1
C00267,2024,8,August,1,1,1,0
C00267,2025,1,January,2,1,0,0
C00267,2025,3,March,3,2,0,1
C00267,2025,11,November,4,3,0,1
C00270,2024,12,December,1,1,1,0
C00270,2025,2,February,2,2,0,1
C00271,2024,11,November,1,1,1,0
C00271,2025,9,September,2,1,0,0
C00271,2025,12,December,3,1,0,0
C00272,2024,11,November,1,1,1,0
C00272,2025,5,May,2,2,0,1
C00272,2025,8,August,4,3,0,1
C00273,2024,11,November,1,1,1,0
C00273,2024,12,December,2,2,0,1
C00273,2025,8,August,3,4,0,1
C00274,2025,1,January,1,1,1,0
C00274,2025,4,April,2,2,0,1
C00274,2025,9,September,3,3,0,1
C00274,2025,12,December,4,3,0,1
C00275,2024,7,July,1,1,1,0
C00275,2024,8,August,2,2,0,1
C00275,2024,9,September,3,3,0,1
C00275,2024,12,December,4,4,0,1
C00275,2025,7,July,5,6,0,1
C00275,2025,12,December,7,7,0,1
C00276,2024,10,October,1,1,1,0
C00276,2024,11,November,2,2,0,1
C00276,2024,12,December,3,3,0,1
C00276,2025,1,January,5,4,0,1
C00276,2025,5,May,6,5,0,1
C00276,2025,11,November,7,5,0,1
C00277,2024,8,August,1,1,1,0
C00277,2025,7,July,2,1,0,0
C00278,2024,7,July,1,0,1,0
C00278,2025,5,May,2,1,0,0
C00278,2025,6,June,3,1,0,0
C00279,2025,5,May,1,1,1,0
C00280,2024,7,July,1,2,0,1
C00280,2024,8,August,3,3,0,1
C00280,2024,11,November,4,4,0,1
C00280,2025,7,July,5,5,0,1
C00280,2025,11,November,6,6,0,1
C00281,2025,2,February,1,1,1,0
C00282,2025,12,December,1,1,1,0
C00283,2024,10,October,1,1,1,0
C00283,2024,11,November,2,1,0,0
C00283,2024,12,December,3,2,0,1
C00283,2025,6,June,4,3,0,1
C00283,2025,9,September,5,3,0,1
C00284,2024,8,August,1,1,1,0
C00284,2024,12,December,2,2,0,1
C00284,2025,9,September,3,3,0,1
C00285,2024,11,November,1,1,1,0
C00286,2024,10,October,1,1,1,0
C00287,2024,9,September,1,1,1,0
C00287,2025,5,May,2,2,0,1
C00287,2025,6,June,3,3,0,1
C00288,2025,5,May,1,2,0,1
C00289,2025,12,December,1,1,1,0
C00290,2024,10,October,1,0,1,0
C00290,2025,1,January,2,1,0,0
C00290,2025,2,February,3,2,0,1
C00290,2025,5,May,4,3,0,1
C00290,2025,9,September,5,4,0,1
C00291,2025,7,July,1,1,1,0
C00291,2025,11,November,2,2,0,1
C00292,2024,10,October,1,0,1,0
C00292,2025,5,May,2,1,0,0
C00293,2025,3,March,1,2,0,1
C00293,2025,4,April,3,2,0,1
C00293,2025,7,July,4,3,0,1
C00293,2025,8,August,5,4,0,1
C00294,2024,8,August,1,1,1,0
C00294,2025,5,May,2,2,0,1
C00295,2024,11,November,1,0,1,0
C00295,2024,12,December,2,1,0,0
C00295,2025,10,October,3,2,0,1
C00296,2025,9,September,1,0,1,0
C00296,2025,10,October,2,1,0,0
C00296,2025,12,December,3,2,0,1
C00297,2024,7,July,1,2,0,1
C00297,2024,8,August,4,3,0,1
C00297,2025,1,January,5,5,0,1
C00297,2025,10,October,7,6,0,1
C00298,2024,7,July,1,2,0,1
C00298,2025,6,June,3,3,0,1
C00300,2024,10,October,1,2,0,1
C00300,2024,11,November,3,2,0,1
C00300,2025,6,June,4,3,0,1
C00300,2025,10,October,5,4,0,1
C00301,2024,8,August,1,1,1,0
C00301,2024,9,September,2,2,0,1
C00301,2025,3,March,3,3,0,1
C00301,2025,8,August,4,4,0,1
C00301,2025,11,November,5,5,0,1
C00302,2024,9,September,1,0,1,0
C00302,2024,10,October,2,1,0,0
C00302,2025,9,September,3,2,0,1
C00303,2024,7,July,1,1,1,0
C00303,2024,11,November,2,2,0,1
C00303,2024,12,December,4,3,0,1
C00303,2025,2,February,5,4,0,1
C00303,2025,3,March,6,5,0,1
C00303,2025,4,April,7,5,0,1
C00303,2025,5,May,8,5,0,1
C00303,2025,7,July,9,5,0,1
C00303,2025,9,September,10,5,0,1
C00304,2025,4,April,1,0,1,0
C00304,2025,12,December,2,1,0,0
C00305,2024,7,July,1,1,1,0
C00305,2025,1,January,2,2,0,1
C00305,2025,9,September,3,3,0,1
C00306,2025,4,April,1,1,1,0
C00306,2025,9,September,2,2,0,1
C00307,2024,9,September,1,2,0,1
C00307,2025,2,February,3,3,0,1
C00308,2024,7,July,1,2,0,1
C00308,2025,1,January,3,3,0,1
C00308,2025,3,March,4,4,0,1
C00309,2024,8,August,1,1,1,0
C00309,2025,3,March,2,2,0,1
C00309,2025,6,June,3,4,0,1
C00309,2025,9,September,5,5,0,1
C00309,2025,11,November,6,6,0,1
C00310,2025,5,May,1,1,1,0
C00310,2025,10,October,3,3,0,1
C00310,2025,11,November,5,4,0,1
C00311,2025,3,March,1,0,1,0
C00311,2025,6,June,2,1,0,0
C00312,2025,1,January,1,1,1,0
C00312,2025,2,February,2,2,0,1
C00312,2025,4,April,3,3,0,1
C00312,2025,10,October,5,4,0,1
C00313,2024,12,December,1,1,1,0
C00313,2025,4,April,2,2,0,1
C00313,2025,5,May,3,3,0,1
C00313,2025,10,October,4,4,0,1
C00314,2024,10,October,1,1,1,0
C00314,2025,1,January,2,2,0,1
C00314,2025,3,March,3,3,0,1
C00314,2025,5,May,4,4,0,1
C00314,2025,6,June,6,5,0,1
C00314,2025,8,August,7,6,0,1
C00314,2025,10,October,10,6,0,1
C00314,2025,12,December,11,7,0,1
C00315,2024,7,July,1,1,1,0
C00315,2025,5,May,2,2,0,1
C00316,2025,2,February,1,1,1,0
C00316,2025,7,July,3,3,0,1
C00317,2024,7,July,1,1,1,0
C00317,2025,10,October,2,2,0,1
C00317,2025,11,November,3,3,0,1
C00318,2024,7,July,1,0,1,0
C00318,2024,8,August,2,1,0,0
C00318,2025,5,May,3,2,0,1
C00319,2025,4,April,1,0,1,0
C00319,2025,7,July,2,1,0,0
C00319,2025,9,September,3,2,0,1
C00319,2025,10,October,4,3,0,1
C00319,2025,12,December,5,3,0,1
C00320,2024,10,October,1,1,1,0
C00320,2025,4,April,2,1,0,0
C00320,2025,8,August,3,2,0,1
C00320,2025,9,September,4,3,0,1
C00320,2025,11,November,5,4,0,1
C00321,2024,8,August,1,1,1,0
C00321,2024,11,November,2,3,0,1
C00321,2025,1,January,4,4,0,1
C00321,2025,12,December,5,5,0,1
C00322,2024,7,July,1,0,1,0
C00322,2025,9,September,2,1,0,0
C00323,2024,9,September,1,1,1,0
C00323,2025,1,January,2,2,0,1
C00323,2025,11,November,3,3,0,1
C00324,2024,9,September,1,1,1,0
C00324,2024,10,October,2,2,0,1
C00324,2025,4,April,3,3,0,1
C00324,2025,6,June,4,4,0,1
C00324,2025,8,August,5,5,0,1
C00325,2024,7,July,1,1,1,0
C00325,2024,10,October,2,2,0,1
C00325,2025,3,March,3,3,0,1
C00326,2024,10,October,1,1,1,0
C00326,2025,1,January,2,2,0,1
C00326,2025,4,April,3,3,0,1
C00326,2025,6,June,4,4,0,1
C00326,2025,10,October,5,4,0,1
C00327,2024,8,August,1,2,0,1
C00328,2024,7,July,1,0,1,0
C00328,2025,10,October,2,0,0,0
C00328,2025,11,November,3,1,0,0
C00329,2024,12,December,1,1,1,0
C00329,2025,1,January,2,1,0,0
C00330,2024,8,August,1,0,1,0
C00330,2025,1,January,2,0,0,0
C00331,2025,12,December,1,0,1,0
C00332,2024,10,October,1,1,1,0
C00332,2025,6,June,2,2,0,1
C00333,2024,9,September,1,1,1,0
C00333,2024,10,October,2,2,0,1
C00333,2025,8,August,3,3,0,1
C00333,2025,12,December,4,3,0,1
C00334,2024,8,August,1,2,0,1
C00334,2024,10,October,3,3,0,1
C00334,2024,11,November,5,4,0,1
C00334,2025,3,March,6,6,0,1
C00334,2025,7,July,8,7,0,1
C00334,2025,8,August,9,8,0,1
C00334,2025,10,October,10,9,0,1
C00334,2025,12,December,11,10,0,1
C00336,2025,6,June,1,1,1,0
C00336,2025,10,October,2,1,0,0
C00336,2025,11,November,3,1,0,0
C00337,2024,9,September,1,1,1,0
C00337,2024,10,October,2,2,0,1
C00337,2024,12,December,3,3,0,1
C00337,2025,2,February,4,4,0,1
C00337,2025,9,September,5,6,0,1
C00337,2025,10,October,7,7,0,1
C00338,2024,10,October,1,1,1,0
C00338,2024,11,November,2,2,0,1
C00338,2025,1,January,3,2,0,1
C00338,2025,2,February,4,3,0,1
C00338,2025,8,August,5,4,0,1
C00338,2025,12,December,6,5,0,1
C00339,2025,4,April,1,1,1,0
C00339,2025,5,May,2,1,0,0
C00339,2025,6,June,3,2,0,1
C00340,2025,1,January,1,1,1,0
C00340,2025,3,March,2,2,0,1
C00340,2025,6,June,4,3,0,1
C00340,2025,8,August,5,4,0,1
C00340,2025,11,November,6,5,0,1
C00341,2024,11,November,1,1,1,0
C00341,2024,12,December,2,2,0,1
C00341,2025,1,January,3,5,0,1
C00341,2025,4,April,6,6,0,1
C00341,2025,5,May,7,7,0,1
C00341,2025,10,October,8,8,0,1
C00341,2025,12,December,9,9,0,1
C00342,2025,4,April,1,1,1,0
C00342,2025,5,May,2,3,0,1
C00342,2025,6,June,4,4,0,1
C00342,2025,7,July,5,4,0,1
C00342,2025,8,August,6,5,0,1
C00342,2025,12,December,7,6,0,1
C00343,2025,4,April,1,1,1,0
C00343,2025,11,November,2,1,0,0
C00344,2024,8,August,1,1,1,0
C00344,2025,5,May,2,1,0,0
C00344,2025,12,December,3,2,0,1
C00345,2024,10,October,1,1,1,0
C00345,2025,3,March,2,2,0,1
C00345,2025,5,May,3,3,0,1
C00345,2025,12,December,4,4,0,1
C00346,2025,2,February,1,1,1,0
C00346,2025,7,July,2,2,0,1
C00347,2024,9,September,1,0,1,0
C00347,2025,1,January,2,1,0,0
C00347,2025,4,April,3,2,0,1
C00347,2025,7,July,4,2,0,1
C00348,2024,7,July,1,0,1,0
C00348,2025,6,June,2,0,0,0
C00348,2025,9,September,3,1,0,0
C00348,2025,12,December,4,2,0,1
C00349,2024,9,September,1,1,1,0
C00349,2025,1,January,2,2,0,1
C00349,2025,4,April,3,3,0,1
C00349,2025,7,July,4,3,0,1
C00349,2025,9,September,5,3,0,1
C00350,2025,1,January,1,1,1,0
C00350,2025,4,April,2,3,0,1
C00351,2025,1,January,1,1,1,0
C00351,2025,5,May,2,1,0,0
C00352,2024,8,August,1,1,1,0
C00352,2025,5,May,2,2,0,1
C00352,2025,8,August,3,2,0,1
C00352,2025,9,September,4,3,0,1
C00352,2025,10,October,5,4,0,1
C00352,2025,11,November,6,5,0,1
C00353,2024,10,October,1,1,1,0
C00353,2025,2,February,2,2,0,1
C00354,2024,7,July,1,0,1,0
C00354,2024,12,December,2,1,0,0
C00354,2025,1,January,4,2,0,1
C00354,2025,2,February,5,3,0,1
C00354,2025,6,June,6,4,0,1
C00354,2025,12,December,7,5,0,1
C00355,2025,6,June,1,1,1,0
C00356,2025,5,May,1,2,0,1
C00357,2024,7,July,1,0,1,0
C00357,2024,9,September,2,1,0,0
C00357,2025,3,March,3,2,0,1
C00358,2024,7,July,1,0,1,0
C00358,2024,9,September,2,1,0,0
C00358,2024,12,December,3,2,0,1
C00359,2024,12,December,1,0,1,0
C00360,2024,9,September,1,1,1,0
C00360,2025,3,March,2,2,0,1
C00360,2025,12,December,3,3,0,1
C00361,2024,11,November,1,0,1,0
C00362,2024,7,July,1,1,1,0
C00362,2024,11,November,2,2,0,1
C00362,2025,2,February,3,3,0,1
C00362,2025,8,August,4,5,0,1
C00362,2025,9,September,6,6,0,1
C00364,2025,1,January,1,1,1,0
C00364,2025,2,February,2,2,0,1
C00364,2025,7,July,3,3,0,1
C00364,2025,8,August,4,4,0,1
C00364,2025,9,September,5,4,0,1
C00365,2025,3,March,1,1,1,0
C00365,2025,10,October,2,2,0,1
C00366,2024,11,November,1,1,1,0
C00366,2025,9,September,2,3,0,1
C00366,2025,10,October,4,4,0,1
C00367,2024,8,August,1,1,1,0
C00367,2024,9,September,2,2,0,1
C00367,2024,10,October,3,2,0,1
C00367,2024,12,December,4,3,0,1
C00367,2025,1,January,5,5,0,1
C00367,2025,2,February,7,5,0,1
C00367,2025,8,August,8,6,0,1
C00367,2025,12,December,9,8,0,1
C00368,2024,12,December,1,0,1,0
C00368,2025,7,July,2,1,0,0
C00368,2025,12,December,3,2,0,1
C00369,2025,5,May,1,1,1,0
C00369,2025,6,June,2,3,0,1
C00369,2025,8,August,4,4,0,1
C00369,2025,10,October,5,5,0,1
C00369,2025,12,December,6,6,0,1
C00370,2024,9,September,1,2,0,1
C00370,2024,10,October,3,3,0,1
C00370,2024,12,December,4,4,0,1
C00370,2025,9,September,5,5,0,1
C00370,2025,11,November,6,5,0,1
C00371,2024,12,December,1,1,1,0
C00371,2025,1,January,2,2,0,1
C00371,2025,2,February,3,3,0,1
C00371,2025,5,May,4,4,0,1
C00372,2024,9,September,1,0,1,0
C00372,2025,3,March,2,1,0,0
C00372,2025,7,July,3,2,0,1
C00373,2024,12,December,1,1,1,0
C00373,2025,2,February,2,2,0,1
C00374,2024,7,July,1,1,1,0
C00374,2024,10,October,2,1,0,0
C00374,2025,2,February,3,2,0,1
C00374,2025,3,March,4,3,0,1
C00374,2025,8,August,5,4,0,1
C00375,2024,8,August,1,1,1,0
C00375,2024,12,December,2,2,0,1
C00375,2025,1,January,3,3,0,1
C00375,2025,5,May,4,4,0,1
C00375,2025,12,December,5,4,0,1
C00376,2024,7,July,1,0,1,0
C00376,2024,8,August,2,0,0,0
C00376,2024,9,September,3,0,0,0
C00376,2024,10,October,4,1,0,0
C00376,2024,11,November,5,2,0,1
C00376,2025,1,January,6,3,0,1
C00376,2025,4,April,8,4,0,1
C00376,2025,6,June,9,5,0,1
C00376,2025,9,September,10,5,0,1
C00376,2025,12,December,11,6,0,1
C00377,2024,8,August,1,1,1,0
C00377,2024,11,November,2,2,0,1
C00377,2025,7,July,3,3,0,1
C00377,2025,8,August,4,4,0,1
C00377,2025,9,September,5,5,0,1
C00377,2025,10,October,6,7,0,1
C00377,2025,11,November,8,9,0,1
C00378,2024,7,July,1,2,0,1
C00378,2024,10,October,3,3,0,1
C00378,2024,11,November,5,3,0,1
C00378,2025,2,February,6,3,0,1
C00378,2025,5,May,7,4,0,1
C00378,2025,6,June,8,5,0,1
C00378,2025,9,September,9,6,0,1
C00378,2025,10,October,10,6,0,1
C00378,2025,11,November,11,8,0,1
C00379,2024,12,December,1,1,1,0
C00379,2025,3,March,2,2,0,1
C00379,2025,5,May,3,3,0,1
C00379,2025,6,June,4,4,0,1
C00379,2025,9,September,5,5,0,1
C00379,2025,11,November,6,7,0,1
C00379,2025,12,December,8,8,0,1
C00380,2024,12,December,1,1,1,0
C00380,2025,5,May,2,2,0,1
C00380,2025,6,June,3,3,0,1
C00381,2024,7,July,1,0,1,0
C00381,2025,1,January,2,1,0,0
C00381,2025,11,November,3,2,0,1
C00382,2024,11,November,1,2,0,1
C00382,2024,12,December,3,4,0,1
C00382,2025,2,February,5,6,0,1
C00382,2025,3,March,7,8,0,1
C00382,2025,5,May,9,9,0,1
C00382,2025,6,June,10,10,0,1
C00382,2025,7,July,11,11,0,1
C00382,2025,8,August,12,13,0,1
C00382,2025,11,November,14,14,0,1
C00382,2025,12,December,15,15,0,1
C00383,2024,8,August,1,1,1,0
C00383,2025,1,January,2,3,0,1
C00383,2025,2,February,4,4,0,1
C00383,2025,3,March,5,5,0,1
C00383,2025,11,November,6,6,0,1
C00384,2024,11,November,1,0,1,0
C00384,2024,12,December,2,1,0,0
C00384,2025,3,March,3,2,0,1
C00385,2024,10,October,1,1,1,0
C00385,2024,11,November,2,2,0,1
C00385,2025,1,January,3,3,0,1
C00386,2024,7,July,1,1,1,0
C00386,2024,11,November,2,2,0,1
C00386,2025,9,September,3,2,0,1
C00386,2025,10,October,4,3,0,1
C00387,2024,10,October,1,0,1,0
C00387,2024,11,November,2,1,0,0
C00387,2025,4,April,3,2,0,1
C00387,2025,9,September,4,2,0,1
C00388,2024,7,July,1,1,1,0
C00388,2025,7,July,2,2,0,1
C00388,2025,10,October,3,4,0,1
C00388,2025,12,December,5,5,0,1
C00389,2024,11,November,1,1,1,0
C00389,2025,1,January,2,2,0,1
C00389,2025,5,May,3,3,0,1
C00389,2025,6,June,4,4,0,1
C00389,2025,11,November,5,4,0,1
C00390,2024,8,August,1,3,0,1
C00390,2025,1,January,4,4,0,1
C00390,2025,2,February,5,6,0,1
C00390,2025,5,May,7,7,0,1
C00390,2025,10,October,8,8,0,1
C00390,2025,12,December,10,10,0,1
C00391,2025,3,March,1,0,1,0
C00392,2025,5,May,1,0,1,0
C00393,2024,7,July,1,1,1,0
C00393,2024,10,October,2,2,0,1
C00393,2024,12,December,3,3,0,1
C00393,2025,1,January,4,4,0,1
C00394,2024,9,September,1,2,0,1
C00394,2024,10,October,3,4,0,1
C00394,2024,11,November,5,5,0,1
C00394,2025,1,January,6,6,0,1
C00394,2025,5,May,7,7,0,1
C00394,2025,6,June,8,9,0,1
C00394,2025,10,October,11,10,0,1
C00394,2025,11,November,13,12,0,1
C00394,2025,12,December,15,13,0,1
C00396,2025,10,October,1,1,1,0
C00397,2025,4,April,1,1,1,0
C00397,2025,9,September,2,2,0,1
C00398,2024,11,November,1,1,1,0
C00398,2025,4,April,2,2,0,1
C00398,2025,9,September,3,3,0,1
C00398,2025,12,December,4,4,0,1
C00399,2025,3,March,1,1,1,0
C00399,2025,4,April,2,2,0,1
C00399,2025,6,June,3,3,0,1
C00399,2025,10,October,4,4,0,1
C00400,2024,7,July,1,1,1,0
C00400,2024,10,October,2,2,0,1
C00400,2025,3,March,3,3,0,1
C00400,2025,6,June,4,3,0,1
C00400,2025,7,July,5,3,0,1
C00400,2025,8,August,6,4,0,1
C00400,2025,9,September,7,6,0,1
C00400,2025,10,October,9,7,0,1
C00400,2025,11,November,11,8,0,1
C00401,2025,1,January,1,1,1,0
C00401,2025,2,February,2,1,0,0
C00401,2025,3,March,3,3,0,1
C00401,2025,8,August,5,4,0,1
C00402,2024,9,September,1,1,1,0
C00402,2025,1,January,2,2,0,1
C00402,2025,3,March,3,3,0,1
C00402,2025,7,July,4,4,0,1
C00402,2025,9,September,5,5,0,1
C00403,2024,12,December,1,1,1,0
C00403,2025,7,July,2,2,0,1
C00403,2025,8,August,3,3,0,1
C00404,2024,7,July,1,0,1,0
C00404,2025,5,May,2,1,0,0
C00404,2025,8,August,3,2,0,1
C00404,2025,9,September,4,3,0,1
C00404,2025,11,November,5,4,0,1
C00404,2025,12,December,6,4,0,1
C00405,2024,7,July,1,1,1,0
C00405,2024,11,November,2,2,0,1
C00405,2024,12,December,3,3,0,1
C00405,2025,2,February,4,4,0,1
C00405,2025,6,June,5,5,0,1
C00405,2025,7,July,6,6,0,1
C00406,2025,3,March,1,0,1,0
C00406,2025,7,July,2,0,0,0
C00406,2025,10,October,3,1,0,0
C00407,2024,9,September,1,1,1,0
C00407,2025,3,March,3,2,0,1
C00408,2024,7,July,1,1,1,0
C00408,2024,9,September,2,2,0,1
C00408,2024,12,December,3,2,0,1
C00408,2025,2,February,4,3,0,1
C00408,2025,5,May,5,4,0,1
C00408,2025,7,July,6,5,0,1
C00408,2025,8,August,7,7,0,1
C00408,2025,9,September,9,8,0,1
C00408,2025,11,November,10,9,0,1
C00408,2025,12,December,11,9,0,1
C00409,2024,12,December,1,2,0,1
C00409,2025,1,January,3,3,0,1
C00409,2025,2,February,4,4,0,1
C00409,2025,4,April,5,5,0,1
C00409,2025,6,June,6,6,0,1
C00409,2025,7,July,7,7,0,1
C00409,2025,8,August,8,8,0,1
C00409,2025,9,September,9,9,0,1
C00410,2024,8,August,1,1,1,0
C00410,2024,12,December,2,2,0,1
C00410,2025,6,June,3,3,0,1
C00411,2024,9,September,1,1,1,0
C00412,2024,12,December,1,0,1,0
C00412,2025,1,January,2,1,0,0
C00412,2025,2,February,3,2,0,1
C00412,2025,3,March,4,2,0,1
C00412,2025,7,July,5,3,0,1
C00413,2024,7,July,1,2,0,1
C00413,2024,9,September,3,3,0,1
C00413,2024,10,October,5,4,0,1
C00413,2024,11,November,6,5,0,1
C00413,2024,12,December,7,5,0,1
C00413,2025,5,May,8,6,0,1
C00413,2025,7,July,9,7,0,1
C00413,2025,11,November,10,8,0,1
C00413,2025,12,December,11,9,0,1
C00414,2024,7,July,1,1,1,0
C00415,2024,11,November,1,0,1,0
C00415,2025,5,May,2,1,0,0
C00415,2025,8,August,3,2,0,1
C00415,2025,10,October,4,3,0,1
C00415,2025,11,November,5,4,0,1
C00416,2024,8,August,1,1,1,0
C00416,2025,4,April,2,2,0,1
C00416,2025,8,August,3,3,0,1
C00416,2025,9,September,4,4,0,1
C00417,2025,2,February,1,1,1,0
C00418,2024,8,August,1,1,1,0
C00418,2025,1,January,2,2,0,1
C00418,2025,4,April,3,3,0,1
C00418,2025,5,May,4,4,0,1
C00418,2025,11,November,5,5,0,1
C00419,2025,1,January,1,1,1,0
C00420,2024,7,July,1,1,1,0
C00420,2024,9,September,2,2,0,1
C00420,2024,12,December,3,3,0,1
C00420,2025,2,February,4,3,0,1
C00420,2025,4,April,5,4,0,1
C00420,2025,6,June,6,5,0,1
C00420,2025,11,November,7,5,0,1
C00421,2024,7,July,1,1,1,0
C00421,2024,11,November,3,2,0,1
C00421,2025,1,January,4,3,0,1
C00421,2025,2,February,5,6,0,1
C00421,2025,3,March,8,7,0,1
C00421,2025,5,May,9,7,0,1
C00421,2025,6,June,10,8,0,1
C00421,2025,9,September,11,8,0,1
C00422,2024,7,July,1,0,1,0
C00422,2024,8,August,2,1,0,0
C00422,2024,9,September,3,2,0,1
C00422,2024,10,October,4,3,0,1
C00422,2024,11,November,5,6,0,1
C00422,2025,2,February,8,7,0,1
C00422,2025,3,March,9,8,0,1
C00422,2025,7,July,10,9,0,1
C00422,2025,9,September,11,10,0,1
C00422,2025,10,October,12,11,0,1
C00423,2024,7,July,1,1,1,0
C00423,2024,9,September,2,2,0,1
C00423,2024,10,October,3,3,0,1
C00423,2025,4,April,4,3,0,1
C00423,2025,6,June,5,4,0,1
C00423,2025,9,September,6,5,0,1
C00424,2024,12,December,1,1,1,0
C00424,2025,2,February,2,1,0,0
C00424,2025,8,August,3,2,0,1
C00424,2025,9,September,4,3,0,1
C00425,2024,7,July,1,1,1,0
C00425,2024,12,December,2,2,0,1
C00425,2025,2,February,3,3,0,1
C00425,2025,3,March,4,4,0,1
C00425,2025,5,May,5,6,0,1
C00425,2025,6,June,7,7,0,1
C00425,2025,9,September,8,8,0,1
C00425,2025,12,December,9,9,0,1
C00426,2024,12,December,1,0,1,0
C00426,2025,4,April,2,1,0,0
C00426,2025,11,November,3,2,0,1
C00427,2025,4,April,1,1,1,0
C00427,2025,7,July,2,2,0,1
C00427,2025,12,December,3,3,0,1
C00428,2025,10,October,1,1,1,0
C00428,2025,11,November,2,1,0,0
C00429,2025,9,September,1,1,1,0
C00429,2025,10,October,2,2,0,1
C00430,2024,8,August,1,1,1,0
C00430,2024,12,December,2,1,0,0
C00430,2025,8,August,3,2,0,1
C00431,2024,8,August,1,1,1,0
C00431,2024,12,December,2,1,0,0
C00431,2025,4,April,3,2,0,1
C00431,2025,6,June,4,3,0,1
C00432,2025,7,July,1,1,1,0
C00432,2025,11,November,2,2,0,1
C00433,2024,8,August,1,1,1,0
C00433,2025,2,February,2,2,0,1
C00433,2025,6,June,3,2,0,1
C00433,2025,8,August,4,4,0,1
C00433,2025,11,November,6,5,0,1
C00434,2024,7,July,1,1,1,0
C00434,2024,10,October,2,2,0,1
C00434,2024,11,November,3,3,0,1
C00434,2025,5,May,4,4,0,1
C00435,2025,12,December,1,1,1,0
C00436,2024,7,July,1,1,1,0
C00436,2025,2,February,2,2,0,1
C00437,2024,8,August,1,1,1,0
C00438,2024,7,July,1,1,1,0
C00438,2024,8,August,2,2,0,1
C00438,2025,6,June,3,3,0,1
C00439,2025,3,March,1,1,1,0
C00440,2024,11,November,1,1,1,0
C00440,2025,2,February,2,2,0,1
C00440,2025,6,June,3,3,0,1
C00441,2024,8,August,1,0,1,0
C00441,2024,9,September,2,1,0,0
C00441,2024,11,November,3,2,0,1
C00441,2025,3,March,4,3,0,1
C00441,2025,7,July,5,4,0,1
C00441,2025,10,October,6,6,0,1
C00442,2025,7,July,1,1,1,0
C00443,2025,1,January,1,1,1,0
C00443,2025,3,March,2,2,0,1
C00444,2024,7,July,1,1,1,0
C00444,2024,11,November,2,2,0,1
C00444,2025,6,June,3,3,0,1
C00444,2025,11,November,4,4,0,1
C00445,2024,11,November,1,1,1,0
C00445,2024,12,December,2,3,0,1
C00445,2025,6,June,4,5,0,1
C00445,2025,8,August,6,6,0,1
C00445,2025,11,November,7,7,0,1
C00446,2024,8,August,1,1,1,0
C00446,2025,9,September,2,2,0,1
C00447,2024,9,September,1,1,1,0
C00447,2025,2,February,2,2,0,1
C00447,2025,3,March,3,4,0,1
C00447,2025,5,May,5,4,0,1
C00449,2024,9,September,1,2,0,1
C00449,2025,7,July,3,3,0,1
C00449,2025,9,September,4,3,0,1
C00450,2024,10,October,1,2,0,1
C00450,2025,5,May,3,3,0,1
C00450,2025,10,October,4,4,0,1
C00451,2024,9,September,1,0,1,0
C00451,2024,12,December,2,1,0,0
C00451,2025,7,July,3,2,0,1
C00452,2025,2,February,1,1,1,0
C00452,2025,4,April,2,2,0,1
C00453,2024,11,November,1,1,1,0
C00454,2024,10,October,1,1,1,0
C00454,2025,9,September,2,2,0,1
C00455,2024,7,July,1,1,1,0
C00455,2024,11,November,2,2,0,1
C00455,2025,3,March,3,3,0,1
C00455,2025,4,April,4,4,0,1
C00455,2025,12,December,5,5,0,1
C00456,2025,1,January,1,1,1,0
C00456,2025,8,August,2,2,0,1
C00457,2024,9,September,1,1,1,0
C00457,2025,1,January,2,1,0,0
C00457,2025,8,August,3,3,0,1
C00458,2024,11,November,1,1,1,0
C00458,2025,1,January,2,4,0,1
C00458,2025,3,March,5,5,0,1
C00458,2025,6,June,6,6,0,1
C00458,2025,8,August,7,7,0,1
C00458,2025,12,December,8,8,0,1
C00459,2025,2,February,1,1,1,0
C00459,2025,12,December,2,2,0,1
C00460,2024,7,July,1,1,1,0
C00460,2024,10,October,2,2,0,1
C00460,2025,9,September,3,3,0,1
C00461,2024,10,October,1,1,1,0
C00461,2025,3,March,2,2,0,1
C00461,2025,11,November,3,3,0,1
C00462,2024,10,October,1,0,1,0
C00462,2024,11,November,2,1,0,0
C00462,2024,12,December,3,2,0,1
C00462,2025,2,February,4,2,0,1
C00463,2025,1,January,1,1,1,0
C00463,2025,2,February,2,2,0,1
C00463,2025,3,March,3,3,0,1
C00464,2024,10,October,1,1,1,0
C00464,2024,11,November,2,2,0,1
C00464,2025,5,May,3,3,0,1
C00464,2025,9,September,4,4,0,1
C00465,2024,10,October,1,1,1,0
C00465,2025,1,January,2,1,0,0
C00465,2025,3,March,3,2,0,1
C00465,2025,5,May,4,3,0,1
C00465,2025,6,June,5,4,0,1
C00466,2024,9,September,1,1,1,0
C00466,2025,1,January,2,2,0,1
C00466,2025,2,February,3,3,0,1
C00466,2025,3,March,5,4,0,1
C00466,2025,6,June,6,5,0,1
C00466,2025,8,August,7,7,0,1
C00466,2025,9,September,9,8,0,1
C00466,2025,10,October,10,8,0,1
C00466,2025,12,December,11,9,0,1
C00468,2025,3,March,1,1,1,0
C00468,2025,11,November,2,1,0,0
C00469,2025,1,January,1,1,1,0
C00469,2025,6,June,2,2,0,1
C00469,2025,8,August,3,3,0,1
C00470,2024,12,December,1,1,1,0
C00470,2025,3,March,2,1,0,0
C00470,2025,8,August,3,2,0,1
C00471,2024,7,July,1,1,1,0
C00471,2025,2,February,2,3,0,1
C00471,2025,5,May,4,4,0,1
C00471,2025,6,June,5,5,0,1
C00471,2025,8,August,6,6,0,1
C00472,2024,7,July,1,0,1,0
C00472,2024,11,November,2,2,0,1
C00472,2025,4,April,4,3,0,1
C00472,2025,12,December,5,4,0,1
C00473,2024,12,December,1,0,1,0
C00473,2025,4,April,2,1,0,0
C00473,2025,6,June,3,2,0,1
C00473,2025,12,December,4,2,0,1
C00474,2024,7,July,1,1,1,0
C00474,2024,9,September,2,1,0,0
C00474,2024,10,October,3,2,0,1
C00474,2024,11,November,4,3,0,1
C00474,2025,3,March,6,4,0,1
C00474,2025,9,September,7,5,0,1
C00475,2024,10,October,1,1,1,0
C00475,2025,1,January,2,2,0,1
C00475,2025,2,February,4,3,0,1
C00475,2025,8,August,5,4,0,1
C00475,2025,9,September,6,4,0,1
C00476,2024,11,November,1,1,1,0
C00476,2025,5,May,2,1,0,0
C00476,2025,11,November,3,2,0,1
C00478,2025,7,July,1,2,0,1
C00478,2025,8,August,3,3,0,1
C00478,2025,10,October,4,3,0,1
C00479,2024,8,August,1,1,1,0
C00479,2025,4,April,2,2,0,1
C00479,2025,8,August,3,3,0,1
C00479,2025,9,September,4,4,0,1
C00480,2025,7,July,1,0,1,0
C00481,2024,8,August,1,1,1,0
C00481,2024,11,November,2,2,0,1
C00481,2025,2,February,3,3,0,1
C00481,2025,5,May,4,3,0,1
C00482,2024,11,November,1,1,1,0
C00482,2025,3,March,2,1,0,0
C00483,2024,10,October,1,0,1,0
C00483,2024,11,November,2,1,0,0
C00483,2025,8,August,4,2,0,1
C00484,2024,8,August,1,1,1,0
C00484,2024,9,September,2,1,0,0
C00484,2024,12,December,3,2,0,1
C00484,2025,5,May,4,3,0,1
C00484,2025,10,October,5,4,0,1
C00485,2025,4,April,1,1,1,0
C00485,2025,6,June,2,2,0,1
C00486,2024,11,November,1,0,1,0
C00486,2025,2,February,2,1,0,0
C00486,2025,3,March,3,2,0,1
C00486,2025,5,May,4,3,0,1
C00486,2025,6,June,5,5,0,1
C00486,2025,10,October,7,5,0,1
C00487,2025,4,April,1,0,1,0
C00487,2025,5,May,2,1,0,0
C00487,2025,8,August,3,2,0,1
C00487,2025,9,September,4,2,0,1
C00487,2025,10,October,5,3,0,1
C00488,2024,9,September,1,1,1,0
C00488,2024,11,November,2,2,0,1
C00488,2025,2,February,3,2,0,1
C00488,2025,5,May,4,3,0,1
C00488,2025,9,September,5,4,0,1
C00488,2025,11,November,6,5,0,1
C00489,2024,8,August,1,1,1,0
C00489,2025,3,March,2,2,0,1
C00489,2025,6,June,3,3,0,1
C00489,2025,7,July,4,4,0,1
C00490,2025,1,January,1,1,1,0
C00490,2025,2,February,2,2,0,1
C00491,2024,10,October,1,2,0,1
C00491,2025,5,May,3,2,0,1
C00491,2025,10,October,4,2,0,1
C00492,2024,12,December,1,1,1,0
C00492,2025,8,August,2,2,0,1
C00492,2025,12,December,4,3,0,1
C00493,2024,9,September,1,1,1,0
C00493,2024,12,December,3,2,0,1
C00493,2025,3,March,4,3,0,1
C00493,2025,4,April,5,4,0,1
C00493,2025,5,May,6,5,0,1
C00493,2025,8,August,7,6,0,1
C00494,2024,9,September,1,1,1,0
C00494,2024,10,October,2,2,0,1
C00494,2025,4,April,3,3,0,1
C00494,2025,5,May,4,4,0,1
C00494,2025,7,July,5,4,0,1
C00494,2025,10,October,6,5,0,1
C00494,2025,12,December,7,6,0,1
C00495,2024,12,December,1,1,1,0
C00495,2025,4,April,2,2,0,1
C00496,2025,4,April,1,1,1,0
C00496,2025,10,October,2,2,0,1
C00497,2024,10,October,1,1,1,0
C00497,2025,10,October,2,1,0,0
C00498,2024,9,September,1,0,1,0
C00499,2024,9,September,1,1,1,0
C00499,2024,11,November,2,2,0,1
C00499,2025,1,January,4,4,0,1
C00499,2025,6,June,6,5,0,1
C00499,2025,12,December,7,5,0,1
C00500,2024,7,July,1,0,1,0
C00500,2024,8,August,2,2,0,1
C00500,2024,11,November,4,3,0,1
C00500,2025,1,January,5,4,0,1
C00500,2025,2,February,6,5,0,1
C00500,2025,6,June,7,5,0,1
C00501,2024,9,September,1,1,1,0
C00501,2024,10,October,2,2,0,1
C00501,2025,2,February,3,3,0,1
C00501,2025,5,May,4,3,0,1
C00501,2025,6,June,5,4,0,1
C00501,2025,10,October,6,5,0,1
C00502,2024,9,September,1,1,1,0
C00502,2024,10,October,2,2,0,1
C00502,2025,1,January,3,3,0,1
C00502,2025,6,June,4,4,0,1
C00503,2025,2,February,1,2,0,1
C00503,2025,7,July,3,3,0,1
C00503,2025,10,October,4,5,0,1
C00503,2025,11,November,6,6,0,1
C00504,2025,8,August,1,1,1,0
C00504,2025,11,November,2,2,0,1
C00505,2025,5,May,1,1,1,0
C00505,2025,12,December,2,3,0,1
C00506,2024,7,July,1,1,1,0
C00506,2024,9,September,2,2,0,1
C00506,2024,11,November,3,3,0,1
C00506,2024,12,December,4,3,0,1
C00506,2025,9,September,5,4,0,1
C00507,2024,8,August,1,1,1,0
C00507,2025,3,March,2,1,0,0
C00507,2025,7,July,3,2,0,1
C00507,2025,9,September,4,3,0,1
C00507,2025,11,November,5,4,0,1
C00507,2025,12,December,6,5,0,1
C00508,2025,11,November,1,1,1,0
C00509,2024,8,August,1,0,1,0
C00509,2025,5,May,2,1,0,0
C00509,2025,11,November,3,1,0,0
C00510,2024,8,August,1,2,0,1
C00510,2025,1,January,3,2,0,1
C00510,2025,6,June,4,2,0,1
C00510,2025,10,October,5,3,0,1
C00510,2025,12,December,6,4,0,1
C00511,2024,8,August,1,0,1,0
C00511,2024,12,December,2,1,0,0
C00511,2025,6,June,3,3,0,1
C00513,2025,1,January,1,1,1,0
C00513,2025,6,June,2,2,0,1
C00513,2025,8,August,3,2,0,1
C00513,2025,9,September,4,2,0,1
C00513,2025,10,October,5,3,0,1
C00514,2024,9,September,1,1,1,0
C00514,2024,10,October,2,3,0,1
C00514,2025,8,August,4,4,0,1
C00514,2025,9,September,5,5,0,1
C00516,2025,3,March,1,1,1,0
C00516,2025,5,May,2,2,0,1
C00516,2025,11,November,3,3,0,1
C00516,2025,12,December,4,3,0,1
C00517,2024,9,September,1,1,1,0
C00517,2024,10,October,2,2,0,1
C00517,2025,2,February,3,3,0,1
C00517,2025,3,March,4,4,0,1
C00517,2025,6,June,5,5,0,1
C00517,2025,12,December,6,5,0,1
C00518,2024,11,November,1,1,1,0
C00518,2025,1,January,2,2,0,1
C00518,2025,3,March,3,3,0,1
C00518,2025,7,July,4,4,0,1
C00519,2024,12,December,1,1,1,0
C00520,2024,10,October,1,1,1,0
C00520,2024,12,December,2,2,0,1
C00520,2025,1,January,3,3,0,1
C00520,2025,5,May,4,3,0,1
C00520,2025,6,June,5,5,0,1
C00521,2024,12,December,1,1,1,0
C00521,2025,2,February,2,1,0,0
C00521,2025,8,August,3,2,0,1
C00521,2025,9,September,4,2,0,1
C00522,2024,7,July,1,2,0,1
C00522,2024,8,August,4,2,0,1
C00522,2025,3,March,5,3,0,1
C00523,2025,5,May,1,1,1,0
C00524,2024,9,September,1,0,1,0
C00524,2025,12,December,2,1,0,0
C00525,2024,7,July,1,1,1,0
C00525,2024,8,August,2,2,0,1
C00525,2025,9,September,3,3,0,1
C00525,2025,10,October,4,4,0,1
C00525,2025,11,November,6,5,0,1
C00526,2024,9,September,1,3,0,1
C00526,2025,6,June,4,4,0,1
C00526,2025,8,August,5,4,0,1
C00527,2025,8,August,1,1,1,0
C00528,2025,2,February,1,1,1,0
C00528,2025,7,July,2,2,0,1
C00528,2025,11,November,3,3,0,1
C00529,2024,8,August,1,1,1,0
C00529,2024,10,October,2,1,0,0
C00529,2024,12,December,3,2,0,1
C00530,2025,3,March,1,1,1,0
C00530,2025,5,May,2,2,0,1
C00531,2024,9,September,1,1,1,0
C00531,2024,12,December,2,2,0,1
C00531,2025,7,July,3,2,0,1
C00533,2024,12,December,1,1,1,0
C00533,2025,5,May,2,2,0,1
C00533,2025,12,December,3,3,0,1
C00534,2024,8,August,1,2,0,1
C00534,2025,3,March,3,3,0,1
C00534,2025,10,October,4,4,0,1
C00535,2024,11,November,1,0,1,0
C00535,2024,12,December,2,1,0,0
C00535,2025,1,January,3,2,0,1
C00536,2024,8,August,1,1,1,0
C00536,2025,6,June,2,2,0,1
C00536,2025,7,July,3,3,0,1
C00536,2025,10,October,4,4,0,1
C00537,2024,8,August,1,1,1,0
C00537,2025,7,July,2,2,0,1
C00537,2025,9,September,3,3,0,1
C00537,2025,12,December,4,4,0,1
C00538,2024,7,July,1,0,1,0
C00538,2024,11,November,2,1,0,0
C00538,2025,10,October,3,2,0,1
C00539,2024,12,December,1,1,1,0
C00539,2025,3,March,2,1,0,0
C00539,2025,7,July,3,1,0,0
C00540,2024,8,August,1,1,1,0
C00540,2024,10,October,2,2,0,1
C00540,2024,12,December,3,3,0,1
C00540,2025,1,January,4,4,0,1
C00540,2025,2,February,5,5,0,1
C00540,2025,4,April,7,6,0,1
C00540,2025,5,May,8,6,0,1
C00541,2024,7,July,1,1,1,0
C00541,2024,10,October,2,1,0,0
C00541,2025,1,January,5,2,0,1
C00541,2025,10,October,6,3,0,1
C00542,2024,11,November,1,1,1,0
C00542,2024,12,December,2,1,0,0
C00542,2025,10,October,3,1,0,0
C00543,2024,7,July,1,0,1,0
C00543,2024,12,December,2,1,0,0
C00543,2025,7,July,3,2,0,1
C00544,2025,7,July,1,2,0,1
C00544,2025,8,August,3,3,0,1
C00544,2025,11,November,4,4,0,1
C00545,2025,10,October,1,1,1,0
C00547,2024,8,August,1,1,1,0
C00547,2025,5,May,2,2,0,1
C00548,2024,8,August,1,2,0,1
C00548,2024,12,December,3,3,0,1
C00548,2025,6,June,5,4,0,1
C00548,2025,9,September,6,5,0,1
C00548,2025,10,October,7,7,0,1
C00548,2025,11,November,9,8,0,1
C00549,2025,3,March,1,1,1,0
C00549,2025,9,September,2,2,0,1
C00550,2024,8,August,1,1,1,0
C00550,2024,9,September,2,2,0,1
C00550,2025,3,March,3,3,0,1
C00550,2025,5,May,4,4,0,1
C00550,2025,10,October,5,5,0,1
C00550,2025,12,December,6,6,0,1
C00551,2024,10,October,1,1,1,0
C00551,2025,9,September,2,1,0,0
C00552,2025,10,October,1,2,0,1
C00552,2025,11,November,3,3,0,1
C00553,2024,8,August,1,1,1,0
C00553,2024,10,October,2,3,0,1
C00553,2024,12,December,4,5,0,1
C00553,2025,1,January,6,6,0,1
C00553,2025,5,May,7,8,0,1
C00553,2025,6,June,9,9,0,1
C00553,2025,7,July,10,10,0,1
C00553,2025,8,August,11,11,0,1
C00553,2025,9,September,12,12,0,1
C00553,2025,10,October,13,12,0,1
C00553,2025,11,November,14,12,0,1
C00554,2024,7,July,1,1,1,0
C00554,2024,9,September,2,2,0,1
C00554,2025,4,April,4,2,0,1
C00554,2025,9,September,5,3,0,1
C00554,2025,11,November,6,4,0,1
C00554,2025,12,December,7,5,0,1
C00555,2024,8,August,1,1,1,0
C00555,2025,4,April,2,2,0,1
C00555,2025,10,October,3,3,0,1
C00556,2024,7,July,1,1,1,0
C00556,2025,7,July,2,3,0,1
C00557,2024,12,December,1,0,1,0
C00557,2025,2,February,2,1,0,0
C00557,2025,5,May,3,2,0,1
C00557,2025,10,October,4,3,0,1
C00557,2025,11,November,5,4,0,1
C00558,2025,4,April,1,1,1,0
C00559,2024,7,July,1,1,1,0
C00559,2025,12,December,2,2,0,1
C00560,2024,11,November,1,0,1,0
C00560,2025,5,May,2,1,0,0
C00560,2025,10,October,3,1,0,0
C00561,2024,12,December,1,1,1,0
C00561,2025,1,January,2,2,0,1
C00562,2024,12,December,1,1,1,0
C00562,2025,1,January,2,2,0,1
C00562,2025,7,July,3,2,0,1
C00563,2025,7,July,1,1,1,0
C00564,2025,8,August,1,0,1,0
C00564,2025,9,September,2,1,0,0
C00565,2024,7,July,1,1,1,0
C00565,2025,1,January,2,1,0,0
C00565,2025,5,May,3,2,0,1
C00566,2024,11,November,1,0,1,0
C00566,2025,8,August,2,1,0,0
C00567,2024,7,July,1,1,1,0
C00567,2025,1,January,2,2,0,1
C00567,2025,4,April,3,2,0,1
C00567,2025,5,May,4,3,0,1
C00567,2025,7,July,5,4,0,1
C00568,2024,9,September,1,2,0,1
C00568,2024,12,December,3,4,0,1
C00568,2025,6,June,5,5,0,1
C00568,2025,10,October,6,6,0,1
C00568,2025,11,November,7,7,0,1
C00569,2024,8,August,1,1,1,0
C00569,2024,9,September,2,2,0,1
C00569,2024,11,November,3,3,0,1
C00569,2025,5,May,4,4,0,1
C00569,2025,8,August,5,5,0,1
C00570,2024,9,September,1,1,1,0
C00570,2025,9,September,2,2,0,1
C00570,2025,11,November,4,4,0,1
C00571,2025,2,February,1,0,1,0
C00571,2025,3,March,2,1,0,0
C00571,2025,9,September,3,2,0,1
C00571,2025,11,November,4,3,0,1
C00572,2025,1,January,1,0,1,0
C00572,2025,4,April,2,2,0,1
C00572,2025,7,July,4,3,0,1
C00572,2025,8,August,5,4,0,1
C00572,2025,10,October,6,5,0,1
C00572,2025,11,November,7,5,0,1
C00573,2024,8,August,1,1,1,0
C00573,2025,5,May,2,2,0,1
C00573,2025,12,December,3,3,0,1
C00574,2025,1,January,1,1,1,0
C00574,2025,6,June,2,2,0,1
C00574,2025,11,November,3,3,0,1
C00575,2024,7,July,1,1,1,0
C00575,2025,3,March,2,2,0,1
C00575,2025,11,November,3,3,0,1
C00576,2025,1,January,1,1,1,0
C00576,2025,7,July,2,2,0,1
C00576,2025,9,September,3,3,0,1
C00577,2024,12,December,1,1,1,0
C00577,2025,5,May,2,2,0,1
C00578,2025,3,March,1,1,1,0
C00578,2025,4,April,2,2,0,1
C00578,2025,5,May,3,3,0,1
C00579,2024,9,September,1,1,1,0
C00579,2024,10,October,2,2,0,1
C00579,2024,12,December,3,4,0,1
C00579,2025,5,May,5,5,0,1
C00580,2024,8,August,1,1,1,0
C00580,2025,4,April,2,3,0,1
C00580,2025,8,August,4,6,0,1
C00581,2024,12,December,1,0,1,0
C00581,2025,4,April,2,0,0,0
C00581,2025,11,November,3,1,0,0
C00582,2024,7,July,1,1,1,0
C00582,2024,10,October,2,2,0,1
C00582,2025,1,January,3,3,0,1
C00582,2025,7,July,4,4,0,1
C00582,2025,10,October,5,6,0,1
C00582,2025,11,November,7,7,0,1
C00583,2024,11,November,1,1,1,0
C00583,2025,4,April,2,2,0,1
C00584,2024,9,September,1,1,1,0
C00584,2025,3,March,2,2,0,1
C00584,2025,5,May,3,3,0,1
C00584,2025,11,November,4,4,0,1
C00585,2024,9,September,1,0,1,0
C00585,2025,1,January,2,1,0,0
C00585,2025,2,February,3,2,0,1
C00585,2025,3,March,4,3,0,1
C00585,2025,6,June,5,4,0,1
C00585,2025,10,October,6,4,0,1
C00585,2025,12,December,7,5,0,1
C00586,2024,8,August,1,0,1,0
C00586,2024,9,September,2,2,0,1
C00586,2024,12,December,4,3,0,1
C00586,2025,2,February,5,5,0,1
C00586,2025,5,May,7,6,0,1
C00586,2025,10,October,8,7,0,1
C00587,2024,12,December,1,1,1,0
C00587,2025,1,January,2,3,0,1
C00587,2025,2,February,4,5,0,1
C00587,2025,4,April,6,6,0,1
C00588,2024,9,September,1,1,1,0
C00588,2024,12,December,2,1,0,0
C00588,2025,3,March,3,2,0,1
C00589,2025,10,October,1,0,1,0
C00589,2025,11,November,2,0,0,0
C00590,2024,7,July,1,1,1,0
C00590,2024,8,August,2,2,0,1
C00590,2025,1,January,3,3,0,1
C00591,2024,7,July,1,1,1,0
C00591,2024,9,September,2,2,0,1
C00591,2024,10,October,3,3,0,1
C00591,2024,12,December,4,4,0,1
C00591,2025,2,February,5,5,0,1
C00591,2025,3,March,6,7,0,1
C00591,2025,5,May,8,8,0,1
C00591,2025,6,June,9,8,0,1
C00591,2025,8,August,10,9,0,1
C00592,2024,9,September,1,1,1,0
C00592,2025,1,January,2,2,0,1
C00593,2024,7,July,1,1,1,0
C00593,2024,8,August,2,2,0,1
C00593,2024,12,December,3,3,0,1
C00593,2025,4,April,4,4,0,1
C00594,2024,9,September,1,0,1,0
C00594,2024,11,November,2,0,0,0
C00594,2025,2,February,3,1,0,0
C00594,2025,6,June,4,2,0,1
C00595,2024,7,July,1,1,1,0
C00595,2024,8,August,2,2,0,1
C00595,2024,10,October,3,2,0,1
C00595,2024,11,November,4,2,0,1
C00595,2025,2,February,5,3,0,1
C00595,2025,3,March,6,4,0,1
C00595,2025,4,April,7,5,0,1
C00595,2025,7,July,8,6,0,1
C00595,2025,8,August,9,7,0,1
C00595,2025,9,September,10,8,0,1
C00595,2025,10,October,11,9,0,1
C00596,2024,12,December,1,0,1,0
C00596,2025,1,January,2,1,0,0
C00596,2025,6,June,3,1,0,0
C00596,2025,11,November,4,2,0,1
C00596,2025,12,December,5,3,0,1
C00597,2024,11,November,1,1,1,0
C00597,2025,1,January,2,2,0,1
C00597,2025,5,May,3,3,0,1
C00598,2024,7,July,1,1,1,0
C00598,2024,9,September,2,2,0,1
C00598,2024,11,November,3,2,0,1
C00598,2025,3,March,4,3,0,1
C00598,2025,4,April,5,5,0,1
C00598,2025,5,May,8,7,0,1
C00598,2025,6,June,10,8,0,1
C00598,2025,9,September,11,8,0,1
C00598,2025,10,October,12,9,0,1
C00598,2025,11,November,13,10,0,1
C00599,2024,10,October,1,1,1,0
C00599,2025,2,February,2,2,0,1
C00599,2025,5,May,3,3,0,1
C00600,2025,2,February,1,1,1,0
C00601,2024,10,October,1,2,0,1
C00601,2025,3,March,3,2,0,1
C00602,2024,10,October,1,1,1,0
C00602,2024,11,November,2,2,0,1
C00602,2024,12,December,3,3,0,1
C00602,2025,1,January,4,3,0,1
C00602,2025,2,February,5,4,0,1
C00602,2025,5,May,6,5,0,1
C00602,2025,6,June,7,6,0,1
C00603,2024,8,August,1,1,1,0
C00603,2024,10,October,2,1,0,0
C00603,2025,1,January,3,2,0,1
C00603,2025,3,March,4,3,0,1
C00603,2025,4,April,6,3,0,1
C00603,2025,5,May,7,4,0,1
C00603,2025,11,November,8,4,0,1
C00605,2024,7,July,1,1,1,0
C00605,2024,11,November,2,2,0,1
C00605,2025,9,September,3,3,0,1
C00606,2025,3,March,1,1,1,0
C00606,2025,9,September,2,1,0,0
C00607,2024,7,July,1,0,1,0
C00607,2024,11,November,2,1,0,0
C00607,2025,1,January,4,2,0,1
C00607,2025,6,June,5,3,0,1
C00607,2025,8,August,6,3,0,1
C00607,2025,9,September,7,3,0,1
C00607,2025,10,October,8,4,0,1
C00608,2024,10,October,1,3,0,1
C00608,2024,11,November,4,4,0,1
C00608,2024,12,December,5,5,0,1
C00608,2025,4,April,6,7,0,1
C00608,2025,7,July,8,9,0,1
C00608,2025,10,October,10,10,0,1
C00609,2024,9,September,1,1,1,0
C00609,2024,10,October,2,2,0,1
C00609,2025,5,May,3,2,0,1
C00609,2025,7,July,4,3,0,1
C00609,2025,9,September,5,3,0,1
C00609,2025,11,November,7,5,0,1
C00610,2024,10,October,1,1,1,0
C00610,2024,12,December,2,2,0,1
C00611,2025,2,February,1,1,1,0
C00611,2025,4,April,2,1,0,0
C00611,2025,5,May,3,2,0,1
C00611,2025,8,August,4,3,0,1
C00611,2025,11,November,5,4,0,1
C00612,2024,9,September,1,1,1,0
C00612,2024,12,December,2,1,0,0
C00612,2025,4,April,3,2,0,1
C00613,2024,12,December,1,0,1,0
C00613,2025,1,January,2,0,0,0
C00613,2025,4,April,3,1,0,0
C00614,2024,9,September,1,1,1,0
C00614,2025,3,March,2,2,0,1
C00615,2024,9,September,1,1,1,0
C00615,2024,10,October,2,2,0,1
C00616,2024,7,July,1,0,1,0
C00616,2024,9,September,2,1,0,0
C00616,2025,2,February,3,2,0,1
C00616,2025,4,April,4,3,0,1
C00617,2024,9,September,1,1,1,0
C00617,2024,10,October,2,2,0,1
C00617,2025,8,August,3,3,0,1
C00617,2025,10,October,4,4,0,1
C00618,2024,8,August,1,1,1,0
C00618,2025,1,January,2,2,0,1
C00620,2024,7,July,1,1,1,0
C00620,2024,8,August,2,2,0,1
C00620,2024,9,September,3,3,0,1
C00621,2024,7,July,1,0,1,0
C00621,2025,3,March,2,2,0,1
C00621,2025,5,May,4,3,0,1
C00621,2025,9,September,5,4,0,1
C00622,2024,11,November,1,1,1,0
C00622,2025,3,March,2,2,0,1
C00623,2024,8,August,1,1,1,0
C00623,2025,11,November,2,3,0,1
C00624,2024,11,November,1,0,1,0
C00624,2025,9,September,2,1,0,0
C00625,2024,8,August,1,1,1,0
C00625,2025,1,January,2,3,0,1
C00626,2024,9,September,1,1,1,0
C00626,2024,10,October,2,2,0,1
C00626,2024,11,November,3,3,0,1
C00626,2025,1,January,4,4,0,1
C00626,2025,4,April,5,5,0,1
C00626,2025,6,June,6,6,0,1
C00627,2024,8,August,1,1,1,0
C00627,2024,9,September,2,2,0,1
C00627,2025,1,January,3,3,0,1
C00627,2025,3,March,4,4,0,1
C00627,2025,5,May,5,4,0,1
C00628,2025,1,January,1,1,1,0
C00628,2025,2,February,2,2,0,1
C00628,2025,7,July,3,3,0,1
C00628,2025,8,August,4,4,0,1
C00629,2025,6,June,1,1,1,0
C00629,2025,8,August,2,1,0,0
C00629,2025,9,September,3,2,0,1
C00629,2025,11,November,4,3,0,1
C00630,2024,9,September,1,1,1,0
C00630,2025,4,April,2,1,0,0
C00630,2025,6,June,3,2,0,1
C00630,2025,10,October,4,3,0,1
C00631,2024,7,July,1,1,1,0
C00631,2025,2,February,2,1,0,0
C00631,2025,3,March,3,2,0,1
C00631,2025,4,April,4,3,0,1
C00632,2025,2,February,1,1,1,0
C00632,2025,5,May,2,2,0,1
C00632,2025,6,June,3,3,0,1
C00632,2025,7,July,4,4,0,1
C00633,2024,8,August,1,0,1,0
C00633,2024,9,September,2,1,0,0
C00634,2024,11,November,1,1,1,0
C00634,2024,12,December,2,2,0,1
C00634,2025,1,January,3,4,0,1
C00634,2025,8,August,5,5,0,1
C00635,2024,8,August,1,1,1,0
C00635,2024,10,October,2,2,0,1
C00635,2024,12,December,3,2,0,1
C00635,2025,1,January,4,3,0,1
C00636,2024,7,July,1,0,1,0
C00636,2024,11,November,2,1,0,0
C00636,2025,1,January,4,2,0,1
C00636,2025,5,May,5,3,0,1
C00636,2025,10,October,6,4,0,1
C00636,2025,11,November,7,5,0,1
C00637,2025,1,January,1,0,1,0
C00637,2025,3,March,2,0,0,0
C00637,2025,4,April,3,1,0,0
C00637,2025,6,June,4,2,0,1
C00637,2025,7,July,5,3,0,1
C00637,2025,8,August,6,4,0,1
C00637,2025,9,September,8,5,0,1
C00637,2025,11,November,9,6,0,1
C00638,2024,10,October,1,2,0,1
C00638,2024,11,November,3,3,0,1
C00638,2025,2,February,4,4,0,1
C00638,2025,4,April,6,5,0,1
C00638,2025,7,July,7,5,0,1
C00639,2025,7,July,1,1,1,0
C00640,2024,10,October,1,1,1,0
C00640,2025,5,May,2,2,0,1
C00642,2024,8,August,1,1,1,0
C00642,2024,11,November,2,2,0,1
C00643,2024,11,November,1,1,1,0
C00643,2025,4,April,2,1,0,0
C00643,2025,6,June,3,1,0,0
C00643,2025,7,July,4,2,0,1
C00644,2024,9,September,1,1,1,0
C00644,2025,12,December,2,2,0,1
C00645,2024,11,November,1,1,1,0
C00645,2024,12,December,2,2,0,1
C00645,2025,3,March,3,3,0,1
C00645,2025,8,August,4,4,0,1
C00646,2024,10,October,1,1,1,0
C00646,2025,2,February,2,2,0,1
C00646,2025,3,March,3,3,0,1
C00646,2025,4,April,4,3,0,1
C00646,2025,5,May,5,4,0,1
C00646,2025,9,September,6,6,0,1
C00646,2025,11,November,8,7,0,1
C00646,2025,12,December,9,7,0,1
C00647,2024,8,August,1,1,1,0
C00647,2024,9,September,2,2,0,1
C00647,2024,12,December,3,2,0,1
C00647,2025,2,February,4,4,0,1
C00647,2025,3,March,6,4,0,1
C00647,2025,5,May,7,5,0,1
C00647,2025,11,November,8,6,0,1
C00648,2025,2,February,1,1,1,0
C00648,2025,5,May,2,2,0,1
C00649,2024,11,November,1,1,1,0
C00649,2025,5,May,3,2,0,1
C00649,2025,12,December,4,2,0,1
C00650,2025,5,May,1,1,1,0
C00650,2025,6,June,2,1,0,0
C00651,2024,10,October,1,0,1,0
C00651,2024,11,November,2,1,0,0
C00651,2024,12,December,3,2,0,1
C00651,2025,6,June,4,3,0,1
C00652,2025,1,January,1,0,1,0
C00653,2024,10,October,1,1,1,0
C00654,2024,7,July,1,2,0,1
C00654,2024,9,September,3,3,0,1
C00654,2024,11,November,5,3,0,1
C00654,2024,12,December,6,4,0,1
C00654,2025,3,March,7,5,0,1
C00654,2025,6,June,8,6,0,1
C00654,2025,9,September,9,6,0,1
C00654,2025,10,October,10,9,0,1
C00655,2024,8,August,1,1,1,0
C00655,2024,10,October,2,2,0,1
C00655,2025,4,April,3,2,0,1
C00656,2024,10,October,1,0,1,0
C00656,2024,12,December,2,1,0,0
C00656,2025,4,April,4,2,0,1
C00656,2025,5,May,5,3,0,1
C00656,2025,7,July,7,4,0,1
C00656,2025,8,August,8,5,0,1
C00656,2025,9,September,9,7,0,1
C00656,2025,11,November,11,7,0,1
C00657,2024,10,October,1,1,1,0
C00657,2025,1,January,2,2,0,1
C00657,2025,3,March,4,3,0,1
C00657,2025,4,April,6,4,0,1
C00657,2025,7,July,7,5,0,1
C00657,2025,9,September,8,7,0,1
C00658,2025,3,March,1,0,1,0
C00658,2025,4,April,2,1,0,0
C00658,2025,7,July,3,1,0,0
C00658,2025,10,October,4,2,0,1
C00659,2024,8,August,1,1,1,0
C00659,2025,1,January,2,2,0,1
C00659,2025,4,April,3,3,0,1
C00660,2025,1,January,1,1,1,0
C00660,2025,3,March,2,1,0,0
C00661,2024,7,July,1,0,1,0
C00661,2024,12,December,2,1,0,0
C00661,2025,6,June,3,2,0,1
C00661,2025,8,August,4,3,0,1
C00662,2024,10,October,1,0,1,0
C00662,2025,1,January,2,1,0,0
C00662,2025,9,September,3,2,0,1
C00663,2024,7,July,1,1,1,0
C00663,2024,10,October,2,2,0,1
C00663,2024,11,November,3,2,0,1
C00663,2025,1,January,4,3,0,1
C00663,2025,2,February,5,3,0,1
C00663,2025,3,March,6,4,0,1
C00663,2025,8,August,8,5,0,1
C00664,2024,9,September,1,0,1,0
C00664,2024,10,October,2,0,0,0
C00664,2024,11,November,3,1,0,0
C00664,2025,8,August,4,2,0,1
C00665,2024,7,July,1,0,1,0
C00665,2024,11,November,2,1,0,0
C00665,2024,12,December,3,2,0,1
C00665,2025,2,February,5,3,0,1
C00665,2025,5,May,6,4,0,1
C00665,2025,8,August,7,5,0,1
C00665,2025,10,October,8,6,0,1
C00665,2025,11,November,9,8,0,1
C00666,2024,12,December,1,1,1,0
C00666,2025,1,January,2,3,0,1
C00666,2025,12,December,4,4,0,1
C00667,2024,8,August,1,1,1,0
C00667,2025,1,January,2,3,0,1
C00667,2025,6,June,4,4,0,1
C00668,2025,9,September,1,1,1,0
C00669,2025,12,December,1,0,1,0
C00670,2024,8,August,1,1,1,0
C00670,2024,9,September,2,1,0,0
C00670,2024,10,October,3,2,0,1
C00670,2024,11,November,4,3,0,1
C00670,2024,12,December,5,4,0,1
C00670,2025,8,August,6,5,0,1
C00670,2025,9,September,7,6,0,1
C00670,2025,11,November,8,7,0,1
C00671,2024,7,July,1,1,1,0
C00671,2024,8,August,2,2,0,1
C00671,2024,10,October,3,3,0,1
C00671,2025,11,November,4,3,0,1
C00672,2024,12,December,1,2,0,1
C00672,2025,4,April,3,3,0,1
C00672,2025,10,October,4,4,0,1
C00673,2024,10,October,1,1,1,0
C00673,2025,7,July,2,1,0,0
C00673,2025,8,August,3,2,0,1
C00673,2025,9,September,4,3,0,1
C00674,2024,8,August,1,1,1,0
C00674,2024,11,November,2,2,0,1
C00674,2025,8,August,3,3,0,1
C00674,2025,12,December,4,4,0,1
C00675,2024,7,July,1,0,1,0
C00676,2024,7,July,1,1,1,0
C00676,2024,8,August,2,1,0,0
C00676,2024,10,October,3,1,0,0
C00676,2024,12,December,4,1,0,0
C00676,2025,2,February,5,2,0,1
C00676,2025,3,March,6,3,0,1
C00676,2025,5,May,7,3,0,1
C00676,2025,9,September,8,3,0,1
C00676,2025,11,November,9,5,0,1
C00677,2024,12,December,1,0,1,0
C00678,2024,12,December,1,1,1,0
C00678,2025,6,June,2,1,0,0
C00678,2025,12,December,3,2,0,1
C00679,2024,11,November,1,1,1,0
C00679,2025,5,May,2,2,0,1
C00679,2025,9,September,3,3,0,1
C00679,2025,11,November,4,4,0,1
C00679,2025,12,December,5,5,0,1
C00680,2024,10,October,1,2,0,1
C00680,2024,11,November,3,3,0,1
C00680,2025,1,January,4,4,0,1
C00680,2025,2,February,5,6,0,1
C00680,2025,3,March,7,7,0,1
C00680,2025,4,April,9,9,0,1
C00680,2025,6,June,11,10,0,1
C00681,2024,8,August,1,1,1,0
C00681,2024,12,December,2,3,0,1
C00681,2025,10,October,4,4,0,1
C00681,2025,12,December,5,5,0,1
C00682,2024,9,September,1,1,1,0
C00682,2025,4,April,2,1,0,0
C00682,2025,11,November,3,2,0,1
C00682,2025,12,December,4,2,0,1
C00683,2024,9,September,1,1,1,0
C00684,2024,7,July,1,1,1,0
C00685,2024,12,December,1,1,1,0
C00685,2025,3,March,2,1,0,0
C00686,2024,10,October,1,0,1,0
C00686,2024,11,November,2,1,0,0
C00686,2024,12,December,3,2,0,1
C00686,2025,7,July,4,2,0,1
C00687,2025,2,February,1,0,1,0
C00687,2025,11,November,2,1,0,0
C00688,2024,7,July,1,1,1,0
C00688,2025,7,July,2,2,0,1
C00688,2025,8,August,4,2,0,1
C00689,2024,7,July,1,1,1,0
C00689,2025,5,May,2,2,0,1
C00690,2025,1,January,1,1,1,0
C00690,2025,6,June,2,2,0,1
C00691,2024,9,September,1,1,1,0
C00691,2024,12,December,2,3,0,1
C00691,2025,2,February,4,5,0,1
C00691,2025,3,March,6,6,0,1
C00691,2025,4,April,8,7,0,1
C00691,2025,7,July,9,8,0,1
C00691,2025,10,October,10,8,0,1
C00691,2025,11,November,11,8,0,1
C00692,2024,7,July,1,1,1,0
C00692,2024,8,August,2,2,0,1
C00693,2024,7,July,1,1,1,0
C00693,2025,2,February,2,1,0,0
C00693,2025,7,July,3,2,0,1
C00693,2025,10,October,4,3,0,1
C00693,2025,12,December,5,4,0,1
C00694,2025,11,November,1,1,1,0
C00695,2024,8,August,1,1,1,0
C00695,2024,11,November,2,2,0,1
C00695,2024,12,December,3,3,0,1
C00695,2025,1,January,4,4,0,1
C00695,2025,11,November,5,5,0,1
C00696,2025,1,January,1,0,1,0
C00696,2025,2,February,2,1,0,0
C00696,2025,8,August,3,2,0,1
C00697,2024,7,July,1,1,1,0
C00697,2024,10,October,2,2,0,1
C00698,2025,3,March,1,1,1,0
C00698,2025,4,April,2,2,0,1
C00698,2025,6,June,3,3,0,1
C00698,2025,10,October,4,3,0,1
C00699,2025,10,October,1,1,1,0
C00699,2025,11,November,2,2,0,1
C00700,2024,11,November,1,1,1,0
C00700,2025,5,May,2,2,0,1
C00701,2025,2,February,1,1,1,0
C00701,2025,5,May,2,2,0,1
C00703,2024,7,July,1,0,1,0
C00703,2024,8,August,2,1,0,0
C00703,2024,11,November,3,2,0,1
C00703,2024,12,December,4,2,0,1
C00703,2025,3,March,5,3,0,1
C00703,2025,7,July,6,4,0,1
C00703,2025,8,August,7,5,0,1
C00703,2025,10,October,8,6,0,1
C00704,2025,5,May,1,1,1,0
C00704,2025,6,June,2,2,0,1
C00704,2025,9,September,3,3,0,1
C00704,2025,10,October,4,4,0,1
C00705,2024,9,September,1,0,1,0
C00705,2025,2,February,2,1,0,0
C00705,2025,10,October,3,2,0,1
C00706,2024,11,November,1,1,1,0
C00706,2025,2,February,2,2,0,1
C00706,2025,9,September,3,3,0,1
C00707,2024,9,September,1,1,1,0
C00707,2024,11,November,2,1,0,0
C00708,2025,5,May,1,1,1,0
C00708,2025,11,November,2,2,0,1
C00709,2025,3,March,1,1,1,0
C00709,2025,6,June,2,2,0,1
C00710,2024,9,September,1,1,1,0
C00710,2024,12,December,2,3,0,1
C00710,2025,9,September,4,3,0,1
C00711,2025,3,March,1,1,1,0
C00711,2025,6,June,2,2,0,1
C00712,2025,6,June,1,1,1,0
C00712,2025,9,September,2,2,0,1
C00712,2025,10,October,3,3,0,1
C00713,2025,5,May,1,1,1,0
C00714,2024,7,July,1,2,0,1
C00715,2024,7,July,1,1,1,0
C00715,2024,9,September,2,2,0,1
C00715,2025,7,July,3,3,0,1
C00716,2024,7,July,1,2,0,1
C00716,2024,9,September,3,3,0,1
C00716,2024,11,November,4,4,0,1
C00716,2025,1,January,5,5,0,1
C00716,2025,3,March,6,7,0,1
C00716,2025,5,May,8,9,0,1
C00716,2025,8,August,10,9,0,1
C00716,2025,10,October,11,10,0,1
C00717,2024,8,August,1,1,1,0
C00717,2025,1,January,2,2,0,1
C00717,2025,3,March,3,3,0,1
C00717,2025,11,November,4,4,0,1
C00718,2024,10,October,1,1,1,0
C00718,2025,3,March,2,2,0,1
C00719,2024,7,July,1,1,1,0
C00719,2025,11,November,2,2,0,1
C00720,2025,2,February,1,1,1,0
C00720,2025,10,October,2,2,0,1
C00720,2025,11,November,3,3,0,1
C00721,2024,10,October,1,1,1,0
C00721,2024,12,December,2,2,0,1
C00721,2025,3,March,3,3,0,1
C00722,2025,12,December,1,1,1,0
C00723,2025,1,January,1,1,1,0
C00724,2024,9,September,1,1,1,0
C00724,2024,10,October,3,2,0,1
C00724,2024,11,November,5,3,0,1
C00724,2024,12,December,6,4,0,1
C00724,2025,5,May,7,5,0,1
C00724,2025,9,September,8,6,0,1
C00724,2025,10,October,9,7,0,1
C00724,2025,11,November,10,8,0,1
C00725,2024,8,August,1,2,0,1
C00725,2024,12,December,3,3,0,1
C00725,2025,2,February,4,4,0,1
C00725,2025,9,September,5,4,0,1
C00725,2025,12,December,6,5,0,1
C00726,2024,9,September,1,1,1,0
C00726,2024,10,October,2,2,0,1
C00726,2025,2,February,3,3,0,1
C00726,2025,5,May,4,5,0,1
C00726,2025,10,October,6,5,0,1
C00726,2025,12,December,7,6,0,1
C00727,2024,12,December,1,1,1,0
C00727,2025,4,April,2,2,0,1
C00728,2024,9,September,1,1,1,0
C00728,2025,11,November,2,2,0,1
C00729,2024,11,November,1,1,1,0
C00729,2025,9,September,2,2,0,1
C00730,2024,12,December,1,1,1,0
C00730,2025,3,March,2,2,0,1
C00730,2025,4,April,3,2,0,1
C00730,2025,10,October,4,3,0,1
C00731,2024,8,August,1,3,0,1
C00731,2024,10,October,4,4,0,1
C00731,2024,11,November,5,5,0,1
C00731,2024,12,December,6,6,0,1
C00731,2025,2,February,7,7,0,1
C00731,2025,3,March,8,7,0,1
C00731,2025,4,April,9,8,0,1
C00731,2025,5,May,10,9,0,1
C00731,2025,7,July,11,10,0,1
C00731,2025,11,November,12,11,0,1
C00732,2024,7,July,1,1,1,0
C00732,2024,8,August,2,2,0,1
C00732,2025,2,February,3,3,0,1
C00733,2024,9,September,1,1,1,0
C00734,2025,4,April,1,0,1,0
C00734,2025,5,May,2,1,0,0
C00734,2025,6,June,3,2,0,1
C00734,2025,7,July,4,3,0,1
C00735,2024,8,August,1,1,1,0
C00735,2024,10,October,2,2,0,1
C00735,2025,3,March,3,3,0,1
C00735,2025,5,May,4,4,0,1
C00735,2025,8,August,5,5,0,1
C00736,2024,9,September,1,1,1,0
C00736,2024,10,October,2,3,0,1
C00736,2025,9,September,5,4,0,1
C00736,2025,11,November,6,4,0,1
C00737,2024,11,November,1,1,1,0
C00737,2024,12,December,3,2,0,1
C00737,2025,3,March,4,3,0,1
C00738,2024,10,October,1,1,1,0
C00738,2025,9,September,2,2,0,1
C00739,2025,6,June,1,1,1,0
C00740,2024,10,October,1,1,1,0
C00740,2024,12,December,2,2,0,1
C00740,2025,4,April,3,3,0,1
C00740,2025,7,July,4,5,0,1
C00740,2025,11,November,7,6,0,1
C00740,2025,12,December,8,7,0,1
C00741,2024,11,November,1,0,1,0
C00741,2025,5,May,2,2,0,1
C00741,2025,8,August,4,3,0,1
C00742,2024,12,December,1,2,0,1
C00742,2025,1,January,3,3,0,1
C00742,2025,2,February,4,3,0,1
C00742,2025,6,June,5,4,0,1
C00742,2025,10,October,6,6,0,1
C00743,2024,11,November,1,1,1,0
C00743,2025,6,June,2,2,0,1
C00743,2025,11,November,3,4,0,1
C00744,2025,2,February,1,1,1,0
C00744,2025,4,April,3,2,0,1
C00744,2025,6,June,4,3,0,1
C00744,2025,8,August,5,4,0,1
C00745,2024,11,November,1,1,1,0
C00745,2024,12,December,2,2,0,1
C00745,2025,2,February,3,3,0,1
C00745,2025,10,October,4,3,0,1
C00745,2025,11,November,5,4,0,1
C00746,2024,7,July,1,0,1,0
C00746,2024,12,December,2,1,0,0
C00746,2025,3,March,3,2,0,1
C00746,2025,5,May,4,3,0,1
C00746,2025,12,December,5,4,0,1
C00747,2024,7,July,1,1,1,0
C00747,2025,2,February,2,2,0,1
C00747,2025,5,May,3,3,0,1
C00747,2025,6,June,4,4,0,1
C00747,2025,7,July,5,5,0,1
C00747,2025,10,October,6,6,0,1
C00748,2024,7,July,1,1,1,0
C00748,2025,2,February,2,1,0,0
C00748,2025,6,June,3,2,0,1
C00748,2025,12,December,4,3,0,1
C00749,2024,11,November,1,1,1,0
C00749,2025,5,May,2,3,0,1
C00749,2025,8,August,4,4,0,1
C00749,2025,12,December,5,5,0,1
C00750,2025,10,October,1,1,1,0
C00751,2024,7,July,1,0,1,0
C00751,2024,10,October,2,1,0,0
C00751,2025,1,January,3,2,0,1
C00751,2025,2,February,4,3,0,1
C00751,2025,3,March,5,3,0,1
C00751,2025,6,June,6,4,0,1
C00751,2025,7,July,7,5,0,1
C00751,2025,10,October,8,6,0,1
C00752,2024,8,August,1,0,1,0
C00752,2025,5,May,2,1,0,0
C00753,2024,7,July,1,1,1,0
C00753,2024,8,August,2,2,0,1
C00753,2024,12,December,3,3,0,1
C00753,2025,2,February,4,4,0,1
C00753,2025,6,June,5,5,0,1
C00753,2025,7,July,6,6,0,1
C00753,2025,12,December,7,8,0,1
C00754,2025,2,February,1,1,1,0
C00756,2024,7,July,1,2,0,1
C00756,2025,10,October,3,3,0,1
C00757,2024,9,September,1,1,1,0
C00757,2025,1,January,2,2,0,1
C00757,2025,4,April,3,3,0,1
C00757,2025,10,October,4,5,0,1
C00757,2025,11,November,6,6,0,1
C00758,2024,7,July,1,0,1,0
C00758,2024,9,September,2,0,0,0
C00758,2025,8,August,3,1,0,0
C00758,2025,10,October,4,2,0,1
C00759,2024,10,October,1,1,1,0
C00759,2025,7,July,2,2,0,1
C00759,2025,11,November,3,3,0,1
C00761,2024,7,July,1,0,1,0
C00761,2024,12,December,2,1,0,0
C00761,2025,1,January,3,2,0,1
C00761,2025,6,June,4,2,0,1
C00761,2025,7,July,5,3,0,1
C00761,2025,8,August,6,4,0,1
C00761,2025,9,September,8,5,0,1
C00762,2025,3,March,1,1,1,0
C00762,2025,9,September,2,2,0,1
C00763,2025,4,April,1,1,1,0
C00763,2025,10,October,2,2,0,1
C00764,2024,8,August,1,1,1,0
C00764,2024,12,December,2,1,0,0
C00765,2024,7,July,1,1,1,0
C00765,2024,11,November,2,2,0,1
C00765,2025,9,September,3,2,0,1
C00765,2025,12,December,4,3,0,1
C00766,2024,11,November,1,1,1,0
C00767,2024,9,September,1,1,1,0
C00767,2024,12,December,2,2,0,1
C00767,2025,3,March,3,3,0,1
C00767,2025,4,April,4,3,0,1
C00768,2024,8,August,1,1,1,0
C00768,2024,10,October,2,2,0,1
C00768,2024,11,November,3,3,0,1
C00768,2025,1,January,4,5,0,1
C00768,2025,6,June,6,6,0,1
C00768,2025,8,August,7,7,0,1
C00768,2025,9,September,9,8,0,1
C00769,2024,7,July,1,1,1,0
C00769,2025,2,February,2,1,0,0
C00769,2025,3,March,3,1,0,0
C00770,2025,2,February,1,1,1,0
C00771,2024,11,November,1,1,1,0
C00771,2025,10,October,2,2,0,1
C00772,2024,12,December,1,2,0,1
C00772,2025,1,January,4,2,0,1
C00772,2025,7,July,6,3,0,1
C00773,2024,11,November,1,1,1,0
C00773,2025,4,April,2,2,0,1
C00774,2024,9,September,1,1,1,0
C00774,2024,10,October,2,2,0,1
C00774,2025,5,May,3,3,0,1
C00774,2025,6,June,5,5,0,1
C00774,2025,7,July,7,5,0,1
C00775,2024,10,October,1,1,1,0
C00775,2024,11,November,2,2,0,1
C00775,2025,6,June,3,3,0,1
C00775,2025,7,July,4,5,0,1
C00775,2025,10,October,7,5,0,1
C00775,2025,11,November,8,6,0,1
C00775,2025,12,December,9,7,0,1
C00776,2024,10,October,1,1,1,0
C00776,2025,7,July,2,2,0,1
C00777,2024,8,August,1,1,1,0
C00777,2024,9,September,2,1,0,0
C00777,2024,10,October,3,2,0,1
C00777,2024,12,December,5,4,0,1
C00777,2025,2,February,7,5,0,1
C00777,2025,10,October,8,5,0,1
C00777,2025,12,December,9,5,0,1
C00778,2025,2,February,1,1,1,0
C00778,2025,12,December,2,2,0,1
C00779,2024,11,November,1,1,1,0
C00779,2025,12,December,2,2,0,1
C00780,2024,7,July,1,1,1,0
C00780,2025,2,February,2,1,0,0
C00780,2025,3,March,3,2,0,1
C00781,2025,7,July,1,1,1,0
C00782,2024,7,July,1,1,1,0
C00782,2025,7,July,2,1,0,0
C00783,2025,1,January,1,1,1,0
C00783,2025,5,May,2,2,0,1
C00784,2024,9,September,1,0,1,0
C00784,2024,10,October,2,1,0,0
C00784,2024,11,November,3,2,0,1
C00784,2025,1,January,4,3,0,1
C00784,2025,3,March,5,5,0,1
C00784,2025,4,April,7,6,0,1
C00784,2025,5,May,8,9,0,1
C00784,2025,6,June,11,11,0,1
C00784,2025,8,August,13,13,0,1
C00785,2024,12,December,1,2,0,1
C00785,2025,2,February,3,3,0,1
C00785,2025,5,May,4,4,0,1
C00786,2024,11,November,1,2,0,1
C00786,2024,12,December,3,3,0,1
C00786,2025,6,June,4,4,0,1
C00786,2025,8,August,5,4,0,1
C00787,2025,12,December,1,1,1,0
C00788,2024,10,October,1,1,1,0
C00788,2025,11,November,2,2,0,1
C00789,2024,11,November,1,1,1,0
C00789,2025,6,June,2,2,0,1
C00789,2025,11,November,4,3,0,1
C00790,2025,5,May,1,1,1,0
C00790,2025,7,July,2,2,0,1
C00791,2024,7,July,1,2,0,1
C00791,2024,8,August,3,3,0,1
C00791,2025,2,February,4,3,0,1
C00791,2025,3,March,5,3,0,1
C00791,2025,6,June,6,5,0,1
C00791,2025,8,August,8,6,0,1
C00791,2025,11,November,9,7,0,1
C00791,2025,12,December,10,8,0,1
C00792,2024,11,November,1,1,1,0
C00792,2025,3,March,2,2,0,1
C00792,2025,4,April,3,3,0,1
C00792,2025,5,May,4,4,0,1
C00792,2025,8,August,5,5,0,1
C00792,2025,10,October,6,5,0,1
C00793,2025,5,May,1,1,1,0
C00794,2024,7,July,1,2,0,1
C00794,2024,11,November,3,2,0,1
C00794,2025,2,February,4,5,0,1
C00794,2025,9,September,7,6,0,1
C00796,2024,9,September,1,2,0,1
C00796,2025,2,February,3,3,0,1
C00796,2025,6,June,4,3,0,1
C00796,2025,8,August,5,4,0,1
C00797,2025,5,May,1,1,1,0
C00797,2025,12,December,2,2,0,1
C00798,2025,4,April,1,1,1,0
C00799,2024,8,August,1,1,1,0
C00799,2025,3,March,2,1,0,0
C00799,2025,5,May,3,2,0,1
C00800,2024,7,July,1,1,1,0
C00800,2024,9,September,2,2,0,1
C00800,2024,10,October,3,3,0,1
C00800,2024,12,December,4,4,0,1
C00800,2025,2,February,5,4,0,1
C00800,2025,7,July,6,6,0,1
C00800,2025,11,November,9,7,0,1
C00801,2024,7,July,1,0,1,0
C00801,2024,8,August,2,1,0,0
C00801,2025,3,March,3,2,0,1
C00801,2025,6,June,4,4,0,1
C00802,2025,8,August,1,1,1,0
C00802,2025,9,September,2,2,0,1
C00803,2025,3,March,1,1,1,0
C00804,2024,9,September,1,1,1,0
C00804,2024,12,December,2,2,0,1
C00804,2025,1,January,3,3,0,1
C00804,2025,9,September,4,4,0,1
C00805,2025,3,March,1,1,1,0
C00805,2025,8,August,2,1,0,0
C00806,2024,11,November,1,1,1,0
C00806,2025,2,February,2,2,0,1
C00806,2025,7,July,3,3,0,1
C00807,2024,11,November,1,1,1,0
C00807,2024,12,December,3,2,0,1
C00807,2025,2,February,4,3,0,1
C00807,2025,4,April,5,6,0,1
C00807,2025,5,May,8,7,0,1
C00807,2025,8,August,9,8,0,1
C00807,2025,10,October,10,9,0,1
C00807,2025,11,November,11,9,0,1
C00808,2024,7,July,1,1,1,0
C00808,2024,9,September,2,2,0,1
C00808,2025,4,April,3,3,0,1
C00809,2024,8,August,1,1,1,0
C00809,2024,9,September,2,2,0,1
C00809,2024,11,November,3,4,0,1
C00809,2025,8,August,5,5,0,1
C00809,2025,12,December,6,6,0,1
C00810,2024,8,August,1,0,1,0
C00810,2024,10,October,2,0,0,0
C00810,2025,1,January,3,0,0,0
C00812,2024,8,August,1,0,1,0
C00812,2025,1,January,2,2,0,1
C00812,2025,2,February,4,3,0,1
C00812,2025,4,April,5,4,0,1
C00812,2025,5,May,6,5,0,1
C00812,2025,6,June,7,6,0,1
C00812,2025,12,December,8,7,0,1
C00813,2024,12,December,1,1,1,0
C00813,2025,7,July,2,2,0,1
C00813,2025,8,August,3,3,0,1
C00814,2024,9,September,1,1,1,0
C00814,2025,2,February,2,3,0,1
C00814,2025,9,September,4,4,0,1
C00815,2024,7,July,1,1,1,0
C00815,2024,12,December,2,2,0,1
C00815,2025,3,March,3,2,0,1
C00815,2025,5,May,4,3,0,1
C00815,2025,6,June,5,4,0,1
C00815,2025,10,October,6,5,0,1
C00816,2024,10,October,1,1,1,0
C00816,2025,8,August,2,1,0,0
C00817,2024,7,July,1,1,1,0
C00817,2024,8,August,2,3,0,1
C00817,2024,9,September,4,4,0,1
C00817,2024,10,October,5,7,0,1
C00817,2025,2,February,8,7,0,1
C00817,2025,5,May,9,8,0,1
C00817,2025,6,June,10,9,0,1
C00817,2025,9,September,11,10,0,1
C00817,2025,10,October,12,10,0,1
C00817,2025,11,November,13,11,0,1
C00819,2024,9,September,1,1,1,0
C00819,2025,1,January,2,3,0,1
C00819,2025,8,August,4,4,0,1
C00820,2025,1,January,1,1,1,0
C00820,2025,6,June,2,2,0,1
C00821,2024,9,September,1,1,1,0
C00821,2024,11,November,2,2,0,1
C00821,2025,4,April,3,3,0,1
C00821,2025,8,August,4,4,0,1
C00821,2025,9,September,5,6,0,1
C00823,2024,8,August,1,1,1,0
C00823,2025,2,February,2,1,0,0
C00823,2025,4,April,3,3,0,1
C00824,2024,7,July,1,1,1,0
C00824,2024,9,September,2,2,0,1
C00824,2025,1,January,4,3,0,1
C00824,2025,10,October,5,4,0,1
C00825,2025,1,January,1,1,1,0
C00825,2025,4,April,2,2,0,1
C00826,2024,8,August,1,1,1,0
C00826,2025,1,January,2,2,0,1
C00826,2025,8,August,3,3,0,1
C00827,2024,7,July,1,1,1,0
C00827,2025,9,September,2,2,0,1
C00828,2024,9,September,1,1,1,0
C00828,2024,12,December,2,2,0,1
C00828,2025,2,February,3,3,0,1
C00828,2025,11,November,4,4,0,1
C00829,2025,9,September,1,1,1,0
C00830,2025,2,February,1,1,1,0
C00830,2025,8,August,2,1,0,0
C00831,2024,7,July,1,2,0,1
C00831,2024,8,August,3,3,0,1
C00831,2024,12,December,4,4,0,1
C00831,2025,2,February,5,5,0,1
C00831,2025,7,July,6,6,0,1
C00831,2025,11,November,7,7,0,1
C00832,2025,6,June,1,1,1,0
C00832,2025,8,August,2,2,0,1
C00833,2024,7,July,1,1,1,0
C00833,2024,9,September,2,3,0,1
C00833,2024,12,December,4,4,0,1
C00833,2025,3,March,5,5,0,1
C00833,2025,7,July,6,6,0,1
C00833,2025,8,August,7,9,0,1
C00833,2025,9,September,10,10,0,1
C00833,2025,11,November,11,10,0,1
C00833,2025,12,December,12,11,0,1
C00834,2024,12,December,1,1,1,0
C00834,2025,2,February,2,3,0,1
C00834,2025,10,October,4,4,0,1
C00835,2025,11,November,1,0,1,0
C00835,2025,12,December,2,1,0,0
C00836,2024,7,July,1,1,1,0
C00836,2024,10,October,2,2,0,1
C00836,2025,1,January,3,3,0,1
C00836,2025,6,June,4,4,0,1
C00836,2025,10,October,5,4,0,1
C00836,2025,12,December,6,5,0,1
C00837,2025,2,February,1,1,1,0
C00838,2024,7,July,1,0,1,0
C00838,2025,2,February,2,0,0,0
C00838,2025,3,March,3,1,0,0
C00838,2025,4,April,4,2,0,1
C00838,2025,8,August,5,3,0,1
C00838,2025,12,December,6,4,0,1
C00839,2025,5,May,1,1,1,0
C00839,2025,8,August,2,2,0,1
C00839,2025,10,October,3,3,0,1
C00840,2024,7,July,1,2,0,1
C00840,2024,9,September,3,4,0,1
C00841,2025,2,February,1,2,0,1
C00841,2025,9,September,3,3,0,1
C00842,2024,9,September,1,1,1,0
C00842,2025,5,May,2,2,0,1
C00842,2025,6,June,3,2,0,1
C00842,2025,10,October,4,3,0,1
C00842,2025,12,December,5,4,0,1
C00843,2025,1,January,1,1,1,0
C00843,2025,4,April,2,1,0,0
C00843,2025,7,July,3,2,0,1
C00843,2025,8,August,4,3,0,1
C00843,2025,11,November,5,4,0,1
C00844,2024,12,December,1,1,1,0
C00844,2025,6,June,2,2,0,1
C00844,2025,11,November,3,3,0,1
C00845,2024,7,July,1,1,1,0
C00845,2024,11,November,2,2,0,1
C00846,2025,1,January,1,1,1,0
C00846,2025,11,November,2,1,0,0
C00847,2024,7,July,1,1,1,0
C00847,2024,8,August,2,2,0,1
C00847,2024,9,September,3,3,0,1
C00847,2025,1,January,4,4,0,1
C00847,2025,3,March,5,5,0,1
C00847,2025,5,May,6,5,0,1
C00847,2025,7,July,7,7,0,1
C00849,2024,12,December,1,1,1,0
C00849,2025,1,January,2,2,0,1
C00849,2025,4,April,3,4,0,1
C00849,2025,7,July,5,4,0,1
C00849,2025,8,August,6,4,0,1
C00849,2025,9,September,7,5,0,1
C00849,2025,11,November,8,6,0,1
C00850,2024,8,August,1,1,1,0
C00850,2024,10,October,2,1,0,0
C00850,2025,4,April,3,2,0,1
C00851,2024,7,July,1,1,1,0
C00851,2024,9,September,2,2,0,1
C00851,2025,6,June,3,3,0,1
C00852,2024,9,September,1,1,1,0
C00852,2025,1,January,2,2,0,1
C00852,2025,8,August,3,2,0,1
C00852,2025,12,December,4,3,0,1
C00853,2025,9,September,1,1,1,0
C00853,2025,10,October,2,2,0,1
C00853,2025,11,November,3,3,0,1
C00854,2025,2,February,1,1,1,0
C00854,2025,10,October,2,2,0,1
C00855,2025,8,August,1,1,1,0
C00855,2025,12,December,2,2,0,1
C00856,2024,11,November,1,1,1,0
C00856,2024,12,December,2,2,0,1
C00856,2025,6,June,3,2,0,1
C00857,2025,2,February,1,0,1,0
C00857,2025,5,May,2,1,0,0
C00857,2025,9,September,4,4,0,1
C00859,2024,9,September,1,2,0,1
C00859,2024,12,December,4,3,0,1
C00859,2025,2,February,5,4,0,1
C00859,2025,3,March,6,5,0,1
C00859,2025,5,May,7,6,0,1
C00859,2025,6,June,8,7,0,1
C00859,2025,8,August,9,8,0,1
C00859,2025,10,October,10,9,0,1
C00859,2025,11,November,11,10,0,1
C00860,2024,12,December,1,1,1,0
C00860,2025,1,January,2,2,0,1
C00860,2025,2,February,3,3,0,1
C00860,2025,3,March,4,4,0,1
C00860,2025,6,June,5,6,0,1
C00860,2025,7,July,7,7,0,1
C00860,2025,11,November,8,9,0,1
C00861,2024,8,August,1,3,0,1
C00861,2024,11,November,4,3,0,1
C00861,2025,1,January,5,4,0,1
C00861,2025,3,March,6,5,0,1
C00861,2025,9,September,7,6,0,1
C00862,2024,8,August,1,0,1,0
C00862,2024,10,October,2,1,0,0
C00862,2025,3,March,3,2,0,1
C00862,2025,4,April,4,3,0,1
C00862,2025,5,May,5,3,0,1
C00863,2024,7,July,1,0,1,0
C00863,2024,11,November,2,0,0,0
C00863,2024,12,December,3,1,0,0
C00863,2025,3,March,4,2,0,1
C00864,2025,1,January,1,1,1,0
C00864,2025,2,February,2,2,0,1
C00864,2025,7,July,3,3,0,1
C00865,2024,8,August,1,0,1,0
C00865,2025,1,January,2,0,0,0
C00865,2025,2,February,3,0,0,0
C00865,2025,11,November,4,1,0,0
C00866,2025,6,June,1,1,1,0
C00866,2025,10,October,2,2,0,1
C00866,2025,11,November,3,3,0,1
C00867,2025,7,July,1,1,1,0
C00867,2025,8,August,2,1,0,0
C00867,2025,10,October,3,2,0,1
C00867,2025,12,December,4,2,0,1
C00868,2024,9,September,1,2,0,1
C00868,2025,1,January,3,3,0,1
C00868,2025,4,April,4,4,0,1
C00868,2025,6,June,5,5,0,1
C00868,2025,7,July,6,6,0,1
C00868,2025,8,August,7,8,0,1
C00868,2025,10,October,9,9,0,1
C00868,2025,11,November,10,10,0,1
C00868,2025,12,December,11,12,0,1
C00869,2025,4,April,1,1,1,0
C00869,2025,11,November,2,2,0,1
C00870,2024,8,August,1,1,1,0
C00870,2024,9,September,2,2,0,1
C00870,2024,10,October,3,2,0,1
C00870,2025,4,April,4,3,0,1
C00870,2025,8,August,5,5,0,1
C00870,2025,9,September,7,7,0,1
C00871,2024,10,October,1,1,1,0
C00871,2025,2,February,2,2,0,1
C00872,2025,3,March,1,2,0,1
C00872,2025,8,August,3,2,0,1
C00872,2025,9,September,4,2,0,1
C00873,2024,7,July,1,0,1,0
C00873,2024,8,August,2,1,0,0
C00873,2024,10,October,4,2,0,1
C00873,2024,11,November,6,4,0,1
C00873,2025,1,January,8,6,0,1
C00873,2025,2,February,10,8,0,1
C00873,2025,4,April,13,9,0,1
C00874,2024,8,August,1,1,1,0
C00874,2024,10,October,2,3,0,1
C00874,2024,11,November,4,4,0,1
C00874,2025,1,January,5,5,0,1
C00874,2025,2,February,6,6,0,1
C00874,2025,10,October,8,6,0,1
C00875,2025,11,November,1,1,1,0
C00876,2024,7,July,1,0,1,0
C00876,2024,9,September,2,1,0,0
C00876,2024,10,October,3,1,0,0
C00876,2024,12,December,4,1,0,0
C00876,2025,5,May,5,2,0,1
C00876,2025,9,September,6,3,0,1
C00877,2025,3,March,1,1,1,0
C00877,2025,10,October,2,2,0,1
C00878,2024,10,October,1,1,1,0
C00878,2024,11,November,2,2,0,1
C00878,2025,5,May,3,3,0,1
C00879,2025,7,July,1,1,1,0
C00879,2025,8,August,2,2,0,1
C00879,2025,11,November,3,3,0,1
C00879,2025,12,December,4,4,0,1
C00880,2025,5,May,1,0,1,0
C00880,2025,6,June,2,1,0,0
C00880,2025,7,July,3,2,0,1
C00880,2025,11,November,4,3,0,1
C00881,2024,7,July,1,2,0,1
C00881,2024,10,October,3,3,0,1
C00881,2025,7,July,4,3,0,1
C00881,2025,8,August,5,4,0,1
C00882,2024,7,July,1,1,1,0
C00883,2025,1,January,1,1,1,0
C00883,2025,6,June,2,2,0,1
C00883,2025,7,July,3,3,0,1
C00883,2025,11,November,4,4,0,1
C00884,2025,1,January,1,1,1,0
C00884,2025,2,February,2,2,0,1
C00884,2025,4,April,3,3,0,1
C00884,2025,5,May,4,3,0,1
C00885,2024,7,July,1,0,1,0
C00885,2024,9,September,2,1,0,0
C00885,2025,3,March,4,2,0,1
C00885,2025,8,August,5,3,0,1
C00886,2024,10,October,1,2,0,1
C00886,2025,1,January,3,3,0,1
C00887,2024,8,August,1,2,0,1
C00887,2025,5,May,3,3,0,1
C00887,2025,7,July,4,4,0,1
C00887,2025,8,August,5,6,0,1
C00889,2024,9,September,1,1,1,0
C00889,2024,10,October,2,2,0,1
C00889,2025,4,April,3,3,0,1
C00889,2025,7,July,5,4,0,1
C00889,2025,9,September,6,4,0,1
C00890,2025,4,April,1,1,1,0
C00891,2024,8,August,1,1,1,0
C00891,2024,12,December,2,3,0,1
C00891,2025,1,January,4,3,0,1
C00891,2025,4,April,5,3,0,1
C00891,2025,8,August,6,4,0,1
C00891,2025,11,November,7,5,0,1
C00892,2025,7,July,1,1,1,0
C00892,2025,11,November,2,2,0,1
C00893,2024,7,July,1,1,1,0
C00893,2024,9,September,2,1,0,0
C00893,2025,3,March,3,2,0,1
C00893,2025,4,April,4,3,0,1
C00893,2025,12,December,5,5,0,1
C00894,2024,12,December,1,1,1,0
C00894,2025,8,August,2,2,0,1
C00894,2025,9,September,3,2,0,1
C00895,2024,12,December,1,1,1,0
C00896,2024,7,July,1,1,1,0
C00896,2024,8,August,2,2,0,1
C00896,2024,12,December,3,3,0,1
C00896,2025,2,February,4,4,0,1
C00896,2025,10,October,5,5,0,1
C00896,2025,11,November,6,6,0,1
C00897,2025,2,February,1,1,1,0
C00897,2025,3,March,2,1,0,0
C00898,2024,7,July,1,1,1,0
C00898,2024,9,September,2,3,0,1
C00898,2025,2,February,4,4,0,1
C00898,2025,7,July,5,5,0,1
C00898,2025,12,December,6,6,0,1
C00899,2024,9,September,1,1,1,0
C00899,2024,12,December,2,2,0,1
C00899,2025,10,October,3,3,0,1
C00900,2025,1,January,1,1,1,0
C00901,2025,6,June,1,1,1,0
C00901,2025,7,July,2,2,0,1
C00902,2024,11,November,1,1,1,0
C00902,2025,9,September,2,2,0,1
C00903,2024,7,July,1,0,1,0
C00903,2024,8,August,2,1,0,0
C00903,2024,10,October,4,3,0,1
C00903,2025,1,January,6,4,0,1
C00903,2025,2,February,7,5,0,1
C00903,2025,4,April,8,6,0,1
C00903,2025,5,May,9,7,0,1
C00903,2025,7,July,10,8,0,1
C00903,2025,11,November,11,8,0,1
C00904,2024,10,October,1,1,1,0
C00904,2024,11,November,2,2,0,1
C00904,2025,4,April,3,3,0,1
C00904,2025,5,May,4,4,0,1
C00904,2025,12,December,5,5,0,1
C00905,2024,7,July,1,0,1,0
C00905,2025,6,June,2,1,0,0
C00905,2025,12,December,3,2,0,1
C00906,2024,7,July,1,1,1,0
C00906,2024,11,November,2,2,0,1
C00906,2024,12,December,3,4,0,1
C00906,2025,7,July,5,4,0,1
C00906,2025,10,October,6,5,0,1
C00907,2024,7,July,1,1,1,0
C00907,2024,8,August,2,2,0,1
C00907,2024,9,September,3,3,0,1
C00907,2025,1,January,4,4,0,1
C00907,2025,4,April,5,5,0,1
C00907,2025,5,May,6,6,0,1
C00907,2025,6,June,7,7,0,1
C00908,2024,11,November,1,1,1,0
C00908,2025,1,January,2,2,0,1
C00908,2025,4,April,3,3,0,1
C00908,2025,10,October,4,4,0,1
C00909,2024,12,December,1,1,1,0
C00910,2024,12,December,1,1,1,0
C00910,2025,5,May,2,2,0,1
C00910,2025,6,June,3,3,0,1
C00910,2025,10,October,4,4,0,1
C00911,2024,10,October,1,1,1,0
C00911,2025,4,April,2,1,0,0
C00911,2025,7,July,3,2,0,1
C00912,2025,3,March,1,0,1,0
C00913,2024,8,August,1,0,1,0
C00913,2025,10,October,2,1,0,0
C00914,2024,7,July,1,1,1,0
C00914,2025,2,February,2,1,0,0
C00914,2025,5,May,3,1,0,0
C00914,2025,9,September,4,2,0,1
C00915,2025,6,June,1,1,1,0
C00915,2025,8,August,2,2,0,1
C00916,2024,7,July,1,1,1,0
C00916,2024,11,November,2,2,0,1
C00916,2025,2,February,3,3,0,1
C00916,2025,5,May,4,4,0,1
C00916,2025,6,June,5,5,0,1
C00916,2025,7,July,6,5,0,1
C00916,2025,9,September,7,6,0,1
C00916,2025,10,October,8,7,0,1
C00916,2025,12,December,9,8,0,1
C00917,2024,11,November,1,1,1,0
C00917,2025,5,May,2,2,0,1
C00917,2025,12,December,3,3,0,1
C00918,2025,4,April,1,1,1,0
C00918,2025,6,June,2,2,0,1
C00918,2025,10,October,3,3,0,1
C00919,2024,8,August,1,2,0,1
C00919,2024,12,December,4,4,0,1
C00919,2025,6,June,6,5,0,1
C00919,2025,9,September,7,6,0,1
C00919,2025,10,October,8,7,0,1
C00920,2025,6,June,1,1,1,0
C00920,2025,7,July,2,2,0,1
C00920,2025,9,September,3,4,0,1
C00920,2025,11,November,5,5,0,1
C00921,2024,8,August,1,0,1,0
C00921,2024,9,September,2,1,0,0
C00921,2025,9,September,3,2,0,1
C00922,2024,12,December,1,1,1,0
C00922,2025,4,April,2,2,0,1
C00922,2025,5,May,3,3,0,1
C00922,2025,12,December,4,3,0,1
C00923,2025,9,September,1,1,1,0
C00923,2025,10,October,2,1,0,0
C00924,2024,11,November,1,1,1,0
C00924,2025,1,January,2,2,0,1
C00924,2025,4,April,3,4,0,1
C00924,2025,5,May,5,5,0,1
C00924,2025,6,June,6,6,0,1
C00925,2024,7,July,1,1,1,0
C00925,2025,2,February,2,1,0,0
C00926,2024,7,July,1,1,1,0
C00926,2025,11,November,2,2,0,1
C00927,2025,10,October,1,1,1,0
C00929,2024,10,October,1,1,1,0
C00929,2025,1,January,2,1,0,0
C00929,2025,3,March,3,2,0,1
C00929,2025,9,September,4,3,0,1
C00930,2024,8,August,1,1,1,0
C00930,2024,9,September,2,2,0,1
C00930,2025,1,January,3,3,0,1
C00930,2025,5,May,4,4,0,1
C00930,2025,8,August,6,5,0,1
C00931,2025,3,March,1,1,1,0
C00931,2025,5,May,2,1,0,0
C00931,2025,8,August,3,2,0,1
C00931,2025,12,December,4,3,0,1
C00932,2025,1,January,1,1,1,0
C00932,2025,12,December,2,2,0,1
C00933,2025,1,January,1,2,0,1
C00933,2025,5,May,3,3,0,1
C00934,2024,8,August,1,0,1,0
C00935,2024,8,August,1,1,1,0
C00935,2024,11,November,2,3,0,1
C00935,2025,2,February,4,4,0,1
C00935,2025,9,September,5,5,0,1
C00936,2024,8,August,1,1,1,0
C00936,2024,11,November,2,1,0,0
C00936,2024,12,December,3,2,0,1
C00937,2025,1,January,1,1,1,0
C00937,2025,5,May,2,2,0,1
C00937,2025,10,October,3,4,0,1
C00937,2025,11,November,5,5,0,1
C00938,2024,8,August,1,0,1,0
C00938,2024,12,December,2,1,0,0
C00938,2025,1,January,3,2,0,1
C00939,2025,10,October,1,1,1,0
C00940,2024,9,September,1,1,1,0
C00940,2025,7,July,3,2,0,1
C00940,2025,10,October,4,3,0,1
C00940,2025,12,December,5,4,0,1
C00941,2024,12,December,1,1,1,0
C00941,2025,6,June,2,2,0,1
C00942,2024,8,August,1,1,1,0
C00942,2024,10,October,2,2,0,1
C00942,2025,8,August,3,3,0,1
C00942,2025,11,November,4,3,0,1
C00943,2024,7,July,1,0,1,0
C00943,2024,12,December,2,1,0,0
C00943,2025,1,January,3,2,0,1
C00943,2025,3,March,4,4,0,1
C00943,2025,7,July,6,5,0,1
C00943,2025,8,August,7,6,0,1
C00943,2025,9,September,8,8,0,1
C00943,2025,11,November,10,10,0,1
C00943,2025,12,December,12,11,0,1
C00944,2024,8,August,1,1,1,0
C00944,2024,10,October,2,2,0,1
C00944,2024,11,November,3,3,0,1
C00944,2025,1,January,4,3,0,1
C00944,2025,3,March,5,3,0,1
C00944,2025,7,July,6,3,0,1
C00944,2025,9,September,7,4,0,1
C00944,2025,10,October,8,5,0,1
C00945,2024,7,July,1,1,1,0
C00945,2024,8,August,2,3,0,1
C00945,2025,8,August,4,4,0,1
C00945,2025,10,October,5,5,0,1
C00946,2024,10,October,1,2,0,1
C00946,2024,12,December,3,3,0,1
C00946,2025,2,February,4,4,0,1
C00946,2025,6,June,5,5,0,1
C00946,2025,9,September,6,6,0,1
C00946,2025,11,November,7,7,0,1
C00947,2024,7,July,1,1,1,0
C00947,2024,9,September,2,1,0,0
C00947,2024,12,December,3,2,0,1
C00947,2025,12,December,4,3,0,1
C00948,2024,8,August,1,1,1,0
C00948,2024,11,November,2,2,0,1
C00948,2025,4,April,3,3,0,1
C00948,2025,6,June,4,4,0,1
C00948,2025,8,August,5,4,0,1
C00948,2025,9,September,6,5,0,1
C00948,2025,12,December,7,6,0,1
C00949,2025,5,May,1,1,1,0
C00950,2025,3,March,1,0,1,0
C00951,2024,8,August,1,2,0,1
C00951,2025,1,January,3,5,0,1
C00951,2025,10,October,6,5,0,1
C00952,2024,9,September,1,1,1,0
C00952,2024,11,November,2,2,0,1
C00952,2024,12,December,3,2,0,1
C00952,2025,6,June,4,3,0,1
C00952,2025,8,August,5,3,0,1
C00953,2024,11,November,1,1,1,0
C00953,2024,12,December,2,2,0,1
C00953,2025,2,February,3,3,0,1
C00954,2025,2,February,1,0,1,0
C00955,2024,10,October,1,1,1,0
C00955,2024,12,December,2,2,0,1
C00956,2025,12,December,1,2,0,1
C00958,2024,8,August,1,0,1,0
C00958,2024,9,September,2,1,0,0
C00958,2024,11,November,3,2,0,1
C00958,2025,2,February,4,4,0,1
C00958,2025,3,March,6,5,0,1
C00958,2025,6,June,7,6,0,1
C00958,2025,11,November,8,8,0,1
C00959,2024,9,September,1,1,1,0
C00959,2024,10,October,2,2,0,1
C00959,2025,1,January,3,3,0,1
C00959,2025,3,March,4,4,0,1
C00959,2025,6,June,6,5,0,1
C00959,2025,9,September,7,6,0,1
C00959,2025,12,December,8,7,0,1
C00960,2024,11,November,1,1,1,0
C00960,2025,3,March,2,2,0,1
C00960,2025,8,August,3,3,0,1
C00960,2025,9,September,5,3,0,1
C00960,2025,12,December,6,5,0,1
C00961,2024,11,November,1,2,0,1
C00961,2025,1,January,3,3,0,1
C00961,2025,3,March,5,4,0,1
C00961,2025,5,May,6,5,0,1
C00962,2024,11,November,1,0,1,0
C00962,2025,1,January,2,2,0,1
C00962,2025,6,June,4,3,0,1
C00963,2024,11,November,1,2,0,1
C00963,2025,1,January,3,2,0,1
C00963,2025,7,July,4,3,0,1
C00964,2025,1,January,1,0,1,0
C00964,2025,2,February,2,1,0,0
C00965,2024,12,December,1,1,1,0
C00965,2025,11,November,2,1,0,0
C00966,2024,7,July,1,1,1,0
C00966,2025,2,February,2,2,0,1
C00967,2024,9,September,1,1,1,0
C00967,2025,2,February,2,2,0,1
C00967,2025,7,July,3,3,0,1
C00967,2025,8,August,4,4,0,1
C00967,2025,9,September,5,4,0,1
C00967,2025,11,November,6,6,0,1
C00968,2024,9,September,1,1,1,0
C00968,2025,1,January,2,2,0,1
C00968,2025,6,June,3,4,0,1
C00968,2025,7,July,6,5,0,1
C00968,2025,10,October,7,6,0,1
C00969,2025,11,November,1,1,1,0
C00969,2025,12,December,2,1,0,0
C00970,2024,9,September,1,1,1,0
C00970,2024,10,October,2,2,0,1
C00970,2024,12,December,4,4,0,1
C00970,2025,7,July,6,5,0,1
C00971,2024,9,September,1,1,1,0
C00971,2025,6,June,2,2,0,1
C00971,2025,7,July,4,3,0,1
C00971,2025,8,August,5,4,0,1
C00971,2025,9,September,6,5,0,1
C00971,2025,10,October,7,7,0,1
C00971,2025,11,November,9,8,0,1
C00972,2024,7,July,1,1,1,0
C00972,2024,8,August,2,2,0,1
C00972,2024,9,September,4,3,0,1
C00972,2024,11,November,5,4,0,1
C00972,2024,12,December,6,5,0,1
C00972,2025,2,February,7,6,0,1
C00972,2025,3,March,8,7,0,1
C00972,2025,5,May,9,10,0,1
C00972,2025,6,June,12,11,0,1
C00972,2025,9,September,13,12,0,1
C00973,2024,8,August,1,1,1,0
C00973,2025,8,August,3,2,0,1
C00973,2025,9,September,4,3,0,1
C00974,2025,3,March,1,1,1,0
C00974,2025,9,September,2,1,0,0
C00975,2024,9,September,1,1,1,0
C00975,2024,10,October,2,2,0,1
C00975,2025,2,February,3,3,0,1
C00975,2025,7,July,4,4,0,1
C00976,2024,7,July,1,1,1,0
C00976,2024,8,August,2,2,0,1
C00976,2024,9,September,3,4,0,1
C00976,2024,10,October,5,5,0,1
C00976,2024,11,November,6,6,0,1
C00976,2024,12,December,7,7,0,1
C00976,2025,1,January,8,8,0,1
C00976,2025,5,May,9,9,0,1
C00976,2025,6,June,10,10,0,1
C00976,2025,7,July,11,10,0,1
C00976,2025,8,August,12,11,0,1
C00976,2025,9,September,13,12,0,1
C00976,2025,10,October,14,13,0,1
C00976,2025,11,November,15,15,0,1
C00977,2024,11,November,1,1,1,0
C00977,2024,12,December,2,2,0,1
C00977,2025,1,January,3,3,0,1
C00977,2025,3,March,4,5,0,1
C00978,2024,8,August,1,1,1,0
C00978,2024,10,October,2,2,0,1
C00978,2025,7,July,3,3,0,1
C00978,2025,10,October,4,3,0,1
C00978,2025,11,November,5,4,0,1
C00978,2025,12,December,6,5,0,1
C00979,2024,9,September,1,1,1,0
C00979,2024,11,November,2,2,0,1
C00979,2024,12,December,3,4,0,1
C00979,2025,8,August,5,4,0,1
C00979,2025,10,October,6,5,0,1
C00979,2025,12,December,7,7,0,1
C00980,2024,8,August,1,0,1,0
C00980,2024,11,November,2,1,0,0
C00981,2024,12,December,1,1,1,0
C00981,2025,2,February,2,1,0,0
C00982,2025,8,August,1,1,1,0
C00983,2025,5,May,1,1,1,0
C00984,2024,8,August,1,2,0,1
C00984,2024,10,October,3,2,0,1
C00984,2025,3,March,5,3,0,1
C00984,2025,4,April,6,4,0,1
C00984,2025,5,May,7,5,0,1
C00984,2025,7,July,8,6,0,1
C00984,2025,8,August,9,7,0,1
C00984,2025,10,October,10,7,0,1
C00984,2025,12,December,11,8,0,1
C00985,2024,9,September,1,1,1,0
C00985,2024,12,December,2,2,0,1
C00985,2025,8,August,3,3,0,1
C00985,2025,10,October,4,5,0,1
C00986,2024,10,October,1,1,1,0
C00986,2025,1,January,2,2,0,1
C00986,2025,4,April,3,3,0,1
C00986,2025,12,December,4,4,0,1
C00987,2024,7,July,1,1,1,0
C00987,2024,8,August,2,2,0,1
C00987,2025,1,January,3,2,0,1
C00987,2025,6,June,4,3,0,1
C00988,2025,5,May,1,1,1,0
C00989,2025,4,April,1,0,1,0
C00989,2025,7,July,2,2,0,1
C00989,2025,8,August,4,4,0,1
C00989,2025,9,September,6,5,0,1
C00990,2024,7,July,1,1,1,0
C00990,2024,9,September,2,2,0,1
C00990,2025,2,February,3,3,0,1
C00991,2024,7,July,1,1,1,0
C00991,2024,9,September,2,2,0,1
C00991,2024,11,November,3,4,0,1
C00991,2025,3,March,5,5,0,1
C00991,2025,6,June,6,5,0,1
C00991,2025,9,September,7,6,0,1
C00991,2025,12,December,8,7,0,1
C00992,2024,10,October,1,1,1,0
C00992,2025,6,June,2,2,0,1
C00993,2024,8,August,1,1,1,0
C00993,2024,9,September,2,2,0,1
C00994,2024,7,July,1,1,1,0
C00994,2024,11,November,2,1,0,0
C00994,2025,1,January,3,2,0,1
C00994,2025,4,April,4,2,0,1
C00994,2025,5,May,5,2,0,1
C00994,2025,8,August,6,3,0,1
C00994,2025,10,October,7,5,0,1
C00994,2025,11,November,9,5,0,1
C00995,2024,8,August,1,1,1,0
C00995,2025,5,May,2,1,0,0
C00997,2024,10,October,1,2,0,1
C00997,2025,2,February,3,3,0,1
C00997,2025,4,April,4,4,0,1
C00997,2025,5,May,5,6,0,1
C00998,2025,3,March,1,1,1,0
C00998,2025,8,August,2,2,0,1
C00998,2025,9,September,3,3,0,1
C01000,2024,9,September,1,1,1,0
C01000,2025,4,April,2,1,0,0
C01000,2025,10,October,3,3,0,1
C01000,2025,11,November,5,4,0,1
C01000,2025,12,December,6,5,0,1
C01001,2024,11,November,1,1,1,0
C01001,2025,1,January,2,2,0,1
C01001,2025,11,November,3,3,0,1
C01002,2024,7,July,1,1,1,0
C01002,2025,2,February,3,3,0,1
C01002,2025,8,August,5,4,0,1
C01004,2024,8,August,1,1,1,0
C01004,2025,1,January,2,2,0,1
C01004,2025,4,April,3,3,0,1
C01004,2025,6,June,4,5,0,1
C01005,2024,8,August,1,1,1,0
C01005,2024,9,September,2,2,0,1
C01005,2024,12,December,3,2,0,1
C01005,2025,9,September,4,3,0,1
C01005,2025,10,October,5,5,0,1
C01005,2025,11,November,7,6,0,1
C01006,2024,7,July,1,1,1,0
C01006,2024,11,November,2,1,0,0
C01006,2025,7,July,3,2,0,1
C01007,2025,7,July,1,1,1,0
C01007,2025,8,August,2,1,0,0
C01007,2025,11,November,3,2,0,1
C01008,2024,8,August,1,1,1,0
C01008,2024,11,November,2,2,0,1
C01008,2025,3,March,4,3,0,1
C01008,2025,4,April,5,4,0,1
C01008,2025,6,June,6,5,0,1
C01008,2025,7,July,7,6,0,1
C01008,2025,11,November,8,7,0,1
C01008,2025,12,December,9,8,0,1
C01009,2025,10,October,1,1,1,0
C01010,2025,4,April,1,1,1,0
C01011,2024,8,August,1,1,1,0
C01011,2025,8,August,2,2,0,1
C01012,2024,7,July,1,0,1,0
C01012,2024,8,August,2,1,0,0
C01012,2024,9,September,3,2,0,1
C01012,2024,11,November,4,4,0,1
C01012,2025,4,April,6,5,0,1
C01012,2025,8,August,7,6,0,1
C01013,2024,12,December,1,1,1,0
C01013,2025,1,January,2,3,0,1
C01013,2025,2,February,4,4,0,1
C01013,2025,8,August,6,5,0,1
C01014,2024,8,August,1,1,1,0
C01014,2024,12,December,2,2,0,1
C01014,2025,5,May,3,3,0,1
C01015,2024,8,August,1,1,1,0
C01015,2024,11,November,2,2,0,1
C01015,2024,12,December,3,3,0,1
C01015,2025,3,March,4,4,0,1
C01015,2025,6,June,6,5,0,1
C01016,2024,11,November,1,1,1,0
C01016,2025,1,January,2,2,0,1
C01016,2025,3,March,3,3,0,1
C01016,2025,5,May,4,4,0,1
C01017,2024,10,October,1,2,0,1
C01017,2024,12,December,3,3,0,1
C01017,2025,6,June,4,4,0,1
C01017,2025,7,July,5,5,0,1
C01018,2024,7,July,1,2,0,1
C01018,2024,8,August,3,2,0,1
C01018,2024,12,December,4,3,0,1
C01018,2025,4,April,5,4,0,1
C01018,2025,5,May,6,5,0,1
C01018,2025,6,June,7,6,0,1
C01018,2025,8,August,8,7,0,1
C01018,2025,9,September,9,7,0,1
C01019,2025,7,July,1,1,1,0
C01019,2025,8,August,2,2,0,1
C01019,2025,10,October,3,3,0,1
C01019,2025,12,December,4,4,0,1
C01020,2024,11,November,1,1,1,0
C01020,2025,2,February,2,2,0,1
C01021,2024,10,October,1,1,1,0
C01021,2025,5,May,2,2,0,1
C01021,2025,10,October,3,2,0,1
C01021,2025,12,December,4,3,0,1
C01022,2024,12,December,1,0,1,0
C01023,2024,12,December,1,1,1,0
C01023,2025,2,February,2,2,0,1
C01023,2025,7,July,3,3,0,1
C01023,2025,10,October,4,4,0,1
C01024,2024,8,August,1,0,1,0
C01024,2025,6,June,2,1,0,0
C01024,2025,8,August,3,2,0,1
C01025,2024,12,December,1,1,1,0
C01025,2025,4,April,2,1,0,0
C01025,2025,7,July,3,2,0,1
C01026,2025,3,March,1,1,1,0
C01026,2025,5,May,2,1,0,0
C01027,2024,12,December,1,0,1,0
C01027,2025,9,September,2,1,0,0
C01027,2025,12,December,3,2,0,1
C01028,2024,11,November,1,0,1,0
C01028,2025,6,June,2,1,0,0
C01028,2025,8,August,3,2,0,1
C01029,2024,7,July,1,1,1,0
C01029,2024,8,August,2,2,0,1
C01029,2024,9,September,3,3,0,1
C01029,2024,12,December,4,4,0,1
C01029,2025,1,January,5,5,0,1
C01029,2025,6,June,6,6,0,1
C01029,2025,11,November,7,6,0,1
C01030,2024,11,November,1,1,1,0
C01030,2025,4,April,2,2,0,1
C01030,2025,12,December,3,3,0,1
C01031,2025,7,July,1,1,1,0
C01032,2024,11,November,1,2,0,1
C01032,2025,1,January,3,3,0,1
C01032,2025,5,May,4,4,0,1
C01032,2025,6,June,6,6,0,1
C01032,2025,7,July,8,7,0,1
C01032,2025,11,November,9,8,0,1
C01033,2024,7,July,1,1,1,0
C01033,2024,8,August,2,2,0,1
C01033,2024,10,October,3,3,0,1
C01033,2024,12,December,4,3,0,1
C01033,2025,1,January,5,4,0,1
C01033,2025,4,April,6,5,0,1
C01033,2025,9,September,7,6,0,1
C01034,2025,7,July,1,1,1,0
C01035,2024,9,September,1,1,1,0
C01036,2024,7,July,1,1,1,0
C01036,2024,8,August,2,2,0,1
C01036,2024,10,October,3,3,0,1
C01036,2025,3,March,4,5,0,1
C01036,2025,4,April,6,6,0,1
C01036,2025,6,June,7,6,0,1
C01037,2025,1,January,1,1,1,0
C01038,2025,8,August,1,1,1,0
C01039,2024,8,August,1,1,1,0
C01040,2024,10,October,1,1,1,0
C01040,2025,6,June,2,2,0,1
C01040,2025,10,October,3,3,0,1
C01040,2025,12,December,4,4,0,1
C01041,2024,12,December,1,1,1,0
C01042,2025,3,March,1,1,1,0
C01042,2025,9,September,2,2,0,1
C01043,2024,11,November,1,1,1,0
C01043,2025,6,June,2,2,0,1
C01043,2025,9,September,3,3,0,1
C01043,2025,12,December,4,4,0,1
C01044,2025,2,February,1,1,1,0
C01044,2025,6,June,2,2,0,1
C01045,2024,8,August,1,1,1,0
C01045,2025,1,January,2,1,0,0
C01045,2025,5,May,3,2,0,1
C01045,2025,11,November,4,3,0,1
C01045,2025,12,December,5,4,0,1
C01046,2024,7,July,1,1,1,0
C01046,2024,8,August,2,2,0,1
C01046,2025,3,March,3,3,0,1
C01046,2025,6,June,5,4,0,1
C01046,2025,12,December,6,6,0,1
C01047,2024,7,July,1,1,1,0
C01047,2024,9,September,2,1,0,0
C01047,2025,1,January,3,3,0,1
C01047,2025,7,July,5,4,0,1
C01047,2025,8,August,6,5,0,1
C01048,2024,8,August,1,1,1,0
C01049,2024,7,July,1,1,1,0
C01049,2025,9,September,2,2,0,1
C01050,2024,12,December,1,1,1,0
C01050,2025,3,March,2,3,0,1
C01050,2025,11,November,4,4,0,1
C01051,2025,10,October,1,1,1,0
C01052,2024,11,November,1,1,1,0
C01052,2025,7,July,2,2,0,1
C01053,2024,12,December,1,1,1,0
C01053,2025,10,October,3,2,0,1
C01054,2024,9,September,1,1,1,0
C01054,2025,12,December,2,1,0,0
C01055,2025,10,October,1,1,1,0
C01057,2024,8,August,1,1,1,0
C01057,2024,9,September,2,1,0,0
C01057,2024,10,October,3,2,0,1
C01057,2025,8,August,4,2,0,1
C01058,2024,7,July,1,0,1,0
C01058,2024,12,December,2,1,0,0
C01058,2025,6,June,3,2,0,1
C01059,2024,7,July,1,0,1,0
C01059,2024,8,August,2,1,0,0
C01059,2024,9,September,3,1,0,0
C01059,2024,10,October,4,2,0,1
C01059,2025,5,May,5,3,0,1
C01059,2025,6,June,6,4,0,1
C01059,2025,11,November,7,6,0,1
C01060,2025,2,February,1,1,1,0
C01060,2025,5,May,2,2,0,1
C01060,2025,9,September,3,3,0,1
C01061,2024,12,December,1,0,1,0
C01061,2025,4,April,2,1,0,0
C01061,2025,7,July,3,1,0,0
C01061,2025,10,October,4,3,0,1
C01062,2024,10,October,1,1,1,0
C01062,2024,11,November,2,1,0,0
C01062,2025,1,January,3,2,0,1
C01062,2025,9,September,4,2,0,1
C01063,2025,8,August,1,1,1,0
C01063,2025,9,September,2,3,0,1
C01064,2024,8,August,1,1,1,0
C01064,2024,10,October,3,1,0,0
C01064,2024,11,November,4,2,0,1
C01064,2025,3,March,5,3,0,1
C01064,2025,6,June,6,6,0,1
C01064,2025,8,August,9,7,0,1
C01064,2025,10,October,10,8,0,1
C01064,2025,11,November,12,8,0,1
C01064,2025,12,December,13,8,0,1
C01065,2024,9,September,1,0,1,0
C01065,2024,11,November,2,1,0,0
C01065,2024,12,December,3,2,0,1
C01065,2025,5,May,4,3,0,1
C01065,2025,7,July,5,6,0,1
C01065,2025,8,August,8,8,0,1
C01065,2025,9,September,11,9,0,1
C01065,2025,10,October,12,10,0,1
C01065,2025,12,December,13,11,0,1
C01066,2024,9,September,1,1,1,0
C01066,2025,4,April,2,2,0,1
C01066,2025,8,August,3,3,0,1
C01066,2025,11,November,4,4,0,1
C01067,2024,7,July,1,1,1,0
C01067,2024,8,August,2,2,0,1
C01067,2024,10,October,3,4,0,1
C01067,2025,3,March,5,5,0,1
C01067,2025,4,April,6,6,0,1
C01067,2025,6,June,7,7,0,1
C01068,2024,9,September,1,2,0,1
C01069,2024,10,October,1,0,1,0
C01069,2025,1,January,2,1,0,0
C01069,2025,8,August,3,3,0,1
C01069,2025,10,October,5,4,0,1
C01070,2024,7,July,1,1,1,0
C01070,2024,11,November,2,2,0,1
C01070,2025,1,January,3,3,0,1
C01070,2025,3,March,4,4,0,1
C01070,2025,5,May,5,5,0,1
C01070,2025,7,July,6,6,0,1
C01070,2025,8,August,7,7,0,1
C01070,2025,12,December,8,8,0,1
C01071,2024,8,August,1,0,1,0
C01071,2024,10,October,2,2,0,1
C01071,2024,11,November,4,3,0,1
C01071,2025,4,April,5,4,0,1
C01071,2025,12,December,6,5,0,1
C01072,2024,9,September,1,0,1,0
C01072,2024,11,November,2,1,0,0
C01072,2025,4,April,3,2,0,1
C01072,2025,5,May,4,2,0,1
C01072,2025,7,July,5,3,0,1
C01073,2025,1,January,1,0,1,0
C01073,2025,11,November,2,1,0,0
C01074,2024,10,October,1,2,0,1
C01074,2025,12,December,3,3,0,1
C01075,2024,7,July,1,2,0,1
C01075,2024,10,October,3,3,0,1
C01075,2024,12,December,5,3,0,1
C01075,2025,3,March,6,4,0,1
C01075,2025,4,April,7,5,0,1
C01075,2025,6,June,8,5,0,1
C01075,2025,11,November,9,6,0,1
C01075,2025,12,December,10,7,0,1
C01076,2024,11,November,1,0,1,0
C01076,2025,5,May,2,1,0,0
C01077,2024,8,August,1,1,1,0
C01077,2024,9,September,2,1,0,0
C01077,2024,11,November,3,1,0,0
C01078,2025,2,February,1,1,1,0
C01078,2025,11,November,2,1,0,0
C01079,2025,1,January,1,1,1,0
C01079,2025,5,May,2,2,0,1
C01079,2025,12,December,4,6,0,1
C01080,2024,7,July,1,1,1,0
C01080,2024,12,December,2,1,0,0
C01080,2025,5,May,3,2,0,1
C01080,2025,7,July,4,3,0,1
C01080,2025,8,August,5,3,0,1
C01080,2025,10,October,6,4,0,1
C01081,2024,11,November,1,1,1,0
C01081,2025,5,May,2,2,0,1
C01083,2024,7,July,1,1,1,0
C01083,2024,10,October,2,2,0,1
C01083,2024,12,December,3,2,0,1
C01084,2024,10,October,1,1,1,0
C01084,2024,11,November,2,3,0,1
C01084,2024,12,December,4,4,0,1
C01084,2025,5,May,5,5,0,1
C01084,2025,8,August,6,6,0,1
C01085,2025,10,October,1,1,1,0
C01087,2025,5,May,1,1,1,0
C01087,2025,9,September,2,2,0,1
C01088,2024,8,August,1,1,1,0
C01088,2025,3,March,2,2,0,1
C01088,2025,4,April,3,4,0,1
C01088,2025,5,May,5,5,0,1
C01088,2025,8,August,6,6,0,1
C01088,2025,11,November,7,6,0,1
C01088,2025,12,December,8,7,0,1
C01089,2024,9,September,1,0,1,0
C01089,2025,2,February,2,1,0,0
C01089,2025,6,June,3,1,0,0
C01089,2025,7,July,4,2,0,1
C01089,2025,8,August,5,3,0,1
C01090,2024,7,July,1,1,1,0
C01090,2025,3,March,2,2,0,1
C01092,2024,8,August,1,1,1,0
C01092,2024,9,September,2,1,0,0
C01092,2025,1,January,3,2,0,1
C01092,2025,3,March,4,3,0,1
C01092,2025,4,April,5,5,0,1
C01092,2025,7,July,7,6,0,1
C01092,2025,12,December,8,7,0,1
C01093,2024,8,August,1,1,1,0
C01093,2024,11,November,2,1,0,0
C01093,2025,6,June,3,2,0,1
C01094,2024,8,August,1,1,1,0
C01094,2024,11,November,2,2,0,1
C01094,2025,6,June,3,3,0,1
C01095,2024,12,December,1,1,1,0
C01095,2025,3,March,2,2,0,1
C01095,2025,6,June,3,3,0,1
C01095,2025,10,October,4,4,0,1
C01096,2024,10,October,1,1,1,0
C01097,2024,11,November,1,1,1,0
C01097,2025,2,February,2,2,0,1
C01097,2025,3,March,3,2,0,1
C01098,2024,11,November,1,1,1,0
C01098,2025,12,December,2,2,0,1
C01099,2024,10,October,1,1,1,0
C01100,2024,7,July,1,1,1,0
C01101,2024,7,July,1,1,1,0
C01101,2025,5,May,2,2,0,1
C01102,2024,7,July,1,1,1,0
C01102,2024,9,September,3,2,0,1
C01102,2024,10,October,4,2,0,1
C01102,2024,11,November,5,3,0,1
C01102,2025,8,August,6,3,0,1
C01102,2025,12,December,7,4,0,1
C01103,2024,10,October,1,1,1,0
C01103,2025,2,February,2,2,0,1
C01103,2025,6,June,3,2,0,1
C01103,2025,9,September,4,3,0,1
C01103,2025,10,October,5,4,0,1
C01104,2025,1,January,1,1,1,0
C01104,2025,7,July,2,1,0,0
C01104,2025,11,November,3,2,0,1
C01106,2024,8,August,1,1,1,0
C01106,2024,10,October,2,2,0,1
C01106,2025,7,July,3,3,0,1
C01106,2025,12,December,4,4,0,1
C01107,2024,9,September,1,1,1,0
C01107,2025,8,August,2,3,0,1
C01108,2024,7,July,1,2,0,1
C01108,2024,10,October,3,3,0,1
C01109,2024,9,September,1,1,1,0
C01109,2025,3,March,2,2,0,1
C01109,2025,6,June,3,3,0,1
C01109,2025,11,November,4,3,0,1
C01110,2025,3,March,1,1,1,0
C01110,2025,4,April,2,2,0,1
C01110,2025,7,July,3,3,0,1
C01110,2025,10,October,4,4,0,1
C01111,2024,7,July,1,1,1,0
C01111,2024,10,October,2,2,0,1
C01111,2025,3,March,3,3,0,1
C01111,2025,6,June,4,4,0,1
C01111,2025,9,September,6,5,0,1
C01112,2024,8,August,1,1,1,0
C01112,2024,11,November,2,3,0,1
C01112,2024,12,December,4,4,0,1
C01112,2025,1,January,5,5,0,1
C01112,2025,5,May,6,6,0,1
C01112,2025,6,June,7,7,0,1
C01112,2025,9,September,8,8,0,1
C01113,2024,11,November,1,1,1,0
C01113,2025,3,March,2,2,0,1
C01113,2025,7,July,3,3,0,1
C01113,2025,8,August,4,4,0,1
C01114,2024,9,September,1,1,1,0
C01114,2025,1,January,2,2,0,1
C01114,2025,2,February,3,3,0,1
C01114,2025,7,July,4,4,0,1
C01116,2024,9,September,1,1,1,0
C01116,2024,12,December,2,2,0,1
C01117,2025,10,October,1,1,1,0
C01118,2024,7,July,1,1,1,0
C01118,2024,11,November,2,1,0,0
C01118,2025,3,March,3,2,0,1
C01118,2025,6,June,4,2,0,1
C01119,2024,9,September,1,1,1,0
C01119,2024,11,November,2,1,0,0
C01119,2025,2,February,3,1,0,0
C01120,2024,8,August,1,1,1,0
C01120,2025,2,February,2,2,0,1
C01120,2025,4,April,4,2,0,1
C01120,2025,9,September,5,3,0,1
C01121,2024,11,November,1,1,1,0
C01121,2025,5,May,2,1,0,0
C01121,2025,6,June,3,2,0,1
C01121,2025,7,July,4,3,0,1
C01121,2025,11,November,5,4,0,1
C01122,2025,1,January,1,1,1,0
C01123,2025,7,July,1,1,1,0
C01123,2025,12,December,2,2,0,1
C01124,2025,2,February,1,1,1,0
C01124,2025,6,June,3,2,0,1
C01124,2025,12,December,4,3,0,1
C01125,2024,7,July,1,1,1,0
C01125,2025,6,June,2,1,0,0
C01125,2025,8,August,3,2,0,1
C01126,2024,12,December,1,1,1,0
C01126,2025,11,November,2,2,0,1
C01129,2025,9,September,1,1,1,0
C01129,2025,12,December,2,2,0,1
C01130,2024,12,December,1,1,1,0
C01130,2025,6,June,3,2,0,1
C01131,2025,9,September,1,1,1,0
C01132,2024,9,September,1,1,1,0
C01132,2025,5,May,2,2,0,1
C01132,2025,11,November,3,3,0,1
C01132,2025,12,December,4,4,0,1
C01133,2024,8,August,1,0,1,0
C01133,2024,9,September,2,1,0,0
C01133,2024,10,October,3,2,0,1
C01133,2024,12,December,4,3,0,1
C01133,2025,2,February,5,4,0,1
C01133,2025,12,December,6,5,0,1
C01134,2024,9,September,1,0,1,0
C01134,2024,12,December,2,1,0,0
C01134,2025,12,December,3,2,0,1
C01135,2024,9,September,1,1,1,0
C01135,2025,7,July,2,2,0,1
C01136,2024,7,July,1,1,1,0
C01136,2025,2,February,2,2,0,1
C01136,2025,9,September,3,3,0,1
C01137,2024,8,August,1,1,1,0
C01137,2024,10,October,2,2,0,1
C01137,2025,6,June,3,3,0,1
C01138,2025,7,July,1,1,1,0
C01139,2024,8,August,1,1,1,0
C01139,2025,8,August,2,2,0,1
C01140,2025,2,February,1,0,1,0
C01141,2024,7,July,1,1,1,0
C01141,2024,9,September,2,2,0,1
C01141,2025,4,April,3,3,0,1
C01141,2025,6,June,4,4,0,1
C01141,2025,8,August,5,5,0,1
C01141,2025,9,September,6,6,0,1
C01141,2025,10,October,7,7,0,1
C01142,2024,7,July,1,1,1,0
C01142,2024,8,August,2,2,0,1
C01142,2025,3,March,3,3,0,1
C01142,2025,6,June,4,4,0,1
C01142,2025,8,August,5,5,0,1
C01142,2025,10,October,6,6,0,1
C01142,2025,11,November,7,7,0,1
C01143,2024,7,July,1,1,1,0
C01143,2024,10,October,2,2,0,1
C01143,2025,1,January,3,3,0,1
C01143,2025,5,May,4,4,0,1
C01143,2025,7,July,5,5,0,1
C01144,2024,8,August,1,1,1,0
C01144,2025,1,January,2,2,0,1
C01144,2025,4,April,4,3,0,1
C01144,2025,11,November,5,4,0,1
C01144,2025,12,December,6,5,0,1
C01145,2024,8,August,1,1,1,0
C01145,2025,12,December,2,2,0,1
C01146,2024,12,December,1,1,1,0
C01146,2025,1,January,2,3,0,1
C01147,2025,3,March,1,1,1,0
C01147,2025,11,November,2,2,0,1
C01148,2025,4,April,1,1,1,0
C01149,2024,9,September,1,1,1,0
C01150,2024,11,November,1,0,1,0
C01150,2024,12,December,2,1,0,0
C01150,2025,3,March,3,2,0,1
C01150,2025,5,May,4,3,0,1
C01151,2024,10,October,1,0,1,0
C01151,2024,12,December,2,0,0,0
C01151,2025,4,April,3,1,0,0
C01151,2025,9,September,4,2,0,1
C01151,2025,12,December,5,3,0,1
C01152,2024,8,August,1,1,1,0
C01152,2024,10,October,2,2,0,1
C01152,2025,8,August,3,3,0,1
C01152,2025,10,October,4,4,0,1
C01153,2025,6,June,1,1,1,0
C01153,2025,11,November,2,2,0,1
C01154,2024,7,July,1,1,1,0
C01154,2024,10,October,2,2,0,1
C01154,2025,2,February,3,3,0,1
C01154,2025,4,April,4,4,0,1
C01155,2024,12,December,1,0,1,0
C01155,2025,1,January,2,1,0,0
C01155,2025,7,July,3,2,0,1
C01156,2024,8,August,1,1,1,0
C01156,2024,10,October,3,2,0,1
C01156,2025,5,May,4,3,0,1
C01156,2025,7,July,5,4,0,1
C01158,2025,12,December,1,1,1,0
C01159,2024,7,July,1,1,1,0
C01159,2024,9,September,2,2,0,1
C01159,2025,2,February,3,3,0,1
C01159,2025,3,March,4,3,0,1
C01159,2025,6,June,5,4,0,1
C01159,2025,7,July,6,5,0,1
C01159,2025,8,August,7,6,0,1
C01159,2025,9,September,8,6,0,1
C01159,2025,10,October,9,8,0,1
C01159,2025,11,November,11,9,0,1
C01160,2024,8,August,1,1,1,0
C01160,2025,1,January,2,1,0,0
C01160,2025,5,May,3,2,0,1
C01160,2025,11,November,4,3,0,1
C01161,2024,10,October,1,1,1,0
C01161,2024,12,December,2,1,0,0
C01161,2025,5,May,3,2,0,1
C01161,2025,6,June,4,3,0,1
C01161,2025,7,July,5,3,0,1
C01161,2025,8,August,6,4,0,1
C01162,2024,9,September,1,1,1,0
C01162,2025,4,April,2,2,0,1
C01162,2025,7,July,3,3,0,1
C01162,2025,9,September,4,3,0,1
C01163,2024,11,November,1,1,1,0
C01163,2025,2,February,2,2,0,1
C01163,2025,12,December,3,3,0,1
C01164,2025,7,July,1,1,1,0
C01164,2025,9,September,2,2,0,1
C01164,2025,11,November,3,3,0,1
C01164,2025,12,December,4,5,0,1
C01165,2025,1,January,1,1,1,0
C01165,2025,6,June,2,2,0,1
C01165,2025,8,August,3,3,0,1
C01165,2025,12,December,4,4,0,1
C01166,2024,11,November,1,1,1,0
C01166,2025,2,February,2,2,0,1
C01166,2025,3,March,3,3,0,1
C01166,2025,10,October,4,4,0,1
C01166,2025,12,December,5,5,0,1
C01167,2024,8,August,1,1,1,0
C01167,2024,9,September,2,2,0,1
C01167,2024,11,November,3,4,0,1
C01167,2024,12,December,5,5,0,1
C01167,2025,3,March,6,6,0,1
C01167,2025,5,May,7,7,0,1
C01167,2025,8,August,8,7,0,1
C01167,2025,10,October,9,9,0,1
C01167,2025,12,December,12,10,0,1
C01168,2025,1,January,1,1,1,0
C01168,2025,7,July,2,2,0,1
C01169,2024,8,August,1,1,1,0
C01169,2025,5,May,2,1,0,0
C01169,2025,7,July,3,3,0,1
C01170,2024,8,August,1,1,1,0
C01170,2024,10,October,2,2,0,1
C01170,2025,8,August,3,3,0,1
C01170,2025,9,September,4,4,0,1
C01171,2024,7,July,1,1,1,0
C01171,2024,10,October,2,2,0,1
C01171,2024,11,November,3,3,0,1
C01171,2025,9,September,4,4,0,1
C01172,2024,12,December,1,1,1,0
C01172,2025,11,November,2,2,0,1
C01173,2024,8,August,1,1,1,0
C01173,2025,10,October,2,2,0,1
C01174,2024,9,September,1,1,1,0
C01174,2025,4,April,2,1,0,0
C01174,2025,6,June,3,2,0,1
C01174,2025,7,July,4,4,0,1
C01174,2025,9,September,6,5,0,1
C01175,2025,2,February,1,1,1,0
C01175,2025,6,June,2,2,0,1
C01175,2025,10,October,3,3,0,1
C01175,2025,12,December,4,4,0,1
C01177,2024,7,July,1,0,1,0
C01177,2024,11,November,2,1,0,0
C01177,2024,12,December,3,2,0,1
C01177,2025,4,April,4,2,0,1
C01177,2025,6,June,5,3,0,1
C01177,2025,9,September,6,4,0,1
C01179,2024,8,August,1,2,0,1
C01179,2024,9,September,3,3,0,1
C01179,2024,11,November,4,3,0,1
C01179,2024,12,December,5,4,0,1
C01179,2025,4,April,6,5,0,1
C01179,2025,6,June,7,6,0,1
C01180,2025,7,July,1,1,1,0
C01180,2025,10,October,2,2,0,1
C01181,2024,8,August,1,1,1,0
C01181,2024,12,December,2,2,0,1
C01181,2025,11,November,3,3,0,1
C01181,2025,12,December,4,4,0,1
C01182,2024,12,December,1,1,1,0
C01182,2025,4,April,2,2,0,1
C01182,2025,11,November,3,3,0,1
C01182,2025,12,December,4,4,0,1
C01183,2024,8,August,1,1,1,0
C01183,2024,10,October,2,2,0,1
C01183,2025,1,January,3,3,0,1
C01183,2025,2,February,4,4,0,1
C01183,2025,3,March,5,5,0,1
C01183,2025,6,June,6,6,0,1
C01183,2025,8,August,7,7,0,1
C01183,2025,11,November,8,7,0,1
C01183,2025,12,December,9,9,0,1
C01184,2025,2,February,1,0,1,0
C01184,2025,10,October,2,1,0,0
C01185,2024,7,July,1,1,1,0
C01185,2024,8,August,2,2,0,1
C01185,2024,12,December,3,3,0,1
C01185,2025,1,January,4,4,0,1
C01185,2025,7,July,5,4,0,1
C01185,2025,9,September,6,5,0,1
C01185,2025,10,October,7,6,0,1
C01186,2024,10,October,1,2,0,1
C01187,2025,4,April,1,2,0,1
C01187,2025,6,June,3,3,0,1
C01187,2025,11,November,4,4,0,1
C01188,2024,9,September,1,1,1,0
C01189,2024,7,July,1,1,1,0
C01189,2024,12,December,2,2,0,1
C01189,2025,3,March,3,3,0,1
C01189,2025,5,May,4,4,0,1
C01189,2025,7,July,5,5,0,1
C01189,2025,8,August,6,5,0,1
C01190,2025,2,February,1,1,1,0
C01190,2025,5,May,2,2,0,1
C01191,2025,8,August,1,1,1,0
C01192,2024,7,July,1,1,1,0
C01192,2024,9,September,2,2,0,1
C01192,2025,1,January,3,3,0,1
C01192,2025,9,September,4,4,0,1
C01192,2025,11,November,5,5,0,1
C01192,2025,12,December,6,6,0,1
C01193,2024,8,August,1,1,1,0
C01193,2024,10,October,2,2,0,1
C01193,2024,12,December,3,2,0,1
C01193,2025,3,March,4,3,0,1
C01193,2025,6,June,5,4,0,1
C01194,2024,8,August,1,2,0,1
C01194,2024,12,December,3,3,0,1
C01194,2025,1,January,4,4,0,1
C01195,2024,11,November,1,1,1,0
C01195,2025,7,July,2,1,0,0
C01195,2025,11,November,3,2,0,1
C01196,2024,10,October,1,1,1,0
C01196,2024,11,November,2,2,0,1
C01196,2025,3,March,3,4,0,1
C01196,2025,7,July,5,5,0,1
C01196,2025,9,September,6,6,0,1
C01196,2025,12,December,7,6,0,1
C01197,2024,7,July,1,1,1,0
C01198,2024,8,August,1,2,0,1
C01198,2025,1,January,3,3,0,1
C01198,2025,8,August,4,4,0,1
C01199,2024,8,August,1,1,1,0
C01199,2024,11,November,2,2,0,1
C01199,2025,3,March,3,3,0,1
C01199,2025,5,May,4,4,0,1
C01199,2025,7,July,5,5,0,1
C01199,2025,8,August,6,6,0,1
C01199,2025,10,October,7,7,0,1
C01200,2024,9,September,1,1,1,0
C01200,2024,12,December,2,3,0,1
C01200,2025,7,July,4,4,0,1
C01201,2024,8,August,1,1,1,0
C01201,2025,3,March,2,2,0,1
C01202,2025,1,January,1,1,1,0
C01202,2025,6,June,2,1,0,0
C01202,2025,7,July,3,3,0,1
C01202,2025,10,October,5,4,0,1
C01202,2025,12,December,6,4,0,1
C01203,2024,11,November,1,1,1,0
C01203,2024,12,December,2,2,0,1
C01203,2025,4,April,3,3,0,1
C01203,2025,5,May,4,4,0,1
C01204,2024,8,August,1,1,1,0
C01204,2024,10,October,2,2,0,1
C01204,2025,3,March,3,3,0,1
C01204,2025,4,April,4,4,0,1
C01204,2025,8,August,5,5,0,1
C01204,2025,9,September,6,6,0,1
C01204,2025,10,October,7,7,0,1
C01206,2024,12,December,1,1,1,0
C01206,2025,6,June,2,1,0,0
C01206,2025,7,July,3,2,0,1
C01207,2024,7,July,1,2,0,1
C01207,2025,5,May,3,2,0,1
C01207,2025,8,August,4,3,0,1
C01208,2025,4,April,1,2,0,1
C01208,2025,5,May,3,2,0,1
C01208,2025,7,July,4,3,0,1
C01208,2025,9,September,5,4,0,1
C01208,2025,11,November,6,6,0,1
C01208,2025,12,December,8,7,0,1
C01210,2024,9,September,1,1,1,0
C01210,2024,11,November,2,2,0,1
C01210,2025,3,March,3,3,0,1
C01211,2024,11,November,1,1,1,0
C01211,2025,3,March,2,2,0,1
C01212,2024,11,November,1,1,1,0
C01212,2025,1,January,2,1,0,0
C01213,2024,8,August,1,0,1,0
C01214,2025,9,September,1,1,1,0
C01215,2024,10,October,1,1,1,0
C01215,2025,1,January,2,2,0,1
C01215,2025,2,February,3,3,0,1
C01215,2025,5,May,4,4,0,1
C01216,2025,6,June,1,1,1,0
C01218,2025,10,October,1,1,1,0
C01219,2024,7,July,1,1,1,0
C01219,2024,12,December,2,2,0,1
C01219,2025,2,February,3,3,0,1
C01219,2025,6,June,4,4,0,1
C01219,2025,10,October,5,5,0,1
C01220,2024,8,August,1,2,0,1
C01220,2025,6,June,3,3,0,1
C01220,2025,10,October,4,4,0,1
C01221,2024,10,October,1,1,1,0
C01221,2024,11,November,2,3,0,1
C01221,2024,12,December,4,4,0,1
C01222,2024,7,July,1,0,1,0
C01222,2025,3,March,2,1,0,0
C01222,2025,5,May,3,2,0,1
C01222,2025,6,June,4,2,0,1
C01223,2024,12,December,1,0,1,0
C01223,2025,1,January,2,1,0,0
C01223,2025,6,June,3,2,0,1
C01223,2025,7,July,4,3,0,1
C01223,2025,12,December,5,4,0,1
C01224,2024,7,July,1,1,1,0
C01224,2024,8,August,2,2,0,1
C01224,2024,10,October,3,3,0,1
C01224,2024,11,November,4,4,0,1
C01225,2024,7,July,1,1,1,0
C01225,2025,4,April,2,1,0,0
C01225,2025,6,June,3,1,0,0
C01226,2024,8,August,1,1,1,0
C01226,2025,6,June,2,2,0,1
C01226,2025,8,August,3,2,0,1
C01227,2024,8,August,1,1,1,0
C01227,2025,1,January,2,2,0,1
C01227,2025,8,August,3,3,0,1
C01227,2025,11,November,4,4,0,1
C01228,2024,10,October,1,1,1,0
C01228,2025,4,April,2,2,0,1
C01228,2025,8,August,3,3,0,1
C01228,2025,9,September,4,4,0,1
C01228,2025,11,November,5,5,0,1
C01229,2024,7,July,1,1,1,0
C01229,2024,9,September,2,2,0,1
C01229,2024,11,November,3,3,0,1
C01229,2024,12,December,4,4,0,1
C01229,2025,2,February,5,5,0,1
C01229,2025,7,July,6,6,0,1
C01231,2024,10,October,1,1,1,0
C01231,2024,11,November,2,2,0,1
C01231,2024,12,December,3,3,0,1
C01231,2025,1,January,4,4,0,1
C01231,2025,3,March,5,5,0,1
C01231,2025,4,April,6,6,0,1
C01231,2025,7,July,7,7,0,1
C01231,2025,8,August,9,8,0,1
C01231,2025,10,October,10,9,0,1
C01233,2024,10,October,1,1,1,0
C01233,2024,11,November,2,1,0,0
C01233,2025,1,January,3,2,0,1
C01233,2025,5,May,4,3,0,1
C01233,2025,7,July,5,4,0,1
C01233,2025,12,December,7,5,0,1
C01234,2024,8,August,1,0,1,0
C01234,2024,9,September,2,1,0,0
C01234,2024,11,November,3,2,0,1
C01234,2025,3,March,4,3,0,1
C01234,2025,9,September,5,4,0,1
C01234,2025,12,December,6,5,0,1
C01235,2024,12,December,1,1,1,0
C01235,2025,6,June,2,2,0,1
C01235,2025,12,December,3,3,0,1
C01236,2024,7,July,1,1,1,0
C01236,2024,9,September,3,2,0,1
C01236,2024,10,October,4,3,0,1
C01236,2024,11,November,5,4,0,1
C01236,2025,1,January,6,4,0,1
C01236,2025,2,February,7,4,0,1
C01236,2025,6,June,8,4,0,1
C01236,2025,7,July,9,5,0,1
C01236,2025,8,August,10,6,0,1
C01236,2025,9,September,11,7,0,1
C01236,2025,10,October,12,8,0,1
C01237,2024,9,September,1,1,1,0
C01237,2024,10,October,2,2,0,1
C01237,2025,2,February,3,3,0,1
C01237,2025,4,April,4,4,0,1
C01237,2025,7,July,5,5,0,1
C01238,2024,8,August,1,1,1,0
C01238,2024,12,December,2,2,0,1
C01238,2025,2,February,3,3,0,1
C01238,2025,3,March,4,5,0,1
C01238,2025,4,April,6,6,0,1
C01238,2025,8,August,8,7,0,1
C01238,2025,11,November,9,8,0,1
C01238,2025,12,December,10,9,0,1
C01239,2024,10,October,1,1,1,0
C01239,2025,10,October,2,2,0,1
C01240,2024,10,October,1,1,1,0
C01240,2025,2,February,3,3,0,1
C01240,2025,3,March,5,5,0,1
C01240,2025,8,August,7,6,0,1
C01240,2025,9,September,8,7,0,1
C01241,2024,11,November,1,1,1,0
C01241,2025,4,April,2,3,0,1
C01242,2024,9,September,1,1,1,0
C01242,2025,1,January,2,2,0,1
C01242,2025,2,February,3,3,0,1
C01242,2025,12,December,4,4,0,1
C01243,2024,12,December,1,0,1,0
C01243,2025,5,May,2,0,0,0
C01244,2024,11,November,1,1,1,0
C01244,2025,4,April,2,2,0,1
C01245,2024,7,July,1,1,1,0
C01245,2024,11,November,2,2,0,1
C01245,2025,3,March,3,3,0,1
C01245,2025,8,August,4,5,0,1
C01245,2025,10,October,6,6,0,1
C01245,2025,12,December,7,7,0,1
C01246,2025,5,May,1,2,0,1
C01247,2024,11,November,1,0,1,0
C01247,2025,4,April,2,1,0,0
C01247,2025,5,May,3,3,0,1
C01247,2025,9,September,5,5,0,1
C01247,2025,10,October,7,6,0,1
C01247,2025,12,December,8,7,0,1
C01248,2025,2,February,1,2,0,1
C01248,2025,5,May,3,3,0,1
C01248,2025,8,August,4,4,0,1
C01249,2024,7,July,1,1,1,0
C01249,2025,5,May,2,2,0,1
C01249,2025,8,August,3,3,0,1
C01250,2024,9,September,1,2,0,1
C01250,2024,12,December,3,3,0,1
C01250,2025,1,January,4,4,0,1
C01250,2025,4,April,5,5,0,1
C01250,2025,8,August,6,6,0,1
C01250,2025,11,November,7,7,0,1
C01250,2025,12,December,8,8,0,1
C01251,2024,12,December,1,1,1,0
C01252,2025,1,January,1,1,1,0
C01252,2025,2,February,2,1,0,0
C01252,2025,12,December,3,2,0,1
C01253,2024,9,September,1,1,1,0
C01253,2024,10,October,2,2,0,1
C01253,2025,3,March,3,3,0,1
C01253,2025,4,April,4,4,0,1
C01253,2025,8,August,5,5,0,1
C01253,2025,9,September,6,5,0,1
C01254,2024,8,August,1,1,1,0
C01254,2025,4,April,2,2,0,1
C01255,2024,11,November,1,1,1,0
C01255,2025,3,March,2,2,0,1
C01255,2025,10,October,3,3,0,1
C01255,2025,11,November,4,4,0,1
C01255,2025,12,December,5,5,0,1
C01256,2025,1,January,1,1,1,0
C01256,2025,2,February,3,2,0,1
C01256,2025,3,March,4,3,0,1
C01256,2025,7,July,5,3,0,1
C01257,2024,8,August,1,0,1,0
C01257,2024,9,September,2,1,0,0
C01257,2024,12,December,3,1,0,0
C01257,2025,3,March,4,2,0,1
C01257,2025,4,April,5,3,0,1
C01257,2025,10,October,6,4,0,1
C01257,2025,12,December,7,5,0,1
C01258,2024,11,November,1,1,1,0
C01258,2025,1,January,2,2,0,1
C01258,2025,9,September,3,3,0,1
C01259,2024,9,September,1,1,1,0
C01259,2025,5,May,2,3,0,1
C01259,2025,6,June,4,4,0,1
C01259,2025,11,November,5,5,0,1
C01260,2024,10,October,1,1,1,0
C01260,2025,5,May,2,2,0,1
C01260,2025,10,October,3,3,0,1
C01260,2025,11,November,4,4,0,1
C01261,2025,7,July,1,2,0,1
C01261,2025,8,August,3,3,0,1
C01262,2025,2,February,1,1,1,0
C01263,2024,10,October,1,0,1,0
C01263,2025,3,March,2,1,0,0
C01264,2025,5,May,1,1,1,0
C01264,2025,9,September,2,2,0,1
C01264,2025,11,November,3,3,0,1
C01265,2024,10,October,1,1,1,0
C01265,2025,7,July,2,3,0,1
C01266,2025,1,January,1,1,1,0
C01266,2025,4,April,2,2,0,1
C01267,2025,10,October,1,1,1,0
C01268,2024,10,October,1,1,1,0
C01268,2024,11,November,2,2,0,1
C01268,2025,1,January,3,2,0,1
C01268,2025,9,September,5,2,0,1
C01269,2024,7,July,1,1,1,0
C01269,2024,12,December,2,2,0,1
C01269,2025,3,March,3,3,0,1
C01269,2025,7,July,4,5,0,1
C01270,2024,7,July,1,1,1,0
C01270,2024,8,August,2,2,0,1
C01270,2024,10,October,3,3,0,1
C01270,2025,4,April,4,4,0,1
C01270,2025,5,May,5,6,0,1
C01270,2025,9,September,7,8,0,1
C01270,2025,10,October,9,9,0,1
C01271,2025,5,May,1,2,0,1
C01271,2025,12,December,3,3,0,1
C01272,2024,10,October,1,2,0,1
C01272,2025,4,April,3,3,0,1
C01273,2025,4,April,1,1,1,0
C01273,2025,8,August,2,2,0,1
C01273,2025,11,November,3,3,0,1
C01273,2025,12,December,4,4,0,1
C01274,2025,1,January,1,1,1,0
C01275,2024,9,September,1,2,0,1
C01275,2025,3,March,4,3,0,1
C01276,2024,8,August,1,1,1,0
C01276,2025,1,January,2,2,0,1
C01277,2024,11,November,1,0,1,0
C01277,2025,5,May,2,1,0,0
C01278,2024,7,July,1,1,1,0
C01278,2024,12,December,2,2,0,1
C01278,2025,2,February,3,3,0,1
C01278,2025,3,March,4,3,0,1
C01278,2025,7,July,5,5,0,1
C01278,2025,10,October,7,6,0,1
C01279,2024,8,August,1,1,1,0
C01279,2024,11,November,2,2,0,1
C01281,2024,9,September,1,1,1,0
C01281,2024,11,November,2,4,0,1
C01281,2025,7,July,5,5,0,1
C01281,2025,8,August,6,5,0,1
C01281,2025,10,October,7,6,0,1
C01281,2025,12,December,8,7,0,1
C01282,2025,1,January,1,1,1,0
C01282,2025,8,August,2,1,0,0
C01282,2025,10,October,3,2,0,1
C01283,2024,11,November,1,1,1,0
C01283,2025,4,April,2,1,0,0
C01283,2025,7,July,3,1,0,0
C01283,2025,11,November,4,2,0,1
C01284,2024,8,August,1,1,1,0
C01284,2025,2,February,2,1,0,0
C01284,2025,6,June,3,2,0,1
C01285,2024,12,December,1,1,1,0
C01285,2025,4,April,2,2,0,1
C01285,2025,8,August,3,3,0,1
C01286,2024,8,August,1,1,1,0
C01286,2024,9,September,2,2,0,1
C01286,2024,10,October,3,3,0,1
C01286,2024,11,November,4,4,0,1
C01286,2024,12,December,6,5,0,1
C01286,2025,3,March,7,5,0,1
C01286,2025,6,June,8,7,0,1
C01286,2025,7,July,10,8,0,1
C01286,2025,10,October,11,9,0,1
C01286,2025,11,November,12,10,0,1
C01286,2025,12,December,13,11,0,1
C01287,2024,11,November,1,1,1,0
C01287,2024,12,December,2,2,0,1
C01287,2025,4,April,3,2,0,1
C01287,2025,5,May,4,2,0,1
C01287,2025,6,June,5,3,0,1
C01287,2025,7,July,6,4,0,1
C01287,2025,9,September,7,5,0,1
C01287,2025,11,November,8,5,0,1
C01288,2024,7,July,1,2,0,1
C01288,2024,12,December,3,3,0,1
C01288,2025,1,January,4,4,0,1
C01288,2025,8,August,5,4,0,1
C01288,2025,9,September,6,5,0,1
C01289,2024,8,August,1,1,1,0
C01290,2025,9,September,1,1,1,0
C01290,2025,10,October,2,2,0,1
C01290,2025,11,November,4,3,0,1
C01290,2025,12,December,5,3,0,1
C01291,2024,8,August,1,1,1,0
C01291,2024,9,September,2,2,0,1
C01291,2024,10,October,3,3,0,1
C01291,2024,12,December,4,3,0,1
C01291,2025,3,March,5,4,0,1
C01291,2025,9,September,6,4,0,1
C01292,2025,5,May,1,1,1,0
C01293,2024,10,October,1,1,1,0
C01293,2024,12,December,2,3,0,1
C01293,2025,8,August,4,4,0,1
C01293,2025,9,September,5,5,0,1
C01293,2025,10,October,6,6,0,1
C01294,2024,12,December,1,1,1,0
C01294,2025,5,May,2,2,0,1
C01294,2025,8,August,3,3,0,1
C01295,2024,10,October,1,1,1,0
C01295,2025,7,July,2,2,0,1
C01296,2024,7,July,1,1,1,0
C01296,2024,8,August,2,2,0,1
C01296,2024,10,October,3,3,0,1
C01296,2024,12,December,4,4,0,1
C01296,2025,9,September,5,4,0,1
C01297,2024,7,July,1,1,1,0
C01297,2024,10,October,2,2,0,1
C01297,2024,12,December,3,3,0,1
C01297,2025,6,June,4,4,0,1
C01297,2025,7,July,5,5,0,1
C01298,2024,7,July,1,1,1,0
C01298,2024,8,August,2,2,0,1
C01298,2024,12,December,3,3,0,1
C01298,2025,9,September,4,4,0,1
C01299,2025,9,September,1,0,1,0
C01299,2025,10,October,2,1,0,0
C01299,2025,12,December,3,2,0,1
C01300,2025,8,August,1,1,1,0
C01301,2024,8,August,1,1,1,0
C01301,2024,10,October,2,2,0,1
C01301,2025,5,May,3,3,0,1
C01301,2025,7,July,4,4,0,1
C01301,2025,9,September,5,5,0,1
C01301,2025,11,November,6,6,0,1
C01302,2024,10,October,1,1,1,0
C01302,2024,11,November,3,2,0,1
C01302,2025,3,March,4,3,0,1
C01302,2025,5,May,5,5,0,1
C01302,2025,7,July,7,6,0,1
C01303,2025,8,August,1,0,1,0
C01305,2025,4,April,1,1,1,0
C01305,2025,8,August,2,2,0,1
C01305,2025,12,December,3,3,0,1
C01306,2024,9,September,1,1,1,0
C01306,2025,2,February,3,2,0,1
C01307,2024,8,August,1,1,1,0
C01307,2024,12,December,2,1,0,0
C01307,2025,5,May,3,2,0,1
C01307,2025,12,December,4,3,0,1
C01308,2024,8,August,1,1,1,0
C01308,2024,10,October,2,2,0,1
C01308,2024,12,December,4,4,0,1
C01308,2025,4,April,6,5,0,1
C01308,2025,6,June,7,6,0,1
C01308,2025,7,July,8,8,0,1
C01309,2025,8,August,1,1,1,0
C01310,2024,10,October,1,1,1,0
C01310,2025,3,March,2,2,0,1
C01310,2025,8,August,3,3,0,1
C01311,2024,7,July,1,1,1,0
C01311,2024,11,November,2,2,0,1
C01311,2025,2,February,3,3,0,1
C01312,2024,7,July,1,2,0,1
C01312,2024,10,October,3,2,0,1
C01312,2025,1,January,4,3,0,1
C01312,2025,2,February,5,4,0,1
C01312,2025,7,July,6,5,0,1
C01313,2024,7,July,1,1,1,0
C01313,2024,10,October,2,2,0,1
C01313,2024,11,November,3,3,0,1
C01313,2024,12,December,4,4,0,1
C01313,2025,3,March,5,5,0,1
C01313,2025,11,November,6,5,0,1
C01314,2025,9,September,1,1,1,0
C01314,2025,12,December,2,2,0,1
C01315,2025,1,January,1,1,1,0
C01315,2025,2,February,2,1,0,0
C01315,2025,4,April,3,1,0,0
C01315,2025,5,May,4,3,0,1
C01315,2025,6,June,7,3,0,1
C01316,2024,8,August,1,1,1,0
C01316,2024,11,November,2,2,0,1
C01316,2025,8,August,3,3,0,1
C01316,2025,9,September,4,4,0,1
C01317,2025,4,April,1,1,1,0
C01317,2025,6,June,2,2,0,1
C01317,2025,9,September,3,3,0,1
C01317,2025,10,October,4,4,0,1
C01317,2025,12,December,5,5,0,1
C01318,2024,7,July,1,1,1,0
C01318,2025,4,April,2,2,0,1
C01318,2025,9,September,3,3,0,1
C01319,2025,8,August,1,1,1,0
C01319,2025,10,October,2,2,0,1
C01320,2024,8,August,1,1,1,0
C01320,2025,3,March,2,1,0,0
C01320,2025,7,July,3,3,0,1
C01320,2025,11,November,5,5,0,1
C01320,2025,12,December,7,6,0,1
C01322,2024,9,September,1,1,1,0
C01322,2024,10,October,2,2,0,1
C01322,2024,11,November,3,3,0,1
C01322,2024,12,December,4,4,0,1
C01322,2025,1,January,5,4,0,1
C01322,2025,3,March,6,5,0,1
C01322,2025,8,August,7,6,0,1
C01323,2025,3,March,1,2,0,1
C01323,2025,5,May,3,3,0,1
C01323,2025,6,June,4,4,0,1
C01324,2025,4,April,1,1,1,0
C01324,2025,12,December,2,2,0,1
C01325,2024,12,December,1,1,1,0
C01325,2025,2,February,2,2,0,1
C01325,2025,4,April,3,3,0,1
C01325,2025,8,August,4,4,0,1
C01326,2024,8,August,1,0,1,0
C01328,2024,8,August,1,1,1,0
C01328,2025,11,November,2,1,0,0
C01329,2024,9,September,1,1,1,0
C01329,2025,1,January,2,3,0,1
C01330,2024,11,November,1,1,1,0
C01330,2025,4,April,2,2,0,1
C01331,2024,10,October,1,0,1,0
C01331,2025,4,April,2,1,0,0
C01332,2025,4,April,1,1,1,0
C01333,2025,3,March,1,0,1,0
C01333,2025,7,July,3,0,0,0
C01334,2025,2,February,1,2,0,1
C01334,2025,3,March,3,3,0,1
C01335,2024,10,October,1,1,1,0
C01335,2025,6,June,2,2,0,1
C01335,2025,9,September,3,3,0,1
C01335,2025,10,October,5,4,0,1
C01336,2024,9,September,1,1,1,0
C01336,2024,10,October,2,2,0,1
C01336,2024,12,December,3,3,0,1
C01336,2025,5,May,4,4,0,1
C01336,2025,10,October,5,4,0,1
C01336,2025,12,December,7,5,0,1
C01337,2024,8,August,1,1,1,0
C01337,2024,9,September,2,2,0,1
C01337,2024,10,October,3,3,0,1
C01337,2024,11,November,5,5,0,1
C01337,2024,12,December,7,6,0,1
C01337,2025,1,January,8,7,0,1
C01337,2025,2,February,9,7,0,1
C01337,2025,3,March,10,8,0,1
C01337,2025,5,May,11,10,0,1
C01337,2025,6,June,13,10,0,1
C01337,2025,8,August,14,11,0,1
C01337,2025,11,November,15,12,0,1
C01339,2024,8,August,1,0,1,0
C01339,2025,12,December,2,0,0,0
C01340,2024,9,September,1,0,1,0
C01340,2024,12,December,2,1,0,0
C01340,2025,3,March,3,2,0,1
C01340,2025,4,April,4,3,0,1
C01340,2025,7,July,6,4,0,1
C01340,2025,11,November,7,6,0,1
C01340,2025,12,December,9,8,0,1
C01341,2024,7,July,1,1,1,0
C01341,2024,12,December,2,1,0,0
C01341,2025,5,May,3,2,0,1
C01341,2025,10,October,4,3,0,1
C01342,2024,7,July,1,1,1,0
C01342,2024,9,September,2,2,0,1
C01342,2024,10,October,3,2,0,1
C01342,2024,12,December,4,4,0,1
C01342,2025,2,February,6,4,0,1
C01342,2025,3,March,7,5,0,1
C01342,2025,4,April,8,7,0,1
C01342,2025,9,September,10,8,0,1
C01342,2025,11,November,11,9,0,1
C01342,2025,12,December,12,10,0,1
C01343,2024,9,September,1,1,1,0
C01343,2024,12,December,3,1,0,0
C01343,2025,2,February,4,2,0,1
C01343,2025,3,March,5,4,0,1
C01343,2025,6,June,7,5,0,1
C01343,2025,7,July,8,6,0,1
C01343,2025,12,December,9,7,0,1
C01344,2025,4,April,1,1,1,0
C01345,2025,4,April,1,2,0,1
C01346,2025,3,March,1,1,1,0
C01346,2025,5,May,2,2,0,1
C01347,2024,8,August,1,1,1,0
C01347,2025,4,April,2,2,0,1
C01348,2024,10,October,1,1,1,0
C01348,2025,1,January,2,3,0,1
C01348,2025,4,April,5,4,0,1
C01348,2025,6,June,6,5,0,1
C01348,2025,12,December,7,6,0,1
C01349,2024,7,July,1,1,1,0
C01349,2024,9,September,2,2,0,1
C01349,2025,2,February,3,3,0,1
C01349,2025,3,March,4,4,0,1
C01349,2025,4,April,5,5,0,1
C01349,2025,5,May,6,8,0,1
C01350,2024,7,July,1,1,1,0
C01350,2025,5,May,2,3,0,1
C01351,2024,10,October,1,1,1,0
C01351,2025,8,August,2,2,0,1
C01351,2025,9,September,3,3,0,1
C01351,2025,10,October,4,5,0,1
C01352,2024,10,October,1,1,1,0
C01352,2024,12,December,2,2,0,1
C01353,2024,7,July,1,1,1,0
C01353,2024,9,September,2,2,0,1
C01353,2025,4,April,3,3,0,1
C01353,2025,5,May,4,4,0,1
C01353,2025,9,September,5,5,0,1
C01354,2024,8,August,1,0,1,0
C01354,2024,11,November,2,1,0,0
C01355,2024,9,September,1,1,1,0
C01355,2024,10,October,2,3,0,1
C01355,2024,12,December,4,4,0,1
C01355,2025,1,January,5,4,0,1
C01355,2025,6,June,6,5,0,1
C01355,2025,7,July,7,6,0,1
C01355,2025,8,August,8,7,0,1
C01355,2025,12,December,9,7,0,1
C01356,2024,8,August,1,0,1,0
C01357,2024,7,July,1,1,1,0
C01357,2025,2,February,2,2,0,1
C01357,2025,4,April,3,3,0,1
C01357,2025,6,June,4,4,0,1
C01357,2025,8,August,5,5,0,1
C01357,2025,9,September,6,6,0,1
C01358,2024,8,August,1,0,1,0
C01358,2024,10,October,2,1,0,0
C01358,2025,10,October,3,2,0,1
C01359,2024,11,November,1,1,1,0
C01359,2025,12,December,2,2,0,1
C01360,2025,9,September,1,1,1,0
C01361,2024,12,December,1,1,1,0
C01361,2025,2,February,2,2,0,1
C01361,2025,5,May,3,3,0,1
C01361,2025,7,July,4,4,0,1
C01361,2025,11,November,5,5,0,1
C01362,2024,9,September,1,1,1,0
C01362,2024,10,October,2,2,0,1
C01362,2025,2,February,3,3,0,1
C01362,2025,3,March,4,4,0,1
C01362,2025,10,October,5,5,0,1
C01363,2024,8,August,1,1,1,0
C01363,2024,12,December,2,2,0,1
C01363,2025,1,January,3,3,0,1
C01363,2025,6,June,4,3,0,1
C01363,2025,9,September,5,4,0,1
C01364,2024,8,August,1,1,1,0
C01364,2025,1,January,2,1,0,0
C01364,2025,3,March,3,2,0,1
C01364,2025,10,October,4,3,0,1
C01365,2024,12,December,1,1,1,0
C01366,2024,10,October,1,2,0,1
C01366,2024,11,November,3,3,0,1
C01366,2024,12,December,4,4,0,1
C01366,2025,2,February,5,5,0,1
C01366,2025,4,April,6,6,0,1
C01366,2025,6,June,7,7,0,1
C01366,2025,8,August,8,8,0,1
C01366,2025,9,September,9,9,0,1
C01366,2025,11,November,10,10,0,1
C01367,2024,7,July,1,0,1,0
C01367,2024,11,November,2,1,0,0
C01367,2025,6,June,3,2,0,1
C01367,2025,7,July,4,3,0,1
C01367,2025,8,August,5,3,0,1
C01367,2025,11,November,6,5,0,1
C01368,2024,11,November,1,1,1,0
C01368,2025,4,April,2,2,0,1
C01368,2025,11,November,3,2,0,1
C01369,2024,8,August,1,1,1,0
C01370,2024,9,September,1,1,1,0
C01370,2025,1,January,2,2,0,1
C01370,2025,5,May,3,2,0,1
C01370,2025,6,June,4,3,0,1
C01370,2025,7,July,5,4,0,1
C01370,2025,8,August,6,6,0,1
C01370,2025,10,October,8,7,0,1
C01372,2025,7,July,1,1,1,0
C01372,2025,11,November,2,1,0,0
C01373,2025,3,March,1,2,0,1
C01374,2025,11,November,1,0,1,0
C01375,2024,7,July,1,1,1,0
C01375,2025,4,April,2,2,0,1
C01375,2025,8,August,3,2,0,1
C01375,2025,11,November,4,3,0,1
C01376,2024,9,September,1,0,1,0
C01376,2024,10,October,2,1,0,0
C01376,2025,2,February,4,1,0,0
C01376,2025,10,October,5,2,0,1
C01376,2025,11,November,7,3,0,1
C01377,2025,3,March,1,1,1,0
C01377,2025,8,August,2,2,0,1
C01377,2025,10,October,3,3,0,1
C01377,2025,11,November,4,4,0,1
C01377,2025,12,December,5,5,0,1
C01378,2024,7,July,1,1,1,0
C01378,2024,9,September,2,2,0,1
C01378,2025,1,January,3,3,0,1
C01378,2025,3,March,4,5,0,1
C01378,2025,4,April,6,7,0,1
C01378,2025,5,May,8,8,0,1
C01378,2025,6,June,9,9,0,1
C01378,2025,10,October,10,10,0,1
C01379,2024,9,September,1,2,0,1
C01379,2024,10,October,3,3,0,1
C01379,2025,3,March,4,4,0,1
C01379,2025,4,April,5,5,0,1
C01379,2025,5,May,6,5,0,1
C01379,2025,10,October,8,6,0,1
C01379,2025,12,December,9,7,0,1
C01380,2024,12,December,1,1,1,0
C01380,2025,3,March,2,2,0,1
C01380,2025,4,April,3,3,0,1
C01381,2025,2,February,1,1,1,0
C01381,2025,4,April,2,2,0,1
C01381,2025,8,August,3,2,0,1
C01382,2024,11,November,1,1,1,0
C01382,2025,11,November,2,1,0,0
C01383,2024,8,August,1,1,1,0
C01383,2025,1,January,2,2,0,1
C01384,2025,2,February,1,1,1,0
C01384,2025,4,April,2,2,0,1
C01385,2024,11,November,1,1,1,0
C01385,2025,2,February,2,2,0,1
C01386,2025,6,June,1,1,1,0
C01386,2025,9,September,2,2,0,1
C01387,2025,2,February,1,1,1,0
C01387,2025,3,March,2,2,0,1
C01387,2025,11,November,3,3,0,1
C01388,2025,2,February,1,1,1,0
C01389,2024,11,November,1,1,1,0
C01389,2025,1,January,2,2,0,1
C01389,2025,4,April,3,2,0,1
C01389,2025,5,May,4,2,0,1
C01389,2025,11,November,5,3,0,1
C01390,2025,6,June,1,1,1,0
C01390,2025,10,October,2,1,0,0
C01390,2025,11,November,3,2,0,1
C01391,2024,8,August,1,1,1,0
C01391,2024,10,October,2,1,0,0
C01391,2024,11,November,3,2,0,1
C01391,2024,12,December,4,2,0,1
C01391,2025,4,April,5,4,0,1
C01391,2025,5,May,7,5,0,1
C01391,2025,9,September,8,6,0,1
C01391,2025,11,November,10,7,0,1
C01392,2024,7,July,1,1,1,0
C01392,2024,9,September,2,2,0,1
C01392,2024,11,November,3,2,0,1
C01392,2024,12,December,4,3,0,1
C01392,2025,1,January,5,3,0,1
C01392,2025,2,February,6,4,0,1
C01392,2025,6,June,7,6,0,1
C01392,2025,10,October,9,9,0,1
C01393,2024,7,July,1,1,1,0
C01393,2025,2,February,2,1,0,0
C01393,2025,3,March,3,3,0,1
C01393,2025,4,April,5,3,0,1
C01393,2025,5,May,6,3,0,1
C01394,2024,12,December,1,1,1,0
C01394,2025,5,May,2,2,0,1
C01394,2025,12,December,3,2,0,1
C01395,2024,7,July,1,0,1,0
C01395,2025,2,February,2,1,0,0
C01395,2025,3,March,3,2,0,1
C01396,2025,11,November,1,1,1,0
C01396,2025,12,December,2,2,0,1
C01397,2024,7,July,1,1,1,0
C01397,2025,4,April,2,1,0,0
C01397,2025,7,July,3,1,0,0
C01398,2024,7,July,1,1,1,0
C01398,2025,9,September,2,2,0,1
C01399,2024,7,July,1,1,1,0
C01399,2024,8,August,3,2,0,1
C01399,2025,6,June,4,3,0,1
C01400,2024,8,August,1,1,1,0
C01400,2024,12,December,2,2,0,1
C01400,2025,1,January,4,3,0,1
C01400,2025,3,March,5,4,0,1
C01401,2024,8,August,1,1,1,0
C01401,2025,2,February,2,2,0,1
C01401,2025,9,September,3,3,0,1
C01402,2024,9,September,1,1,1,0
C01402,2024,10,October,2,2,0,1
C01402,2025,1,January,3,2,0,1
C01402,2025,6,June,4,3,0,1
C01402,2025,11,November,5,4,0,1
C01402,2025,12,December,6,4,0,1
C01403,2025,3,March,1,1,1,0
C01404,2025,3,March,1,2,0,1
C01405,2024,8,August,1,1,1,0
C01405,2024,11,November,2,2,0,1
C01405,2025,8,August,3,3,0,1
C01405,2025,10,October,4,4,0,1
C01406,2024,9,September,1,2,0,1
C01406,2024,10,October,3,5,0,1
C01406,2025,11,November,6,6,0,1
C01407,2024,7,July,1,1,1,0
C01407,2024,10,October,2,2,0,1
C01407,2024,12,December,3,3,0,1
C01407,2025,2,February,4,4,0,1
C01407,2025,5,May,5,5,0,1
C01407,2025,6,June,6,6,0,1
C01407,2025,12,December,8,7,0,1
C01408,2024,11,November,1,0,1,0
C01408,2025,1,January,2,1,0,0
C01408,2025,4,April,3,2,0,1
C01408,2025,8,August,4,3,0,1
C01409,2024,11,November,1,0,1,0
C01409,2025,2,February,2,1,0,0
C01410,2024,7,July,1,2,0,1
C01410,2025,1,January,3,2,0,1
C01410,2025,7,July,4,3,0,1
C01411,2025,8,August,1,1,1,0
C01412,2025,4,April,1,0,1,0
C01412,2025,11,November,2,1,0,0
C01413,2024,8,August,1,1,1,0
C01413,2024,9,September,2,2,0,1
C01413,2025,1,January,3,3,0,1
C01413,2025,2,February,4,4,0,1
C01413,2025,4,April,5,5,0,1
C01413,2025,6,June,6,6,0,1
C01413,2025,8,August,7,7,0,1
C01413,2025,10,October,8,8,0,1
C01413,2025,11,November,9,9,0,1
C01414,2024,11,November,1,1,1,0
C01414,2025,1,January,2,3,0,1
C01415,2025,2,February,1,1,1,0
C01416,2024,8,August,1,1,1,0
C01416,2025,11,November,2,3,0,1
C01417,2025,2,February,1,1,1,0
C01417,2025,4,April,2,2,0,1
C01417,2025,9,September,3,3,0,1
C01417,2025,10,October,4,4,0,1
C01418,2024,11,November,1,1,1,0
C01418,2025,5,May,2,2,0,1
C01418,2025,6,June,3,3,0,1
C01418,2025,8,August,5,5,0,1
C01418,2025,10,October,7,6,0,1
C01418,2025,11,November,8,7,0,1
C01419,2025,1,January,1,1,1,0
C01419,2025,2,February,2,2,0,1
C01419,2025,6,June,3,2,0,1
C01419,2025,9,September,4,3,0,1
C01419,2025,11,November,5,4,0,1
C01420,2025,2,February,1,1,1,0
C01420,2025,7,July,2,2,0,1
C01420,2025,8,August,3,3,0,1
C01420,2025,10,October,4,3,0,1
C01421,2025,11,November,1,1,1,0
C01421,2025,12,December,2,2,0,1
C01422,2024,11,November,1,1,1,0
C01423,2025,5,May,1,1,1,0
C01424,2024,8,August,1,1,1,0
C01424,2024,11,November,2,2,0,1
C01424,2025,6,June,3,3,0,1
C01424,2025,9,September,4,4,0,1
C01425,2024,11,November,1,0,1,0
C01425,2025,1,January,2,1,0,0
C01425,2025,2,February,3,1,0,0
C01425,2025,6,June,4,3,0,1
C01426,2025,6,June,1,2,0,1
C01426,2025,10,October,3,3,0,1
C01426,2025,11,November,5,4,0,1
C01427,2024,7,July,1,1,1,0
C01428,2024,7,July,1,1,1,0
C01428,2024,10,October,3,2,0,1
C01428,2025,1,January,4,4,0,1
C01428,2025,7,July,6,5,0,1
C01429,2024,8,August,1,1,1,0
C01429,2024,9,September,2,1,0,0
C01431,2025,2,February,1,1,1,0
C01432,2024,9,September,1,0,1,0
C01432,2024,10,October,2,0,0,0
C01432,2025,10,October,3,1,0,0
C01433,2025,1,January,1,1,1,0
C01433,2025,2,February,2,3,0,1
C01434,2025,3,March,1,1,1,0
C01434,2025,4,April,2,2,0,1
C01434,2025,7,July,3,3,0,1
C01434,2025,8,August,4,4,0,1
C01435,2024,8,August,1,1,1,0
C01435,2024,11,November,2,1,0,0
C01435,2025,7,July,3,1,0,0
C01435,2025,8,August,4,2,0,1
C01435,2025,10,October,5,3,0,1
C01436,2024,7,July,1,1,1,0
C01436,2024,10,October,2,1,0,0
C01436,2024,11,November,3,2,0,1
C01436,2025,1,January,4,3,0,1
C01436,2025,8,August,5,3,0,1
C01436,2025,12,December,6,3,0,1
C01437,2024,9,September,1,1,1,0
C01437,2024,11,November,2,1,0,0
C01437,2025,3,March,3,2,0,1
C01437,2025,6,June,4,3,0,1
C01437,2025,7,July,5,4,0,1
C01437,2025,9,September,6,5,0,1
C01437,2025,12,December,7,7,0,1
C01438,2025,2,February,1,1,1,0
C01438,2025,8,August,2,2,0,1
C01438,2025,12,December,3,3,0,1
C01439,2024,7,July,1,1,1,0
C01439,2025,2,February,2,2,0,1
C01439,2025,5,May,3,3,0,1
C01440,2024,8,August,1,1,1,0
C01440,2024,12,December,2,2,0,1
C01440,2025,2,February,3,3,0,1
C01440,2025,7,July,4,4,0,1
C01441,2024,7,July,1,2,0,1
C01441,2024,10,October,3,3,0,1
C01441,2025,2,February,4,4,0,1
C01441,2025,3,March,5,4,0,1
C01441,2025,5,May,6,5,0,1
C01441,2025,6,June,7,6,0,1
C01441,2025,9,September,8,7,0,1
C01441,2025,10,October,9,7,0,1
C01442,2025,11,November,1,1,1,0
C01443,2024,12,December,1,1,1,0
C01443,2025,2,February,2,2,0,1
C01443,2025,5,May,3,3,0,1
C01443,2025,9,September,4,4,0,1
C01444,2024,9,September,1,1,1,0
C01444,2024,10,October,2,2,0,1
C01444,2024,12,December,4,3,0,1
C01444,2025,6,June,5,4,0,1
C01444,2025,11,November,6,5,0,1
C01445,2024,7,July,1,1,1,0
C01445,2024,9,September,2,2,0,1
C01445,2024,11,November,3,5,0,1
C01445,2025,6,June,6,6,0,1
C01445,2025,9,September,7,8,0,1
C01445,2025,11,November,9,9,0,1
C01445,2025,12,December,10,10,0,1
C01446,2024,7,July,1,1,1,0
C01446,2024,8,August,2,2,0,1
C01446,2024,10,October,3,3,0,1
C01446,2025,5,May,4,5,0,1
C01446,2025,8,August,6,6,0,1
C01446,2025,9,September,7,8,0,1
C01446,2025,11,November,9,10,0,1
C01447,2024,10,October,1,1,1,0
C01447,2025,6,June,2,1,0,0
C01448,2024,8,August,1,1,1,0
C01448,2024,9,September,2,2,0,1
C01449,2024,11,November,1,1,1,0
C01449,2025,3,March,2,2,0,1
C01449,2025,7,July,3,3,0,1
C01450,2024,7,July,1,1,1,0
C01450,2024,8,August,2,2,0,1
C01450,2024,9,September,3,3,0,1
C01450,2024,11,November,4,4,0,1
C01450,2024,12,December,5,5,0,1
C01450,2025,2,February,6,6,0,1
C01450,2025,5,May,7,7,0,1
C01450,2025,7,July,8,9,0,1
C01450,2025,12,December,10,9,0,1
C01451,2025,5,May,1,1,1,0
C01451,2025,10,October,2,2,0,1
C01452,2025,11,November,1,2,0,1
C01452,2025,12,December,3,3,0,1
C01453,2024,7,July,1,1,1,0
C01453,2025,5,May,2,2,0,1
C01453,2025,10,October,3,3,0,1
C01455,2024,11,November,1,1,1,0
C01455,2025,5,May,2,2,0,1
C01455,2025,7,July,3,3,0,1
C01456,2024,8,August,1,1,1,0
C01456,2024,10,October,2,2,0,1
C01456,2025,6,June,3,3,0,1
C01456,2025,9,September,4,3,0,1
C01457,2025,2,February,1,2,0,1
C01457,2025,8,August,3,3,0,1
C01457,2025,10,October,4,4,0,1
C01457,2025,12,December,5,5,0,1
C01458,2025,1,January,1,0,1,0
C01458,2025,5,May,2,1,0,0
C01459,2024,7,July,1,1,1,0
C01459,2025,5,May,2,2,0,1
C01460,2024,7,July,1,1,1,0
C01460,2025,1,January,2,2,0,1
C01460,2025,2,February,3,3,0,1
C01460,2025,9,September,4,4,0,1
C01460,2025,10,October,5,5,0,1
C01460,2025,11,November,6,6,0,1
C01461,2024,10,October,1,0,1,0
C01461,2025,5,May,2,0,0,0
C01461,2025,6,June,3,1,0,0
C01462,2025,2,February,1,1,1,0
C01463,2024,7,July,1,1,1,0
C01463,2024,9,September,2,1,0,0
C01463,2024,10,October,3,2,0,1
C01463,2024,11,November,4,3,0,1
C01463,2024,12,December,5,4,0,1
C01463,2025,5,May,6,5,0,1
C01463,2025,8,August,7,6,0,1
C01463,2025,9,September,8,7,0,1
C01463,2025,12,December,9,8,0,1
C01464,2025,4,April,1,1,1,0
C01465,2024,9,September,1,1,1,0
C01465,2025,9,September,2,1,0,0
C01466,2025,4,April,1,1,1,0
C01466,2025,5,May,2,3,0,1
C01466,2025,9,September,4,5,0,1
C01467,2024,9,September,1,0,1,0
C01467,2024,10,October,2,1,0,0
C01467,2025,2,February,3,1,0,0
C01467,2025,4,April,4,1,0,0
C01468,2024,7,July,1,1,1,0
C01468,2024,10,October,2,1,0,0
C01468,2024,12,December,3,2,0,1
C01468,2025,1,January,4,3,0,1
C01468,2025,4,April,5,5,0,1
C01468,2025,5,May,7,5,0,1
C01468,2025,7,July,8,6,0,1
C01468,2025,11,November,9,7,0,1
C01469,2024,8,August,1,1,1,0
C01470,2024,9,September,1,1,1,0
C01470,2025,5,May,2,1,0,0
C01470,2025,6,June,3,2,0,1
C01470,2025,12,December,4,3,0,1
C01471,2024,9,September,1,1,1,0
C01471,2024,11,November,2,3,0,1
C01471,2025,5,May,4,4,0,1
C01471,2025,7,July,5,5,0,1
C01471,2025,9,September,6,5,0,1
C01472,2025,6,June,1,1,1,0
C01472,2025,9,September,2,2,0,1
C01472,2025,11,November,3,2,0,1
C01473,2024,10,October,1,1,1,0
C01473,2025,4,April,2,2,0,1
C01474,2024,8,August,1,1,1,0
C01474,2024,12,December,3,2,0,1
C01474,2025,6,June,4,3,0,1
C01474,2025,8,August,5,5,0,1
C01474,2025,10,October,7,6,0,1
C01475,2025,5,May,1,1,1,0
C01476,2024,10,October,1,0,1,0
C01476,2025,1,January,2,1,0,0
C01476,2025,10,October,3,2,0,1
C01477,2024,8,August,1,1,1,0
C01477,2024,11,November,2,2,0,1
C01477,2025,1,January,3,3,0,1
C01477,2025,5,May,4,4,0,1
C01477,2025,11,November,5,5,0,1
C01477,2025,12,December,6,6,0,1
C01478,2024,7,July,1,0,1,0
C01478,2024,9,September,2,1,0,0
C01478,2024,12,December,3,2,0,1
C01478,2025,4,April,4,4,0,1
C01478,2025,6,June,6,5,0,1
C01479,2025,1,January,1,1,1,0
C01479,2025,2,February,2,1,0,0
C01479,2025,7,July,3,2,0,1
C01479,2025,11,November,4,2,0,1
C01480,2024,7,July,1,1,1,0
C01480,2024,8,August,2,2,0,1
C01481,2024,10,October,1,1,1,0
C01481,2025,5,May,3,4,0,1
C01481,2025,7,July,6,6,0,1
C01481,2025,10,October,8,6,0,1
C01482,2025,2,February,1,1,1,0
C01482,2025,3,March,2,2,0,1
C01482,2025,7,July,3,3,0,1
C01482,2025,9,September,4,4,0,1
C01483,2025,10,October,1,1,1,0
C01484,2024,9,September,1,2,0,1
C01484,2025,3,March,4,2,0,1
C01484,2025,9,September,5,3,0,1
C01485,2024,11,November,1,1,1,0
C01485,2024,12,December,2,2,0,1
C01485,2025,1,January,3,3,0,1
C01485,2025,5,May,4,3,0,1
C01485,2025,12,December,5,4,0,1
C01486,2024,8,August,1,1,1,0
C01486,2025,7,July,2,2,0,1
C01487,2024,12,December,1,1,1,0
C01487,2025,3,March,2,2,0,1
C01487,2025,5,May,3,3,0,1
C01487,2025,6,June,4,5,0,1
C01487,2025,9,September,6,6,0,1
C01487,2025,10,October,7,6,0,1
C01488,2024,7,July,1,1,1,0
C01488,2024,8,August,2,2,0,1
C01488,2024,10,October,3,3,0,1
C01488,2025,1,January,4,4,0,1
C01488,2025,2,February,5,5,0,1
C01488,2025,6,June,6,5,0,1
C01488,2025,9,September,7,6,0,1
C01489,2024,7,July,1,1,1,0
C01489,2024,8,August,2,2,0,1
C01489,2025,11,November,3,2,0,1
C01490,2024,9,September,1,1,1,0
C01490,2024,10,October,2,1,0,0
C01490,2024,11,November,3,1,0,0
C01490,2025,1,January,4,1,0,0
C01490,2025,2,February,5,2,0,1
C01490,2025,6,June,6,3,0,1
C01490,2025,10,October,7,6,0,1
C01491,2024,10,October,1,1,1,0
C01491,2025,4,April,2,2,0,1
C01491,2025,5,May,3,3,0,1
C01492,2024,12,December,1,1,1,0
C01492,2025,3,March,2,2,0,1
C01492,2025,7,July,3,3,0,1
C01493,2024,10,October,1,1,1,0
C01493,2024,11,November,3,2,0,1
C01493,2025,1,January,4,3,0,1
C01493,2025,8,August,5,4,0,1
C01493,2025,9,September,6,5,0,1
C01493,2025,12,December,7,6,0,1
C01494,2025,4,April,1,1,1,0
C01494,2025,9,September,2,1,0,0
C01495,2024,10,October,1,3,0,1
C01495,2024,11,November,4,4,0,1
C01495,2024,12,December,5,5,0,1
C01495,2025,6,June,6,6,0,1
C01495,2025,8,August,7,7,0,1
C01496,2024,7,July,1,0,1,0
C01496,2025,9,September,2,1,0,0
C01496,2025,10,October,3,2,0,1
C01497,2025,10,October,1,1,1,0
C01497,2025,11,November,2,2,0,1
C01498,2024,8,August,1,1,1,0
C01498,2024,11,November,2,2,0,1
C01498,2025,8,August,3,3,0,1
C01499,2024,7,July,1,1,1,0
C01499,2024,8,August,2,2,0,1
C01499,2024,9,September,3,3,0,1
C01499,2024,10,October,4,4,0,1
C01499,2025,2,February,5,5,0,1
C01499,2025,7,July,6,6,0,1
C01499,2025,11,November,7,8,0,1
C01499,2025,12,December,10,8,0,1
C01500,2024,7,July,1,1,1,0
C01500,2024,12,December,2,2,0,1
C01500,2025,2,February,4,3,0,1
C01500,2025,3,March,5,4,0,1
C01500,2025,8,August,6,5,0,1
C01500,2025,10,October,7,6,0,1
C01500,2025,11,November,8,7,0,1
C01501,2024,10,October,1,1,1,0
C01501,2024,12,December,2,1,0,0
C01501,2025,12,December,3,2,0,1
C01502,2024,9,September,1,1,1,0
C01502,2025,4,April,2,1,0,0
C01502,2025,8,August,3,2,0,1
C01503,2024,9,September,1,1,1,0
C01503,2024,11,November,2,2,0,1
C01503,2025,3,March,3,2,0,1
C01503,2025,6,June,4,3,0,1
C01503,2025,8,August,5,4,0,1
C01503,2025,11,November,6,5,0,1
C01504,2024,8,August,1,1,1,0
C01504,2024,11,November,2,4,0,1
C01504,2025,6,June,5,4,0,1
C01504,2025,7,July,6,4,0,1
C01505,2024,7,July,1,0,1,0
C01505,2024,9,September,2,1,0,0
C01505,2025,2,February,3,3,0,1
C01506,2024,10,October,1,1,1,0
C01506,2025,6,June,2,2,0,1
C01506,2025,9,September,3,3,0,1
C01507,2024,8,August,1,1,1,0
C01507,2025,3,March,2,2,0,1
C01507,2025,6,June,3,3,0,1
C01508,2024,10,October,1,0,1,0
C01508,2024,12,December,2,1,0,0
C01508,2025,5,May,3,2,0,1
C01508,2025,7,July,4,3,0,1
C01509,2025,10,October,1,1,1,0
C01511,2024,11,November,1,0,1,0
C01512,2024,9,September,1,1,1,0
C01512,2024,11,November,2,2,0,1
C01512,2025,1,January,3,2,0,1
C01512,2025,7,July,4,3,0,1
C01512,2025,8,August,5,4,0,1
C01512,2025,12,December,6,5,0,1
C01513,2025,3,March,1,2,0,1
C01513,2025,6,June,3,2,0,1
C01514,2024,10,October,1,1,1,0
C01514,2025,9,September,2,2,0,1
C01515,2024,7,July,1,1,1,0
C01516,2025,12,December,1,1,1,0
C01517,2024,8,August,1,2,0,1
C01517,2025,2,February,3,3,0,1
C01517,2025,9,September,4,4,0,1
C01518,2024,7,July,1,1,1,0
C01518,2025,2,February,3,1,0,0
C01518,2025,4,April,4,1,0,0
C01518,2025,11,November,5,2,0,1
C01518,2025,12,December,6,3,0,1
C01519,2024,8,August,1,1,1,0
C01519,2024,10,October,2,3,0,1
C01519,2024,11,November,4,3,0,1
C01519,2025,3,March,5,3,0,1
C01519,2025,9,September,6,4,0,1
C01519,2025,11,November,7,6,0,1
C01519,2025,12,December,9,7,0,1
C01520,2024,12,December,1,0,1,0
C01521,2024,10,October,1,1,1,0
C01521,2025,1,January,2,2,0,1
C01521,2025,11,November,3,3,0,1
C01522,2024,10,October,1,0,1,0
C01522,2025,1,January,2,1,0,0
C01522,2025,3,March,3,2,0,1
C01522,2025,6,June,4,3,0,1
C01522,2025,11,November,5,4,0,1
C01523,2024,12,December,1,0,1,0
C01523,2025,7,July,2,1,0,0
C01523,2025,8,August,3,2,0,1
C01524,2024,12,December,1,1,1,0
C01524,2025,3,March,2,2,0,1
C01524,2025,5,May,3,3,0,1
C01524,2025,7,July,4,4,0,1
C01525,2024,10,October,1,1,1,0
C01526,2024,11,November,1,1,1,0
C01526,2025,8,August,2,2,0,1
C01526,2025,9,September,3,3,0,1
C01527,2024,9,September,1,1,1,0
C01527,2025,7,July,2,1,0,0
C01527,2025,8,August,3,2,0,1
C01528,2024,9,September,1,1,1,0
C01528,2025,1,January,2,2,0,1
C01528,2025,2,February,3,3,0,1
C01528,2025,6,June,4,4,0,1
C01528,2025,8,August,5,5,0,1
C01529,2024,7,July,1,0,1,0
C01529,2025,6,June,2,1,0,0
C01529,2025,8,August,3,2,0,1
C01529,2025,9,September,4,3,0,1
C01529,2025,10,October,5,4,0,1
C01530,2024,7,July,1,1,1,0
C01530,2024,11,November,2,1,0,0
C01530,2024,12,December,3,2,0,1
C01530,2025,9,September,4,3,0,1
C01531,2025,2,February,1,1,1,0
C01531,2025,5,May,2,1,0,0
C01531,2025,7,July,3,2,0,1
C01532,2024,8,August,1,1,1,0
C01532,2024,9,September,2,2,0,1
C01532,2025,12,December,3,3,0,1
C01533,2025,4,April,1,1,1,0
C01533,2025,7,July,2,2,0,1
C01534,2024,9,September,1,1,1,0
C01534,2024,11,November,2,3,0,1
C01534,2025,2,February,4,4,0,1
C01534,2025,9,September,5,6,0,1
C01534,2025,10,October,7,7,0,1
C01535,2024,9,September,1,1,1,0
C01535,2025,2,February,2,1,0,0
C01535,2025,3,March,3,2,0,1
C01535,2025,8,August,4,3,0,1
C01536,2024,10,October,1,1,1,0
C01536,2025,3,March,2,2,0,1
C01536,2025,5,May,3,3,0,1
C01536,2025,11,November,4,4,0,1
C01537,2025,8,August,1,1,1,0
C01537,2025,11,November,2,2,0,1
C01538,2024,8,August,1,2,0,1
C01538,2024,9,September,3,3,0,1
C01538,2025,1,January,4,4,0,1
C01538,2025,3,March,5,5,0,1
C01538,2025,4,April,6,6,0,1
C01538,2025,5,May,8,7,0,1
C01538,2025,7,July,10,7,0,1
C01538,2025,10,October,11,9,0,1
C01538,2025,12,December,13,11,0,1
C01539,2024,10,October,1,1,1,0
C01539,2025,2,February,2,2,0,1
C01539,2025,9,September,3,3,0,1
C01540,2024,9,September,1,2,0,1
C01540,2024,10,October,3,3,0,1
C01541,2024,8,August,1,1,1,0
C01541,2025,4,April,2,1,0,0
C01541,2025,8,August,3,3,0,1
C01541,2025,10,October,5,3,0,1
C01542,2025,2,February,1,0,1,0
C01543,2024,7,July,1,1,1,0
C01543,2024,11,November,2,2,0,1
C01543,2025,2,February,4,4,0,1
C01543,2025,7,July,7,6,0,1
C01543,2025,10,October,9,7,0,1
C01543,2025,11,November,10,8,0,1
C01543,2025,12,December,11,9,0,1
C01544,2025,5,May,1,0,1,0
C01544,2025,12,December,2,1,0,0
C01545,2025,7,July,1,0,1,0
C01545,2025,9,September,2,1,0,0
C01545,2025,10,October,3,2,0,1
C01546,2024,10,October,1,1,1,0
C01546,2024,12,December,2,1,0,0
C01546,2025,1,January,3,2,0,1
C01546,2025,2,February,4,3,0,1
C01546,2025,11,November,5,4,0,1
C01547,2024,7,July,1,1,1,0
C01547,2025,3,March,2,3,0,1
C01547,2025,8,August,4,4,0,1
C01547,2025,10,October,5,5,0,1
C01548,2024,11,November,1,1,1,0
C01548,2025,5,May,2,2,0,1
C01548,2025,6,June,3,3,0,1
C01548,2025,8,August,4,4,0,1
C01548,2025,9,September,5,5,0,1
C01548,2025,10,October,6,5,0,1
C01549,2024,8,August,1,1,1,0
C01549,2024,9,September,2,2,0,1
C01549,2024,11,November,3,3,0,1
C01549,2024,12,December,4,6,0,1
C01549,2025,1,January,7,7,0,1
C01549,2025,2,February,9,8,0,1
C01549,2025,5,May,10,9,0,1
C01549,2025,7,July,11,11,0,1
C01549,2025,10,October,14,12,0,1
C01549,2025,12,December,16,13,0,1
C01550,2025,3,March,1,1,1,0
C01550,2025,4,April,2,2,0,1
C01550,2025,8,August,3,3,0,1
C01551,2024,12,December,1,1,1,0
C01551,2025,4,April,2,2,0,1
C01551,2025,6,June,3,4,0,1
C01551,2025,10,October,5,5,0,1
C01552,2024,10,October,1,1,1,0
C01553,2025,1,January,1,1,1,0
C01553,2025,3,March,2,2,0,1
C01553,2025,7,July,3,3,0,1
C01554,2025,3,March,1,1,1,0
C01554,2025,5,May,2,2,0,1
C01554,2025,8,August,3,3,0,1
C01555,2024,11,November,1,1,1,0
C01555,2025,10,October,2,2,0,1
C01556,2025,9,September,1,1,1,0
C01557,2024,12,December,1,1,1,0
C01557,2025,3,March,2,2,0,1
C01557,2025,8,August,3,3,0,1
C01557,2025,10,October,4,4,0,1
C01558,2024,7,July,1,1,1,0
C01558,2024,11,November,3,3,0,1
C01558,2025,7,July,5,3,0,1
C01558,2025,8,August,6,4,0,1
C01558,2025,11,November,7,5,0,1
C01559,2025,6,June,1,0,1,0
C01560,2024,8,August,1,1,1,0
C01560,2025,1,January,2,2,0,1
C01560,2025,5,May,3,3,0,1
C01560,2025,6,June,4,3,0,1
C01561,2024,9,September,1,1,1,0
C01561,2025,5,May,2,2,0,1
C01562,2024,10,October,1,1,1,0
C01562,2025,1,January,2,2,0,1
C01563,2024,8,August,1,2,0,1
C01563,2025,8,August,3,2,0,1
C01564,2024,8,August,1,1,1,0
C01564,2025,5,May,2,2,0,1
C01564,2025,8,August,3,3,0,1
C01564,2025,11,November,4,4,0,1
C01564,2025,12,December,5,4,0,1
C01565,2024,8,August,1,1,1,0
C01565,2025,11,November,2,2,0,1
C01566,2024,9,September,1,1,1,0
C01566,2024,10,October,2,2,0,1
C01566,2024,12,December,4,3,0,1
C01566,2025,1,January,5,5,0,1
C01566,2025,2,February,7,6,0,1
C01566,2025,6,June,8,7,0,1
C01566,2025,9,September,9,8,0,1
C01567,2024,8,August,1,1,1,0
C01567,2024,11,November,2,2,0,1
C01567,2025,2,February,3,3,0,1
C01567,2025,4,April,4,3,0,1
C01567,2025,11,November,5,4,0,1
C01568,2024,11,November,1,1,1,0
C01568,2024,12,December,2,2,0,1
C01568,2025,6,June,3,3,0,1
C01569,2024,10,October,1,1,1,0
C01569,2025,5,May,2,2,0,1
C01569,2025,12,December,3,3,0,1
C01570,2024,7,July,1,1,1,0
C01570,2024,8,August,2,2,0,1
C01570,2024,10,October,3,3,0,1
C01570,2025,2,February,4,4,0,1
C01571,2024,7,July,1,1,1,0
C01572,2024,7,July,1,0,1,0
C01572,2024,9,September,2,2,0,1
C01572,2024,11,November,4,3,0,1
C01572,2024,12,December,5,4,0,1
C01572,2025,3,March,7,6,0,1
C01572,2025,5,May,9,8,0,1
C01572,2025,6,June,12,9,0,1
C01572,2025,8,August,13,10,0,1
C01572,2025,9,September,14,11,0,1
C01573,2024,9,September,1,1,1,0
C01573,2025,3,March,2,2,0,1
C01573,2025,6,June,3,3,0,1
C01573,2025,7,July,4,4,0,1
C01573,2025,9,September,5,5,0,1
C01574,2025,9,September,1,1,1,0
C01574,2025,12,December,2,1,0,0
C01575,2024,7,July,1,1,1,0
C01575,2024,11,November,2,2,0,1
C01575,2025,2,February,3,3,0,1
C01575,2025,6,June,4,4,0,1
C01575,2025,7,July,5,5,0,1
C01576,2024,8,August,1,1,1,0
C01576,2025,7,July,2,2,0,1
C01577,2024,8,August,1,1,1,0
C01577,2024,9,September,3,2,0,1
C01577,2024,11,November,4,3,0,1
C01577,2025,1,January,5,4,0,1
C01577,2025,5,May,6,5,0,1
C01577,2025,9,September,7,5,0,1
C01578,2025,5,May,1,0,1,0
C01578,2025,11,November,2,1,0,0
C01579,2025,2,February,1,1,1,0
C01579,2025,3,March,2,2,0,1
C01579,2025,4,April,3,3,0,1
C01579,2025,8,August,4,4,0,1
C01580,2024,8,August,1,1,1,0
C01580,2024,11,November,2,1,0,0
C01580,2025,2,February,3,2,0,1
C01580,2025,6,June,4,3,0,1
C01580,2025,9,September,5,4,0,1
C01580,2025,12,December,6,5,0,1
C01581,2024,7,July,1,2,0,1
C01581,2024,8,August,3,3,0,1
C01581,2024,9,September,4,4,0,1
C01581,2024,10,October,5,4,0,1
C01581,2025,1,January,6,5,0,1
C01581,2025,2,February,7,6,0,1
C01581,2025,10,October,8,7,0,1
C01583,2024,12,December,1,1,1,0
C01583,2025,8,August,3,2,0,1
C01583,2025,11,November,4,3,0,1
C01584,2025,2,February,1,1,1,0
C01584,2025,3,March,2,2,0,1
C01584,2025,5,May,3,3,0,1
C01584,2025,7,July,4,4,0,1
C01585,2024,7,July,1,1,1,0
C01585,2024,9,September,4,2,0,1
C01585,2024,10,October,5,3,0,1
C01585,2024,11,November,6,5,0,1
C01585,2025,4,April,8,6,0,1
C01585,2025,5,May,9,8,0,1
C01585,2025,6,June,11,10,0,1
C01585,2025,12,December,13,11,0,1
C01586,2025,10,October,1,1,1,0
C01587,2024,10,October,1,1,1,0
C01587,2024,11,November,2,2,0,1
C01587,2024,12,December,3,4,0,1
C01587,2025,10,October,5,4,0,1
C01588,2024,7,July,1,0,1,0
C01588,2024,12,December,2,1,0,0
C01588,2025,2,February,4,2,0,1
C01588,2025,3,March,5,3,0,1
C01588,2025,4,April,6,4,0,1
C01588,2025,6,June,7,5,0,1
C01588,2025,7,July,8,7,0,1
C01588,2025,9,September,10,7,0,1
C01589,2024,8,August,1,1,1,0
C01589,2024,9,September,2,1,0,0
C01589,2024,10,October,3,2,0,1
C01589,2025,5,May,4,4,0,1
C01589,2025,9,September,6,4,0,1
C01590,2024,7,July,1,1,1,0
C01590,2024,12,December,2,2,0,1
C01590,2025,7,July,3,3,0,1
C01591,2024,10,October,1,1,1,0
C01591,2025,1,January,2,2,0,1
C01591,2025,4,April,3,3,0,1
C01591,2025,11,November,4,4,0,1
C01591,2025,12,December,5,6,0,1
C01592,2025,3,March,1,1,1,0
C01592,2025,4,April,2,2,0,1
C01592,2025,6,June,3,3,0,1
C01592,2025,8,August,4,4,0,1
C01593,2024,7,July,1,1,1,0
C01593,2025,5,May,3,2,0,1
C01594,2024,7,July,1,1,1,0
C01594,2024,10,October,2,2,0,1
C01594,2025,2,February,3,2,0,1
C01594,2025,3,March,5,3,0,1
C01594,2025,4,April,6,4,0,1
C01594,2025,10,October,7,5,0,1
C01595,2024,10,October,1,1,1,0
C01596,2025,2,February,1,1,1,0
C01597,2024,7,July,1,1,1,0
C01597,2024,11,November,2,2,0,1
C01597,2024,12,December,3,3,0,1
C01597,2025,6,June,4,3,0,1
C01598,2024,10,October,1,1,1,0
C01598,2025,1,January,2,2,0,1
C01598,2025,3,March,3,3,0,1
C01598,2025,9,September,4,4,0,1
C01599,2024,9,September,1,0,1,0
C01599,2024,11,November,2,0,0,0
C01599,2025,2,February,3,1,0,0
C01599,2025,6,June,4,3,0,1
C01599,2025,9,September,6,4,0,1
C01600,2024,7,July,1,1,1,0
C01600,2025,2,February,2,2,0,1
C01600,2025,3,March,3,3,0,1
C01600,2025,11,November,4,3,0,1
C01601,2024,7,July,1,1,1,0
C01601,2025,8,August,2,2,0,1
C01602,2024,12,December,1,1,1,0
C01602,2025,3,March,2,2,0,1
C01602,2025,6,June,3,3,0,1
C01602,2025,7,July,4,3,0,1
C01602,2025,11,November,5,4,0,1
C01603,2024,8,August,1,0,1,0
C01603,2024,10,October,2,0,0,0
C01603,2025,8,August,3,1,0,0
C01603,2025,11,November,4,3,0,1
C01604,2025,1,January,1,1,1,0
C01604,2025,7,July,2,2,0,1
C01604,2025,9,September,3,3,0,1
C01604,2025,11,November,5,4,0,1
C01605,2025,2,February,1,1,1,0
C01605,2025,4,April,2,3,0,1
C01605,2025,5,May,4,4,0,1
C01605,2025,6,June,5,5,0,1
C01605,2025,9,September,6,6,0,1
C01605,2025,11,November,7,8,0,1
C01606,2024,8,August,1,0,1,0
C01606,2024,9,September,2,0,0,0
C01606,2024,10,October,3,1,0,0
C01607,2024,12,December,1,0,1,0
C01607,2025,2,February,2,1,0,0
C01607,2025,7,July,3,2,0,1
C01608,2024,12,December,1,1,1,0
C01608,2025,1,January,2,2,0,1
C01608,2025,5,May,3,3,0,1
C01609,2025,1,January,1,1,1,0
C01609,2025,6,June,2,1,0,0
C01609,2025,10,October,3,2,0,1
C01610,2025,2,February,1,1,1,0
C01610,2025,5,May,2,2,0,1
C01611,2024,8,August,1,1,1,0
C01611,2025,4,April,3,2,0,1
C01611,2025,5,May,4,3,0,1
C01611,2025,11,November,5,4,0,1
C01611,2025,12,December,6,4,0,1
C01612,2024,7,July,1,1,1,0
C01612,2025,3,March,2,1,0,0
C01613,2024,12,December,1,1,1,0
C01613,2025,11,November,2,1,0,0
C01614,2025,1,January,1,1,1,0
C01614,2025,4,April,2,1,0,0
C01614,2025,10,October,3,2,0,1
C01615,2025,7,July,1,2,0,1
C01615,2025,11,November,4,2,0,1
C01616,2024,10,October,1,1,1,0
C01616,2024,11,November,2,1,0,0
C01616,2025,1,January,3,2,0,1
C01616,2025,6,June,4,3,0,1
C01616,2025,9,September,5,4,0,1
C01617,2025,3,March,1,1,1,0
C01617,2025,4,April,2,2,0,1
C01617,2025,5,May,3,3,0,1
C01617,2025,10,October,4,4,0,1
C01618,2024,11,November,1,1,1,0
C01618,2025,2,February,2,1,0,0
C01618,2025,11,November,3,2,0,1
C01619,2024,8,August,1,0,1,0
C01619,2025,1,January,2,1,0,0
C01619,2025,3,March,3,2,0,1
C01619,2025,6,June,4,3,0,1
C01619,2025,7,July,5,3,0,1
C01619,2025,11,November,6,3,0,1
C01620,2024,8,August,1,0,1,0
C01620,2025,1,January,2,1,0,0
C01621,2025,5,May,1,1,1,0
C01621,2025,9,September,2,2,0,1
C01621,2025,11,November,3,3,0,1
C01621,2025,12,December,4,3,0,1
C01622,2024,7,July,1,0,1,0
C01623,2024,7,July,1,1,1,0
C01623,2024,9,September,2,2,0,1
C01623,2024,11,November,3,3,0,1
C01623,2025,1,January,4,4,0,1
C01623,2025,2,February,6,5,0,1
C01623,2025,3,March,7,6,0,1
C01623,2025,4,April,8,8,0,1
C01623,2025,7,July,10,9,0,1
C01624,2024,9,September,1,1,1,0
C01624,2024,12,December,2,2,0,1
C01624,2025,5,May,3,3,0,1
C01624,2025,6,June,4,4,0,1
C01625,2025,4,April,1,0,1,0
C01625,2025,10,October,2,0,0,0
C01626,2024,7,July,1,1,1,0
C01626,2024,8,August,2,1,0,0
C01626,2025,3,March,3,2,0,1
C01626,2025,5,May,4,3,0,1
C01626,2025,6,June,5,5,0,1
C01626,2025,9,September,7,6,0,1
C01627,2024,8,August,1,1,1,0
C01627,2024,11,November,2,2,0,1
C01627,2025,1,January,3,4,0,1
C01627,2025,2,February,5,5,0,1
C01627,2025,3,March,6,5,0,1
C01627,2025,12,December,7,6,0,1
C01628,2024,11,November,1,1,1,0
C01628,2024,12,December,2,1,0,0
C01628,2025,2,February,3,2,0,1
C01628,2025,3,March,4,3,0,1
C01628,2025,8,August,5,3,0,1
C01628,2025,10,October,6,4,0,1
C01628,2025,12,December,7,5,0,1
C01629,2024,9,September,1,1,1,0
C01629,2025,12,December,2,2,0,1
C01630,2025,8,August,1,0,1,0
C01631,2024,10,October,1,1,1,0
C01631,2024,12,December,2,2,0,1
C01633,2024,7,July,1,0,1,0
C01633,2025,1,January,2,1,0,0
C01633,2025,8,August,3,2,0,1
C01634,2024,12,December,1,1,1,0
C01634,2025,6,June,2,1,0,0
C01634,2025,8,August,3,2,0,1
C01634,2025,12,December,4,3,0,1
C01635,2024,8,August,1,0,1,0
C01635,2024,10,October,2,1,0,0
C01635,2024,11,November,3,2,0,1
C01635,2025,3,March,4,3,0,1
C01635,2025,5,May,5,4,0,1
C01635,2025,8,August,6,4,0,1
C01635,2025,11,November,7,5,0,1
C01636,2024,11,November,1,1,1,0
C01636,2025,3,March,3,1,0,0
C01636,2025,6,June,4,2,0,1
C01636,2025,8,August,5,4,0,1
C01637,2024,9,September,1,0,1,0
C01637,2024,10,October,2,1,0,0
C01637,2025,2,February,3,2,0,1
C01637,2025,8,August,4,3,0,1
C01637,2025,10,October,5,4,0,1
C01638,2025,3,March,1,1,1,0
C01638,2025,10,October,2,2,0,1
C01639,2024,11,November,1,0,1,0
C01639,2025,3,March,2,1,0,0
C01640,2024,7,July,1,1,1,0
C01640,2025,4,April,2,1,0,0
C01641,2025,3,March,1,1,1,0
C01641,2025,7,July,2,2,0,1
C01642,2024,9,September,1,1,1,0
C01642,2024,12,December,2,2,0,1
C01642,2025,4,April,3,3,0,1
C01642,2025,6,June,4,5,0,1
C01643,2024,7,July,1,1,1,0
C01643,2024,11,November,2,2,0,1
C01643,2024,12,December,3,3,0,1
C01643,2025,1,January,4,4,0,1
C01643,2025,6,June,6,5,0,1
C01643,2025,8,August,7,6,0,1
C01643,2025,9,September,8,7,0,1
C01643,2025,10,October,9,8,0,1
C01644,2024,8,August,1,3,0,1
C01644,2024,10,October,4,4,0,1
C01644,2024,12,December,5,6,0,1
C01644,2025,1,January,7,7,0,1
C01644,2025,8,August,8,8,0,1
C01644,2025,9,September,9,10,0,1
C01644,2025,11,November,11,11,0,1
C01645,2024,7,July,1,2,0,1
C01645,2024,9,September,3,3,0,1
C01645,2024,12,December,4,4,0,1
C01645,2025,11,November,5,5,0,1
C01646,2024,7,July,1,1,1,0
C01646,2024,8,August,2,2,0,1
C01646,2025,8,August,3,3,0,1
C01646,2025,9,September,4,3,0,1
C01647,2025,2,February,1,1,1,0
C01647,2025,9,September,2,3,0,1
C01647,2025,10,October,4,4,0,1
C01647,2025,12,December,5,5,0,1
C01648,2024,7,July,1,1,1,0
C01648,2024,9,September,2,2,0,1
C01648,2024,10,October,3,3,0,1
C01648,2024,12,December,4,4,0,1
C01648,2025,2,February,5,5,0,1
C01648,2025,3,March,6,6,0,1
C01648,2025,4,April,7,7,0,1
C01648,2025,6,June,8,8,0,1
C01648,2025,7,July,9,9,0,1
C01648,2025,10,October,10,10,0,1
C01649,2024,10,October,1,0,1,0
C01649,2025,5,May,2,0,0,0
C01649,2025,7,July,3,1,0,0
C01650,2024,10,October,1,1,1,0
C01650,2024,11,November,2,2,0,1
C01650,2024,12,December,3,3,0,1
C01651,2024,7,July,1,1,1,0
C01651,2025,2,February,2,2,0,1
C01651,2025,3,March,3,3,0,1
C01651,2025,7,July,4,4,0,1
C01651,2025,8,August,5,5,0,1
C01651,2025,10,October,6,6,0,1
C01653,2025,3,March,1,0,1,0
C01653,2025,11,November,2,1,0,0
C01654,2024,12,December,1,3,0,1
C01654,2025,3,March,4,4,0,1
C01654,2025,4,April,5,4,0,1
C01654,2025,5,May,6,5,0,1
C01654,2025,6,June,7,6,0,1
C01654,2025,10,October,8,7,0,1
C01654,2025,11,November,9,7,0,1
C01655,2024,9,September,1,1,1,0
C01655,2025,3,March,3,3,0,1
C01655,2025,7,July,5,4,0,1
C01656,2024,8,August,1,1,1,0
C01656,2025,1,January,2,2,0,1
C01657,2024,7,July,1,1,1,0
C01657,2024,11,November,2,2,0,1
C01657,2024,12,December,3,3,0,1
C01657,2025,5,May,4,4,0,1
C01657,2025,7,July,5,5,0,1
C01658,2024,7,July,1,2,0,1
C01658,2024,9,September,3,3,0,1
C01658,2024,12,December,4,4,0,1
C01658,2025,2,February,6,5,0,1
C01658,2025,7,July,7,6,0,1
C01658,2025,10,October,8,7,0,1
C01659,2024,11,November,1,1,1,0
C01659,2025,1,January,2,2,0,1
C01659,2025,4,April,3,3,0,1
C01659,2025,5,May,4,5,0,1
C01659,2025,9,September,6,6,0,1
C01659,2025,10,October,7,7,0,1
C01660,2024,8,August,1,1,1,0
C01660,2025,7,July,2,2,0,1
C01661,2024,11,November,1,1,1,0
C01661,2024,12,December,2,1,0,0
C01661,2025,1,January,3,2,0,1
C01661,2025,2,February,4,3,0,1
C01661,2025,3,March,5,4,0,1
C01661,2025,8,August,6,4,0,1
C01662,2024,8,August,1,1,1,0
C01662,2024,9,September,2,2,0,1
C01662,2024,10,October,3,3,0,1
C01662,2025,12,December,4,4,0,1
C01663,2024,11,November,1,1,1,0
C01663,2025,1,January,3,2,0,1
C01664,2024,12,December,1,1,1,0
C01664,2025,2,February,2,1,0,0
C01664,2025,4,April,3,2,0,1
C01664,2025,7,July,4,3,0,1
C01665,2025,2,February,1,0,1,0
C01665,2025,3,March,2,1,0,0
C01666,2024,11,November,1,1,1,0
C01666,2024,12,December,2,2,0,1
C01666,2025,7,July,3,3,0,1
C01667,2025,3,March,1,2,0,1
C01667,2025,5,May,3,3,0,1
C01668,2025,1,January,1,1,1,0
C01668,2025,2,February,2,3,0,1
C01668,2025,3,March,4,4,0,1
C01668,2025,6,June,5,4,0,1
C01669,2024,10,October,1,1,1,0
C01669,2025,1,January,2,2,0,1
C01669,2025,4,April,3,3,0,1
C01669,2025,7,July,4,3,0,1
C01669,2025,8,August,5,4,0,1
C01669,2025,9,September,6,4,0,1
C01669,2025,12,December,7,6,0,1
C01670,2024,9,September,1,1,1,0
C01670,2025,1,January,2,2,0,1
C01670,2025,7,July,3,3,0,1
C01671,2024,9,September,1,1,1,0
C01671,2025,6,June,2,2,0,1
C01671,2025,7,July,3,2,0,1
C01671,2025,10,October,4,3,0,1
C01672,2025,11,November,1,1,1,0
C01673,2024,12,December,1,1,1,0
C01673,2025,5,May,2,2,0,1
C01673,2025,10,October,3,3,0,1
C01673,2025,12,December,4,4,0,1
C01674,2024,8,August,1,2,0,1
C01675,2024,8,August,1,0,1,0
C01675,2024,9,September,2,1,0,0
C01675,2025,4,April,4,2,0,1
C01675,2025,7,July,5,4,0,1
C01675,2025,10,October,7,6,0,1
C01675,2025,12,December,10,6,0,1
C01676,2024,9,September,1,1,1,0
C01676,2024,11,November,2,1,0,0
C01676,2025,9,September,3,2,0,1
C01676,2025,10,October,4,4,0,1
C01677,2024,9,September,1,1,1,0
C01677,2025,1,January,3,2,0,1
C01677,2025,4,April,4,3,0,1
C01678,2025,3,March,1,1,1,0
C01679,2024,7,July,1,1,1,0
C01679,2024,10,October,2,2,0,1
C01679,2024,11,November,3,3,0,1
C01679,2024,12,December,4,4,0,1
C01679,2025,3,March,5,5,0,1
C01679,2025,6,June,6,6,0,1
C01679,2025,8,August,7,7,0,1
C01680,2024,7,July,1,1,1,0
C01680,2025,2,February,2,2,0,1
C01680,2025,3,March,3,2,0,1
C01680,2025,5,May,4,3,0,1
C01681,2024,11,November,1,1,1,0
C01681,2025,8,August,2,2,0,1
C01682,2025,9,September,1,1,1,0
C01684,2025,1,January,1,1,1,0
C01684,2025,11,November,2,3,0,1
C01685,2025,7,July,1,1,1,0
C01685,2025,8,August,2,2,0,1
C01685,2025,11,November,3,3,0,1
C01686,2025,2,February,1,1,1,0
C01686,2025,3,March,2,2,0,1
C01686,2025,5,May,4,3,0,1
C01686,2025,12,December,5,4,0,1
C01687,2024,8,August,1,1,1,0
C01687,2024,12,December,2,2,0,1
C01687,2025,7,July,3,3,0,1
C01688,2024,8,August,1,1,1,0
C01688,2024,11,November,2,2,0,1
C01688,2025,6,June,3,3,0,1
C01688,2025,12,December,4,4,0,1
C01689,2024,8,August,1,0,1,0
C01689,2025,3,March,2,1,0,0
C01690,2024,7,July,1,0,1,0
C01690,2024,8,August,2,1,0,0
C01690,2024,10,October,3,2,0,1
C01690,2024,11,November,4,3,0,1
C01690,2025,2,February,5,4,0,1
C01690,2025,7,July,6,5,0,1
C01690,2025,10,October,7,6,0,1
C01690,2025,12,December,8,6,0,1
C01691,2024,11,November,1,2,0,1
C01691,2025,4,April,3,3,0,1
C01691,2025,10,October,4,4,0,1
C01691,2025,11,November,5,5,0,1
C01692,2024,7,July,1,1,1,0
C01692,2025,4,April,2,3,0,1
C01692,2025,7,July,4,4,0,1
C01693,2024,8,August,1,1,1,0
C01693,2024,10,October,2,2,0,1
C01693,2024,12,December,3,3,0,1
C01693,2025,1,January,4,4,0,1
C01693,2025,4,April,6,5,0,1
C01693,2025,9,September,7,7,0,1
C01695,2024,8,August,1,1,1,0
C01695,2025,2,February,2,2,0,1
C01696,2024,12,December,1,1,1,0
C01696,2025,2,February,2,2,0,1
C01697,2025,8,August,1,1,1,0
C01698,2024,9,September,1,1,1,0
C01698,2025,2,February,2,2,0,1
C01699,2025,9,September,1,1,1,0
C01700,2024,7,July,1,1,1,0
C01700,2024,9,September,2,2,0,1
C01700,2025,6,June,4,3,0,1
C01700,2025,10,October,5,4,0,1
C01700,2025,12,December,6,5,0,1
C01701,2025,11,November,1,1,1,0
C01702,2024,7,July,1,1,1,0
C01702,2025,1,January,2,2,0,1
C01702,2025,8,August,3,2,0,1
C01703,2024,10,October,1,0,1,0
C01703,2025,5,May,2,1,0,0
C01704,2024,11,November,1,1,1,0
C01706,2024,12,December,1,1,1,0
C01706,2025,1,January,2,2,0,1
C01706,2025,6,June,3,3,0,1
C01706,2025,9,September,4,4,0,1
C01706,2025,11,November,5,5,0,1
C01708,2025,1,January,1,1,1,0
C01708,2025,7,July,2,2,0,1
C01708,2025,8,August,3,4,0,1
C01708,2025,10,October,5,5,0,1
C01708,2025,11,November,6,6,0,1
C01709,2025,6,June,1,1,1,0
C01709,2025,9,September,2,3,0,1
C01710,2024,8,August,1,1,1,0
C01710,2024,9,September,2,1,0,0
C01710,2025,2,February,3,3,0,1
C01710,2025,5,May,5,3,0,1
C01710,2025,6,June,6,4,0,1
C01710,2025,7,July,7,5,0,1
C01711,2025,2,February,1,1,1,0
C01711,2025,3,March,2,2,0,1
C01711,2025,6,June,3,3,0,1
C01711,2025,10,October,4,4,0,1
C01712,2024,7,July,1,1,1,0
C01712,2024,8,August,2,3,0,1
C01712,2025,1,January,4,5,0,1
C01712,2025,3,March,6,6,0,1
C01712,2025,4,April,7,7,0,1
C01712,2025,7,July,8,8,0,1
C01712,2025,11,November,10,9,0,1
C01712,2025,12,December,11,10,0,1
C01713,2024,9,September,1,1,1,0
C01713,2025,5,May,2,2,0,1
C01713,2025,7,July,3,2,0,1
C01714,2024,10,October,1,0,1,0
C01714,2025,7,July,2,1,0,0
C01714,2025,8,August,3,2,0,1
C01715,2024,8,August,1,1,1,0
C01716,2025,4,April,1,1,1,0
C01716,2025,5,May,2,2,0,1
C01716,2025,8,August,3,3,0,1
C01717,2024,8,August,1,1,1,0
C01717,2024,12,December,2,2,0,1
C01717,2025,6,June,3,2,0,1
C01718,2024,7,July,1,1,1,0
C01718,2024,10,October,2,2,0,1
C01718,2025,9,September,3,2,0,1
C01718,2025,12,December,4,3,0,1
C01719,2024,8,August,1,1,1,0
C01719,2024,9,September,2,2,0,1
C01720,2025,2,February,1,1,1,0
C01720,2025,7,July,2,2,0,1
C01720,2025,8,August,3,3,0,1
C01720,2025,9,September,4,4,0,1
C01721,2024,7,July,1,1,1,0
C01721,2024,8,August,2,2,0,1
C01721,2024,10,October,3,3,0,1
C01721,2025,1,January,4,4,0,1
C01721,2025,2,February,5,5,0,1
C01721,2025,3,March,6,6,0,1
C01721,2025,4,April,7,7,0,1
C01721,2025,6,June,8,8,0,1
C01722,2025,2,February,1,0,1,0
C01722,2025,3,March,2,1,0,0
C01722,2025,4,April,3,2,0,1
C01723,2025,4,April,1,1,1,0
C01723,2025,6,June,2,2,0,1
C01724,2024,11,November,1,1,1,0
C01724,2025,4,April,2,2,0,1
C01724,2025,8,August,3,3,0,1
C01725,2024,8,August,1,1,1,0
C01725,2024,9,September,2,2,0,1
C01725,2024,11,November,4,2,0,1
C01725,2025,1,January,5,3,0,1
C01725,2025,3,March,6,4,0,1
C01725,2025,5,May,7,5,0,1
C01725,2025,6,June,8,7,0,1
C01725,2025,9,September,11,9,0,1
C01726,2024,9,September,1,1,1,0
C01726,2024,10,October,2,2,0,1
C01726,2024,12,December,3,2,0,1
C01726,2025,10,October,4,3,0,1
C01726,2025,11,November,5,4,0,1
C01727,2024,12,December,1,1,1,0
C01727,2025,2,February,2,3,0,1
C01727,2025,4,April,4,4,0,1
C01727,2025,6,June,5,5,0,1
C01728,2025,2,February,1,0,1,0
C01728,2025,12,December,2,0,0,0
C01729,2024,8,August,1,1,1,0
C01729,2024,10,October,2,2,0,1
C01729,2025,3,March,3,3,0,1
C01729,2025,11,November,4,4,0,1
C01730,2024,8,August,1,1,1,0
C01730,2024,12,December,2,2,0,1
C01730,2025,2,February,3,3,0,1
C01730,2025,4,April,4,3,0,1
C01730,2025,10,October,5,5,0,1
C01730,2025,12,December,7,5,0,1
C01731,2024,7,July,1,0,1,0
C01731,2025,1,January,2,1,0,0
C01731,2025,5,May,3,2,0,1
C01731,2025,9,September,4,3,0,1
C01731,2025,11,November,5,4,0,1
C01732,2024,11,November,1,1,1,0
C01732,2024,12,December,2,2,0,1
C01732,2025,4,April,3,3,0,1
C01733,2024,7,July,1,1,1,0
C01733,2025,8,August,2,2,0,1
C01733,2025,9,September,3,3,0,1
C01733,2025,10,October,4,4,0,1
C01734,2024,9,September,1,0,1,0
C01734,2024,11,November,2,1,0,0
C01734,2024,12,December,3,2,0,1
C01734,2025,1,January,6,3,0,1
C01734,2025,3,March,7,4,0,1
C01734,2025,4,April,8,4,0,1
C01734,2025,8,August,9,5,0,1
C01734,2025,10,October,10,6,0,1
C01734,2025,11,November,12,7,0,1
C01735,2025,1,January,1,1,1,0
C01736,2024,11,November,1,2,0,1
C01736,2025,2,February,3,3,0,1
C01737,2024,7,July,1,1,1,0
C01737,2024,8,August,2,2,0,1
C01737,2025,2,February,3,2,0,1
C01737,2025,4,April,4,3,0,1
C01737,2025,5,May,5,4,0,1
C01737,2025,9,September,6,4,0,1
C01737,2025,10,October,7,4,0,1
C01737,2025,12,December,8,5,0,1
C01738,2024,9,September,1,1,1,0
C01738,2025,1,January,2,2,0,1
C01739,2024,7,July,1,0,1,0
C01740,2024,9,September,1,1,1,0
C01740,2025,3,March,2,2,0,1
C01740,2025,6,June,3,2,0,1
C01740,2025,7,July,4,2,0,1
C01740,2025,12,December,5,2,0,1
C01741,2025,6,June,1,1,1,0
C01741,2025,8,August,2,1,0,0
C01742,2024,7,July,1,1,1,0
C01742,2024,8,August,2,1,0,0
C01742,2025,7,July,3,3,0,1
C01743,2025,7,July,1,1,1,0
C01743,2025,11,November,2,2,0,1
C01744,2024,10,October,1,1,1,0
C01744,2024,11,November,2,3,0,1
C01744,2024,12,December,4,4,0,1
C01744,2025,7,July,5,5,0,1
C01744,2025,11,November,6,7,0,1
C01745,2025,3,March,1,1,1,0
C01745,2025,9,September,2,2,0,1
C01746,2024,8,August,1,1,1,0
C01746,2025,4,April,2,2,0,1
C01746,2025,6,June,3,3,0,1
C01746,2025,12,December,4,4,0,1
C01747,2024,8,August,1,1,1,0
C01747,2024,11,November,2,3,0,1
C01747,2024,12,December,4,4,0,1
C01747,2025,10,October,6,4,0,1
C01748,2024,9,September,1,2,0,1
C01748,2024,11,November,3,3,0,1
C01748,2025,3,March,4,4,0,1
C01748,2025,6,June,5,4,0,1
C01748,2025,7,July,6,5,0,1
C01748,2025,8,August,7,6,0,1
C01748,2025,12,December,8,8,0,1
C01749,2024,7,July,1,0,1,0
C01749,2024,10,October,2,0,0,0
C01749,2024,12,December,3,1,0,0
C01750,2024,7,July,1,1,1,0
C01750,2025,5,May,2,2,0,1
C01751,2024,10,October,1,1,1,0
C01751,2024,12,December,2,2,0,1
C01751,2025,1,January,3,2,0,1
C01751,2025,4,April,4,5,0,1
C01751,2025,9,September,7,6,0,1
C01751,2025,11,November,8,7,0,1
C01752,2024,9,September,1,1,1,0
C01752,2024,10,October,2,2,0,1
C01752,2024,11,November,3,3,0,1
C01752,2025,2,February,4,4,0,1
C01752,2025,3,March,5,5,0,1
C01752,2025,4,April,6,6,0,1
C01752,2025,8,August,7,6,0,1
C01753,2024,8,August,1,1,1,0
C01753,2025,8,August,2,2,0,1
C01753,2025,12,December,3,3,0,1
C01754,2024,9,September,1,1,1,0
C01754,2025,10,October,2,2,0,1
C01755,2025,5,May,1,0,1,0
C01755,2025,10,October,2,1,0,0
C01756,2025,5,May,1,2,0,1
C01757,2024,12,December,1,1,1,0
C01757,2025,2,February,2,2,0,1
C01757,2025,3,March,3,3,0,1
C01757,2025,6,June,4,5,0,1
C01757,2025,10,October,6,6,0,1
C01758,2024,10,October,1,1,1,0
C01758,2025,1,January,2,2,0,1
C01758,2025,11,November,3,2,0,1
C01759,2025,3,March,1,1,1,0
C01759,2025,7,July,2,3,0,1
C01759,2025,9,September,4,4,0,1
C01759,2025,10,October,5,5,0,1
C01759,2025,11,November,6,6,0,1
C01760,2024,10,October,1,0,1,0
C01760,2025,2,February,2,1,0,0
C01761,2024,8,August,1,0,1,0
C01761,2024,12,December,2,2,0,1
C01762,2024,9,September,1,0,1,0
C01762,2024,10,October,2,2,0,1
C01762,2024,11,November,4,3,0,1
C01762,2025,2,February,5,4,0,1
C01762,2025,3,March,6,4,0,1
C01762,2025,6,June,7,5,0,1
C01763,2024,9,September,1,1,1,0
C01763,2024,12,December,2,2,0,1
C01763,2025,1,January,3,3,0,1
C01763,2025,6,June,4,4,0,1
C01763,2025,12,December,5,5,0,1
C01764,2024,7,July,1,2,0,1
C01764,2024,8,August,3,3,0,1
C01764,2024,12,December,4,4,0,1
C01764,2025,4,April,5,5,0,1
C01764,2025,5,May,6,6,0,1
C01764,2025,6,June,7,6,0,1
C01764,2025,9,September,8,7,0,1
C01765,2024,10,October,1,1,1,0
C01765,2024,11,November,2,2,0,1
C01765,2024,12,December,3,2,0,1
C01765,2025,3,March,4,3,0,1
C01765,2025,8,August,5,4,0,1
C01766,2024,12,December,1,1,1,0
C01766,2025,11,November,2,1,0,0
C01767,2025,2,February,1,1,1,0
C01767,2025,5,May,2,2,0,1
C01769,2024,9,September,1,1,1,0
C01769,2025,5,May,2,1,0,0
C01769,2025,6,June,3,2,0,1
C01769,2025,7,July,4,3,0,1
C01769,2025,10,October,5,4,0,1
C01769,2025,11,November,6,5,0,1
C01770,2024,8,August,1,1,1,0
C01770,2025,6,June,2,2,0,1
C01770,2025,9,September,3,3,0,1
C01771,2024,10,October,1,1,1,0
C01771,2025,5,May,2,2,0,1
C01772,2024,7,July,1,0,1,0
C01772,2024,9,September,2,0,0,0
C01772,2025,11,November,3,1,0,0
C01772,2025,12,December,4,2,0,1
C01773,2024,7,July,1,1,1,0
C01773,2024,8,August,2,2,0,1
C01773,2024,10,October,3,3,0,1
C01773,2024,12,December,4,4,0,1
C01774,2024,11,November,1,1,1,0
C01774,2025,1,January,2,2,0,1
C01774,2025,5,May,3,3,0,1
C01774,2025,11,November,4,4,0,1
C01775,2024,12,December,1,1,1,0
C01776,2024,8,August,1,0,1,0
C01776,2025,4,April,2,1,0,0
C01776,2025,8,August,3,1,0,0
C01777,2024,10,October,1,0,1,0
C01777,2025,3,March,2,1,0,0
C01777,2025,10,October,3,2,0,1
C01778,2024,7,July,1,1,1,0
C01778,2024,10,October,2,2,0,1
C01778,2025,1,January,3,4,0,1
C01778,2025,4,April,5,5,0,1
C01778,2025,6,June,6,6,0,1
C01779,2024,8,August,1,1,1,0
C01779,2024,10,October,2,2,0,1
C01780,2024,10,October,1,1,1,0
C01780,2025,6,June,2,2,0,1
C01780,2025,9,September,3,3,0,1
C01780,2025,10,October,4,4,0,1
C01781,2025,5,May,1,0,1,0
C01781,2025,6,June,2,1,0,0
C01781,2025,9,September,4,2,0,1
C01781,2025,11,November,5,3,0,1
C01782,2024,10,October,1,1,1,0
C01782,2025,1,January,2,2,0,1
C01782,2025,6,June,3,3,0,1
C01782,2025,9,September,4,4,0,1
C01783,2024,8,August,1,1,1,0
C01783,2025,5,May,2,2,0,1
C01783,2025,10,October,3,4,0,1
C01784,2024,8,August,1,0,1,0
C01784,2025,7,July,2,0,0,0
C01785,2024,10,October,1,1,1,0
C01785,2024,11,November,2,2,0,1
C01785,2025,1,January,3,3,0,1
C01785,2025,10,October,4,4,0,1
C01786,2024,12,December,1,1,1,0
C01786,2025,4,April,2,2,0,1
C01786,2025,7,July,3,3,0,1
C01786,2025,8,August,4,4,0,1
C01786,2025,10,October,5,5,0,1
C01788,2025,12,December,1,2,0,1
C01789,2024,11,November,1,0,1,0
C01789,2025,6,June,2,1,0,0
C01789,2025,8,August,3,2,0,1
C01790,2024,10,October,1,2,0,1
C01790,2025,11,November,3,2,0,1
C01791,2025,6,June,1,1,1,0
C01792,2024,7,July,1,1,1,0
C01792,2024,9,September,2,2,0,1
C01792,2025,4,April,3,2,0,1
C01792,2025,8,August,4,3,0,1
C01792,2025,9,September,6,4,0,1
C01793,2025,4,April,1,0,1,0
C01793,2025,10,October,2,2,0,1
C01794,2024,10,October,1,1,1,0
C01794,2024,11,November,2,2,0,1
C01794,2025,1,January,3,2,0,1
C01794,2025,3,March,4,2,0,1
C01794,2025,4,April,5,2,0,1
C01794,2025,8,August,6,3,0,1
C01795,2024,9,September,1,1,1,0
C01795,2025,2,February,2,2,0,1
C01795,2025,8,August,3,3,0,1
C01796,2024,11,November,1,0,1,0
C01796,2025,2,February,2,1,0,0
C01796,2025,7,July,3,2,0,1
C01796,2025,8,August,4,4,0,1
C01797,2025,7,July,1,1,1,0
C01797,2025,8,August,2,2,0,1
C01797,2025,9,September,3,2,0,1
C01798,2024,11,November,1,1,1,0
C01799,2024,10,October,1,1,1,0
C01799,2024,12,December,2,2,0,1
C01799,2025,1,January,3,3,0,1
C01799,2025,3,March,4,3,0,1
C01799,2025,12,December,5,4,0,1
C01800,2025,5,May,1,1,1,0
C01802,2024,9,September,1,1,1,0
C01802,2024,11,November,2,2,0,1
C01802,2025,2,February,3,4,0,1
C01802,2025,4,April,5,5,0,1
C01802,2025,5,May,6,6,0,1
C01803,2024,7,July,1,1,1,0
C01803,2024,8,August,2,2,0,1
C01803,2024,9,September,3,3,0,1
C01803,2024,12,December,4,4,0,1
C01803,2025,1,January,5,5,0,1
C01803,2025,4,April,6,6,0,1
C01803,2025,6,June,7,7,0,1
C01803,2025,10,October,8,8,0,1
C01803,2025,11,November,9,9,0,1
C01804,2024,9,September,1,0,1,0
C01804,2025,9,September,2,1,0,0
C01805,2024,8,August,1,1,1,0
C01805,2024,10,October,3,2,0,1
C01805,2025,3,March,4,3,0,1
C01805,2025,10,October,5,4,0,1
C01805,2025,12,December,6,5,0,1
C01806,2024,7,July,1,1,1,0
C01806,2024,8,August,2,2,0,1
C01806,2024,11,November,3,3,0,1
C01806,2025,3,March,4,4,0,1
C01806,2025,4,April,5,5,0,1
C01806,2025,5,May,6,6,0,1
C01806,2025,12,December,7,7,0,1
C01807,2024,7,July,1,0,1,0
C01807,2025,10,October,2,1,0,0
C01808,2024,7,July,1,1,1,0
C01808,2024,8,August,2,2,0,1
C01808,2024,11,November,4,3,0,1
C01808,2025,4,April,5,4,0,1
C01808,2025,5,May,6,5,0,1
C01808,2025,7,July,7,6,0,1
C01809,2024,8,August,1,1,1,0
C01809,2025,4,April,2,2,0,1
C01810,2025,6,June,1,1,1,0
C01810,2025,8,August,2,2,0,1
C01811,2025,3,March,1,1,1,0
C01811,2025,6,June,2,2,0,1
C01811,2025,7,July,3,3,0,1
C01813,2024,8,August,1,1,1,0
C01813,2024,10,October,2,2,0,1
C01813,2025,12,December,3,3,0,1
C01814,2025,2,February,1,1,1,0
C01814,2025,5,May,2,2,0,1
C01815,2024,8,August,1,1,1,0
C01815,2024,9,September,2,2,0,1
C01815,2024,10,October,3,3,0,1
C01815,2024,11,November,4,4,0,1
C01815,2025,1,January,5,5,0,1
C01815,2025,2,February,6,6,0,1
C01815,2025,4,April,7,7,0,1
C01815,2025,5,May,8,8,0,1
C01815,2025,7,July,9,9,0,1
C01816,2024,8,August,1,1,1,0
C01816,2024,11,November,2,2,0,1
C01816,2025,3,March,3,3,0,1
C01817,2024,9,September,1,1,1,0
C01817,2024,11,November,2,2,0,1
C01817,2025,2,February,3,3,0,1
C01817,2025,7,July,4,4,0,1
C01817,2025,8,August,5,5,0,1
C01817,2025,9,September,6,5,0,1
C01818,2024,8,August,1,1,1,0
C01818,2025,5,May,2,1,0,0
C01819,2024,8,August,1,1,1,0
C01819,2025,6,June,2,2,0,1
C01819,2025,9,September,3,3,0,1
C01819,2025,11,November,4,4,0,1
C01820,2024,7,July,1,1,1,0
C01820,2024,10,October,2,1,0,0
C01820,2024,11,November,3,2,0,1
C01821,2025,5,May,1,1,1,0
C01821,2025,11,November,2,2,0,1
C01822,2024,8,August,1,1,1,0
C01822,2025,2,February,2,2,0,1
C01822,2025,4,April,3,3,0,1
C01822,2025,8,August,4,4,0,1
C01822,2025,11,November,5,4,0,1
C01823,2024,8,August,1,1,1,0
C01823,2024,11,November,2,4,0,1
C01823,2025,2,February,5,5,0,1
C01823,2025,5,May,6,6,0,1
C01823,2025,9,September,7,7,0,1
C01823,2025,10,October,8,8,0,1
C01823,2025,12,December,9,10,0,1
C01824,2025,11,November,1,1,1,0
C01825,2024,10,October,1,1,1,0
C01825,2025,7,July,2,2,0,1
C01825,2025,10,October,3,3,0,1
C01826,2025,3,March,1,1,1,0
C01826,2025,5,May,2,1,0,0
C01826,2025,10,October,3,2,0,1
C01826,2025,12,December,4,2,0,1
C01828,2024,8,August,1,0,1,0
C01829,2024,8,August,1,1,1,0
C01829,2024,9,September,2,2,0,1
C01829,2024,12,December,3,3,0,1
C01829,2025,2,February,4,4,0,1
C01829,2025,7,July,5,5,0,1
C01829,2025,11,November,6,6,0,1
C01830,2025,4,April,1,1,1,0
C01830,2025,7,July,2,2,0,1
C01830,2025,12,December,3,2,0,1
C01831,2024,10,October,1,0,1,0
C01831,2025,1,January,2,1,0,0
C01831,2025,4,April,3,2,0,1
C01831,2025,6,June,4,4,0,1
C01831,2025,7,July,6,5,0,1
C01831,2025,11,November,7,6,0,1
C01832,2024,8,August,1,0,1,0
C01832,2025,6,June,2,0,0,0
C01832,2025,8,August,3,1,0,0
C01832,2025,11,November,4,2,0,1
C01833,2024,8,August,1,1,1,0
C01833,2024,10,October,2,2,0,1
C01833,2024,12,December,4,3,0,1
C01833,2025,9,September,5,4,0,1
C01833,2025,10,October,6,5,0,1
C01833,2025,12,December,7,6,0,1
C01834,2024,9,September,1,2,0,1
C01834,2024,10,October,3,3,0,1
C01834,2025,1,January,4,4,0,1
C01834,2025,7,July,5,6,0,1
C01834,2025,9,September,7,7,0,1
C01835,2024,10,October,1,1,1,0
C01835,2025,2,February,2,2,0,1
C01835,2025,4,April,3,3,0,1
C01835,2025,6,June,4,4,0,1
C01835,2025,7,July,5,5,0,1
C01836,2025,6,June,1,1,1,0
C01837,2024,9,September,1,1,1,0
C01837,2024,11,November,2,2,0,1
C01837,2025,4,April,3,3,0,1
C01838,2024,7,July,1,1,1,0
C01838,2025,3,March,2,2,0,1
C01838,2025,4,April,3,2,0,1
C01838,2025,11,November,4,3,0,1
C01839,2024,8,August,1,1,1,0
C01839,2025,5,May,2,2,0,1
C01840,2024,12,December,1,1,1,0
C01840,2025,1,January,2,2,0,1
C01840,2025,2,February,3,3,0,1
C01840,2025,8,August,4,4,0,1
C01841,2024,8,August,1,1,1,0
C01841,2024,10,October,2,2,0,1
C01841,2025,6,June,3,3,0,1
C01841,2025,7,July,4,4,0,1
C01842,2024,11,November,1,0,1,0
C01842,2025,2,February,2,0,0,0
C01842,2025,12,December,3,1,0,0
C01843,2024,7,July,1,1,1,0
C01843,2024,8,August,2,2,0,1
C01843,2025,1,January,3,2,0,1
C01843,2025,11,November,4,3,0,1
C01845,2024,9,September,1,1,1,0
C01845,2025,2,February,2,2,0,1
C01845,2025,8,August,3,2,0,1
C01845,2025,9,September,4,2,0,1
C01845,2025,12,December,5,2,0,1
C01847,2024,9,September,1,1,1,0
C01847,2024,12,December,2,2,0,1
C01847,2025,2,February,3,4,0,1
C01847,2025,4,April,5,5,0,1
C01847,2025,5,May,6,5,0,1
C01847,2025,7,July,7,6,0,1
C01847,2025,8,August,8,7,0,1
C01847,2025,9,September,9,8,0,1
C01848,2024,7,July,1,2,0,1
C01848,2024,9,September,3,3,0,1
C01848,2024,10,October,4,5,0,1
C01848,2024,12,December,6,6,0,1
C01848,2025,8,August,7,8,0,1
C01848,2025,9,September,9,9,0,1
C01850,2025,2,February,1,1,1,0
C01850,2025,6,June,2,2,0,1
C01850,2025,7,July,3,3,0,1
C01850,2025,8,August,4,3,0,1
C01850,2025,12,December,5,3,0,1
C01851,2024,9,September,1,1,1,0
C01851,2025,3,March,3,2,0,1
C01851,2025,7,July,4,3,0,1
C01852,2024,12,December,1,0,1,0
C01852,2025,6,June,2,0,0,0
C01852,2025,10,October,3,1,0,0
C01853,2024,12,December,1,0,1,0
C01853,2025,2,February,2,1,0,0
C01853,2025,4,April,3,1,0,0
C01854,2024,8,August,1,0,1,0
C01854,2024,10,October,2,1,0,0
C01854,2024,12,December,3,1,0,0
C01854,2025,2,February,4,1,0,0
C01854,2025,7,July,5,2,0,1
C01855,2024,12,December,1,1,1,0
C01855,2025,8,August,2,2,0,1
C01856,2025,4,April,1,1,1,0
C01856,2025,11,November,2,1,0,0
C01857,2025,1,January,1,1,1,0
C01857,2025,3,March,2,3,0,1
C01857,2025,7,July,4,4,0,1
C01857,2025,8,August,5,5,0,1
C01857,2025,11,November,7,6,0,1
C01858,2024,10,October,1,0,1,0
C01858,2025,6,June,2,1,0,0
C01858,2025,9,September,3,1,0,0
C01860,2025,1,January,1,1,1,0
C01860,2025,5,May,2,1,0,0
C01860,2025,9,September,3,3,0,1
C01861,2024,10,October,1,1,1,0
C01861,2025,5,May,2,2,0,1
C01862,2025,2,February,1,1,1,0
C01862,2025,3,March,2,2,0,1
C01862,2025,4,April,3,3,0,1
C01862,2025,6,June,4,4,0,1
C01865,2024,8,August,1,1,1,0
C01865,2024,11,November,2,2,0,1
C01865,2025,2,February,3,3,0,1
C01865,2025,3,March,4,4,0,1
C01865,2025,5,May,5,5,0,1
C01865,2025,6,June,6,6,0,1
C01865,2025,7,July,7,7,0,1
C01865,2025,8,August,8,7,0,1
C01865,2025,12,December,9,8,0,1
C01866,2024,11,November,1,1,1,0
C01866,2025,5,May,2,3,0,1
C01866,2025,9,September,4,4,0,1
C01867,2024,8,August,1,0,1,0
C01867,2024,10,October,2,0,0,0
C01867,2025,12,December,3,1,0,0
C01868,2024,9,September,1,0,1,0
C01868,2024,12,December,2,0,0,0
C01868,2025,12,December,3,0,0,0
C01870,2024,7,July,1,1,1,0
C01870,2024,10,October,2,2,0,1
C01870,2025,4,April,3,4,0,1
C01870,2025,5,May,5,5,0,1
C01870,2025,6,June,6,5,0,1
C01870,2025,12,December,7,6,0,1
C01871,2024,8,August,1,1,1,0
C01871,2025,9,September,2,1,0,0
C01872,2025,3,March,1,1,1,0
C01872,2025,9,September,2,1,0,0
C01873,2025,4,April,1,1,1,0
C01873,2025,10,October,2,2,0,1
C01874,2024,8,August,1,1,1,0
C01874,2024,10,October,3,2,0,1
C01874,2024,11,November,4,3,0,1
C01874,2025,1,January,5,5,0,1
C01874,2025,2,February,7,6,0,1
C01874,2025,3,March,8,7,0,1
C01874,2025,4,April,9,8,0,1
C01874,2025,9,September,10,9,0,1
C01874,2025,11,November,11,10,0,1
C01875,2024,10,October,1,1,1,0
C01875,2024,11,November,2,2,0,1
C01875,2025,8,August,3,3,0,1
C01875,2025,10,October,4,4,0,1
C01876,2024,10,October,1,1,1,0
C01876,2025,1,January,2,3,0,1
C01876,2025,2,February,4,4,0,1
C01876,2025,4,April,5,5,0,1
C01876,2025,6,June,6,6,0,1
C01876,2025,7,July,7,7,0,1
C01876,2025,12,December,8,8,0,1
C01877,2024,9,September,1,0,1,0
C01877,2024,11,November,2,1,0,0
C01877,2025,5,May,3,2,0,1
C01877,2025,7,July,4,3,0,1
C01878,2024,8,August,1,1,1,0
C01878,2024,11,November,2,2,0,1
C01878,2024,12,December,3,3,0,1
C01878,2025,4,April,4,4,0,1
C01879,2024,8,August,1,1,1,0
C01879,2024,9,September,2,2,0,1
C01879,2024,10,October,3,4,0,1
C01879,2025,1,January,5,5,0,1
C01879,2025,9,September,6,5,0,1
C01880,2024,7,July,1,1,1,0
C01880,2024,8,August,2,2,0,1
C01880,2024,9,September,3,2,0,1
C01880,2024,12,December,4,4,0,1
C01880,2025,7,July,6,5,0,1
C01881,2024,10,October,1,1,1,0
C01881,2025,9,September,2,1,0,0
C01882,2025,3,March,1,1,1,0
C01882,2025,10,October,2,1,0,0
C01883,2024,7,July,1,1,1,0
C01883,2024,8,August,2,3,0,1
C01883,2024,10,October,4,4,0,1
C01883,2025,7,July,5,5,0,1
C01883,2025,10,October,6,6,0,1
C01884,2024,8,August,1,2,0,1
C01884,2025,1,January,3,2,0,1
C01884,2025,8,August,4,3,0,1
C01884,2025,10,October,5,3,0,1
C01885,2024,7,July,1,1,1,0
C01885,2025,1,January,2,2,0,1
C01885,2025,2,February,3,3,0,1
C01885,2025,4,April,4,4,0,1
C01885,2025,7,July,5,5,0,1
C01885,2025,8,August,7,6,0,1
C01885,2025,9,September,8,6,0,1
C01886,2024,7,July,1,1,1,0
C01887,2024,10,October,1,1,1,0
C01887,2025,3,March,2,2,0,1
C01887,2025,7,July,4,2,0,1
C01888,2024,9,September,1,1,1,0
C01888,2024,11,November,3,2,0,1
C01888,2025,2,February,4,2,0,1
C01888,2025,3,March,5,3,0,1
C01888,2025,5,May,6,4,0,1
C01888,2025,6,June,7,5,0,1
C01889,2024,9,September,1,0,1,0
C01889,2025,7,July,2,1,0,0
C01890,2024,10,October,1,1,1,0
C01890,2025,4,April,2,2,0,1
C01891,2024,7,July,1,1,1,0
C01891,2024,8,August,2,1,0,0
C01891,2024,12,December,3,2,0,1
C01891,2025,3,March,5,3,0,1
C01891,2025,4,April,6,4,0,1
C01891,2025,11,November,7,5,0,1
C01892,2024,11,November,1,2,0,1
C01892,2024,12,December,3,3,0,1
C01892,2025,3,March,4,4,0,1
C01892,2025,6,June,5,5,0,1
C01892,2025,8,August,6,6,0,1
C01892,2025,9,September,7,7,0,1
C01892,2025,10,October,8,8,0,1
C01892,2025,12,December,9,9,0,1
C01893,2024,8,August,1,1,1,0
C01893,2025,6,June,2,1,0,0
C01893,2025,10,October,3,2,0,1
C01894,2024,11,November,1,0,1,0
C01894,2024,12,December,2,1,0,0
C01894,2025,5,May,3,3,0,1
C01895,2025,9,September,1,0,1,0
C01895,2025,10,October,2,1,0,0
C01896,2024,9,September,1,1,1,0
C01896,2025,3,March,2,2,0,1
C01896,2025,7,July,3,3,0,1
C01896,2025,11,November,4,4,0,1
C01896,2025,12,December,5,5,0,1
C01897,2024,8,August,1,1,1,0
C01897,2024,12,December,2,2,0,1
C01897,2025,7,July,3,3,0,1
C01898,2024,11,November,1,1,1,0
C01898,2025,1,January,2,2,0,1
C01899,2024,10,October,1,1,1,0
C01899,2024,11,November,2,2,0,1
C01900,2024,11,November,1,1,1,0
C01900,2024,12,December,2,3,0,1
C01900,2025,3,March,4,4,0,1
C01900,2025,5,May,5,5,0,1
C01900,2025,10,October,6,6,0,1
C01901,2024,8,August,1,1,1,0
C01901,2024,12,December,2,1,0,0
C01902,2025,4,April,1,1,1,0
C01902,2025,7,July,2,2,0,1
C01903,2025,1,January,1,1,1,0
C01904,2025,4,April,1,2,0,1
C01904,2025,9,September,3,2,0,1
C01905,2024,7,July,1,1,1,0
C01905,2024,10,October,2,1,0,0
C01905,2025,5,May,3,2,0,1
C01906,2024,10,October,1,1,1,0
C01906,2025,3,March,2,3,0,1
C01906,2025,8,August,4,4,0,1
C01906,2025,12,December,5,4,0,1
C01907,2025,5,May,1,1,1,0
C01907,2025,6,June,2,2,0,1
C01907,2025,10,October,3,3,0,1
C01908,2024,9,September,1,0,1,0
C01908,2024,11,November,2,1,0,0
C01908,2025,1,January,3,2,0,1
C01909,2024,7,July,1,1,1,0
C01909,2024,12,December,3,3,0,1
C01909,2025,1,January,5,4,0,1
C01909,2025,5,May,6,5,0,1
C01909,2025,6,June,7,7,0,1
C01909,2025,11,November,9,7,0,1
C01910,2024,8,August,1,2,0,1
C01910,2024,10,October,3,3,0,1
C01910,2024,11,November,4,5,0,1
C01910,2024,12,December,6,6,0,1
C01910,2025,3,March,7,7,0,1
C01910,2025,4,April,8,8,0,1
C01910,2025,6,June,9,9,0,1
C01911,2024,11,November,1,1,1,0
C01911,2025,1,January,3,1,0,0
C01911,2025,2,February,4,2,0,1
C01911,2025,10,October,5,2,0,1
C01912,2024,7,July,1,1,1,0
C01912,2024,9,September,2,1,0,0
C01912,2024,11,November,3,2,0,1
C01912,2025,1,January,4,3,0,1
C01912,2025,5,May,5,4,0,1
C01912,2025,6,June,6,5,0,1
C01912,2025,8,August,7,6,0,1
C01912,2025,11,November,8,6,0,1
C01913,2024,7,July,1,1,1,0
C01913,2024,8,August,2,2,0,1
C01913,2025,5,May,3,3,0,1
C01913,2025,11,November,4,4,0,1
C01914,2024,10,October,1,0,1,0
C01914,2025,1,January,2,0,0,0
C01914,2025,4,April,3,1,0,0
C01914,2025,5,May,4,2,0,1
C01914,2025,11,November,5,2,0,1
C01915,2024,12,December,1,1,1,0
C01915,2025,1,January,2,1,0,0
C01915,2025,4,April,3,2,0,1
C01915,2025,8,August,4,2,0,1
C01916,2024,7,July,1,0,1,0
C01916,2025,1,January,2,2,0,1
C01916,2025,5,May,4,3,0,1
C01916,2025,10,October,5,4,0,1
C01917,2024,8,August,1,1,1,0
C01917,2025,1,January,2,2,0,1
C01918,2024,9,September,1,1,1,0
C01918,2025,2,February,2,2,0,1
C01918,2025,4,April,3,3,0,1
C01919,2024,9,September,1,2,0,1
C01919,2024,12,December,3,3,0,1
C01919,2025,5,May,4,4,0,1
C01920,2024,11,November,1,1,1,0
C01920,2025,6,June,2,2,0,1
C01920,2025,8,August,3,3,0,1
C01920,2025,10,October,4,4,0,1
C01920,2025,12,December,5,5,0,1
C01921,2024,9,September,1,1,1,0
C01921,2025,1,January,2,1,0,0
C01921,2025,8,August,3,2,0,1
C01921,2025,9,September,4,3,0,1
C01921,2025,10,October,5,5,0,1
C01922,2025,5,May,1,1,1,0
C01923,2024,8,August,1,1,1,0
C01923,2024,12,December,2,2,0,1
C01923,2025,8,August,3,3,0,1
C01925,2024,12,December,1,1,1,0
C01925,2025,11,November,2,2,0,1
C01926,2024,9,September,1,1,1,0
C01926,2025,2,February,2,2,0,1
C01926,2025,4,April,3,2,0,1
C01928,2024,8,August,1,1,1,0
C01928,2025,3,March,2,2,0,1
C01928,2025,5,May,3,3,0,1
C01928,2025,7,July,4,4,0,1
C01928,2025,11,November,5,5,0,1
C01929,2024,11,November,1,1,1,0
C01929,2025,3,March,2,2,0,1
C01929,2025,5,May,3,2,0,1
C01929,2025,6,June,4,2,0,1
C01929,2025,9,September,5,3,0,1
C01930,2025,2,February,1,1,1,0
C01931,2024,7,July,1,0,1,0
C01931,2024,9,September,2,1,0,0
C01931,2024,10,October,3,2,0,1
C01931,2024,11,November,4,3,0,1
C01931,2025,1,January,5,4,0,1
C01931,2025,7,July,6,5,0,1
C01931,2025,10,October,7,6,0,1
C01932,2024,8,August,1,1,1,0
C01932,2024,12,December,2,1,0,0
C01932,2025,7,July,3,2,0,1
C01932,2025,8,August,4,2,0,1
C01933,2024,12,December,1,0,1,0
C01934,2025,6,June,1,0,1,0
C01935,2024,8,August,1,1,1,0
C01935,2024,10,October,2,2,0,1
C01935,2025,1,January,3,3,0,1
C01936,2024,10,October,1,0,1,0
C01936,2025,4,April,2,0,0,0
C01936,2025,9,September,3,1,0,0
C01936,2025,12,December,4,1,0,0
C01937,2025,2,February,1,1,1,0
C01938,2024,11,November,1,1,1,0
C01938,2025,6,June,2,1,0,0
C01938,2025,9,September,3,1,0,0
C01939,2024,9,September,1,1,1,0
C01939,2024,10,October,2,2,0,1
C01939,2025,9,September,3,3,0,1
C01939,2025,12,December,4,4,0,1
C01940,2024,8,August,1,0,1,0
C01940,2024,12,December,2,0,0,0
C01940,2025,1,January,3,1,0,0
C01940,2025,7,July,4,2,0,1
C01940,2025,9,September,5,3,0,1
C01940,2025,12,December,6,4,0,1
C01941,2025,6,June,1,1,1,0
C01941,2025,10,October,2,2,0,1
C01942,2025,3,March,1,1,1,0
C01943,2024,7,July,1,1,1,0
C01944,2024,10,October,1,3,0,1
C01944,2025,1,January,4,3,0,1
C01944,2025,8,August,5,4,0,1
C01944,2025,10,October,6,5,0,1
C01944,2025,11,November,7,5,0,1
C01945,2024,7,July,1,1,1,0
C01945,2024,12,December,2,2,0,1
C01945,2025,3,March,3,3,0,1
C01946,2024,9,September,1,1,1,0
C01946,2024,10,October,2,2,0,1
C01946,2025,10,October,3,3,0,1
C01947,2024,7,July,1,1,1,0
C01947,2024,10,October,2,2,0,1
C01947,2024,12,December,3,2,0,1
C01947,2025,5,May,4,3,0,1
C01947,2025,6,June,5,4,0,1
C01947,2025,9,September,7,4,0,1
C01948,2024,8,August,1,0,1,0
C01948,2024,10,October,2,1,0,0
C01948,2025,5,May,3,3,0,1
C01948,2025,10,October,5,4,0,1
C01949,2024,12,December,1,2,0,1
C01949,2025,5,May,3,3,0,1
C01949,2025,7,July,4,4,0,1
C01951,2024,9,September,1,1,1,0
C01951,2024,11,November,2,2,0,1
C01952,2024,7,July,1,1,1,0
C01952,2025,1,January,2,2,0,1
C01953,2024,9,September,1,1,1,0
C01953,2024,10,October,2,2,0,1
C01953,2025,2,February,3,3,0,1
C01954,2025,6,June,1,1,1,0
C01954,2025,12,December,2,2,0,1
C01955,2024,8,August,1,1,1,0
C01955,2025,7,July,2,2,0,1
C01956,2024,7,July,1,1,1,0
C01956,2024,8,August,2,2,0,1
C01956,2024,10,October,3,3,0,1
C01956,2024,12,December,4,4,0,1
C01956,2025,5,May,5,5,0,1
C01956,2025,11,November,6,6,0,1
C01957,2024,11,November,1,1,1,0
C01957,2025,5,May,2,1,0,0
C01957,2025,11,November,3,2,0,1
C01958,2024,7,July,1,1,1,0
C01958,2024,9,September,2,2,0,1
C01958,2025,7,July,3,2,0,1
C01958,2025,8,August,4,3,0,1
C01959,2024,8,August,1,2,0,1
C01959,2024,11,November,3,3,0,1
C01959,2025,1,January,4,4,0,1
C01959,2025,6,June,5,5,0,1
C01959,2025,8,August,6,5,0,1
C01959,2025,10,October,7,5,0,1
C01959,2025,12,December,9,6,0,1
C01960,2024,7,July,1,1,1,0
C01960,2025,9,September,2,3,0,1
C01961,2024,7,July,1,1,1,0
C01961,2024,9,September,2,2,0,1
C01961,2025,5,May,3,2,0,1
C01961,2025,8,August,4,3,0,1
C01961,2025,11,November,5,4,0,1
C01962,2024,12,December,1,1,1,0
C01962,2025,2,February,2,3,0,1
C01962,2025,9,September,4,4,0,1
C01962,2025,10,October,5,5,0,1
C01963,2025,5,May,1,1,1,0
C01963,2025,6,June,2,2,0,1
C01963,2025,10,October,3,3,0,1
C01964,2025,2,February,1,1,1,0
C01964,2025,5,May,2,2,0,1
C01964,2025,6,June,3,3,0,1
C01965,2024,10,October,1,1,1,0
C01966,2025,1,January,1,0,1,0
C01966,2025,4,April,2,0,0,0
C01966,2025,6,June,3,1,0,0
C01967,2024,9,September,1,2,0,1
C01967,2024,10,October,3,3,0,1
C01967,2025,4,April,4,5,0,1
C01967,2025,5,May,6,5,0,1
C01967,2025,11,November,7,6,0,1
C01968,2024,7,July,1,1,1,0
C01968,2025,1,January,2,2,0,1
C01968,2025,2,February,3,3,0,1
C01968,2025,4,April,4,4,0,1
C01968,2025,6,June,5,5,0,1
C01968,2025,8,August,6,6,0,1
C01968,2025,9,September,8,7,0,1
C01969,2024,9,September,1,0,1,0
C01969,2024,10,October,2,1,0,0
C01970,2024,9,September,1,0,1,0
C01970,2025,4,April,2,1,0,0
C01970,2025,11,November,3,2,0,1
C01971,2024,7,July,1,1,1,0
C01971,2025,2,February,2,2,0,1
C01971,2025,7,July,3,3,0,1
C01973,2024,7,July,1,1,1,0
C01973,2024,8,August,2,2,0,1
C01973,2025,1,January,3,3,0,1
C01973,2025,2,February,5,4,0,1
C01973,2025,4,April,6,5,0,1
C01973,2025,8,August,7,7,0,1
C01973,2025,10,October,9,7,0,1
C01974,2024,9,September,1,1,1,0
C01974,2025,7,July,2,2,0,1
C01975,2024,7,July,1,1,1,0
C01975,2025,8,August,2,2,0,1
C01975,2025,10,October,3,2,0,1
C01976,2024,7,July,1,1,1,0
C01976,2025,4,April,2,2,0,1
C01976,2025,10,October,3,3,0,1
C01977,2024,11,November,1,0,1,0
C01977,2025,9,September,2,1,0,0
C01978,2024,12,December,1,2,0,1
C01978,2025,1,January,3,3,0,1
C01978,2025,3,March,4,4,0,1
C01978,2025,4,April,5,5,0,1
C01978,2025,7,July,7,6,0,1
C01978,2025,8,August,8,8,0,1
C01978,2025,11,November,11,10,0,1
C01979,2025,6,June,1,2,0,1
C01979,2025,7,July,3,3,0,1
C01980,2025,4,April,1,2,0,1
C01980,2025,5,May,3,4,0,1
C01980,2025,6,June,5,5,0,1
C01980,2025,7,July,6,6,0,1
C01980,2025,8,August,7,7,0,1
C01980,2025,12,December,8,8,0,1
C01981,2025,6,June,1,1,1,0
C01981,2025,9,September,2,2,0,1
C01982,2024,9,September,1,1,1,0
C01982,2025,1,January,2,2,0,1
C01983,2025,3,March,1,2,0,1
C01983,2025,10,October,3,3,0,1
C01984,2024,7,July,1,0,1,0
C01984,2025,3,March,2,1,0,0
C01984,2025,4,April,3,2,0,1
C01984,2025,5,May,4,3,0,1
C01984,2025,8,August,5,4,0,1
C01984,2025,12,December,6,5,0,1
C01985,2025,5,May,1,1,1,0
C01985,2025,10,October,2,2,0,1
C01986,2024,11,November,1,1,1,0
C01986,2025,5,May,2,2,0,1
C01986,2025,8,August,3,4,0,1
C01987,2024,10,October,1,1,1,0
C01987,2024,12,December,2,2,0,1
C01987,2025,3,March,3,2,0,1
C01987,2025,5,May,4,3,0,1
C01987,2025,10,October,5,4,0,1
C01988,2024,9,September,1,1,1,0
C01988,2025,9,September,2,2,0,1
C01988,2025,12,December,3,3,0,1
C01989,2024,9,September,1,1,1,0
C01989,2024,12,December,2,2,0,1
C01989,2025,2,February,3,4,0,1
C01989,2025,3,March,5,4,0,1
C01990,2024,7,July,1,1,1,0
C01990,2024,8,August,2,2,0,1
C01990,2024,9,September,3,4,0,1
C01990,2025,1,January,5,5,0,1
C01990,2025,2,February,6,6,0,1
C01990,2025,6,June,7,6,0,1
C01990,2025,7,July,8,7,0,1
C01990,2025,11,November,9,8,0,1
C01990,2025,12,December,10,9,0,1
C01991,2024,9,September,1,1,1,0
C01991,2024,10,October,2,2,0,1
C01991,2025,10,October,3,2,0,1
C01991,2025,11,November,4,3,0,1
C01993,2024,7,July,1,0,1,0
C01993,2024,10,October,2,1,0,0
C01993,2025,1,January,3,2,0,1
C01993,2025,2,February,4,3,0,1
C01993,2025,4,April,5,5,0,1
C01993,2025,8,August,7,6,0,1
C01993,2025,10,October,8,7,0,1
C01993,2025,11,November,9,8,0,1
C01993,2025,12,December,10,8,0,1
C01994,2024,10,October,1,0,1,0
C01994,2025,1,January,3,1,0,0
C01994,2025,7,July,4,2,0,1
C01995,2025,3,March,1,1,1,0
C01995,2025,7,July,2,3,0,1
C01995,2025,12,December,4,4,0,1
C01996,2024,12,December,1,1,1,0
C01996,2025,12,December,2,2,0,1
C01997,2024,8,August,1,1,1,0
C01997,2025,4,April,2,2,0,1
C01997,2025,6,June,3,3,0,1
C01997,2025,11,November,4,4,0,1
C01998,2024,8,August,1,1,1,0
C01998,2024,10,October,2,3,0,1
C01998,2024,11,November,4,3,0,1
C01998,2025,2,February,5,4,0,1
C01998,2025,6,June,6,5,0,1
C01998,2025,7,July,7,7,0,1
C01998,2025,9,September,9,8,0,1
C01998,2025,10,October,10,8,0,1
C01998,2025,11,November,11,9,0,1
C01999,2024,9,September,1,1,1,0
C01999,2025,2,February,2,2,0,1
C01999,2025,8,August,3,3,0,1
C02000,2024,10,October,1,1,1,0
C02001,2024,10,October,1,1,1,0
C02001,2025,7,July,2,2,0,1
C02001,2025,8,August,3,3,0,1
C02001,2025,11,November,4,4,0,1
C02001,2025,12,December,5,5,0,1
C02002,2024,11,November,1,1,1,0
C02003,2024,7,July,1,1,1,0
C02003,2024,9,September,2,2,0,1
C02003,2024,10,October,3,3,0,1
C02003,2024,11,November,4,4,0,1
C02003,2025,5,May,5,5,0,1
C02003,2025,7,July,6,6,0,1
C02003,2025,8,August,7,7,0,1
C02003,2025,11,November,8,8,0,1
C02003,2025,12,December,9,9,0,1
C02004,2025,6,June,1,2,0,1
C02004,2025,7,July,3,4,0,1
C02004,2025,10,October,5,5,0,1
C02005,2024,7,July,1,1,1,0
C02005,2025,6,June,2,1,0,0
C02006,2024,11,November,1,1,1,0
C02006,2025,1,January,2,2,0,1
C02007,2024,8,August,1,0,1,0
C02007,2024,9,September,2,1,0,0
C02007,2024,10,October,3,1,0,0
C02007,2024,12,December,4,1,0,0
C02007,2025,5,May,5,2,0,1
C02007,2025,8,August,6,3,0,1
C02007,2025,9,September,7,3,0,1
C02007,2025,10,October,8,4,0,1
C02007,2025,11,November,9,5,0,1
C02008,2024,8,August,1,1,1,0
C02008,2025,2,February,2,2,0,1
C02008,2025,12,December,3,2,0,1
C02009,2024,8,August,1,0,1,0
C02009,2024,10,October,2,1,0,0
C02009,2024,11,November,3,2,0,1
C02009,2024,12,December,4,4,0,1
C02009,2025,1,January,6,5,0,1
C02009,2025,3,March,7,5,0,1
C02009,2025,5,May,8,6,0,1
C02009,2025,6,June,9,6,0,1
C02009,2025,7,July,11,8,0,1
C02009,2025,8,August,13,9,0,1
C02010,2025,4,April,1,1,1,0
C02010,2025,6,June,2,1,0,0
C02011,2024,8,August,1,1,1,0
C02011,2024,10,October,2,2,0,1
C02012,2024,10,October,1,1,1,0
C02012,2025,2,February,2,2,0,1
C02013,2025,9,September,1,1,1,0
C02014,2024,7,July,1,1,1,0
C02014,2024,8,August,2,2,0,1
C02014,2024,12,December,3,3,0,1
C02015,2024,8,August,1,2,0,1
C02015,2024,10,October,3,4,0,1
C02015,2024,11,November,5,5,0,1
C02015,2025,7,July,6,5,0,1
C02015,2025,8,August,7,6,0,1
C02016,2024,7,July,1,1,1,0
C02017,2024,8,August,1,1,1,0
C02017,2025,4,April,2,2,0,1
C02018,2024,10,October,1,1,1,0
C02018,2024,12,December,2,2,0,1
C02018,2025,1,January,3,3,0,1
C02018,2025,2,February,4,4,0,1
C02018,2025,4,April,5,5,0,1
C02018,2025,6,June,6,6,0,1
C02018,2025,10,October,7,7,0,1
C02019,2024,10,October,1,1,1,0
C02020,2024,8,August,1,1,1,0
C02020,2024,9,September,2,1,0,0
C02020,2024,10,October,4,3,0,1
C02020,2025,3,March,6,4,0,1
C02020,2025,4,April,8,5,0,1
C02020,2025,5,May,10,6,0,1
C02020,2025,12,December,11,7,0,1
C02021,2024,7,July,1,0,1,0
C02021,2024,12,December,2,1,0,0
C02021,2025,2,February,3,3,0,1
C02021,2025,6,June,5,4,0,1
C02022,2024,10,October,1,1,1,0
C02022,2024,12,December,2,2,0,1
C02022,2025,4,April,3,2,0,1
C02022,2025,6,June,4,4,0,1
C02022,2025,10,October,6,5,0,1
C02022,2025,11,November,7,6,0,1
C02023,2025,5,May,1,1,1,0
C02023,2025,10,October,2,1,0,0
C02024,2024,9,September,1,1,1,0
C02025,2024,10,October,1,0,1,0
C02025,2025,1,January,2,1,0,0
C02026,2024,12,December,1,2,0,1
C02026,2025,4,April,3,3,0,1
C02026,2025,5,May,4,3,0,1
C02026,2025,6,June,5,4,0,1
C02026,2025,7,July,6,4,0,1
C02026,2025,8,August,7,5,0,1
C02026,2025,11,November,8,6,0,1
C02027,2024,9,September,1,0,1,0
C02027,2024,12,December,2,1,0,0
C02027,2025,5,May,3,2,0,1
C02027,2025,6,June,5,2,0,1
C02027,2025,7,July,6,2,0,1
C02027,2025,9,September,7,3,0,1
C02027,2025,12,December,8,4,0,1
C02028,2025,4,April,1,1,1,0
C02028,2025,6,June,2,2,0,1
C02028,2025,8,August,3,3,0,1
C02029,2024,8,August,1,1,1,0
C02029,2024,11,November,2,2,0,1
C02029,2024,12,December,3,3,0,1
C02029,2025,3,March,4,4,0,1
C02029,2025,4,April,7,4,0,1
C02029,2025,5,May,9,5,0,1
C02029,2025,6,June,10,6,0,1
C02030,2024,9,September,1,1,1,0
C02030,2025,2,February,2,2,0,1
C02030,2025,3,March,3,2,0,1
C02030,2025,12,December,4,3,0,1
C02031,2024,11,November,1,2,0,1
C02031,2024,12,December,3,3,0,1
C02031,2025,3,March,4,4,0,1
C02031,2025,4,April,5,5,0,1
C02031,2025,10,October,6,6,0,1
C02032,2024,11,November,1,0,1,0
C02032,2025,1,January,2,1,0,0
C02033,2025,2,February,1,1,1,0
C02033,2025,7,July,2,1,0,0
C02035,2025,8,August,1,1,1,0
C02035,2025,12,December,2,2,0,1
C02036,2024,10,October,1,1,1,0
C02036,2024,12,December,2,2,0,1
C02036,2025,1,January,3,3,0,1
C02036,2025,5,May,4,4,0,1
C02036,2025,7,July,5,5,0,1
C02036,2025,8,August,6,6,0,1
C02037,2025,6,June,1,1,1,0
C02037,2025,7,July,2,2,0,1
C02037,2025,12,December,3,3,0,1
C02038,2024,9,September,1,1,1,0
C02038,2025,10,October,2,2,0,1
C02040,2024,7,July,1,1,1,0
C02040,2024,8,August,2,2,0,1
C02040,2024,10,October,3,2,0,1
C02040,2025,1,January,4,3,0,1
C02040,2025,3,March,5,4,0,1
C02040,2025,9,September,6,4,0,1
C02040,2025,10,October,7,5,0,1
C02040,2025,11,November,8,7,0,1
C02041,2025,9,September,1,1,1,0
C02042,2025,1,January,1,1,1,0
C02042,2025,3,March,2,2,0,1
C02043,2024,11,November,1,1,1,0
C02043,2024,12,December,2,2,0,1
C02043,2025,5,May,3,2,0,1
C02043,2025,12,December,4,4,0,1
C02044,2024,12,December,1,1,1,0
C02044,2025,6,June,2,4,0,1
C02044,2025,8,August,5,5,0,1
C02044,2025,11,November,6,7,0,1
C02045,2024,10,October,1,1,1,0
C02045,2025,1,January,2,3,0,1
C02046,2025,11,November,1,1,1,0
C02047,2024,11,November,1,1,1,0
C02047,2025,9,September,2,2,0,1
C02048,2024,7,July,1,1,1,0
C02048,2024,10,October,2,2,0,1
C02048,2024,12,December,3,3,0,1
C02048,2025,2,February,4,3,0,1
C02049,2024,12,December,1,1,1,0
C02049,2025,1,January,2,2,0,1
C02049,2025,3,March,3,3,0,1
C02049,2025,6,June,4,4,0,1
C02049,2025,10,October,5,5,0,1
C02050,2024,7,July,1,0,1,0
C02050,2024,9,September,2,0,0,0
C02050,2025,2,February,3,2,0,1
C02050,2025,4,April,5,2,0,1
C02050,2025,5,May,6,3,0,1
C02051,2024,11,November,1,1,1,0
C02051,2024,12,December,2,1,0,0
C02051,2025,1,January,3,3,0,1
C02051,2025,2,February,5,4,0,1
C02051,2025,10,October,6,5,0,1
C02052,2024,7,July,1,1,1,0
C02053,2024,7,July,1,1,1,0
C02053,2024,11,November,2,2,0,1
C02053,2025,11,November,3,2,0,1
C02054,2025,1,January,1,1,1,0
C02054,2025,7,July,2,2,0,1
C02055,2024,11,November,1,0,1,0
C02055,2025,3,March,2,1,0,0
C02055,2025,8,August,3,2,0,1
C02055,2025,9,September,4,3,0,1
C02057,2024,11,November,1,0,1,0
C02057,2025,5,May,2,1,0,0
C02057,2025,7,July,3,2,0,1
C02058,2025,10,October,1,3,0,1
C02058,2025,11,November,4,4,0,1
C02059,2025,5,May,1,2,0,1
C02059,2025,7,July,3,3,0,1
C02059,2025,8,August,4,4,0,1
C02060,2024,7,July,1,1,1,0
C02060,2025,12,December,2,2,0,1
C02061,2025,1,January,1,1,1,0
C02061,2025,3,March,2,2,0,1
C02061,2025,8,August,3,3,0,1
C02062,2024,10,October,1,1,1,0
C02062,2024,11,November,2,2,0,1
C02062,2025,1,January,3,3,0,1
C02062,2025,8,August,4,4,0,1
C02062,2025,9,September,5,5,0,1
C02063,2025,8,August,1,1,1,0
C02064,2024,10,October,1,1,1,0
C02064,2024,11,November,2,2,0,1
C02064,2025,5,May,3,3,0,1
C02064,2025,7,July,4,3,0,1
C02064,2025,8,August,5,4,0,1
C02064,2025,10,October,6,5,0,1
C02064,2025,11,November,7,7,0,1
C02064,2025,12,December,9,8,0,1
C02065,2025,8,August,1,1,1,0
C02065,2025,9,September,2,2,0,1
C02065,2025,11,November,3,2,0,1
C02066,2024,10,October,1,1,1,0
C02066,2024,12,December,3,2,0,1
C02066,2025,2,February,4,2,0,1
C02066,2025,8,August,5,3,0,1
C02067,2024,12,December,1,1,1,0
C02067,2025,5,May,2,1,0,0
C02069,2024,8,August,1,1,1,0
C02069,2024,9,September,2,2,0,1
C02069,2025,10,October,3,2,0,1
C02070,2024,7,July,1,2,0,1
C02070,2024,8,August,3,2,0,1
C02070,2024,9,September,4,3,0,1
C02070,2025,1,January,5,4,0,1
C02070,2025,2,February,6,5,0,1
C02070,2025,5,May,7,6,0,1
C02070,2025,6,June,8,6,0,1
C02070,2025,9,September,9,7,0,1
C02071,2024,8,August,1,0,1,0
C02071,2024,10,October,2,1,0,0
C02071,2024,11,November,3,3,0,1
C02071,2025,1,January,5,4,0,1
C02071,2025,2,February,6,5,0,1
C02071,2025,3,March,7,7,0,1
C02071,2025,4,April,9,8,0,1
C02071,2025,8,August,11,11,0,1
C02071,2025,9,September,14,12,0,1
C02071,2025,10,October,15,13,0,1
C02071,2025,11,November,16,14,0,1
C02072,2024,10,October,1,1,1,0
C02072,2025,3,March,2,2,0,1
C02072,2025,5,May,3,3,0,1
C02072,2025,11,November,4,4,0,1
C02072,2025,12,December,5,5,0,1
C02073,2024,7,July,1,0,1,0
C02073,2024,11,November,2,1,0,0
C02073,2025,1,January,3,2,0,1
C02073,2025,3,March,4,3,0,1
C02073,2025,8,August,5,5,0,1
C02073,2025,11,November,7,6,0,1
C02073,2025,12,December,8,7,0,1
C02074,2024,12,December,1,1,1,0
C02074,2025,10,October,3,2,0,1
C02075,2024,12,December,1,1,1,0
C02076,2024,9,September,1,1,1,0
C02076,2025,5,May,2,1,0,0
C02076,2025,8,August,3,2,0,1
C02077,2024,7,July,1,0,1,0
C02077,2024,12,December,2,1,0,0
C02077,2025,3,March,3,1,0,0
C02077,2025,9,September,4,2,0,1
C02078,2024,10,October,1,1,1,0
C02078,2025,1,January,2,2,0,1
C02079,2024,10,October,1,1,1,0
C02079,2025,4,April,2,2,0,1
C02079,2025,7,July,3,3,0,1
C02079,2025,8,August,4,4,0,1
C02079,2025,11,November,5,6,0,1
C02080,2025,1,January,1,1,1,0
C02080,2025,2,February,2,2,0,1
C02080,2025,7,July,3,3,0,1
C02081,2024,8,August,1,2,0,1
C02081,2024,9,September,3,3,0,1
C02081,2024,10,October,4,3,0,1
C02081,2025,6,June,5,4,0,1
C02081,2025,7,July,7,5,0,1
C02081,2025,9,September,8,7,0,1
C02081,2025,10,October,10,8,0,1
C02082,2024,7,July,1,1,1,0
C02082,2024,8,August,2,2,0,1
C02082,2024,9,September,3,3,0,1
C02082,2025,1,January,5,3,0,1
C02082,2025,2,February,6,3,0,1
C02082,2025,7,July,7,4,0,1
C02082,2025,11,November,8,5,0,1
C02083,2025,8,August,1,1,1,0
C02084,2024,7,July,1,1,1,0
C02084,2024,8,August,2,2,0,1
C02084,2025,3,March,3,3,0,1
C02084,2025,5,May,4,3,0,1
C02084,2025,6,June,5,4,0,1
C02085,2025,2,February,1,1,1,0
C02085,2025,8,August,2,2,0,1
C02086,2025,8,August,1,1,1,0
C02086,2025,10,October,2,2,0,1
C02087,2024,9,September,1,2,0,1
C02087,2024,12,December,3,3,0,1
C02087,2025,7,July,4,4,0,1
C02087,2025,8,August,5,5,0,1
C02087,2025,10,October,6,7,0,1
C02087,2025,11,November,8,8,0,1
C02088,2024,8,August,1,1,1,0
C02088,2025,1,January,2,1,0,0
C02088,2025,10,October,3,2,0,1
C02090,2024,8,August,1,1,1,0
C02090,2024,10,October,2,2,0,1
C02090,2024,12,December,3,3,0,1
C02090,2025,4,April,4,5,0,1
C02090,2025,6,June,6,7,0,1
C02090,2025,7,July,8,8,0,1
C02090,2025,8,August,9,9,0,1
C02091,2024,8,August,1,1,1,0
C02091,2025,10,October,2,2,0,1
C02092,2024,12,December,1,1,1,0
C02092,2025,1,January,2,2,0,1
C02092,2025,4,April,3,3,0,1
C02093,2025,3,March,1,1,1,0
C02093,2025,5,May,2,2,0,1
C02093,2025,12,December,3,3,0,1
C02094,2024,7,July,1,1,1,0
C02094,2025,9,September,2,1,0,0
C02094,2025,11,November,3,2,0,1
C02094,2025,12,December,4,3,0,1
C02095,2024,9,September,1,0,1,0
C02095,2024,12,December,2,1,0,0
C02095,2025,2,February,3,1,0,0
C02095,2025,7,July,4,2,0,1
C02095,2025,10,October,5,2,0,1
C02096,2024,9,September,1,1,1,0
C02096,2025,1,January,2,2,0,1
C02096,2025,2,February,3,3,0,1
C02096,2025,5,May,4,5,0,1
C02096,2025,6,June,6,6,0,1
C02097,2024,12,December,1,1,1,0
C02097,2025,2,February,2,2,0,1
C02098,2024,12,December,1,2,0,1
C02098,2025,5,May,3,2,0,1
C02098,2025,7,July,4,3,0,1
C02098,2025,9,September,6,3,0,1
C02099,2024,9,September,1,1,1,0
C02099,2025,1,January,2,2,0,1
C02099,2025,4,April,3,3,0,1
C02099,2025,6,June,4,5,0,1
C02099,2025,9,September,6,6,0,1
C02099,2025,10,October,7,7,0,1
C02099,2025,12,December,8,7,0,1
C02100,2024,12,December,1,1,1,0
C02100,2025,2,February,2,2,0,1
C02100,2025,5,May,3,3,0,1
C02100,2025,9,September,4,4,0,1
C02101,2025,4,April,1,1,1,0
C02102,2024,9,September,1,1,1,0
C02102,2024,12,December,2,2,0,1
C02102,2025,4,April,3,3,0,1
C02102,2025,6,June,4,4,0,1
C02103,2025,4,April,1,1,1,0
C02103,2025,7,July,2,2,0,1
C02103,2025,12,December,3,3,0,1
C02104,2024,8,August,1,1,1,0
C02104,2024,10,October,2,2,0,1
C02104,2024,11,November,3,3,0,1
C02104,2025,2,February,5,4,0,1
C02104,2025,4,April,6,5,0,1
C02104,2025,10,October,7,5,0,1
C02104,2025,12,December,8,6,0,1
C02105,2024,11,November,1,1,1,0
C02105,2025,4,April,2,2,0,1
C02106,2024,7,July,1,0,1,0
C02106,2025,1,January,3,1,0,0
C02106,2025,5,May,4,2,0,1
C02106,2025,11,November,5,3,0,1
C02107,2024,11,November,1,1,1,0
C02107,2025,3,March,2,2,0,1
C02107,2025,12,December,3,3,0,1
C02108,2025,8,August,1,1,1,0
C02108,2025,10,October,2,2,0,1
C02108,2025,11,November,3,3,0,1
C02109,2024,10,October,1,1,1,0
C02109,2025,4,April,2,2,0,1
C02109,2025,7,July,3,3,0,1
C02109,2025,10,October,4,3,0,1
C02110,2024,7,July,1,0,1,0
C02110,2025,4,April,2,0,0,0
C02110,2025,6,June,3,1,0,0
C02110,2025,8,August,4,2,0,1
C02111,2024,9,September,1,1,1,0
C02111,2024,10,October,2,2,0,1
C02111,2025,3,March,4,2,0,1
C02111,2025,5,May,5,3,0,1
C02111,2025,7,July,6,4,0,1
C02111,2025,8,August,7,5,0,1
C02112,2024,11,November,1,1,1,0
C02112,2025,1,January,2,2,0,1
C02112,2025,2,February,3,4,0,1
C02112,2025,3,March,5,5,0,1
C02112,2025,4,April,6,6,0,1
C02112,2025,8,August,7,7,0,1
C02112,2025,9,September,8,8,0,1
C02112,2025,10,October,9,9,0,1
C02112,2025,12,December,10,10,0,1
C02113,2024,7,July,1,1,1,0
C02113,2024,8,August,3,2,0,1
C02113,2024,9,September,4,3,0,1
C02113,2024,10,October,5,4,0,1
C02113,2025,1,January,6,6,0,1
C02113,2025,5,May,8,7,0,1
C02113,2025,8,August,9,8,0,1
C02113,2025,10,October,10,8,0,1
C02113,2025,12,December,11,8,0,1
C02114,2025,3,March,1,2,0,1
C02115,2025,2,February,1,1,1,0
C02115,2025,3,March,2,2,0,1
C02115,2025,7,July,4,3,0,1
C02115,2025,8,August,5,4,0,1
C02115,2025,10,October,6,5,0,1
C02115,2025,12,December,7,6,0,1
C02117,2025,4,April,1,1,1,0
C02117,2025,5,May,2,2,0,1
C02117,2025,8,August,3,2,0,1
C02118,2024,8,August,1,1,1,0
C02118,2024,9,September,2,2,0,1
C02118,2024,10,October,3,3,0,1
C02118,2024,11,November,4,4,0,1
C02118,2024,12,December,5,5,0,1
C02118,2025,4,April,6,6,0,1
C02118,2025,6,June,7,7,0,1
C02118,2025,8,August,8,8,0,1
C02118,2025,11,November,10,10,0,1
C02119,2025,1,January,1,1,1,0
C02119,2025,3,March,2,2,0,1
C02119,2025,4,April,3,3,0,1
C02119,2025,5,May,4,3,0,1
C02119,2025,7,July,5,3,0,1
C02119,2025,9,September,6,5,0,1
C02119,2025,12,December,10,6,0,1
C02120,2024,8,August,1,1,1,0
C02120,2024,12,December,2,2,0,1
C02120,2025,6,June,3,2,0,1
C02120,2025,11,November,4,3,0,1
C02121,2024,8,August,1,1,1,0
C02121,2024,10,October,2,2,0,1
C02121,2025,1,January,3,2,0,1
C02121,2025,6,June,4,3,0,1
C02121,2025,10,October,5,3,0,1
C02121,2025,11,November,6,3,0,1
C02121,2025,12,December,7,3,0,1
C02122,2024,9,September,1,1,1,0
C02122,2025,1,January,2,3,0,1
C02122,2025,6,June,4,4,0,1
C02122,2025,9,September,5,5,0,1
C02122,2025,10,October,6,6,0,1
C02124,2025,1,January,1,1,1,0
C02124,2025,4,April,2,2,0,1
C02124,2025,7,July,3,3,0,1
C02124,2025,10,October,4,4,0,1
C02124,2025,12,December,5,5,0,1
C02125,2024,7,July,1,1,1,0
C02125,2024,9,September,2,2,0,1
C02125,2024,11,November,3,2,0,1
C02125,2024,12,December,4,3,0,1
C02126,2024,12,December,1,1,1,0
C02126,2025,1,January,2,2,0,1
C02126,2025,7,July,3,3,0,1
C02127,2024,10,October,1,1,1,0
C02127,2024,11,November,2,1,0,0
C02127,2025,2,February,3,2,0,1
C02127,2025,3,March,5,3,0,1
C02127,2025,5,May,6,3,0,1
C02128,2024,8,August,1,1,1,0
C02128,2025,4,April,2,2,0,1
C02128,2025,11,November,3,3,0,1
C02128,2025,12,December,4,4,0,1
C02129,2025,12,December,1,0,1,0
C02130,2025,3,March,1,1,1,0
C02130,2025,6,June,2,2,0,1
C02130,2025,9,September,3,3,0,1
C02131,2024,12,December,1,1,1,0
C02131,2025,1,January,2,2,0,1
C02131,2025,2,February,3,2,0,1
C02131,2025,5,May,4,3,0,1
C02131,2025,10,October,5,5,0,1
C02132,2024,7,July,1,1,1,0
C02132,2024,9,September,2,2,0,1
C02132,2025,3,March,3,3,0,1
C02133,2024,8,August,1,2,0,1
C02133,2024,10,October,3,3,0,1
C02133,2025,1,January,4,3,0,1
C02133,2025,9,September,5,4,0,1
C02134,2025,3,March,1,1,1,0
C02134,2025,8,August,2,2,0,1
C02134,2025,10,October,3,3,0,1
C02135,2025,6,June,1,1,1,0
C02135,2025,9,September,2,2,0,1
C02136,2024,7,July,1,0,1,0
C02136,2024,9,September,2,1,0,0
C02136,2025,2,February,3,2,0,1
C02136,2025,4,April,4,2,0,1
C02136,2025,5,May,5,2,0,1
C02136,2025,6,June,6,3,0,1
C02136,2025,8,August,7,4,0,1
C02136,2025,9,September,8,5,0,1
C02137,2024,10,October,1,1,1,0
C02137,2025,6,June,2,2,0,1
C02137,2025,11,November,3,3,0,1
C02138,2024,10,October,1,0,1,0
C02138,2024,11,November,2,1,0,0
C02138,2024,12,December,3,2,0,1
C02138,2025,3,March,4,3,0,1
C02138,2025,7,July,5,4,0,1
C02138,2025,9,September,6,5,0,1
C02139,2024,7,July,1,1,1,0
C02139,2025,3,March,2,2,0,1
C02139,2025,4,April,3,3,0,1
C02139,2025,6,June,4,5,0,1
C02139,2025,12,December,6,6,0,1
C02140,2024,8,August,1,1,1,0
C02140,2025,7,July,2,2,0,1
C02141,2024,7,July,1,0,1,0
C02141,2024,8,August,2,1,0,0
C02141,2024,9,September,3,2,0,1
C02141,2025,4,April,4,2,0,1
C02142,2025,3,March,1,2,0,1
C02142,2025,7,July,3,3,0,1
C02142,2025,11,November,4,4,0,1
C02143,2024,7,July,1,0,1,0
C02143,2024,9,September,2,0,0,0
C02143,2025,8,August,3,0,0,0
C02143,2025,12,December,4,0,0,0
C02144,2024,7,July,1,0,1,0
C02144,2024,8,August,2,1,0,0
C02144,2025,2,February,3,2,0,1
C02144,2025,4,April,5,2,0,1
C02144,2025,11,November,6,3,0,1
C02144,2025,12,December,7,4,0,1
C02145,2024,10,October,1,1,1,0
C02145,2025,1,January,2,1,0,0
C02145,2025,4,April,3,3,0,1
C02145,2025,5,May,5,3,0,1
C02145,2025,12,December,6,4,0,1
C02146,2024,10,October,1,2,0,1
C02146,2024,11,November,3,3,0,1
C02146,2024,12,December,4,4,0,1
C02146,2025,12,December,5,5,0,1
C02147,2024,7,July,1,1,1,0
C02147,2025,3,March,2,2,0,1
C02147,2025,5,May,3,3,0,1
C02147,2025,6,June,4,4,0,1
C02147,2025,10,October,5,7,0,1
C02148,2024,8,August,1,1,1,0
C02149,2024,7,July,1,1,1,0
C02149,2024,10,October,2,2,0,1
C02149,2025,1,January,3,3,0,1
C02149,2025,5,May,4,5,0,1
C02149,2025,6,June,6,5,0,1
C02149,2025,7,July,7,6,0,1
C02149,2025,9,September,8,7,0,1
C02149,2025,12,December,9,8,0,1
C02150,2025,4,April,1,1,1,0
C02150,2025,5,May,2,2,0,1
C02150,2025,11,November,3,3,0,1
C02150,2025,12,December,4,4,0,1
C02151,2024,9,September,1,0,1,0
C02151,2025,4,April,2,0,0,0
C02151,2025,5,May,3,1,0,0
C02151,2025,9,September,4,2,0,1
C02152,2024,8,August,1,1,1,0
C02152,2025,5,May,2,2,0,1
C02152,2025,9,September,3,3,0,1
C02153,2024,10,October,1,0,1,0
C02153,2025,11,November,2,1,0,0
C02154,2024,8,August,1,1,1,0
C02154,2024,9,September,2,2,0,1
C02154,2025,4,April,3,2,0,1
C02154,2025,12,December,4,3,0,1
C02155,2025,1,January,1,1,1,0
C02156,2024,7,July,1,1,1,0
C02156,2025,3,March,2,2,0,1
C02156,2025,4,April,3,3,0,1
C02156,2025,5,May,4,4,0,1
C02156,2025,6,June,6,4,0,1
C02156,2025,8,August,7,5,0,1
C02156,2025,10,October,8,6,0,1
C02156,2025,11,November,9,7,0,1
C02156,2025,12,December,10,8,0,1
C02157,2025,1,January,1,1,1,0
C02157,2025,9,September,2,3,0,1
C02157,2025,11,November,4,5,0,1
C02157,2025,12,December,6,6,0,1
C02158,2025,5,May,1,1,1,0
C02158,2025,7,July,2,3,0,1
C02158,2025,12,December,4,4,0,1
C02159,2024,8,August,1,1,1,0
C02159,2024,9,September,3,2,0,1
C02159,2024,12,December,4,4,0,1
C02159,2025,1,January,6,5,0,1
C02159,2025,7,July,7,6,0,1
C02160,2024,10,October,1,1,1,0
C02160,2025,10,October,2,2,0,1
C02162,2025,6,June,1,1,1,0
C02165,2024,9,September,1,1,1,0
C02165,2024,10,October,2,2,0,1
C02165,2025,6,June,3,3,0,1
C02165,2025,10,October,4,4,0,1
C02165,2025,12,December,5,4,0,1
C02166,2024,11,November,1,1,1,0
C02166,2024,12,December,2,3,0,1
C02166,2025,1,January,4,4,0,1
C02166,2025,3,March,5,5,0,1
C02166,2025,8,August,6,6,0,1
C02166,2025,11,November,7,7,0,1
C02167,2024,10,October,1,1,1,0
C02167,2025,2,February,2,2,0,1
C02167,2025,8,August,4,3,0,1
C02167,2025,11,November,5,4,0,1
C02168,2024,7,July,1,1,1,0
C02168,2024,9,September,2,2,0,1
C02168,2024,12,December,3,3,0,1
C02168,2025,6,June,5,4,0,1
C02169,2024,9,September,1,1,1,0
C02169,2024,12,December,2,2,0,1
C02169,2025,10,October,3,3,0,1
C02170,2024,7,July,1,1,1,0
C02170,2025,4,April,2,2,0,1
C02170,2025,5,May,3,2,0,1
C02170,2025,7,July,4,3,0,1
C02170,2025,11,November,5,4,0,1
C02171,2024,11,November,1,1,1,0
C02171,2025,8,August,2,2,0,1
C02171,2025,10,October,3,4,0,1
C02172,2025,1,January,1,1,1,0
C02172,2025,3,March,2,2,0,1
C02172,2025,4,April,3,3,0,1
C02173,2025,8,August,1,1,1,0
C02173,2025,9,September,2,2,0,1
C02174,2024,8,August,1,1,1,0
C02174,2024,10,October,4,1,0,0
C02174,2025,1,January,5,2,0,1
C02174,2025,5,May,6,3,0,1
C02174,2025,8,August,7,3,0,1
C02174,2025,11,November,8,3,0,1
C02174,2025,12,December,9,3,0,1
C02175,2024,11,November,1,1,1,0
C02175,2025,1,January,2,1,0,0
C02175,2025,3,March,3,2,0,1
C02175,2025,12,December,4,3,0,1
C02176,2024,11,November,1,1,1,0
C02176,2025,3,March,2,1,0,0
C02177,2024,8,August,1,1,1,0
C02177,2024,11,November,2,1,0,0
C02177,2024,12,December,3,2,0,1
C02177,2025,1,January,5,3,0,1
C02177,2025,3,March,6,4,0,1
C02177,2025,12,December,7,5,0,1
C02178,2025,1,January,1,0,1,0
C02178,2025,2,February,2,0,0,0
C02178,2025,5,May,3,1,0,0
C02178,2025,11,November,4,2,0,1
C02179,2025,1,January,1,0,1,0
C02179,2025,3,March,2,1,0,0
C02179,2025,4,April,3,2,0,1
C02179,2025,6,June,4,3,0,1
C02179,2025,12,December,5,4,0,1
C02180,2024,11,November,1,1,1,0
C02180,2025,4,April,2,2,0,1
C02180,2025,5,May,3,2,0,1
C02180,2025,10,October,4,3,0,1
C02180,2025,12,December,6,6,0,1
C02181,2024,8,August,1,1,1,0
C02181,2024,9,September,2,2,0,1
C02181,2025,6,June,3,3,0,1
C02181,2025,8,August,4,4,0,1
C02182,2024,10,October,1,0,1,0
C02182,2025,4,April,2,1,0,0
C02182,2025,6,June,3,2,0,1
C02183,2025,1,January,1,1,1,0
C02183,2025,2,February,2,2,0,1
C02183,2025,11,November,3,3,0,1
C02183,2025,12,December,4,3,0,1
C02184,2024,11,November,1,1,1,0
C02184,2025,5,May,2,2,0,1
C02184,2025,6,June,3,2,0,1
C02184,2025,9,September,4,3,0,1
C02186,2024,9,September,1,1,1,0
C02186,2025,1,January,2,2,0,1
C02187,2024,9,September,1,0,1,0
C02187,2025,2,February,2,1,0,0
C02187,2025,4,April,3,2,0,1
C02188,2024,8,August,1,1,1,0
C02188,2024,11,November,2,2,0,1
C02188,2025,3,March,3,3,0,1
C02188,2025,6,June,4,4,0,1
C02188,2025,8,August,5,5,0,1
C02189,2024,7,July,1,1,1,0
C02189,2025,7,July,2,2,0,1
C02189,2025,9,September,3,3,0,1
C02190,2024,11,November,1,1,1,0
C02190,2024,12,December,2,2,0,1
C02190,2025,1,January,4,3,0,1
C02190,2025,6,June,5,5,0,1
C02190,2025,11,November,7,6,0,1
C02191,2024,7,July,1,1,1,0
C02191,2024,8,August,2,2,0,1
C02191,2025,3,March,3,3,0,1
C02191,2025,6,June,4,4,0,1
C02191,2025,8,August,5,5,0,1
C02192,2024,10,October,1,1,1,0
C02192,2025,5,May,2,2,0,1
C02192,2025,7,July,3,3,0,1
C02193,2024,7,July,1,1,1,0
C02193,2024,10,October,2,2,0,1
C02193,2024,12,December,3,4,0,1
C02193,2025,1,January,5,5,0,1
C02193,2025,4,April,6,5,0,1
C02193,2025,5,May,7,6,0,1
C02193,2025,6,June,8,7,0,1
C02193,2025,7,July,9,8,0,1
C02193,2025,9,September,10,10,0,1
C02194,2024,9,September,1,1,1,0
C02194,2024,10,October,2,1,0,0
C02194,2025,4,April,3,2,0,1
C02194,2025,7,July,4,3,0,1
C02195,2025,8,August,1,1,1,0
C02195,2025,11,November,2,3,0,1
C02196,2024,10,October,1,1,1,0
C02196,2025,3,March,2,1,0,0
C02197,2025,2,February,1,1,1,0
C02197,2025,6,June,2,2,0,1
C02197,2025,11,November,4,3,0,1
C02198,2024,11,November,1,1,1,0
C02198,2025,9,September,2,2,0,1
C02199,2024,10,October,1,1,1,0
C02199,2025,2,February,2,2,0,1
C02199,2025,3,March,3,3,0,1
C02199,2025,5,May,4,4,0,1
C02199,2025,8,August,5,5,0,1
C02199,2025,9,September,6,5,0,1
C02199,2025,11,November,7,6,0,1
C02200,2025,3,March,1,1,1,0
C02200,2025,8,August,2,1,0,0
C02200,2025,9,September,3,2,0,1
C02201,2024,10,October,1,2,0,1
C02201,2025,5,May,3,3,0,1
C02201,2025,7,July,4,4,0,1
C02202,2025,3,March,1,1,1,0
C02202,2025,6,June,2,2,0,1
C02203,2024,8,August,1,1,1,0
C02203,2024,11,November,2,2,0,1
C02203,2025,1,January,3,3,0,1
C02203,2025,4,April,4,4,0,1
C02203,2025,5,May,5,5,0,1
C02203,2025,6,June,6,7,0,1
C02203,2025,12,December,8,7,0,1
C02204,2025,11,November,1,1,1,0
C02205,2025,5,May,1,1,1,0
C02205,2025,9,September,2,1,0,0
C02205,2025,10,October,3,2,0,1
C02206,2024,12,December,1,0,1,0
C02206,2025,1,January,2,1,0,0
C02206,2025,2,February,3,2,0,1
C02207,2024,9,September,1,1,1,0
C02207,2024,10,October,2,2,0,1
C02207,2025,1,January,3,5,0,1
C02207,2025,2,February,6,6,0,1
C02207,2025,11,November,7,7,0,1
C02208,2024,12,December,1,1,1,0
C02208,2025,2,February,2,2,0,1
C02208,2025,7,July,3,2,0,1
C02208,2025,10,October,4,3,0,1
C02209,2025,1,January,1,1,1,0
C02210,2025,4,April,1,1,1,0
C02210,2025,11,November,3,2,0,1
C02210,2025,12,December,4,3,0,1
C02211,2025,1,January,1,2,0,1
C02211,2025,8,August,3,3,0,1
C02212,2024,10,October,1,1,1,0
C02212,2025,3,March,2,1,0,0
C02212,2025,10,October,3,2,0,1
C02213,2024,7,July,1,1,1,0
C02213,2025,2,February,2,2,0,1
C02213,2025,4,April,3,2,0,1
C02213,2025,8,August,4,4,0,1
C02214,2025,4,April,1,0,1,0
C02214,2025,5,May,2,1,0,0
C02214,2025,10,October,3,2,0,1
C02215,2024,9,September,1,1,1,0
C02215,2025,5,May,2,1,0,0
C02215,2025,10,October,3,1,0,0
C02216,2025,1,January,1,1,1,0
C02216,2025,3,March,2,1,0,0
C02216,2025,4,April,3,2,0,1
C02216,2025,9,September,4,3,0,1
C02216,2025,10,October,5,4,0,1
C02216,2025,12,December,6,5,0,1
C02217,2024,8,August,1,1,1,0
C02217,2024,9,September,2,2,0,1
C02217,2025,4,April,3,3,0,1
C02217,2025,6,June,4,4,0,1
C02218,2024,12,December,1,1,1,0
C02218,2025,1,January,2,2,0,1
C02218,2025,12,December,3,3,0,1
C02219,2024,9,September,1,1,1,0
C02219,2025,1,January,2,3,0,1
C02219,2025,10,October,4,3,0,1
C02220,2024,7,July,1,1,1,0
C02220,2024,10,October,2,2,0,1
C02220,2024,12,December,3,3,0,1
C02220,2025,12,December,5,4,0,1
C02221,2024,12,December,1,1,1,0
C02221,2025,9,September,2,2,0,1
C02222,2025,10,October,1,1,1,0
C02223,2025,6,June,1,1,1,0
C02223,2025,11,November,2,2,0,1
C02224,2024,11,November,1,1,1,0
C02224,2024,12,December,2,1,0,0
C02224,2025,5,May,3,1,0,0
C02224,2025,12,December,4,2,0,1
C02225,2024,8,August,1,2,0,1
C02225,2024,11,November,3,3,0,1
C02225,2025,12,December,4,4,0,1
C02226,2024,7,July,1,1,1,0
C02226,2025,4,April,2,2,0,1
C02227,2025,2,February,1,1,1,0
C02227,2025,5,May,2,2,0,1
C02227,2025,6,June,3,3,0,1
C02228,2024,12,December,1,2,0,1
C02228,2025,8,August,3,3,0,1
C02228,2025,9,September,4,4,0,1
C02228,2025,11,November,5,5,0,1
C02229,2024,9,September,1,1,1,0
C02229,2024,10,October,2,2,0,1
C02229,2025,8,August,3,2,0,1
C02229,2025,9,September,4,2,0,1
C02229,2025,11,November,5,3,0,1
C02229,2025,12,December,6,3,0,1
C02230,2024,7,July,1,1,1,0
C02230,2024,8,August,2,2,0,1
C02230,2024,9,September,3,3,0,1
C02230,2024,12,December,5,4,0,1
C02230,2025,3,March,6,4,0,1
C02230,2025,6,June,7,5,0,1
C02230,2025,8,August,8,5,0,1
C02230,2025,9,September,9,6,0,1
C02230,2025,12,December,10,7,0,1
C02231,2025,7,July,1,0,1,0
C02231,2025,11,November,2,1,0,0
C02232,2024,12,December,1,1,1,0
C02232,2025,6,June,2,2,0,1
C02232,2025,8,August,3,3,0,1
C02233,2024,10,October,1,1,1,0
C02233,2024,12,December,2,2,0,1
C02233,2025,3,March,3,3,0,1
C02233,2025,11,November,4,4,0,1
C02234,2024,8,August,1,1,1,0
C02234,2024,12,December,2,2,0,1
C02234,2025,5,May,3,3,0,1
C02236,2025,1,January,1,1,1,0
C02236,2025,4,April,2,2,0,1
C02236,2025,5,May,3,3,0,1
C02236,2025,8,August,4,4,0,1
C02236,2025,12,December,5,4,0,1
C02237,2024,7,July,1,1,1,0
C02237,2024,12,December,2,3,0,1
C02237,2025,7,July,4,5,0,1
C02237,2025,9,September,6,5,0,1
C02237,2025,10,October,7,6,0,1
C02238,2024,11,November,1,1,1,0
C02238,2025,1,January,2,2,0,1
C02238,2025,8,August,3,3,0,1
C02238,2025,9,September,4,4,0,1
C02239,2024,8,August,1,1,1,0
C02239,2025,6,June,2,1,0,0
C02240,2025,9,September,1,0,1,0
C02240,2025,12,December,2,0,0,0
C02241,2024,10,October,1,1,1,0
C02241,2025,1,January,2,2,0,1
C02241,2025,11,November,3,3,0,1
C02242,2024,10,October,1,1,1,0
C02242,2025,2,February,2,2,0,1
C02242,2025,5,May,3,3,0,1
C02242,2025,6,June,4,3,0,1
C02242,2025,8,August,5,4,0,1
C02242,2025,9,September,6,5,0,1
C02242,2025,11,November,7,5,0,1
C02243,2025,3,March,1,0,1,0
C02243,2025,7,July,2,0,0,0
C02243,2025,10,October,3,1,0,0
C02244,2024,8,August,1,1,1,0
C02244,2024,11,November,2,2,0,1
C02244,2024,12,December,3,2,0,1
C02244,2025,2,February,4,3,0,1
C02244,2025,4,April,5,6,0,1
C02244,2025,5,May,8,7,0,1
C02244,2025,9,September,9,8,0,1
C02244,2025,12,December,10,9,0,1
C02245,2024,11,November,1,1,1,0
C02245,2025,3,March,2,2,0,1
C02245,2025,10,October,3,3,0,1
C02246,2024,12,December,1,1,1,0
C02246,2025,5,May,2,1,0,0
C02246,2025,9,September,3,2,0,1
C02246,2025,11,November,4,3,0,1
C02247,2024,7,July,1,1,1,0
C02247,2024,8,August,2,2,0,1
C02247,2024,11,November,3,3,0,1
C02247,2025,1,January,4,4,0,1
C02247,2025,8,August,5,5,0,1
C02247,2025,10,October,6,6,0,1
C02249,2025,2,February,1,1,1,0
C02250,2024,7,July,1,1,1,0
C02250,2025,1,January,2,2,0,1
C02250,2025,2,February,3,3,0,1
C02250,2025,9,September,4,4,0,1
C02250,2025,11,November,5,5,0,1
C02251,2024,10,October,1,1,1,0
C02251,2025,1,January,2,1,0,0
C02251,2025,5,May,3,2,0,1
C02251,2025,9,September,4,3,0,1
C02251,2025,11,November,5,5,0,1
C02251,2025,12,December,8,6,0,1
C02252,2024,7,July,1,1,1,0
C02252,2025,5,May,2,1,0,0
C02252,2025,11,November,3,2,0,1
C02253,2024,11,November,1,1,1,0
C02254,2024,9,September,1,1,1,0
C02254,2025,10,October,2,2,0,1
C02255,2025,3,March,1,1,1,0
C02255,2025,6,June,3,1,0,0
C02255,2025,9,September,4,2,0,1
C02256,2024,7,July,1,1,1,0
C02256,2024,9,September,2,1,0,0
C02256,2025,2,February,3,2,0,1
C02256,2025,3,March,4,3,0,1
C02256,2025,10,October,5,4,0,1
C02257,2025,12,December,1,1,1,0
C02258,2024,7,July,1,2,0,1
C02258,2024,8,August,3,3,0,1
C02258,2025,9,September,4,3,0,1
C02259,2024,7,July,1,1,1,0
C02259,2024,10,October,2,2,0,1
C02259,2024,12,December,3,5,0,1
C02260,2025,4,April,1,0,1,0
C02260,2025,6,June,2,1,0,0
C02260,2025,7,July,3,1,0,0
C02260,2025,9,September,4,3,0,1
C02260,2025,10,October,6,3,0,1
C02261,2024,7,July,1,1,1,0
C02261,2024,8,August,2,1,0,0
C02261,2024,9,September,3,2,0,1
C02261,2025,1,January,4,2,0,1
C02261,2025,7,July,6,4,0,1
C02262,2025,7,July,1,1,1,0
C02263,2025,6,June,1,1,1,0
C02264,2024,10,October,1,1,1,0
C02264,2024,12,December,2,2,0,1
C02264,2025,1,January,3,2,0,1
C02264,2025,3,March,4,3,0,1
C02265,2024,7,July,1,1,1,0
C02265,2024,11,November,2,2,0,1
C02265,2025,3,March,3,2,0,1
C02266,2024,10,October,1,1,1,0
C02266,2025,4,April,4,2,0,1
C02266,2025,12,December,5,2,0,1
C02267,2024,7,July,1,1,1,0
C02267,2024,8,August,2,2,0,1
C02267,2024,10,October,3,3,0,1
C02267,2024,11,November,4,3,0,1
C02267,2025,1,January,5,4,0,1
C02267,2025,4,April,6,5,0,1
C02267,2025,7,July,7,6,0,1
C02267,2025,12,December,8,6,0,1
C02268,2024,8,August,1,1,1,0
C02268,2024,12,December,2,2,0,1
C02268,2025,3,March,3,3,0,1
C02268,2025,4,April,4,4,0,1
C02268,2025,6,June,5,7,0,1
C02270,2024,10,October,1,1,1,0
C02270,2025,9,September,2,2,0,1
C02271,2024,9,September,1,1,1,0
C02271,2025,2,February,2,2,0,1
C02271,2025,4,April,3,3,0,1
C02271,2025,12,December,4,3,0,1
C02272,2024,8,August,1,1,1,0
C02272,2024,12,December,2,2,0,1
C02272,2025,9,September,4,3,0,1
C02273,2025,1,January,1,0,1,0
C02273,2025,3,March,2,1,0,0
C02273,2025,6,June,3,2,0,1
C02273,2025,8,August,5,4,0,1
C02273,2025,12,December,7,5,0,1
C02274,2024,9,September,1,1,1,0
C02274,2025,6,June,2,3,0,1
C02274,2025,8,August,4,4,0,1
C02274,2025,10,October,5,5,0,1
C02275,2025,1,January,1,0,1,0
C02275,2025,3,March,2,2,0,1
C02276,2024,11,November,1,1,1,0
C02276,2025,2,February,2,2,0,1
C02277,2024,11,November,1,1,1,0
C02277,2025,4,April,2,1,0,0
C02278,2025,11,November,1,1,1,0
C02279,2024,7,July,1,1,1,0
C02279,2024,9,September,2,3,0,1
C02279,2025,3,March,4,4,0,1
C02279,2025,10,October,5,5,0,1
C02279,2025,11,November,6,8,0,1
C02280,2025,6,June,1,1,1,0
C02281,2024,12,December,1,0,1,0
C02281,2025,4,April,2,1,0,0
C02281,2025,6,June,3,2,0,1
C02282,2024,11,November,1,1,1,0
C02282,2024,12,December,2,1,0,0
C02282,2025,2,February,3,3,0,1
C02282,2025,6,June,5,4,0,1
C02282,2025,12,December,6,5,0,1
C02283,2024,9,September,1,1,1,0
C02283,2024,10,October,2,2,0,1
C02283,2024,12,December,3,3,0,1
C02283,2025,6,June,4,4,0,1
C02283,2025,8,August,5,5,0,1
C02283,2025,10,October,6,5,0,1
C02283,2025,12,December,7,6,0,1
C02284,2024,9,September,1,0,1,0
C02284,2024,12,December,2,1,0,0
C02284,2025,1,January,3,1,0,0
C02284,2025,3,March,4,2,0,1
C02284,2025,5,May,5,3,0,1
C02284,2025,6,June,6,4,0,1
C02284,2025,10,October,7,5,0,1
C02285,2024,10,October,1,0,1,0
C02286,2024,7,July,1,1,1,0
C02286,2024,8,August,2,2,0,1
C02286,2024,9,September,3,3,0,1
C02286,2025,2,February,4,4,0,1
C02286,2025,3,March,5,5,0,1
C02286,2025,4,April,7,7,0,1
C02286,2025,5,May,9,7,0,1
C02286,2025,6,June,10,8,0,1
C02287,2024,12,December,1,1,1,0
C02287,2025,3,March,2,2,0,1
C02287,2025,4,April,3,2,0,1
C02288,2024,8,August,1,1,1,0
C02288,2024,12,December,2,1,0,0
C02288,2025,3,March,3,2,0,1
C02289,2024,8,August,1,1,1,0
C02289,2024,10,October,2,2,0,1
C02289,2024,12,December,3,3,0,1
C02289,2025,1,January,4,5,0,1
C02289,2025,4,April,6,5,0,1
C02289,2025,11,November,7,6,0,1
C02289,2025,12,December,8,7,0,1
C02290,2025,7,July,1,1,1,0
C02291,2024,10,October,1,0,1,0
C02291,2025,2,February,2,1,0,0
C02291,2025,6,June,3,3,0,1
C02291,2025,10,October,5,4,0,1
C02292,2024,11,November,1,1,1,0
C02292,2025,2,February,3,2,0,1
C02292,2025,3,March,4,2,0,1
C02292,2025,9,September,5,3,0,1
C02293,2024,7,July,1,1,1,0
C02293,2024,8,August,2,2,0,1
C02293,2025,1,January,4,3,0,1
C02293,2025,4,April,5,4,0,1
C02293,2025,10,October,7,5,0,1
C02294,2024,7,July,1,1,1,0
C02294,2024,8,August,2,2,0,1
C02294,2025,2,February,3,3,0,1
C02294,2025,8,August,5,4,0,1
C02294,2025,9,September,6,5,0,1
C02294,2025,11,November,7,6,0,1
C02295,2024,10,October,1,1,1,0
C02295,2024,11,November,2,2,0,1
C02295,2025,5,May,3,3,0,1
C02295,2025,7,July,4,4,0,1
C02296,2024,8,August,1,1,1,0
C02296,2024,9,September,2,2,0,1
C02297,2024,7,July,1,1,1,0
C02297,2025,1,January,2,2,0,1
C02297,2025,9,September,3,3,0,1
C02298,2024,7,July,1,1,1,0
C02298,2024,10,October,2,2,0,1
C02298,2025,12,December,3,3,0,1
C02299,2024,11,November,1,1,1,0
C02299,2024,12,December,2,2,0,1
C02299,2025,1,January,3,3,0,1
C02299,2025,3,March,4,5,0,1
C02299,2025,6,June,6,6,0,1
C02299,2025,7,July,7,7,0,1
C02299,2025,9,September,9,7,0,1
C02299,2025,11,November,10,8,0,1
C02300,2025,2,February,1,1,1,0
C02300,2025,12,December,3,2,0,1
C02301,2024,11,November,1,1,1,0
C02301,2025,1,January,2,2,0,1
C02301,2025,6,June,3,2,0,1
C02301,2025,7,July,4,3,0,1
C02302,2024,7,July,1,1,1,0
C02302,2024,8,August,2,3,0,1
C02302,2024,11,November,5,4,0,1
C02302,2025,1,January,6,5,0,1
C02303,2024,7,July,1,1,1,0
C02303,2024,9,September,2,2,0,1
C02303,2025,1,January,3,3,0,1
C02303,2025,2,February,4,3,0,1
C02303,2025,9,September,5,5,0,1
C02304,2025,7,July,1,1,1,0
C02305,2024,7,July,1,2,0,1
C02305,2024,9,September,3,3,0,1
C02305,2024,12,December,4,5,0,1
C02305,2025,4,April,6,5,0,1
C02305,2025,8,August,7,6,0,1
C02306,2024,7,July,1,2,0,1
C02306,2024,8,August,3,4,0,1
C02306,2024,10,October,5,5,0,1
C02306,2024,11,November,6,6,0,1
C02306,2024,12,December,7,8,0,1
C02306,2025,5,May,9,9,0,1
C02306,2025,10,October,10,10,0,1
C02307,2024,9,September,1,1,1,0
C02307,2025,1,January,2,3,0,1
C02307,2025,4,April,4,3,0,1
C02307,2025,5,May,5,4,0,1
C02307,2025,9,September,6,5,0,1
C02307,2025,11,November,7,6,0,1
C02308,2024,7,July,1,1,1,0
C02308,2024,8,August,3,2,0,1
C02308,2024,9,September,5,6,0,1
C02308,2025,1,January,9,6,0,1
C02308,2025,2,February,10,7,0,1
C02308,2025,4,April,11,8,0,1
C02308,2025,7,July,12,9,0,1
C02308,2025,10,October,13,10,0,1
C02309,2024,7,July,1,2,0,1
C02309,2024,8,August,3,3,0,1
C02309,2024,11,November,4,4,0,1
C02309,2024,12,December,5,6,0,1
C02309,2025,5,May,7,7,0,1
C02309,2025,8,August,8,9,0,1
C02310,2024,7,July,1,1,1,0
C02310,2024,9,September,2,2,0,1
C02310,2024,10,October,3,2,0,1
C02310,2024,11,November,4,2,0,1
C02310,2025,12,December,5,3,0,1
C02311,2025,4,April,1,2,0,1
C02312,2024,9,September,1,1,1,0
C02315,2024,7,July,1,0,1,0
C02315,2024,8,August,2,1,0,0
C02315,2025,3,March,3,1,0,0
C02315,2025,11,November,4,4,0,1
C02316,2024,8,August,1,1,1,0
C02316,2025,3,March,2,2,0,1
C02317,2024,7,July,1,1,1,0
C02317,2024,10,October,2,3,0,1
C02317,2024,11,November,4,4,0,1
C02317,2024,12,December,5,6,0,1
C02317,2025,2,February,7,7,0,1
C02317,2025,4,April,8,8,0,1
C02317,2025,8,August,9,9,0,1
C02318,2025,2,February,1,1,1,0
C02318,2025,3,March,2,2,0,1
C02318,2025,11,November,3,3,0,1
C02319,2025,11,November,1,1,1,0
C02320,2025,7,July,1,1,1,0
C02320,2025,11,November,2,2,0,1
C02321,2024,10,October,1,1,1,0
C02322,2024,12,December,1,1,1,0
C02322,2025,8,August,2,2,0,1
C02323,2024,9,September,1,1,1,0
C02323,2024,10,October,2,2,0,1
C02323,2024,11,November,3,3,0,1
C02323,2025,1,January,4,4,0,1
C02323,2025,5,May,5,6,0,1
C02323,2025,7,July,7,7,0,1
C02324,2024,7,July,1,1,1,0
C02324,2025,11,November,2,2,0,1
C02325,2025,3,March,1,1,1,0
C02325,2025,4,April,2,2,0,1
C02325,2025,6,June,3,3,0,1
C02326,2024,9,September,1,1,1,0
C02326,2024,10,October,2,2,0,1
C02326,2025,4,April,3,3,0,1
C02326,2025,7,July,4,4,0,1
C02327,2025,2,February,1,1,1,0
C02327,2025,12,December,2,1,0,0
C02328,2025,2,February,1,1,1,0
C02328,2025,7,July,2,2,0,1
C02328,2025,8,August,4,3,0,1
C02328,2025,9,September,5,3,0,1
C02328,2025,12,December,6,4,0,1
C02329,2024,8,August,1,0,1,0
C02329,2025,2,February,3,1,0,0
C02330,2024,7,July,1,1,1,0
C02330,2024,9,September,2,2,0,1
C02330,2024,12,December,3,3,0,1
C02330,2025,2,February,4,4,0,1
C02330,2025,4,April,5,6,0,1
C02330,2025,9,September,7,7,0,1
C02330,2025,10,October,8,8,0,1
C02330,2025,11,November,9,9,0,1
C02331,2024,12,December,1,1,1,0
C02332,2024,7,July,1,1,1,0
C02332,2025,1,January,2,2,0,1
C02332,2025,6,June,3,4,0,1
C02332,2025,8,August,5,7,0,1
C02333,2024,10,October,1,1,1,0
C02333,2024,12,December,2,2,0,1
C02333,2025,4,April,3,3,0,1
C02333,2025,6,June,4,5,0,1
C02333,2025,7,July,6,5,0,1
C02333,2025,10,October,7,6,0,1
C02333,2025,12,December,8,7,0,1
C02334,2024,8,August,1,1,1,0
C02334,2024,12,December,3,2,0,1
C02334,2025,1,January,4,3,0,1
C02334,2025,4,April,5,4,0,1
C02334,2025,11,November,6,4,0,1
C02335,2024,7,July,1,0,1,0
C02335,2025,1,January,2,1,0,0
C02335,2025,4,April,3,2,0,1
C02335,2025,5,May,4,3,0,1
C02335,2025,6,June,5,4,0,1
C02336,2024,9,September,1,1,1,0
C02336,2024,11,November,2,2,0,1
C02337,2024,7,July,1,1,1,0
C02337,2024,8,August,2,2,0,1
C02337,2024,10,October,3,3,0,1
C02337,2025,9,September,4,4,0,1
C02337,2025,10,October,5,5,0,1
C02337,2025,11,November,6,6,0,1
C02338,2025,4,April,1,1,1,0
C02338,2025,7,July,2,2,0,1
C02339,2024,11,November,1,1,1,0
C02339,2025,3,March,2,4,0,1
C02339,2025,8,August,5,4,0,1
C02339,2025,9,September,6,5,0,1
C02340,2024,10,October,1,1,1,0
C02340,2025,1,January,2,1,0,0
C02340,2025,2,February,3,2,0,1
C02340,2025,3,March,4,2,0,1
C02340,2025,4,April,5,3,0,1
C02340,2025,5,May,6,4,0,1
C02340,2025,9,September,7,5,0,1
C02341,2024,12,December,1,0,1,0
C02341,2025,3,March,2,1,0,0
C02342,2024,9,September,1,1,1,0
C02342,2025,2,February,2,2,0,1
C02342,2025,8,August,3,3,0,1
C02343,2024,8,August,1,1,1,0
C02343,2025,4,April,2,2,0,1
C02343,2025,5,May,3,5,0,1
C02343,2025,6,June,6,6,0,1
C02343,2025,11,November,7,7,0,1
C02343,2025,12,December,8,8,0,1
C02344,2024,9,September,1,2,0,1
C02344,2024,10,October,3,3,0,1
C02344,2024,11,November,4,3,0,1
C02345,2024,8,August,1,1,1,0
C02345,2024,9,September,3,2,0,1
C02345,2024,10,October,4,2,0,1
C02345,2025,3,March,5,3,0,1
C02345,2025,5,May,6,4,0,1
C02345,2025,6,June,7,5,0,1
C02345,2025,9,September,8,7,0,1
C02345,2025,11,November,10,8,0,1
C02346,2025,10,October,1,1,1,0
C02346,2025,12,December,2,2,0,1
C02347,2025,10,October,1,1,1,0
C02347,2025,11,November,2,2,0,1
C02348,2024,11,November,1,1,1,0
C02349,2024,9,September,1,0,1,0
C02350,2025,10,October,1,0,1,0
C02350,2025,12,December,2,1,0,0
C02351,2024,9,September,1,1,1,0
C02351,2024,12,December,2,2,0,1
C02351,2025,3,March,3,3,0,1
C02351,2025,8,August,4,4,0,1
C02351,2025,9,September,5,4,0,1
C02352,2025,6,June,1,1,1,0
C02352,2025,9,September,2,2,0,1
C02353,2024,11,November,1,0,1,0
C02353,2025,5,May,2,1,0,0
C02353,2025,10,October,3,2,0,1
C02353,2025,11,November,5,3,0,1
C02354,2024,7,July,1,1,1,0
C02354,2024,10,October,2,1,0,0
C02354,2025,3,March,3,2,0,1
C02354,2025,5,May,4,5,0,1
C02354,2025,8,August,7,6,0,1
C02355,2024,9,September,1,1,1,0
C02355,2025,5,May,2,2,0,1
C02355,2025,9,September,3,3,0,1
C02356,2024,8,August,1,3,0,1
C02356,2025,1,January,4,3,0,1
C02356,2025,5,May,5,4,0,1
C02356,2025,6,June,6,5,0,1
C02356,2025,12,December,7,6,0,1
C02357,2024,9,September,1,1,1,0
C02357,2024,12,December,2,2,0,1
C02357,2025,1,January,3,4,0,1
C02357,2025,3,March,5,6,0,1
C02357,2025,7,July,8,7,0,1
C02358,2024,8,August,1,1,1,0
C02358,2025,8,August,2,2,0,1
C02358,2025,11,November,3,3,0,1
C02359,2024,12,December,1,1,1,0
C02359,2025,1,January,2,2,0,1
C02359,2025,2,February,3,3,0,1
C02360,2024,10,October,1,1,1,0
C02360,2024,11,November,2,2,0,1
C02360,2025,3,March,3,2,0,1
C02360,2025,4,April,4,3,0,1
C02360,2025,8,August,5,4,0,1
C02360,2025,9,September,6,4,0,1
C02361,2024,7,July,1,1,1,0
C02361,2025,5,May,2,2,0,1
C02361,2025,9,September,3,3,0,1
C02362,2025,1,January,1,1,1,0
C02362,2025,7,July,2,2,0,1
C02364,2024,8,August,1,1,1,0
C02364,2024,11,November,2,2,0,1
C02364,2025,4,April,3,3,0,1
C02365,2024,8,August,1,1,1,0
C02365,2024,10,October,2,2,0,1
C02365,2025,1,January,3,3,0,1
C02365,2025,2,February,4,3,0,1
C02365,2025,4,April,5,4,0,1
C02365,2025,5,May,6,5,0,1
C02365,2025,8,August,7,6,0,1
C02365,2025,10,October,8,7,0,1
C02366,2024,10,October,1,1,1,0
C02366,2025,2,February,2,2,0,1
C02366,2025,6,June,3,3,0,1
C02367,2025,4,April,1,1,1,0
C02368,2024,12,December,1,1,1,0
C02368,2025,3,March,3,1,0,0
C02368,2025,4,April,4,2,0,1
C02368,2025,9,September,5,3,0,1
C02368,2025,12,December,6,5,0,1
C02369,2024,9,September,1,1,1,0
C02369,2024,10,October,2,1,0,0
C02369,2025,1,January,3,2,0,1
C02369,2025,10,October,4,3,0,1
C02370,2024,12,December,1,1,1,0
C02370,2025,9,September,2,2,0,1
C02371,2024,7,July,1,1,1,0
C02371,2024,8,August,2,2,0,1
C02371,2025,2,February,3,3,0,1
C02371,2025,7,July,4,5,0,1
C02371,2025,8,August,6,6,0,1
C02372,2024,10,October,1,1,1,0
C02372,2025,5,May,2,1,0,0
C02372,2025,6,June,3,3,0,1
C02372,2025,8,August,5,3,0,1
C02372,2025,10,October,6,4,0,1
C02373,2025,3,March,1,1,1,0
C02374,2024,9,September,1,1,1,0
C02374,2025,1,January,2,2,0,1
C02374,2025,7,July,3,2,0,1
C02375,2025,3,March,1,1,1,0
C02375,2025,4,April,2,2,0,1
C02375,2025,8,August,3,3,0,1
C02375,2025,12,December,4,4,0,1
C02376,2024,12,December,1,1,1,0
C02376,2025,5,May,2,2,0,1
C02376,2025,6,June,3,3,0,1
C02377,2025,11,November,1,1,1,0
C02378,2024,8,August,1,1,1,0
C02378,2025,2,February,2,1,0,0
C02378,2025,5,May,3,1,0,0
C02379,2024,7,July,1,2,0,1
C02379,2024,8,August,3,4,0,1
C02379,2024,10,October,5,6,0,1
C02379,2024,12,December,7,7,0,1
C02379,2025,5,May,8,8,0,1
C02379,2025,8,August,9,9,0,1
C02380,2024,8,August,1,1,1,0
C02380,2025,2,February,2,2,0,1
C02381,2024,8,August,1,1,1,0
C02381,2025,3,March,2,3,0,1
C02381,2025,5,May,4,4,0,1
C02381,2025,7,July,5,5,0,1
C02381,2025,8,August,7,6,0,1
C02382,2024,9,September,1,0,1,0
C02382,2024,11,November,2,1,0,0
C02383,2024,8,August,1,1,1,0
C02383,2024,10,October,2,2,0,1
C02383,2025,1,January,3,2,0,1
C02383,2025,3,March,4,2,0,1
C02383,2025,4,April,5,3,0,1
C02383,2025,6,June,6,4,0,1
C02383,2025,12,December,7,5,0,1
C02384,2025,1,January,1,1,1,0
C02384,2025,3,March,2,2,0,1
C02384,2025,8,August,3,2,0,1
C02384,2025,12,December,4,3,0,1
C02385,2024,8,August,1,1,1,0
C02385,2024,9,September,2,2,0,1
C02385,2024,11,November,3,3,0,1
C02385,2025,2,February,4,4,0,1
C02385,2025,4,April,5,5,0,1
C02385,2025,12,December,6,6,0,1
C02386,2025,5,May,1,1,1,0
C02386,2025,12,December,2,2,0,1
C02387,2024,9,September,1,1,1,0
C02387,2025,6,June,2,1,0,0
C02387,2025,8,August,3,2,0,1
C02388,2024,9,September,1,1,1,0
C02388,2025,9,September,2,1,0,0
C02388,2025,11,November,3,2,0,1
C02389,2025,3,March,1,1,1,0
C02390,2025,12,December,1,0,1,0
C02391,2025,2,February,1,1,1,0
C02391,2025,12,December,2,2,0,1
C02392,2024,9,September,1,1,1,0
C02392,2024,10,October,3,2,0,1
C02392,2024,11,November,4,4,0,1
C02392,2025,4,April,6,5,0,1
C02392,2025,5,May,7,6,0,1
C02392,2025,6,June,8,7,0,1
C02392,2025,8,August,10,8,0,1
C02392,2025,10,October,11,9,0,1
C02392,2025,11,November,12,10,0,1
C02393,2024,11,November,1,0,1,0
C02393,2025,1,January,2,0,0,0
C02393,2025,2,February,3,1,0,0
C02393,2025,6,June,4,2,0,1
C02393,2025,9,September,5,2,0,1
C02393,2025,12,December,6,3,0,1
C02394,2024,7,July,1,1,1,0
C02394,2024,10,October,2,1,0,0
C02394,2024,11,November,3,2,0,1
C02394,2024,12,December,4,3,0,1
C02394,2025,5,May,5,4,0,1
C02394,2025,10,October,6,4,0,1
C02394,2025,11,November,7,5,0,1
C02394,2025,12,December,8,6,0,1
C02395,2024,7,July,1,1,1,0
C02396,2024,9,September,1,1,1,0
C02396,2025,5,May,2,2,0,1
C02396,2025,11,November,3,3,0,1
C02397,2024,10,October,1,1,1,0
C02397,2025,5,May,2,2,0,1
C02398,2024,7,July,1,0,1,0
C02398,2024,10,October,2,1,0,0
C02399,2024,9,September,1,1,1,0
C02399,2024,11,November,2,2,0,1
C02399,2024,12,December,3,2,0,1
C02399,2025,10,October,4,3,0,1
C02400,2024,9,September,1,1,1,0
C02400,2024,10,October,2,2,0,1
C02400,2025,9,September,3,2,0,1
C02401,2024,11,November,1,2,0,1
C02401,2025,5,May,3,3,0,1
C02401,2025,6,June,4,3,0,1
C02402,2025,1,January,1,1,1,0
C02402,2025,4,April,2,1,0,0
C02402,2025,5,May,3,2,0,1
C02402,2025,12,December,4,3,0,1
C02403,2024,8,August,1,1,1,0
C02403,2025,11,November,2,2,0,1
C02404,2024,7,July,1,1,1,0
C02404,2025,11,November,2,2,0,1
C02405,2024,8,August,1,2,0,1
C02405,2024,10,October,3,3,0,1
C02405,2025,7,July,4,4,0,1
C02405,2025,12,December,5,4,0,1
C02406,2024,7,July,1,2,0,1
C02406,2024,12,December,3,3,0,1
C02407,2024,8,August,1,1,1,0
C02408,2025,10,October,1,1,1,0
C02408,2025,11,November,2,2,0,1
C02409,2024,9,September,1,1,1,0
C02409,2024,12,December,2,2,0,1
C02410,2024,7,July,1,1,1,0
C02410,2025,1,January,2,2,0,1
C02410,2025,3,March,3,2,0,1
C02410,2025,5,May,4,3,0,1
C02411,2024,7,July,1,1,1,0
C02411,2025,4,April,2,2,0,1
C02411,2025,6,June,3,2,0,1
C02411,2025,9,September,4,3,0,1
C02412,2024,10,October,1,1,1,0
C02412,2025,2,February,2,2,0,1
C02412,2025,4,April,3,2,0,1
C02413,2024,8,August,1,1,1,0
C02413,2024,11,November,2,2,0,1
C02413,2025,2,February,3,3,0,1
C02413,2025,11,November,4,5,0,1
C02414,2024,8,August,1,1,1,0
C02414,2024,10,October,2,2,0,1
C02414,2025,8,August,3,3,0,1
C02414,2025,10,October,4,4,0,1
C02415,2024,11,November,1,1,1,0
C02415,2025,2,February,2,2,0,1
C02416,2025,7,July,1,1,1,0
C02417,2024,8,August,1,1,1,0
C02417,2024,10,October,2,2,0,1
C02417,2025,3,March,3,3,0,1
C02417,2025,4,April,4,4,0,1
C02417,2025,7,July,5,5,0,1
C02418,2025,2,February,1,1,1,0
C02418,2025,5,May,2,2,0,1
C02418,2025,11,November,3,3,0,1
C02419,2025,8,August,1,1,1,0
C02419,2025,10,October,2,2,0,1
C02419,2025,12,December,3,4,0,1
C02420,2024,10,October,1,2,0,1
C02420,2024,12,December,4,5,0,1
C02420,2025,5,May,8,7,0,1
C02420,2025,6,June,10,8,0,1
C02420,2025,9,September,11,9,0,1
C02421,2024,10,October,1,1,1,0
C02421,2024,11,November,2,2,0,1
C02421,2025,3,March,4,3,0,1
C02421,2025,5,May,5,4,0,1
C02422,2024,8,August,1,1,1,0
C02422,2024,12,December,2,2,0,1
C02422,2025,2,February,3,3,0,1
C02422,2025,3,March,4,4,0,1
C02422,2025,7,July,5,4,0,1
C02422,2025,10,October,6,5,0,1
C02422,2025,11,November,7,7,0,1
C02423,2024,7,July,1,1,1,0
C02423,2025,2,February,2,2,0,1
C02423,2025,5,May,3,3,0,1
C02424,2024,11,November,1,1,1,0
C02424,2025,2,February,2,2,0,1
C02425,2024,8,August,1,0,1,0
C02425,2025,3,March,2,1,0,0
C02425,2025,6,June,3,2,0,1
C02425,2025,9,September,4,2,0,1
C02425,2025,10,October,5,2,0,1
C02426,2024,12,December,1,0,1,0
C02427,2024,9,September,1,1,1,0
C02427,2024,12,December,2,2,0,1
C02427,2025,1,January,3,3,0,1
C02427,2025,11,November,4,3,0,1
C02428,2024,7,July,1,0,1,0
C02428,2024,8,August,2,1,0,0
C02428,2024,10,October,3,2,0,1
C02428,2024,12,December,4,2,0,1
C02428,2025,7,July,5,3,0,1
C02428,2025,8,August,6,4,0,1
C02429,2024,9,September,1,1,1,0
C02429,2025,6,June,2,2,0,1
C02430,2024,9,September,1,2,0,1
C02430,2024,11,November,3,2,0,1
C02430,2025,5,May,4,3,0,1
C02430,2025,9,September,5,4,0,1
C02430,2025,10,October,6,5,0,1
C02431,2024,10,October,1,0,1,0
C02431,2025,3,March,2,0,0,0
C02431,2025,8,August,3,1,0,0
C02432,2024,7,July,1,1,1,0
C02432,2024,9,September,2,2,0,1
C02432,2025,1,January,3,3,0,1
C02432,2025,2,February,4,4,0,1
C02432,2025,3,March,5,5,0,1
C02432,2025,10,October,6,6,0,1
C02433,2024,8,August,1,0,1,0
C02433,2024,11,November,2,1,0,0
C02433,2025,12,December,3,2,0,1
C02434,2024,10,October,1,1,1,0
C02434,2025,4,April,2,2,0,1
C02434,2025,10,October,3,3,0,1
C02435,2025,1,January,1,1,1,0
C02435,2025,8,August,2,2,0,1
C02435,2025,10,October,3,3,0,1
C02436,2024,8,August,1,1,1,0
C02436,2025,8,August,2,1,0,0
C02437,2025,2,February,1,1,1,0
C02437,2025,5,May,2,2,0,1
C02437,2025,7,July,3,3,0,1
C02437,2025,9,September,4,4,0,1
C02438,2024,7,July,1,1,1,0
C02438,2025,5,May,3,2,0,1
C02438,2025,11,November,4,3,0,1
C02439,2024,8,August,1,1,1,0
C02439,2024,12,December,2,2,0,1
C02439,2025,2,February,3,3,0,1
C02439,2025,6,June,4,4,0,1
C02439,2025,11,November,5,4,0,1
C02440,2024,11,November,1,2,0,1
C02440,2025,7,July,3,5,0,1
C02440,2025,8,August,6,6,0,1
C02441,2024,9,September,1,1,1,0
C02441,2024,11,November,2,2,0,1
C02442,2025,1,January,1,1,1,0
C02443,2025,2,February,1,1,1,0
C02443,2025,6,June,2,1,0,0
C02443,2025,10,October,3,2,0,1
C02443,2025,11,November,4,2,0,1
C02443,2025,12,December,5,3,0,1
C02444,2024,12,December,1,1,1,0
C02444,2025,4,April,2,1,0,0
C02444,2025,7,July,3,2,0,1
C02445,2025,1,January,1,1,1,0
C02446,2024,10,October,1,1,1,0
C02446,2024,11,November,2,2,0,1
C02446,2024,12,December,3,3,0,1
C02446,2025,1,January,4,4,0,1
C02446,2025,3,March,5,5,0,1
C02446,2025,8,August,6,6,0,1
C02447,2024,9,September,1,1,1,0
C02447,2024,12,December,2,2,0,1
C02447,2025,1,January,3,3,0,1
C02447,2025,2,February,4,4,0,1
C02447,2025,3,March,5,6,0,1
C02447,2025,5,May,7,7,0,1
C02447,2025,6,June,8,8,0,1
C02448,2024,8,August,1,1,1,0
C02448,2024,10,October,2,2,0,1
C02448,2025,6,June,3,3,0,1
C02448,2025,12,December,4,4,0,1
C02449,2024,8,August,1,1,1,0
C02449,2025,7,July,3,3,0,1
C02449,2025,11,November,5,4,0,1
C02449,2025,12,December,6,5,0,1
C02451,2024,9,September,1,0,1,0
C02451,2024,11,November,2,1,0,0
C02453,2024,7,July,1,0,1,0
C02453,2024,9,September,2,1,0,0
C02453,2024,10,October,3,2,0,1
C02453,2025,1,January,4,2,0,1
C02453,2025,2,February,5,3,0,1
C02453,2025,4,April,6,4,0,1
C02453,2025,6,June,7,4,0,1
C02453,2025,8,August,8,6,0,1
C02454,2024,10,October,1,1,1,0
C02454,2025,5,May,2,2,0,1
C02454,2025,9,September,3,2,0,1
C02454,2025,10,October,4,3,0,1
C02455,2025,11,November,1,1,1,0
C02456,2024,12,December,1,1,1,0
C02456,2025,5,May,2,1,0,0
C02457,2024,9,September,1,1,1,0
C02457,2025,3,March,2,2,0,1
C02457,2025,4,April,3,3,0,1
C02457,2025,5,May,4,4,0,1
C02457,2025,12,December,5,5,0,1
C02458,2024,9,September,1,1,1,0
C02458,2025,10,October,2,1,0,0
C02459,2024,7,July,1,1,1,0
C02459,2025,1,January,2,2,0,1
C02460,2024,9,September,1,2,0,1
C02460,2024,10,October,3,4,0,1
C02460,2024,12,December,5,5,0,1
C02460,2025,4,April,6,7,0,1
C02460,2025,5,May,8,8,0,1
C02461,2025,1,January,1,1,1,0
C02463,2025,2,February,1,1,1,0
C02463,2025,3,March,2,2,0,1
C02463,2025,7,July,3,2,0,1
C02463,2025,12,December,4,3,0,1
C02464,2024,7,July,1,1,1,0
C02464,2024,12,December,2,2,0,1
C02464,2025,4,April,3,3,0,1
C02464,2025,10,October,4,4,0,1
C02464,2025,11,November,5,5,0,1
C02465,2025,4,April,1,1,1,0
C02465,2025,8,August,2,3,0,1
C02466,2024,7,July,1,1,1,0
C02466,2024,10,October,2,2,0,1
C02466,2025,4,April,3,3,0,1
C02466,2025,5,May,4,3,0,1
C02466,2025,12,December,5,4,0,1
C02467,2025,5,May,1,0,1,0
C02467,2025,7,July,2,1,0,0
C02467,2025,12,December,3,2,0,1
C02468,2025,1,January,1,1,1,0
C02469,2024,10,October,1,1,1,0
C02471,2024,8,August,1,0,1,0
C02471,2024,12,December,2,0,0,0
C02471,2025,1,January,3,1,0,0
C02471,2025,11,November,4,2,0,1
C02471,2025,12,December,5,2,0,1
C02472,2024,7,July,1,1,1,0
C02472,2024,10,October,2,2,0,1
C02472,2024,11,November,5,3,0,1
C02472,2025,1,January,6,4,0,1
C02472,2025,4,April,7,5,0,1
C02472,2025,5,May,8,7,0,1
C02472,2025,9,September,10,8,0,1
C02473,2024,9,September,1,1,1,0
C02473,2025,1,January,2,2,0,1
C02473,2025,5,May,3,3,0,1
C02474,2025,2,February,1,1,1,0
C02474,2025,4,April,2,1,0,0
C02474,2025,7,July,3,2,0,1
C02474,2025,8,August,4,3,0,1
C02474,2025,11,November,5,4,0,1
C02475,2024,11,November,1,1,1,0
C02475,2025,11,November,2,2,0,1
C02476,2024,7,July,1,1,1,0
C02476,2025,5,May,2,2,0,1
C02476,2025,8,August,3,3,0,1
C02477,2024,9,September,1,0,1,0
C02477,2025,3,March,2,1,0,0
C02477,2025,5,May,3,2,0,1
C02478,2025,10,October,1,1,1,0
C02479,2024,10,October,1,1,1,0
C02479,2024,12,December,2,2,0,1
C02479,2025,11,November,3,3,0,1
C02480,2024,7,July,1,1,1,0
C02480,2024,12,December,2,2,0,1
C02480,2025,1,January,3,2,0,1
C02480,2025,2,February,4,2,0,1
C02480,2025,3,March,5,3,0,1
C02480,2025,5,May,6,4,0,1
C02480,2025,7,July,7,5,0,1
C02481,2025,2,February,1,0,1,0
C02481,2025,5,May,2,1,0,0
C02481,2025,7,July,4,2,0,1
C02481,2025,8,August,5,3,0,1
C02482,2025,4,April,1,0,1,0
C02482,2025,6,June,2,2,0,1
C02482,2025,7,July,4,3,0,1
C02482,2025,8,August,5,4,0,1
C02482,2025,10,October,6,5,0,1
C02483,2025,1,January,1,1,1,0
C02483,2025,8,August,2,2,0,1
C02484,2024,8,August,1,1,1,0
C02484,2024,11,November,2,2,0,1
C02484,2025,5,May,3,2,0,1
C02484,2025,11,November,4,2,0,1
C02485,2024,7,July,1,1,1,0
C02485,2024,10,October,2,2,0,1
C02485,2024,11,November,3,3,0,1
C02485,2025,1,January,4,4,0,1
C02485,2025,9,September,5,5,0,1
C02486,2025,5,May,1,1,1,0
C02486,2025,8,August,2,2,0,1
C02487,2024,7,July,1,0,1,0
C02487,2024,9,September,2,0,0,0
C02487,2024,10,October,3,1,0,0
C02487,2024,11,November,4,2,0,1
C02487,2025,1,January,5,3,0,1
C02487,2025,4,April,6,4,0,1
C02487,2025,10,October,7,5,0,1
C02487,2025,11,November,8,6,0,1
C02488,2025,9,September,1,1,1,0
C02489,2024,9,September,1,1,1,0
C02489,2025,2,February,2,2,0,1
C02489,2025,7,July,3,3,0,1
C02489,2025,10,October,4,4,0,1
C02490,2024,10,October,1,1,1,0
C02490,2025,4,April,2,2,0,1
C02490,2025,5,May,3,3,0,1
C02490,2025,6,June,4,4,0,1
C02490,2025,8,August,5,5,0,1
C02490,2025,9,September,6,7,0,1
C02490,2025,10,October,8,8,0,1
C02491,2025,2,February,1,1,1,0
C02491,2025,5,May,2,2,0,1
C02491,2025,11,November,3,3,0,1
C02492,2024,7,July,1,0,1,0
C02492,2025,1,January,2,1,0,0
C02492,2025,5,May,3,3,0,1
C02492,2025,8,August,5,3,0,1
C02492,2025,12,December,6,3,0,1
C02493,2024,8,August,1,0,1,0
C02494,2025,3,March,1,1,1,0
C02494,2025,4,April,2,2,0,1
C02494,2025,10,October,3,2,0,1
C02495,2024,10,October,1,0,1,0
C02495,2024,12,December,2,1,0,0
C02496,2024,7,July,1,2,0,1
C02496,2024,9,September,3,3,0,1
C02496,2025,1,January,4,3,0,1
C02496,2025,4,April,5,4,0,1
C02496,2025,6,June,6,5,0,1
C02496,2025,9,September,7,6,0,1
C02496,2025,11,November,8,7,0,1
C02497,2024,11,November,1,1,1,0
C02497,2025,4,April,2,2,0,1
C02497,2025,8,August,3,3,0,1
C02498,2025,5,May,1,1,1,0
C02498,2025,10,October,2,2,0,1
C02498,2025,11,November,3,3,0,1
C02499,2024,7,July,1,1,1,0
C02499,2024,8,August,2,2,0,1
C02499,2024,11,November,3,3,0,1
C02499,2024,12,December,5,3,0,1
C02499,2025,8,August,6,4,0,1
C02500,2024,7,July,1,1,1,0
C02500,2024,9,September,2,2,0,1
C02500,2024,11,November,4,2,0,1
C02500,2025,2,February,5,3,0,1
C02500,2025,5,May,6,4,0,1
C02500,2025,8,August,7,5,0,1
C02500,2025,9,September,8,6,0,1
C02500,2025,12,December,9,7,0,1
C02501,2024,11,November,1,1,1,0
C02501,2025,2,February,2,2,0,1
C02501,2025,3,March,3,3,0,1
C02501,2025,6,June,4,4,0,1
C02502,2024,9,September,1,1,1,0
C02502,2025,1,January,2,2,0,1
C02502,2025,7,July,3,2,0,1
C02503,2024,8,August,1,1,1,0
C02503,2024,9,September,2,2,0,1
C02503,2024,10,October,3,3,0,1
C02503,2024,11,November,4,4,0,1
C02503,2024,12,December,5,6,0,1
C02503,2025,2,February,7,6,0,1
C02503,2025,5,May,8,7,0,1
C02503,2025,7,July,9,8,0,1
C02503,2025,12,December,10,9,0,1
C02504,2024,11,November,1,1,1,0
C02504,2025,6,June,2,2,0,1
C02504,2025,10,October,3,3,0,1
C02505,2024,8,August,1,1,1,0
C02505,2025,6,June,2,1,0,0
C02505,2025,8,August,3,2,0,1
C02506,2025,11,November,1,0,1,0
C02507,2024,10,October,1,1,1,0
C02507,2025,4,April,2,1,0,0
C02507,2025,6,June,3,2,0,1
C02508,2025,9,September,1,1,1,0
C02508,2025,10,October,2,2,0,1
C02509,2025,7,July,1,1,1,0
C02510,2024,7,July,1,0,1,0
C02510,2024,8,August,2,0,0,0
C02510,2025,11,November,5,2,0,1
C02511,2025,12,December,1,1,1,0
C02512,2024,12,December,1,1,1,0
C02512,2025,10,October,3,3,0,1
C02513,2025,6,June,1,0,1,0
C02513,2025,12,December,2,1,0,0
C02514,2024,10,October,1,1,1,0
C02514,2025,10,October,2,3,0,1
C02515,2024,7,July,1,1,1,0
C02516,2024,7,July,1,2,0,1
C02516,2025,3,March,4,2,0,1
C02516,2025,5,May,5,3,0,1
C02516,2025,11,November,6,5,0,1
C02517,2024,7,July,1,1,1,0
C02517,2024,11,November,2,2,0,1
C02517,2025,8,August,3,4,0,1
C02517,2025,9,September,5,5,0,1
C02518,2024,9,September,1,1,1,0
C02518,2025,3,March,2,2,0,1
C02518,2025,4,April,4,3,0,1
C02519,2024,10,October,1,1,1,0
C02519,2024,12,December,2,1,0,0
C02519,2025,1,January,3,1,0,0
C02520,2024,7,July,1,1,1,0
C02520,2024,8,August,2,1,0,0
C02520,2024,10,October,3,1,0,0
C02521,2024,9,September,1,2,0,1
C02521,2025,3,March,3,3,0,1
C02521,2025,8,August,4,4,0,1
C02521,2025,10,October,5,6,0,1
C02522,2024,10,October,1,0,1,0
C02522,2024,11,November,2,1,0,0
C02522,2025,2,February,3,1,0,0
C02522,2025,3,March,4,2,0,1
C02522,2025,9,September,6,3,0,1
C02522,2025,10,October,7,4,0,1
C02523,2024,8,August,1,1,1,0
C02523,2025,5,May,2,2,0,1
C02523,2025,11,November,3,3,0,1
C02523,2025,12,December,4,4,0,1
C02524,2025,4,April,1,1,1,0
C02524,2025,5,May,2,1,0,0
C02525,2024,7,July,1,1,1,0
C02525,2025,5,May,2,2,0,1
C02525,2025,9,September,3,3,0,1
C02526,2024,9,September,1,1,1,0
C02526,2024,11,November,2,2,0,1
C02526,2025,3,March,3,3,0,1
C02526,2025,5,May,4,4,0,1
C02526,2025,6,June,5,4,0,1
C02527,2024,9,September,1,1,1,0
C02527,2025,8,August,2,2,0,1
C02527,2025,11,November,3,3,0,1
C02528,2025,5,May,1,1,1,0
C02528,2025,7,July,2,2,0,1
C02529,2024,10,October,1,1,1,0
C02529,2025,2,February,2,2,0,1
C02529,2025,7,July,3,3,0,1
C02529,2025,8,August,4,4,0,1
C02529,2025,9,September,5,6,0,1
C02529,2025,11,November,7,7,0,1
C02530,2024,9,September,1,1,1,0
C02530,2025,1,January,2,2,0,1
C02530,2025,8,August,3,3,0,1
C02530,2025,9,September,4,3,0,1
C02530,2025,10,October,5,4,0,1
C02531,2025,11,November,1,1,1,0
C02532,2025,1,January,1,1,1,0
C02532,2025,11,November,2,2,0,1
C02533,2024,8,August,1,1,1,0
C02533,2024,9,September,2,2,0,1
C02533,2024,10,October,3,3,0,1
C02533,2025,2,February,4,4,0,1
C02533,2025,7,July,5,5,0,1
C02533,2025,12,December,6,5,0,1
C02534,2024,8,August,1,0,1,0
C02534,2025,11,November,2,1,0,0
C02534,2025,12,December,3,2,0,1
C02535,2024,7,July,1,1,1,0
C02535,2024,9,September,2,1,0,0
C02535,2025,3,March,3,3,0,1
C02535,2025,4,April,5,4,0,1
C02535,2025,10,October,6,5,0,1
C02536,2024,9,September,1,1,1,0
C02536,2025,2,February,2,2,0,1
C02536,2025,3,March,3,3,0,1
C02536,2025,7,July,4,4,0,1
C02536,2025,8,August,5,6,0,1
C02537,2024,9,September,1,1,1,0
C02537,2024,11,November,2,1,0,0
C02537,2024,12,December,3,2,0,1
C02537,2025,1,January,4,2,0,1
C02537,2025,12,December,5,2,0,1
C02538,2024,9,September,1,1,1,0
C02538,2024,11,November,2,2,0,1
C02538,2025,1,January,3,3,0,1
C02538,2025,6,June,4,4,0,1
C02539,2025,6,June,1,1,1,0
C02539,2025,10,October,2,2,0,1
C02540,2024,8,August,1,1,1,0
C02540,2025,1,January,2,2,0,1
C02540,2025,6,June,3,3,0,1
C02541,2025,1,January,1,1,1,0
C02541,2025,4,April,2,1,0,0
C02541,2025,7,July,3,2,0,1
C02541,2025,12,December,4,3,0,1
C02542,2024,8,August,1,1,1,0
C02542,2025,2,February,2,2,0,1
C02542,2025,3,March,4,3,0,1
C02542,2025,11,November,5,4,0,1
C02543,2024,7,July,1,1,1,0
C02543,2024,12,December,2,2,0,1
C02543,2025,4,April,3,2,0,1
C02544,2025,4,April,1,1,1,0
C02545,2025,9,September,1,1,1,0
C02546,2025,5,May,1,0,1,0
C02546,2025,10,October,2,1,0,0
C02547,2024,12,December,1,1,1,0
C02548,2024,12,December,1,1,1,0
C02548,2025,1,January,2,2,0,1
C02548,2025,5,May,3,4,0,1
C02548,2025,7,July,5,5,0,1
C02548,2025,11,November,6,5,0,1
C02549,2025,3,March,1,1,1,0
C02549,2025,7,July,2,1,0,0
C02549,2025,12,December,3,2,0,1
C02550,2024,7,July,1,1,1,0
C02550,2024,11,November,2,1,0,0
C02550,2024,12,December,3,2,0,1
C02550,2025,9,September,4,3,0,1
C02550,2025,11,November,5,4,0,1
C02550,2025,12,December,6,5,0,1
C02551,2024,12,December,1,1,1,0
C02551,2025,4,April,2,2,0,1
C02551,2025,6,June,3,3,0,1
C02551,2025,7,July,4,4,0,1
C02551,2025,8,August,5,5,0,1
C02551,2025,10,October,6,7,0,1
C02552,2024,12,December,1,1,1,0
C02552,2025,6,June,2,2,0,1
C02553,2025,1,January,1,1,1,0
C02553,2025,6,June,2,2,0,1
C02553,2025,9,September,3,3,0,1
C02554,2024,8,August,1,1,1,0
C02554,2024,11,November,2,1,0,0
C02554,2025,12,December,3,2,0,1
C02555,2024,7,July,1,0,1,0
C02555,2024,8,August,2,1,0,0
C02555,2025,10,October,3,3,0,1
C02556,2024,11,November,1,1,1,0
C02556,2025,6,June,2,2,0,1
C02556,2025,8,August,3,3,0,1
C02557,2025,4,April,1,0,1,0
C02558,2025,1,January,1,1,1,0
C02558,2025,3,March,2,2,0,1
C02558,2025,6,June,3,2,0,1
C02558,2025,9,September,4,2,0,1
C02559,2024,7,July,1,1,1,0
C02559,2024,11,November,2,1,0,0
C02559,2025,1,January,3,2,0,1
C02559,2025,5,May,4,3,0,1
C02559,2025,7,July,5,3,0,1
C02559,2025,12,December,6,4,0,1
C02560,2024,11,November,1,1,1,0
C02560,2024,12,December,2,2,0,1
C02560,2025,1,January,3,3,0,1
C02560,2025,6,June,4,4,0,1
C02560,2025,11,November,5,5,0,1
C02561,2024,10,October,1,1,1,0
C02561,2025,1,January,2,2,0,1
C02561,2025,6,June,3,2,0,1
C02562,2025,7,July,1,1,1,0
C02563,2024,9,September,1,1,1,0
C02563,2025,7,July,2,2,0,1
C02563,2025,10,October,3,3,0,1
C02564,2024,8,August,1,1,1,0
C02564,2024,10,October,2,1,0,0
C02564,2024,11,November,3,2,0,1
C02564,2025,2,February,4,3,0,1
C02564,2025,3,March,5,4,0,1
C02564,2025,10,October,6,5,0,1
C02565,2024,10,October,1,1,1,0
C02565,2025,12,December,3,1,0,0
C02566,2025,1,January,1,0,1,0
C02566,2025,5,May,2,1,0,0
C02566,2025,6,June,3,2,0,1
C02566,2025,8,August,4,3,0,1
C02567,2024,7,July,1,1,1,0
C02567,2024,10,October,2,2,0,1
C02567,2025,11,November,3,3,0,1
C02567,2025,12,December,4,4,0,1
C02568,2024,7,July,1,0,1,0
C02568,2024,8,August,2,1,0,0
C02568,2025,2,February,3,2,0,1
C02568,2025,8,August,4,3,0,1
C02568,2025,11,November,5,4,0,1
C02569,2025,2,February,1,1,1,0
C02569,2025,4,April,2,2,0,1
C02569,2025,7,July,3,5,0,1
C02569,2025,11,November,6,5,0,1
C02570,2024,8,August,1,1,1,0
C02570,2025,5,May,2,2,0,1
C02570,2025,7,July,3,3,0,1
C02571,2025,1,January,1,1,1,0
C02572,2024,7,July,1,1,1,0
C02572,2024,10,October,2,2,0,1
C02572,2024,11,November,3,3,0,1
C02573,2025,10,October,1,0,1,0
C02574,2024,9,September,1,1,1,0
C02574,2025,3,March,2,2,0,1
C02574,2025,6,June,3,3,0,1
C02575,2024,8,August,1,0,1,0
C02575,2025,7,July,2,1,0,0
C02575,2025,8,August,3,2,0,1
C02575,2025,11,November,4,3,0,1
C02575,2025,12,December,5,4,0,1
C02576,2025,8,August,1,1,1,0
C02577,2024,10,October,1,4,0,1
C02577,2024,11,November,5,5,0,1
C02577,2025,2,February,6,6,0,1
C02577,2025,4,April,7,7,0,1
C02577,2025,8,August,8,7,0,1
C02577,2025,9,September,9,8,0,1
C02577,2025,10,October,10,9,0,1
C02577,2025,11,November,12,9,0,1
C02579,2025,3,March,1,1,1,0
C02579,2025,4,April,2,2,0,1
C02580,2025,2,February,1,0,1,0
C02580,2025,6,June,2,1,0,0
C02581,2024,9,September,1,1,1,0
C02581,2025,2,February,2,4,0,1
C02581,2025,10,October,5,5,0,1
C02582,2024,10,October,1,1,1,0
C02582,2024,12,December,2,2,0,1
C02583,2024,8,August,1,1,1,0
C02583,2025,3,March,2,2,0,1
C02584,2024,7,July,1,0,1,0
C02584,2024,11,November,2,2,0,1
C02584,2025,3,March,4,3,0,1
C02584,2025,5,May,5,4,0,1
C02584,2025,7,July,6,5,0,1
C02584,2025,9,September,7,6,0,1
C02584,2025,11,November,8,7,0,1
C02584,2025,12,December,10,9,0,1
C02586,2024,8,August,1,0,1,0
C02586,2025,1,January,2,1,0,0
C02586,2025,5,May,3,2,0,1
C02586,2025,8,August,4,3,0,1
C02587,2024,7,July,1,1,1,0
C02587,2024,9,September,2,2,0,1
C02587,2024,11,November,3,3,0,1
C02587,2024,12,December,4,4,0,1
C02587,2025,3,March,5,6,0,1
C02587,2025,10,October,8,7,0,1
C02587,2025,12,December,9,8,0,1
C02588,2025,1,January,1,1,1,0
C02588,2025,7,July,2,2,0,1
C02589,2024,7,July,1,1,1,0
C02589,2024,9,September,2,2,0,1
C02589,2024,10,October,3,3,0,1
C02589,2025,1,January,4,4,0,1
C02589,2025,9,September,5,5,0,1
C02589,2025,10,October,7,6,0,1
C02589,2025,11,November,8,7,0,1
C02590,2024,10,October,1,1,1,0
C02590,2025,1,January,2,2,0,1
C02590,2025,2,February,3,3,0,1
C02590,2025,3,March,4,4,0,1
C02590,2025,4,April,5,6,0,1
C02590,2025,5,May,7,7,0,1
C02590,2025,6,June,8,8,0,1
C02590,2025,7,July,9,9,0,1
C02590,2025,8,August,10,11,0,1
C02590,2025,10,October,12,11,0,1
C02590,2025,11,November,13,12,0,1
C02591,2024,9,September,1,1,1,0
C02591,2024,11,November,2,2,0,1
C02591,2024,12,December,3,3,0,1
C02591,2025,4,April,4,4,0,1
C02591,2025,8,August,5,5,0,1
C02591,2025,12,December,6,6,0,1
C02592,2024,8,August,1,1,1,0
C02592,2025,10,October,2,2,0,1
C02593,2024,7,July,1,1,1,0
C02593,2025,6,June,2,2,0,1
C02593,2025,7,July,3,3,0,1
C02594,2024,7,July,1,1,1,0
C02594,2025,1,January,3,3,0,1
C02594,2025,2,February,5,4,0,1
C02594,2025,7,July,6,5,0,1
C02595,2024,11,November,1,1,1,0
C02595,2025,1,January,2,1,0,0
C02595,2025,3,March,3,2,0,1
C02595,2025,4,April,4,3,0,1
C02595,2025,12,December,5,4,0,1
C02596,2024,11,November,1,1,1,0
C02596,2025,3,March,2,2,0,1
C02596,2025,6,June,3,3,0,1
C02596,2025,10,October,4,4,0,1
C02596,2025,11,November,5,4,0,1
C02597,2025,10,October,1,1,1,0
C02597,2025,12,December,2,2,0,1
C02598,2024,9,September,1,1,1,0
C02598,2024,10,October,2,2,0,1
C02598,2024,11,November,3,3,0,1
C02598,2025,3,March,4,4,0,1
C02598,2025,7,July,5,5,0,1
C02598,2025,8,August,6,6,0,1
C02598,2025,10,October,7,7,0,1
C02598,2025,12,December,8,8,0,1
C02599,2024,12,December,1,1,1,0
C02599,2025,4,April,2,3,0,1
C02599,2025,8,August,4,4,0,1
C02599,2025,9,September,5,5,0,1
C02600,2024,10,October,1,1,1,0
C02600,2025,4,April,2,2,0,1
C02601,2024,9,September,1,1,1,0
C02601,2024,11,November,2,2,0,1
C02602,2025,10,October,1,1,1,0
C02603,2024,10,October,1,1,1,0
C02603,2025,1,January,2,2,0,1
C02603,2025,8,August,3,2,0,1
C02604,2024,7,July,1,1,1,0
C02604,2024,8,August,2,2,0,1
C02604,2024,9,September,3,3,0,1
C02605,2024,8,August,1,0,1,0
C02605,2024,11,November,2,2,0,1
C02605,2024,12,December,4,4,0,1
C02605,2025,6,June,6,5,0,1
C02605,2025,8,August,7,6,0,1
C02605,2025,10,October,8,8,0,1
C02605,2025,11,November,10,9,0,1
C02605,2025,12,December,11,10,0,1
C02606,2024,12,December,1,1,1,0
C02606,2025,4,April,2,2,0,1
C02607,2024,8,August,1,1,1,0
C02607,2025,2,February,2,1,0,0
C02607,2025,3,March,3,2,0,1
C02607,2025,12,December,4,2,0,1
C02608,2024,7,July,1,1,1,0
C02608,2024,9,September,2,2,0,1
C02608,2024,12,December,3,4,0,1
C02608,2025,4,April,5,5,0,1
C02608,2025,9,September,6,6,0,1
C02608,2025,11,November,7,7,0,1
C02609,2024,11,November,1,1,1,0
C02610,2025,5,May,1,1,1,0
C02611,2025,12,December,1,1,1,0
C02612,2024,8,August,1,1,1,0
C02612,2024,9,September,2,2,0,1
C02612,2024,10,October,3,3,0,1
C02612,2024,11,November,4,4,0,1
C02612,2024,12,December,6,6,0,1
C02612,2025,1,January,8,7,0,1
C02612,2025,4,April,9,8,0,1
C02612,2025,9,September,10,9,0,1
C02612,2025,11,November,11,10,0,1
C02613,2024,7,July,1,1,1,0
C02613,2025,2,February,2,2,0,1
C02613,2025,6,June,3,3,0,1
C02613,2025,10,October,4,4,0,1
C02613,2025,11,November,5,5,0,1
C02613,2025,12,December,6,7,0,1
C02614,2024,7,July,1,0,1,0
C02614,2024,8,August,2,1,0,0
C02614,2024,10,October,3,1,0,0
C02614,2025,6,June,4,2,0,1
C02615,2025,4,April,1,1,1,0
C02615,2025,6,June,2,2,0,1
C02616,2024,11,November,1,1,1,0
C02616,2025,12,December,2,2,0,1
C02617,2025,4,April,1,0,1,0
C02618,2025,3,March,1,1,1,0
C02618,2025,7,July,2,2,0,1
C02619,2024,12,December,1,1,1,0
C02619,2025,3,March,2,2,0,1
C02619,2025,4,April,3,3,0,1
C02619,2025,7,July,4,4,0,1
C02619,2025,8,August,5,4,0,1
C02619,2025,10,October,6,5,0,1
C02620,2024,8,August,1,2,0,1
C02620,2025,5,May,3,2,0,1
C02621,2024,7,July,1,1,1,0
C02621,2025,1,January,2,2,0,1
C02621,2025,2,February,3,3,0,1
C02621,2025,7,July,4,5,0,1
C02621,2025,8,August,6,6,0,1
C02621,2025,11,November,7,7,0,1
C02622,2024,10,October,1,0,1,0
C02622,2025,8,August,2,1,0,0
C02622,2025,9,September,3,2,0,1
C02622,2025,11,November,4,2,0,1
C02623,2025,2,February,1,1,1,0
C02623,2025,4,April,2,2,0,1
C02623,2025,8,August,3,3,0,1
C02624,2024,9,September,1,1,1,0
C02624,2025,11,November,2,2,0,1
C02625,2024,10,October,1,1,1,0
C02625,2025,1,January,2,2,0,1
C02626,2025,11,November,1,1,1,0
C02627,2024,10,October,1,1,1,0
C02627,2025,8,August,2,2,0,1
C02628,2024,9,September,1,1,1,0
C02628,2024,12,December,2,2,0,1
C02628,2025,9,September,3,2,0,1
C02628,2025,10,October,4,3,0,1
C02629,2025,8,August,1,1,1,0
C02630,2024,12,December,1,1,1,0
C02630,2025,3,March,2,2,0,1
C02630,2025,4,April,3,3,0,1
C02630,2025,5,May,4,4,0,1
C02631,2025,9,September,1,0,1,0
C02631,2025,12,December,2,1,0,0
C02632,2025,5,May,1,1,1,0
C02633,2024,8,August,1,1,1,0
C02633,2024,10,October,2,2,0,1
C02633,2025,7,July,3,3,0,1
C02634,2025,12,December,1,1,1,0
C02635,2024,12,December,1,2,0,1
C02635,2025,2,February,3,3,0,1
C02635,2025,7,July,4,4,0,1
C02635,2025,12,December,5,5,0,1
C02636,2024,8,August,1,0,1,0
C02636,2024,11,November,2,1,0,0
C02636,2025,1,January,3,2,0,1
C02636,2025,10,October,4,4,0,1
C02637,2025,10,October,1,0,1,0
C02638,2025,8,August,1,0,1,0
C02639,2024,7,July,1,2,0,1
C02639,2024,9,September,3,3,0,1
C02639,2024,10,October,4,4,0,1
C02639,2025,2,February,5,5,0,1
C02639,2025,9,September,6,6,0,1
C02639,2025,11,November,7,7,0,1
C02640,2024,8,August,1,1,1,0
C02640,2024,10,October,2,3,0,1
C02640,2025,1,January,4,4,0,1
C02640,2025,2,February,5,4,0,1
C02640,2025,4,April,6,5,0,1
C02640,2025,6,June,7,6,0,1
C02640,2025,7,July,8,7,0,1
C02641,2024,10,October,1,1,1,0
C02641,2024,11,November,2,2,0,1
C02641,2025,1,January,3,3,0,1
C02641,2025,9,September,4,4,0,1
C02642,2024,12,December,1,1,1,0
C02642,2025,5,May,2,2,0,1
C02642,2025,6,June,3,2,0,1
C02642,2025,7,July,4,2,0,1
C02642,2025,8,August,5,3,0,1
C02642,2025,9,September,6,3,0,1
C02643,2024,10,October,1,1,1,0
C02643,2025,12,December,2,2,0,1
C02644,2024,10,October,1,1,1,0
C02645,2025,2,February,1,1,1,0
C02645,2025,6,June,2,2,0,1
C02645,2025,10,October,3,3,0,1
C02646,2025,11,November,1,1,1,0
C02647,2025,6,June,1,1,1,0
C02647,2025,11,November,2,2,0,1
C02648,2024,10,October,1,0,1,0
C02648,2025,6,June,2,1,0,0
C02648,2025,10,October,3,2,0,1
C02648,2025,12,December,4,4,0,1
C02649,2024,7,July,1,1,1,0
C02649,2024,9,September,2,2,0,1
C02649,2024,11,November,3,3,0,1
C02649,2024,12,December,4,4,0,1
C02649,2025,12,December,5,5,0,1
C02650,2024,9,September,1,1,1,0
C02650,2025,1,January,2,2,0,1
C02650,2025,8,August,3,2,0,1
C02650,2025,10,October,4,3,0,1
C02651,2024,12,December,1,1,1,0
C02651,2025,4,April,3,1,0,0
C02651,2025,12,December,4,2,0,1
C02652,2025,5,May,1,1,1,0
C02652,2025,11,November,2,2,0,1
C02653,2025,3,March,1,1,1,0
C02653,2025,4,April,2,3,0,1
C02654,2025,7,July,1,1,1,0
C02654,2025,8,August,2,2,0,1
C02656,2025,4,April,1,1,1,0
C02656,2025,9,September,2,2,0,1
C02657,2024,8,August,1,1,1,0
C02658,2024,8,August,1,1,1,0
C02658,2024,11,November,2,2,0,1
C02658,2025,7,July,3,2,0,1
C02659,2024,7,July,1,1,1,0
C02659,2024,8,August,2,1,0,0
C02659,2024,11,November,3,2,0,1
C02659,2025,2,February,4,2,0,1
C02659,2025,4,April,5,3,0,1
C02660,2025,1,January,1,1,1,0
C02660,2025,2,February,2,1,0,0
C02660,2025,10,October,3,2,0,1
C02661,2024,11,November,1,0,1,0
C02661,2025,4,April,2,1,0,0
C02661,2025,11,November,3,2,0,1
C02662,2024,11,November,1,1,1,0
C02662,2025,3,March,2,2,0,1
C02662,2025,4,April,3,2,0,1
C02663,2024,9,September,1,0,1,0
C02663,2025,9,September,2,1,0,0
C02664,2024,9,September,1,1,1,0
C02665,2024,10,October,1,1,1,0
C02665,2025,3,March,2,2,0,1
C02665,2025,5,May,3,3,0,1
C02666,2024,8,August,1,1,1,0
C02666,2024,9,September,2,2,0,1
C02667,2024,7,July,1,1,1,0
C02668,2024,9,September,1,0,1,0
C02668,2025,4,April,2,1,0,0
C02668,2025,5,May,3,2,0,1
C02668,2025,8,August,4,3,0,1
C02668,2025,11,November,5,4,0,1
C02669,2024,7,July,1,1,1,0
C02669,2024,12,December,2,2,0,1
C02669,2025,9,September,3,4,0,1
C02670,2024,9,September,1,0,1,0
C02670,2024,11,November,2,0,0,0
C02671,2024,8,August,1,1,1,0
C02671,2025,2,February,2,2,0,1
C02671,2025,4,April,3,2,0,1
C02671,2025,5,May,4,3,0,1
C02671,2025,6,June,5,4,0,1
C02671,2025,7,July,6,5,0,1
C02672,2024,8,August,1,1,1,0
C02672,2025,7,July,2,1,0,0
C02672,2025,10,October,3,3,0,1
C02672,2025,11,November,5,4,0,1
C02672,2025,12,December,6,5,0,1
C02673,2024,12,December,1,2,0,1
C02673,2025,5,May,3,2,0,1
C02673,2025,6,June,4,3,0,1
C02673,2025,7,July,5,4,0,1
C02673,2025,8,August,6,4,0,1
C02673,2025,9,September,7,5,0,1
C02674,2024,9,September,1,1,1,0
C02674,2024,10,October,2,1,0,0
C02674,2024,11,November,3,3,0,1
C02674,2024,12,December,5,4,0,1
C02675,2025,6,June,1,1,1,0
C02675,2025,8,August,2,2,0,1
C02675,2025,12,December,3,3,0,1
C02676,2025,12,December,1,1,1,0
C02678,2024,9,September,1,1,1,0
C02678,2025,9,September,2,2,0,1
C02678,2025,10,October,3,3,0,1
C02678,2025,12,December,4,4,0,1
C02679,2025,3,March,1,1,1,0
C02679,2025,6,June,2,1,0,0
C02680,2025,5,May,1,1,1,0
C02680,2025,11,November,2,2,0,1
C02681,2024,11,November,1,1,1,0
C02681,2025,7,July,2,2,0,1
C02681,2025,10,October,3,3,0,1
C02681,2025,12,December,4,4,0,1
C02682,2024,8,August,1,1,1,0
C02682,2024,9,September,2,2,0,1
C02682,2024,10,October,3,3,0,1
C02682,2024,11,November,4,4,0,1
C02682,2025,4,April,5,5,0,1
C02682,2025,10,October,6,6,0,1
C02683,2024,12,December,1,1,1,0
C02683,2025,3,March,2,1,0,0
C02683,2025,4,April,3,2,0,1
C02683,2025,6,June,4,3,0,1
C02683,2025,10,October,5,4,0,1
C02684,2024,8,August,1,1,1,0
C02684,2024,12,December,2,1,0,0
C02684,2025,1,January,4,2,0,1
C02684,2025,6,June,5,3,0,1
C02684,2025,8,August,6,4,0,1
C02684,2025,12,December,7,5,0,1
C02685,2024,12,December,1,0,1,0
C02685,2025,1,January,2,0,0,0
C02685,2025,5,May,3,1,0,0
C02686,2024,10,October,1,0,1,0
C02686,2025,2,February,2,1,0,0
C02686,2025,4,April,3,2,0,1
C02686,2025,6,June,4,3,0,1
C02686,2025,11,November,5,4,0,1
C02686,2025,12,December,6,5,0,1
C02687,2024,8,August,1,1,1,0
C02687,2025,4,April,2,2,0,1
C02687,2025,10,October,4,3,0,1
C02687,2025,12,December,5,4,0,1
C02688,2025,7,July,1,1,1,0
C02688,2025,10,October,2,2,0,1
C02688,2025,11,November,3,3,0,1
C02690,2024,7,July,1,1,1,0
C02690,2024,10,October,2,2,0,1
C02690,2024,12,December,3,2,0,1
C02690,2025,11,November,4,3,0,1
C02691,2024,7,July,1,1,1,0
C02692,2025,2,February,1,1,1,0
C02692,2025,3,March,2,2,0,1
C02692,2025,5,May,3,4,0,1
C02692,2025,9,September,5,5,0,1
C02692,2025,11,November,6,6,0,1
C02692,2025,12,December,7,7,0,1
C02693,2024,9,September,1,0,1,0
C02693,2024,10,October,2,1,0,0
C02693,2025,5,May,3,1,0,0
C02693,2025,8,August,4,2,0,1
C02694,2024,11,November,1,1,1,0
C02694,2025,2,February,2,2,0,1
C02694,2025,3,March,3,3,0,1
C02694,2025,5,May,4,4,0,1
C02694,2025,10,October,6,5,0,1
C02695,2025,2,February,1,1,1,0
C02695,2025,6,June,2,2,0,1
C02696,2025,9,September,1,1,1,0
C02697,2024,7,July,1,1,1,0
C02697,2024,10,October,2,2,0,1
C02697,2024,11,November,3,3,0,1
C02697,2025,2,February,4,4,0,1
C02697,2025,6,June,5,5,0,1
C02697,2025,7,July,6,6,0,1
C02697,2025,10,October,7,8,0,1
C02697,2025,12,December,9,9,0,1
C02698,2024,9,September,1,1,1,0
C02698,2025,3,March,2,1,0,0
C02698,2025,4,April,3,2,0,1
C02700,2024,10,October,1,1,1,0
C02700,2025,4,April,2,2,0,1
C02700,2025,12,December,3,3,0,1
C02702,2024,9,September,1,1,1,0
C02702,2024,11,November,2,2,0,1
C02702,2024,12,December,3,4,0,1
C02702,2025,2,February,5,5,0,1
C02702,2025,5,May,6,6,0,1
C02702,2025,7,July,7,8,0,1
C02702,2025,8,August,9,9,0,1
C02702,2025,9,September,11,10,0,1
C02702,2025,12,December,13,10,0,1
C02703,2024,11,November,1,0,1,0
C02703,2025,2,February,2,1,0,0
C02703,2025,3,March,3,3,0,1
C02703,2025,8,August,5,5,0,1
C02703,2025,11,November,7,6,0,1
C02704,2024,8,August,1,1,1,0
C02704,2025,3,March,2,2,0,1
C02704,2025,10,October,3,3,0,1
C02704,2025,11,November,4,4,0,1
C02705,2024,7,July,1,1,1,0
C02705,2025,1,January,2,3,0,1
C02705,2025,9,September,4,4,0,1
C02705,2025,12,December,5,4,0,1
C02706,2025,12,December,1,1,1,0
C02707,2024,10,October,1,1,1,0
C02707,2024,12,December,2,2,0,1
C02707,2025,11,November,3,3,0,1
C02708,2024,11,November,1,0,1,0
C02708,2025,2,February,2,1,0,0
C02708,2025,7,July,3,2,0,1
C02709,2024,11,November,1,0,1,0
C02709,2025,3,March,2,1,0,0
C02710,2025,10,October,1,1,1,0
C02710,2025,12,December,2,2,0,1
C02711,2024,7,July,1,1,1,0
C02711,2025,5,May,2,2,0,1
C02712,2025,12,December,1,1,1,0
C02714,2024,10,October,1,1,1,0
C02714,2024,11,November,2,2,0,1
C02714,2025,4,April,3,3,0,1
C02714,2025,7,July,4,3,0,1
C02715,2024,10,October,1,1,1,0
C02715,2025,5,May,2,1,0,0
C02715,2025,7,July,3,2,0,1
C02715,2025,8,August,4,2,0,1
C02715,2025,9,September,5,4,0,1
C02716,2024,7,July,1,1,1,0
C02716,2025,3,March,2,2,0,1
C02716,2025,12,December,3,3,0,1
C02717,2024,8,August,1,1,1,0
C02717,2024,9,September,2,2,0,1
C02717,2024,12,December,3,3,0,1
C02717,2025,2,February,4,4,0,1
C02717,2025,3,March,5,5,0,1
C02717,2025,4,April,6,7,0,1
C02717,2025,5,May,8,9,0,1
C02717,2025,9,September,10,10,0,1
C02718,2025,8,August,1,1,1,0
C02719,2024,10,October,1,1,1,0
C02719,2025,6,June,2,2,0,1
C02719,2025,8,August,3,3,0,1
C02720,2025,3,March,1,1,1,0
C02720,2025,10,October,2,2,0,1
C02721,2025,11,November,1,1,1,0
C02722,2024,7,July,1,1,1,0
C02722,2024,9,September,2,1,0,0
C02722,2024,10,October,3,2,0,1
C02722,2025,3,March,4,3,0,1
C02722,2025,5,May,5,4,0,1
C02722,2025,6,June,6,5,0,1
C02722,2025,8,August,7,6,0,1
C02723,2024,7,July,1,1,1,0
C02723,2024,11,November,2,1,0,0
C02723,2025,12,December,3,2,0,1
C02724,2024,11,November,1,1,1,0
C02724,2025,3,March,2,1,0,0
C02724,2025,7,July,3,2,0,1
C02725,2024,7,July,1,1,1,0
C02725,2024,8,August,2,1,0,0
C02725,2024,9,September,3,1,0,0
C02725,2025,8,August,4,2,0,1
C02725,2025,10,October,5,3,0,1
C02726,2024,9,September,1,1,1,0
C02726,2025,1,January,2,2,0,1
C02726,2025,11,November,3,2,0,1
C02727,2024,7,July,1,1,1,0
C02727,2024,8,August,2,2,0,1
C02727,2025,9,September,3,3,0,1
C02728,2024,11,November,1,1,1,0
C02728,2025,6,June,2,2,0,1
C02728,2025,11,November,3,3,0,1
C02728,2025,12,December,4,4,0,1
C02729,2025,10,October,1,1,1,0
C02730,2024,8,August,1,0,1,0
C02730,2025,1,January,2,0,0,0
C02731,2025,8,August,1,1,1,0
C02732,2024,9,September,1,1,1,0
C02732,2025,1,January,2,2,0,1
C02732,2025,2,February,3,3,0,1
C02732,2025,3,March,4,4,0,1
C02732,2025,7,July,5,4,0,1
C02733,2024,7,July,1,1,1,0
C02733,2024,8,August,2,2,0,1
C02733,2024,9,September,3,3,0,1
C02733,2024,12,December,4,4,0,1
C02733,2025,3,March,5,5,0,1
C02733,2025,5,May,6,6,0,1
C02733,2025,7,July,7,7,0,1
C02733,2025,8,August,8,7,0,1
C02733,2025,10,October,9,7,0,1
C02733,2025,11,November,10,7,0,1
C02734,2025,1,January,1,1,1,0
C02734,2025,4,April,2,2,0,1
C02734,2025,6,June,3,2,0,1
C02734,2025,7,July,4,2,0,1
C02735,2024,9,September,1,1,1,0
C02735,2024,12,December,2,2,0,1
C02735,2025,5,May,3,3,0,1
C02735,2025,7,July,4,4,0,1
C02736,2024,9,September,1,1,1,0
C02736,2025,4,April,2,2,0,1
C02737,2024,12,December,1,1,1,0
C02737,2025,7,July,2,2,0,1
C02737,2025,11,November,3,3,0,1
C02738,2024,7,July,1,1,1,0
C02738,2024,9,September,2,2,0,1
C02738,2024,10,October,3,3,0,1
C02738,2025,2,February,4,4,0,1
C02739,2024,11,November,1,0,1,0
C02739,2024,12,December,2,1,0,0
C02739,2025,1,January,3,2,0,1
C02739,2025,6,June,4,2,0,1
C02740,2025,11,November,1,1,1,0
C02740,2025,12,December,2,1,0,0
C02741,2025,3,March,1,1,1,0
C02741,2025,4,April,2,2,0,1
C02742,2024,10,October,1,2,0,1
C02742,2025,5,May,3,2,0,1
C02742,2025,8,August,4,3,0,1
C02742,2025,12,December,5,4,0,1
C02743,2024,7,July,1,1,1,0
C02743,2024,9,September,2,2,0,1
C02743,2024,10,October,3,3,0,1
C02743,2025,1,January,4,4,0,1
C02743,2025,2,February,5,5,0,1
C02743,2025,4,April,6,6,0,1
C02743,2025,10,October,7,7,0,1
C02744,2024,7,July,1,2,0,1
C02744,2024,9,September,3,3,0,1
C02744,2025,7,July,4,4,0,1
C02744,2025,8,August,5,5,0,1
C02744,2025,9,September,6,8,0,1
C02744,2025,12,December,9,9,0,1
C02745,2025,6,June,1,1,1,0
C02746,2024,7,July,1,0,1,0
C02746,2025,1,January,2,1,0,0
C02746,2025,2,February,3,2,0,1
C02746,2025,4,April,4,3,0,1
C02746,2025,6,June,5,4,0,1
C02746,2025,10,October,6,4,0,1
C02747,2024,8,August,1,1,1,0
C02747,2025,3,March,2,2,0,1
C02748,2024,7,July,1,3,0,1
C02748,2024,9,September,4,4,0,1
C02748,2024,12,December,5,6,0,1
C02748,2025,1,January,7,7,0,1
C02748,2025,5,May,8,8,0,1
C02748,2025,10,October,9,9,0,1
C02748,2025,12,December,10,9,0,1
C02749,2024,7,July,1,1,1,0
C02749,2025,6,June,2,2,0,1
C02749,2025,9,September,3,4,0,1
C02749,2025,10,October,5,5,0,1
C02750,2024,11,November,1,1,1,0
C02750,2025,7,July,2,2,0,1
C02750,2025,9,September,4,3,0,1
C02751,2025,4,April,1,1,1,0
C02752,2024,9,September,1,1,1,0
C02752,2024,10,October,2,2,0,1
C02752,2025,5,May,3,2,0,1
C02752,2025,8,August,4,3,0,1
C02752,2025,9,September,5,4,0,1
C02752,2025,10,October,6,5,0,1
C02753,2024,8,August,1,1,1,0
C02753,2024,10,October,2,2,0,1
C02753,2025,3,March,3,3,0,1
C02753,2025,9,September,5,4,0,1
C02753,2025,10,October,6,5,0,1
C02754,2024,8,August,1,2,0,1
C02754,2025,3,March,3,2,0,1
C02754,2025,4,April,4,3,0,1
C02754,2025,7,July,5,4,0,1
C02754,2025,9,September,6,5,0,1
C02755,2024,7,July,1,0,1,0
C02755,2024,9,September,2,1,0,0
C02756,2024,7,July,1,1,1,0
C02756,2025,1,January,2,2,0,1
C02757,2025,4,April,1,1,1,0
C02758,2024,7,July,1,0,1,0
C02758,2025,3,March,2,1,0,0
C02759,2024,7,July,1,0,1,0
C02759,2024,10,October,2,1,0,0
C02759,2025,1,January,3,2,0,1
C02759,2025,2,February,4,3,0,1
C02759,2025,9,September,5,4,0,1
C02759,2025,12,December,6,5,0,1
C02760,2024,8,August,1,1,1,0
C02760,2025,6,June,2,3,0,1
C02760,2025,8,August,4,3,0,1
C02761,2025,2,February,1,1,1,0
C02761,2025,5,May,2,2,0,1
C02761,2025,8,August,3,3,0,1
C02762,2024,8,August,1,1,1,0
C02762,2024,9,September,2,1,0,0
C02762,2025,2,February,3,2,0,1
C02762,2025,7,July,4,3,0,1
C02762,2025,11,November,6,4,0,1
C02763,2024,12,December,1,1,1,0
C02764,2025,8,August,1,1,1,0
C02765,2024,11,November,1,0,1,0
C02766,2025,1,January,1,1,1,0
C02766,2025,8,August,2,2,0,1
C02766,2025,10,October,3,3,0,1
C02767,2024,7,July,1,1,1,0
C02767,2025,2,February,3,1,0,0
C02767,2025,11,November,4,2,0,1
C02768,2025,1,January,1,1,1,0
C02768,2025,12,December,2,2,0,1
C02769,2025,8,August,1,1,1,0
C02770,2024,10,October,1,1,1,0
C02770,2025,3,March,2,1,0,0
C02770,2025,9,September,3,2,0,1
C02771,2025,3,March,1,0,1,0
C02771,2025,5,May,2,1,0,0
C02771,2025,10,October,3,2,0,1
C02772,2024,8,August,1,1,1,0
C02772,2024,10,October,2,2,0,1
C02772,2025,10,October,4,2,0,1
C02773,2024,7,July,1,1,1,0
C02773,2024,10,October,2,1,0,0
C02773,2025,1,January,3,2,0,1
C02773,2025,2,February,4,5,0,1
C02774,2024,10,October,1,1,1,0
C02774,2025,1,January,3,2,0,1
C02774,2025,3,March,4,3,0,1
C02775,2025,4,April,1,1,1,0
C02775,2025,5,May,2,3,0,1
C02775,2025,12,December,4,3,0,1
C02776,2024,7,July,1,1,1,0
C02776,2024,9,September,2,2,0,1
C02776,2025,9,September,3,3,0,1
C02776,2025,10,October,4,4,0,1
C02777,2025,3,March,1,1,1,0
C02778,2024,7,July,1,1,1,0
C02778,2025,3,March,2,2,0,1
C02778,2025,8,August,3,5,0,1
C02779,2024,12,December,1,1,1,0
C02781,2024,12,December,1,1,1,0
C02781,2025,7,July,2,2,0,1
C02781,2025,8,August,3,3,0,1
C02781,2025,12,December,4,4,0,1
C02782,2025,2,February,1,2,0,1
C02782,2025,3,March,3,4,0,1
C02782,2025,9,September,5,5,0,1
C02783,2024,8,August,1,1,1,0
C02783,2024,10,October,2,3,0,1
C02783,2025,2,February,4,3,0,1
C02783,2025,3,March,5,4,0,1
C02783,2025,7,July,6,5,0,1
C02783,2025,9,September,7,5,0,1
C02783,2025,11,November,8,6,0,1
C02783,2025,12,December,9,8,0,1
C02784,2024,7,July,1,1,1,0
C02784,2024,11,November,2,3,0,1
C02784,2024,12,December,4,3,0,1
C02784,2025,3,March,5,5,0,1
C02784,2025,5,May,7,6,0,1
C02784,2025,12,December,8,6,0,1
C02785,2024,7,July,1,1,1,0
C02785,2025,2,February,2,2,0,1
C02785,2025,5,May,3,3,0,1
C02785,2025,9,September,4,3,0,1
C02786,2025,10,October,1,1,1,0
C02786,2025,11,November,2,2,0,1
C02787,2024,7,July,1,1,1,0
C02787,2025,3,March,2,2,0,1
C02787,2025,4,April,3,3,0,1
C02787,2025,6,June,4,4,0,1
C02787,2025,11,November,5,5,0,1
C02787,2025,12,December,6,6,0,1
C02788,2024,11,November,1,1,1,0
C02788,2025,4,April,2,1,0,0
C02788,2025,6,June,3,2,0,1
C02788,2025,8,August,4,3,0,1
C02788,2025,10,October,5,4,0,1
C02789,2024,9,September,1,1,1,0
C02789,2024,10,October,2,2,0,1
C02789,2025,1,January,3,3,0,1
C02789,2025,2,February,4,4,0,1
C02789,2025,6,June,5,5,0,1
C02789,2025,10,October,6,6,0,1
C02790,2024,7,July,1,0,1,0
C02790,2024,11,November,2,1,0,0
C02790,2025,5,May,3,2,0,1
C02791,2025,7,July,1,1,1,0
C02792,2024,8,August,1,1,1,0
C02792,2024,9,September,2,1,0,0
C02792,2024,12,December,3,2,0,1
C02792,2025,3,March,4,2,0,1
C02792,2025,5,May,5,3,0,1
C02792,2025,6,June,7,5,0,1
C02792,2025,8,August,9,5,0,1
C02792,2025,12,December,10,5,0,1
C02793,2024,9,September,1,0,1,0
C02793,2025,1,January,2,1,0,0
C02793,2025,10,October,3,1,0,0
C02794,2025,12,December,1,1,1,0
C02795,2025,1,January,1,1,1,0
C02795,2025,6,June,2,2,0,1
C02795,2025,8,August,3,3,0,1
C02796,2024,7,July,1,1,1,0
C02796,2024,8,August,2,2,0,1
C02796,2024,9,September,3,3,0,1
C02796,2024,10,October,4,4,0,1
C02796,2024,11,November,5,5,0,1
C02796,2025,1,January,6,6,0,1
C02796,2025,3,March,7,7,0,1
C02796,2025,11,November,8,7,0,1
C02797,2024,7,July,1,1,1,0
C02797,2024,8,August,2,2,0,1
C02797,2024,9,September,3,3,0,1
C02797,2024,10,October,4,4,0,1
C02797,2024,11,November,5,6,0,1
C02797,2024,12,December,7,7,0,1
C02797,2025,2,February,8,7,0,1
C02797,2025,7,July,9,9,0,1
C02797,2025,8,August,11,11,0,1
C02797,2025,10,October,13,12,0,1
C02797,2025,11,November,14,12,0,1
C02798,2024,12,December,1,2,0,1
C02798,2025,1,January,3,3,0,1
C02798,2025,4,April,4,3,0,1
C02798,2025,5,May,5,4,0,1
C02798,2025,6,June,6,5,0,1
C02798,2025,12,December,7,6,0,1
C02799,2024,7,July,1,2,0,1
C02799,2024,8,August,3,2,0,1
C02799,2024,10,October,4,2,0,1
C02799,2024,12,December,5,3,0,1
C02799,2025,1,January,6,4,0,1
C02799,2025,6,June,7,5,0,1
C02799,2025,9,September,8,7,0,1
C02800,2025,12,December,1,1,1,0
C02801,2024,9,September,1,0,1,0
C02801,2025,1,January,2,0,0,0
C02801,2025,3,March,3,0,0,0
C02801,2025,6,June,4,1,0,0
C02801,2025,7,July,5,2,0,1
C02801,2025,9,September,6,3,0,1
C02801,2025,10,October,7,4,0,1
C02802,2024,7,July,1,1,1,0
C02802,2025,1,January,2,2,0,1
C02802,2025,4,April,3,3,0,1
C02802,2025,10,October,4,3,0,1
C02804,2024,7,July,1,0,1,0
C02804,2024,8,August,2,1,0,0
C02805,2025,11,November,1,1,1,0
C02806,2024,10,October,1,1,1,0
C02806,2025,2,February,2,2,0,1
C02806,2025,4,April,3,2,0,1
C02807,2024,9,September,1,1,1,0
C02807,2024,11,November,2,2,0,1
C02808,2025,9,September,1,1,1,0
C02809,2024,12,December,1,1,1,0
C02809,2025,4,April,2,2,0,1
C02809,2025,8,August,3,3,0,1
C02810,2024,9,September,1,1,1,0
C02810,2024,11,November,2,2,0,1
C02810,2024,12,December,3,3,0,1
C02810,2025,10,October,4,3,0,1
C02812,2024,7,July,1,1,1,0
C02812,2024,11,November,2,2,0,1
C02812,2025,2,February,3,3,0,1
C02812,2025,8,August,4,4,0,1
C02812,2025,9,September,5,4,0,1
C02813,2024,9,September,1,1,1,0
C02813,2024,10,October,2,2,0,1
C02813,2025,2,February,3,3,0,1
C02813,2025,5,May,4,3,0,1
C02813,2025,6,June,5,4,0,1
C02813,2025,12,December,6,5,0,1
C02814,2024,7,July,1,1,1,0
C02814,2024,8,August,2,1,0,0
C02814,2024,10,October,3,1,0,0
C02814,2024,11,November,4,1,0,0
C02814,2025,5,May,5,3,0,1
C02814,2025,7,July,7,4,0,1
C02814,2025,8,August,8,5,0,1
C02814,2025,12,December,9,6,0,1
C02815,2024,12,December,1,1,1,0
C02815,2025,3,March,2,2,0,1
C02815,2025,5,May,3,3,0,1
C02816,2024,8,August,1,0,1,0
C02816,2025,6,June,2,1,0,0
C02817,2024,9,September,1,0,1,0
C02817,2025,2,February,2,1,0,0
C02817,2025,12,December,3,1,0,0
C02818,2024,7,July,1,2,0,1
C02819,2024,7,July,1,1,1,0
C02819,2024,11,November,2,3,0,1
C02819,2025,9,September,4,4,0,1
C02820,2024,7,July,1,1,1,0
C02820,2024,9,September,2,2,0,1
C02820,2024,11,November,3,4,0,1
C02820,2025,2,February,6,4,0,1
C02820,2025,5,May,7,5,0,1
C02820,2025,10,October,8,6,0,1
C02821,2024,12,December,1,2,0,1
C02821,2025,1,January,3,3,0,1
C02821,2025,3,March,4,4,0,1
C02821,2025,10,October,5,5,0,1
C02822,2024,10,October,1,1,1,0
C02822,2025,12,December,2,2,0,1
C02823,2024,11,November,1,1,1,0
C02823,2025,2,February,2,2,0,1
C02823,2025,4,April,3,2,0,1
C02823,2025,5,May,4,3,0,1
C02823,2025,7,July,5,4,0,1
C02824,2024,8,August,1,4,0,1
C02824,2024,12,December,6,5,0,1
C02824,2025,8,August,7,7,0,1
C02824,2025,9,September,9,8,0,1
C02824,2025,11,November,10,9,0,1
C02825,2025,2,February,1,0,1,0
C02825,2025,10,October,2,2,0,1
C02826,2024,9,September,1,0,1,0
C02826,2024,10,October,3,1,0,0
C02826,2024,12,December,4,1,0,0
C02826,2025,2,February,5,2,0,1
C02826,2025,5,May,6,3,0,1
C02826,2025,7,July,7,5,0,1
C02826,2025,9,September,9,6,0,1
C02826,2025,10,October,10,7,0,1
C02827,2024,10,October,1,1,1,0
C02827,2025,1,January,2,1,0,0
C02827,2025,6,June,3,1,0,0
C02827,2025,10,October,4,2,0,1
C02828,2024,7,July,1,1,1,0
C02828,2025,8,August,2,2,0,1
C02828,2025,11,November,3,3,0,1
C02829,2025,3,March,1,1,1,0
C02829,2025,4,April,2,2,0,1
C02829,2025,5,May,3,3,0,1
C02829,2025,7,July,4,4,0,1
C02829,2025,9,September,5,4,0,1
C02829,2025,11,November,6,5,0,1
C02830,2024,9,September,1,1,1,0
C02830,2025,8,August,2,2,0,1
C02832,2025,3,March,1,1,1,0
C02832,2025,4,April,2,1,0,0
C02832,2025,7,July,3,2,0,1
C02832,2025,12,December,4,3,0,1
C02833,2025,5,May,1,1,1,0
C02833,2025,7,July,2,1,0,0
C02833,2025,8,August,3,1,0,0
C02833,2025,12,December,4,2,0,1
C02834,2024,11,November,1,1,1,0
C02834,2024,12,December,2,1,0,0
C02834,2025,2,February,3,2,0,1
C02834,2025,4,April,4,3,0,1
C02834,2025,5,May,5,4,0,1
C02834,2025,9,September,6,5,0,1
C02835,2024,9,September,1,1,1,0
C02835,2024,10,October,2,1,0,0
C02835,2025,1,January,3,2,0,1
C02835,2025,3,March,4,3,0,1
C02835,2025,7,July,5,5,0,1
C02835,2025,8,August,7,6,0,1
C02835,2025,10,October,8,7,0,1
C02835,2025,12,December,9,8,0,1
C02836,2024,8,August,1,0,1,0
C02836,2024,12,December,2,2,0,1
C02836,2025,2,February,4,3,0,1
C02837,2025,1,January,1,1,1,0
C02838,2024,12,December,1,1,1,0
C02839,2024,8,August,1,1,1,0
C02839,2024,11,November,2,1,0,0
C02839,2024,12,December,3,2,0,1
C02839,2025,2,February,4,2,0,1
C02839,2025,6,June,5,3,0,1
C02839,2025,9,September,6,4,0,1
C02840,2024,8,August,1,1,1,0
C02840,2025,12,December,2,1,0,0
C02841,2024,10,October,1,2,0,1
C02841,2025,4,April,3,3,0,1
C02841,2025,5,May,4,5,0,1
C02841,2025,6,June,6,5,0,1
C02841,2025,9,September,7,7,0,1
C02842,2024,8,August,1,1,1,0
C02842,2024,9,September,3,2,0,1
C02842,2024,10,October,4,3,0,1
C02842,2024,11,November,5,4,0,1
C02842,2024,12,December,6,5,0,1
C02842,2025,2,February,7,7,0,1
C02842,2025,3,March,9,8,0,1
C02842,2025,8,August,10,9,0,1
C02843,2025,8,August,1,1,1,0
C02844,2025,1,January,1,1,1,0
C02845,2024,8,August,1,0,1,0
C02845,2025,2,February,2,1,0,0
C02845,2025,11,November,3,2,0,1
C02846,2024,11,November,1,1,1,0
C02846,2025,3,March,2,3,0,1
C02846,2025,5,May,4,4,0,1
C02846,2025,9,September,5,5,0,1
C02847,2024,8,August,1,2,0,1
C02847,2025,5,May,3,3,0,1
C02848,2025,12,December,1,1,1,0
C02850,2024,9,September,1,1,1,0
C02850,2024,11,November,2,2,0,1
C02850,2025,12,December,3,3,0,1
C02851,2024,9,September,1,1,1,0
C02851,2024,12,December,2,2,0,1
C02851,2025,4,April,3,3,0,1
C02852,2024,7,July,1,1,1,0
C02852,2025,7,July,2,2,0,1
C02852,2025,8,August,3,4,0,1
C02852,2025,9,September,5,5,0,1
C02853,2024,10,October,1,1,1,0
C02853,2025,11,November,2,2,0,1
C02854,2024,8,August,1,1,1,0
C02854,2024,9,September,2,2,0,1
C02854,2024,11,November,3,3,0,1
C02854,2025,4,April,4,4,0,1
C02854,2025,7,July,5,6,0,1
C02854,2025,8,August,7,7,0,1
C02854,2025,9,September,8,8,0,1
C02855,2024,8,August,1,0,1,0
C02855,2024,11,November,2,2,0,1
C02855,2024,12,December,4,3,0,1
C02855,2025,1,January,5,4,0,1
C02855,2025,3,March,6,6,0,1
C02855,2025,5,May,8,7,0,1
C02855,2025,7,July,9,8,0,1
C02855,2025,9,September,10,9,0,1
C02855,2025,10,October,11,10,0,1
C02856,2024,11,November,1,2,0,1
C02856,2025,2,February,3,3,0,1
C02856,2025,7,July,4,4,0,1
C02856,2025,8,August,5,5,0,1
C02856,2025,10,October,6,5,0,1
C02856,2025,12,December,7,7,0,1
C02857,2024,7,July,1,2,0,1
C02857,2025,7,July,3,3,0,1
C02857,2025,9,September,4,4,0,1
C02858,2024,8,August,1,1,1,0
C02858,2024,10,October,2,2,0,1
C02858,2024,11,November,3,3,0,1
C02858,2025,6,June,4,4,0,1
C02858,2025,7,July,5,4,0,1
C02858,2025,9,September,6,6,0,1
C02858,2025,10,October,8,6,0,1
C02858,2025,11,November,9,6,0,1
C02858,2025,12,December,10,7,0,1
C02859,2024,9,September,1,1,1,0
C02859,2025,3,March,2,2,0,1
C02859,2025,4,April,3,3,0,1
C02859,2025,11,November,4,4,0,1
C02860,2024,7,July,1,0,1,0
C02861,2024,8,August,1,0,1,0
C02861,2025,9,September,2,1,0,0
C02862,2024,7,July,1,0,1,0
C02862,2024,9,September,2,1,0,0
C02862,2024,10,October,3,2,0,1
C02862,2024,12,December,4,3,0,1
C02862,2025,1,January,5,4,0,1
C02862,2025,4,April,6,7,0,1
C02862,2025,11,November,9,8,0,1
C02863,2024,7,July,1,1,1,0
C02863,2024,12,December,2,2,0,1
C02863,2025,4,April,3,3,0,1
C02863,2025,6,June,4,4,0,1
C02863,2025,11,November,6,5,0,1
C02863,2025,12,December,7,5,0,1
C02864,2024,9,September,1,1,1,0
C02864,2025,2,February,2,2,0,1
C02864,2025,3,March,3,3,0,1
C02864,2025,6,June,4,4,0,1
C02864,2025,7,July,6,6,0,1
C02865,2025,1,January,1,1,1,0
C02865,2025,7,July,2,1,0,0
C02865,2025,11,November,3,2,0,1
C02866,2024,10,October,1,1,1,0
C02866,2025,4,April,2,2,0,1
C02866,2025,6,June,3,3,0,1
C02866,2025,12,December,4,4,0,1
C02868,2024,8,August,1,1,1,0
C02868,2025,4,April,2,2,0,1
C02869,2024,8,August,1,1,1,0
C02869,2024,10,October,2,1,0,0
C02869,2024,12,December,3,2,0,1
C02869,2025,3,March,4,3,0,1
C02870,2024,10,October,1,0,1,0
C02870,2025,4,April,2,1,0,0
C02871,2024,10,October,1,1,1,0
C02871,2025,2,February,2,2,0,1
C02872,2024,10,October,1,2,0,1
C02872,2024,11,November,3,3,0,1
C02872,2025,3,March,4,3,0,1
C02872,2025,4,April,5,4,0,1
C02873,2024,9,September,1,1,1,0
C02873,2024,12,December,2,2,0,1
C02873,2025,3,March,3,2,0,1
C02873,2025,5,May,4,3,0,1
C02873,2025,7,July,5,4,0,1
C02873,2025,8,August,6,5,0,1
C02874,2024,7,July,1,2,0,1
C02874,2025,5,May,3,3,0,1
C02874,2025,7,July,4,4,0,1
C02874,2025,9,September,5,5,0,1
C02875,2024,7,July,1,1,1,0
C02875,2024,9,September,2,1,0,0
C02875,2024,10,October,3,3,0,1
C02875,2024,12,December,5,4,0,1
C02875,2025,1,January,6,6,0,1
C02875,2025,3,March,8,7,0,1
C02875,2025,4,April,10,8,0,1
C02875,2025,9,September,12,9,0,1
C02875,2025,11,November,13,10,0,1
C02876,2024,12,December,1,1,1,0
C02876,2025,5,May,2,2,0,1
C02877,2024,7,July,1,1,1,0
C02877,2024,8,August,2,2,0,1
C02877,2024,12,December,3,3,0,1
C02877,2025,4,April,4,4,0,1
C02877,2025,6,June,5,5,0,1
C02877,2025,8,August,6,6,0,1
C02877,2025,9,September,7,8,0,1
C02877,2025,10,October,9,9,0,1
C02878,2024,8,August,1,1,1,0
C02878,2024,9,September,2,2,0,1
C02878,2025,2,February,3,3,0,1
C02878,2025,12,December,5,4,0,1
C02880,2025,2,February,1,1,1,0
C02880,2025,9,September,2,2,0,1
C02880,2025,10,October,3,3,0,1
C02882,2024,9,September,1,0,1,0
C02882,2025,7,July,2,1,0,0
C02883,2024,9,September,1,1,1,0
C02883,2024,11,November,2,2,0,1
C02883,2025,1,January,4,3,0,1
C02883,2025,2,February,5,6,0,1
C02883,2025,6,June,8,7,0,1
C02883,2025,8,August,10,9,0,1
C02884,2024,7,July,1,1,1,0
C02884,2025,1,January,2,2,0,1
C02884,2025,5,May,3,3,0,1
C02884,2025,6,June,4,4,0,1
C02885,2024,8,August,1,1,1,0
C02886,2024,8,August,1,1,1,0
C02886,2025,6,June,2,1,0,0
C02887,2024,12,December,1,0,1,0
C02887,2025,2,February,2,1,0,0
C02887,2025,6,June,3,1,0,0
C02887,2025,8,August,4,2,0,1
C02887,2025,10,October,5,3,0,1
C02888,2025,4,April,1,0,1,0
C02889,2024,8,August,1,1,1,0
C02889,2025,3,March,2,3,0,1
C02889,2025,6,June,4,4,0,1
C02889,2025,9,September,5,5,0,1
C02890,2024,10,October,1,1,1,0
C02890,2025,1,January,2,2,0,1
C02890,2025,11,November,3,3,0,1
C02891,2025,5,May,1,1,1,0
C02891,2025,8,August,2,2,0,1
C02892,2025,5,May,1,1,1,0
C02892,2025,10,October,2,2,0,1
C02893,2025,1,January,1,1,1,0
C02893,2025,7,July,2,3,0,1
C02893,2025,12,December,4,4,0,1
C02894,2025,4,April,1,1,1,0
C02894,2025,5,May,2,2,0,1
C02894,2025,10,October,3,3,0,1
C02895,2025,4,April,1,1,1,0
C02895,2025,9,September,2,2,0,1
C02896,2024,7,July,1,1,1,0
C02896,2024,11,November,2,2,0,1
C02897,2025,8,August,1,1,1,0
C02900,2024,9,September,1,2,0,1
C02900,2024,10,October,3,3,0,1
C02900,2025,8,August,4,4,0,1
C02901,2024,7,July,1,1,1,0
C02901,2024,10,October,3,2,0,1
C02901,2025,1,January,4,3,0,1
C02901,2025,5,May,5,4,0,1
C02901,2025,12,December,6,4,0,1
C02902,2024,8,August,1,1,1,0
C02902,2024,9,September,2,2,0,1
C02902,2024,10,October,3,2,0,1
C02902,2025,1,January,4,3,0,1
C02902,2025,3,March,5,4,0,1
C02902,2025,7,July,6,5,0,1
C02902,2025,9,September,7,6,0,1
C02903,2024,8,August,1,1,1,0
C02903,2025,6,June,2,2,0,1
C02903,2025,11,November,3,3,0,1
C02904,2024,11,November,1,1,1,0
C02904,2025,2,February,2,3,0,1
C02904,2025,4,April,4,3,0,1
C02904,2025,7,July,6,4,0,1
C02904,2025,9,September,7,5,0,1
C02904,2025,11,November,8,6,0,1
C02905,2025,6,June,1,1,1,0
C02905,2025,10,October,2,2,0,1
C02907,2025,8,August,1,1,1,0
C02908,2025,5,May,1,0,1,0
C02908,2025,7,July,2,1,0,0
C02909,2024,7,July,1,1,1,0
C02909,2024,8,August,2,2,0,1
C02909,2025,4,April,3,3,0,1
C02909,2025,5,May,4,4,0,1
C02909,2025,10,October,5,5,0,1
C02910,2024,7,July,1,0,1,0
C02910,2024,8,August,2,1,0,0
C02910,2024,10,October,3,1,0,0
C02910,2024,11,November,4,2,0,1
C02910,2025,1,January,5,4,0,1
C02910,2025,5,May,8,5,0,1
C02910,2025,10,October,9,5,0,1
C02910,2025,12,December,10,5,0,1
C02911,2024,7,July,1,0,1,0
C02911,2025,5,May,2,1,0,0
C02913,2025,5,May,1,2,0,1
C02914,2024,7,July,1,1,1,0
C02914,2025,6,June,2,4,0,1
C02914,2025,8,August,5,5,0,1
C02914,2025,9,September,6,6,0,1
C02915,2024,9,September,1,1,1,0
C02915,2024,10,October,2,2,0,1
C02915,2025,2,February,4,4,0,1
C02915,2025,4,April,6,5,0,1
C02915,2025,5,May,7,6,0,1
C02915,2025,6,June,8,7,0,1
C02915,2025,7,July,9,7,0,1
C02915,2025,8,August,10,8,0,1
C02915,2025,10,October,11,10,0,1
C02915,2025,11,November,13,11,0,1
C02916,2024,10,October,1,1,1,0
C02916,2025,1,January,2,2,0,1
C02916,2025,6,June,3,3,0,1
C02916,2025,10,October,4,4,0,1
C02916,2025,12,December,6,4,0,1
C02917,2025,3,March,1,1,1,0
C02917,2025,5,May,2,1,0,0
C02917,2025,6,June,3,2,0,1
C02917,2025,10,October,4,3,0,1
C02919,2024,8,August,1,0,1,0
C02919,2024,12,December,2,0,0,0
C02919,2025,3,March,3,1,0,0
C02920,2024,11,November,1,1,1,0
C02920,2025,1,January,2,2,0,1
C02920,2025,2,February,3,3,0,1
C02920,2025,3,March,4,4,0,1
C02921,2024,8,August,1,1,1,0
C02921,2024,10,October,2,2,0,1
C02921,2025,2,February,3,4,0,1
C02921,2025,12,December,5,5,0,1
C02922,2025,10,October,1,1,1,0
C02923,2024,7,July,1,1,1,0
C02923,2024,10,October,2,1,0,0
C02923,2024,11,November,3,2,0,1
C02923,2024,12,December,4,2,0,1
C02923,2025,8,August,5,4,0,1
C02923,2025,9,September,7,6,0,1
C02924,2024,11,November,1,1,1,0
C02924,2025,3,March,2,2,0,1
C02925,2024,10,October,1,1,1,0
C02925,2025,1,January,2,2,0,1
C02925,2025,4,April,3,3,0,1
C02925,2025,7,July,4,3,0,1
C02925,2025,8,August,5,6,0,1
C02926,2024,9,September,1,0,1,0
C02926,2024,11,November,2,1,0,0
C02926,2025,9,September,3,2,0,1
C02926,2025,10,October,4,3,0,1
C02927,2024,11,November,1,1,1,0
C02927,2024,12,December,2,2,0,1
C02927,2025,11,November,4,2,0,1
C02928,2025,7,July,1,1,1,0
C02928,2025,12,December,2,2,0,1
C02929,2024,9,September,1,2,0,1
C02929,2024,12,December,3,3,0,1
C02929,2025,3,March,4,4,0,1
C02929,2025,7,July,5,5,0,1
C02929,2025,9,September,6,6,0,1
C02929,2025,10,October,7,8,0,1
C02930,2024,8,August,1,1,1,0
C02930,2024,9,September,2,1,0,0
C02930,2024,10,October,3,2,0,1
C02930,2025,4,April,4,3,0,1
C02930,2025,7,July,5,4,0,1
C02930,2025,12,December,6,5,0,1
C02931,2025,1,January,1,1,1,0
C02931,2025,4,April,2,2,0,1
C02932,2025,12,December,1,1,1,0
C02933,2024,9,September,1,1,1,0
C02933,2025,6,June,2,2,0,1
C02933,2025,9,September,3,2,0,1
C02934,2024,8,August,1,1,1,0
C02934,2024,10,October,2,1,0,0
C02934,2025,2,February,3,1,0,0
C02934,2025,3,March,4,2,0,1
C02934,2025,6,June,5,3,0,1
C02934,2025,9,September,7,4,0,1
C02935,2024,10,October,1,1,1,0
C02935,2025,5,May,2,2,0,1
C02936,2024,9,September,1,1,1,0
C02936,2025,1,January,2,2,0,1
C02936,2025,2,February,4,3,0,1
C02936,2025,6,June,5,4,0,1
C02936,2025,10,October,6,5,0,1
C02936,2025,12,December,7,6,0,1
C02937,2024,9,September,1,1,1,0
C02937,2024,10,October,2,2,0,1
C02937,2024,12,December,3,3,0,1
C02937,2025,1,January,4,5,0,1
C02937,2025,7,July,6,6,0,1
C02937,2025,12,December,8,6,0,1
C02938,2024,12,December,1,0,1,0
C02939,2025,4,April,1,1,1,0
C02940,2025,5,May,1,1,1,0
C02940,2025,7,July,2,2,0,1
C02940,2025,9,September,3,3,0,1
C02940,2025,12,December,4,3,0,1
C02942,2025,5,May,1,0,1,0
C02942,2025,6,June,2,1,0,0
C02942,2025,10,October,3,2,0,1
C02943,2024,11,November,1,1,1,0
C02943,2025,2,February,2,2,0,1
C02944,2024,7,July,1,1,1,0
C02944,2024,12,December,3,2,0,1
C02944,2025,1,January,4,3,0,1
C02944,2025,11,November,5,4,0,1
C02945,2024,9,September,1,1,1,0
C02945,2024,10,October,2,2,0,1
C02945,2025,3,March,3,3,0,1
C02945,2025,11,November,4,4,0,1
C02946,2024,8,August,1,1,1,0
C02946,2024,10,October,2,2,0,1
C02946,2025,2,February,3,3,0,1
C02946,2025,6,June,4,4,0,1
C02946,2025,7,July,5,5,0,1
C02946,2025,9,September,6,6,0,1
C02946,2025,10,October,7,7,0,1
C02947,2025,7,July,1,1,1,0
C02948,2024,9,September,1,1,1,0
C02948,2024,12,December,2,2,0,1
C02948,2025,4,April,3,3,0,1
C02948,2025,7,July,4,4,0,1
C02948,2025,12,December,5,5,0,1
C02949,2024,7,July,1,1,1,0
C02949,2024,10,October,2,2,0,1
C02949,2025,4,April,3,2,0,1
C02949,2025,10,October,4,4,0,1
C02950,2024,9,September,1,1,1,0
C02950,2025,3,March,2,2,0,1
C02951,2024,8,August,1,1,1,0
C02952,2024,7,July,1,1,1,0
C02952,2024,10,October,2,1,0,0
C02952,2024,11,November,3,2,0,1
C02952,2024,12,December,4,3,0,1
C02952,2025,4,April,5,3,0,1
C02953,2024,7,July,1,0,1,0
C02953,2024,11,November,2,1,0,0
C02953,2025,4,April,3,2,0,1
C02953,2025,5,May,4,3,0,1
C02953,2025,9,September,5,4,0,1
C02954,2024,11,November,1,0,1,0
C02954,2025,6,June,3,1,0,0
C02954,2025,9,September,4,2,0,1
C02955,2025,6,June,1,1,1,0
C02955,2025,11,November,3,2,0,1
C02956,2024,11,November,1,0,1,0
C02956,2025,3,March,2,1,0,0
C02956,2025,8,August,3,2,0,1
C02957,2025,9,September,1,0,1,0
C02958,2024,12,December,1,1,1,0
C02958,2025,1,January,2,2,0,1
C02958,2025,12,December,3,2,0,1
C02959,2024,8,August,1,1,1,0
C02959,2025,11,November,2,2,0,1
C02959,2025,12,December,3,3,0,1
C02960,2025,6,June,1,0,1,0
C02960,2025,12,December,2,0,0,0
C02961,2025,5,May,1,1,1,0
C02962,2024,7,July,1,2,0,1
C02962,2024,12,December,3,3,0,1
C02962,2025,4,April,4,4,0,1
C02962,2025,10,October,5,5,0,1
C02963,2024,7,July,1,1,1,0
C02963,2024,12,December,2,2,0,1
C02963,2025,9,September,3,3,0,1
C02964,2025,3,March,1,1,1,0
C02964,2025,4,April,2,1,0,0
C02964,2025,11,November,3,2,0,1
C02965,2024,11,November,1,1,1,0
C02965,2025,10,October,2,2,0,1
C02966,2025,2,February,1,1,1,0
C02967,2025,12,December,1,0,1,0
C02968,2024,12,December,1,1,1,0
C02968,2025,1,January,2,1,0,0
C02968,2025,3,March,3,2,0,1
C02968,2025,10,October,4,3,0,1
C02969,2024,9,September,1,0,1,0
C02969,2025,4,April,2,1,0,0
C02969,2025,6,June,3,2,0,1
C02970,2024,9,September,1,1,1,0
C02970,2024,10,October,2,2,0,1
C02970,2025,1,January,3,3,0,1
C02970,2025,3,March,4,3,0,1
C02970,2025,4,April,5,4,0,1
C02970,2025,6,June,6,5,0,1
C02971,2024,10,October,1,1,1,0
C02972,2024,10,October,1,1,1,0
C02972,2024,12,December,2,2,0,1
C02972,2025,1,January,3,2,0,1
C02972,2025,7,July,4,3,0,1
C02972,2025,9,September,5,4,0,1
C02972,2025,10,October,6,4,0,1
C02972,2025,11,November,7,5,0,1
C02973,2024,8,August,1,0,1,0
C02973,2025,4,April,2,1,0,0
C02973,2025,9,September,3,1,0,0
C02974,2024,7,July,1,1,1,0
C02974,2024,11,November,2,1,0,0
C02974,2025,2,February,3,2,0,1
C02974,2025,5,May,5,3,0,1
C02974,2025,10,October,7,4,0,1
C02975,2024,9,September,1,0,1,0
C02975,2025,4,April,2,1,0,0
C02975,2025,7,July,3,1,0,0
C02975,2025,12,December,4,3,0,1
C02976,2025,1,January,1,0,1,0
C02976,2025,2,February,2,1,0,0
C02976,2025,3,March,3,1,0,0
C02976,2025,4,April,4,2,0,1
C02976,2025,6,June,5,3,0,1
C02976,2025,7,July,6,4,0,1
C02976,2025,11,November,7,5,0,1
C02977,2024,9,September,1,2,0,1
C02977,2025,1,January,3,2,0,1
C02977,2025,5,May,4,3,0,1
C02977,2025,9,September,5,4,0,1
C02977,2025,11,November,6,4,0,1
C02978,2025,4,April,1,1,1,0
C02978,2025,5,May,2,2,0,1
C02978,2025,9,September,3,3,0,1
C02979,2025,9,September,1,0,1,0
C02979,2025,10,October,2,1,0,0
C02980,2024,7,July,1,2,0,1
C02980,2024,11,November,3,3,0,1
C02980,2025,2,February,4,3,0,1
C02980,2025,5,May,5,4,0,1
C02980,2025,6,June,6,5,0,1
C02980,2025,8,August,7,6,0,1
C02980,2025,12,December,8,7,0,1
C02981,2024,9,September,1,1,1,0
C02981,2025,3,March,2,1,0,0
C02981,2025,4,April,3,2,0,1
C02981,2025,9,September,4,3,0,1
C02981,2025,11,November,5,4,0,1
C02982,2024,7,July,1,1,1,0
C02982,2025,7,July,2,2,0,1
C02982,2025,10,October,3,3,0,1
C02982,2025,12,December,5,3,0,1
C02983,2024,10,October,1,1,1,0
C02983,2025,4,April,2,2,0,1
C02983,2025,10,October,3,3,0,1
C02985,2024,10,October,1,0,1,0
C02985,2024,12,December,2,1,0,0
C02985,2025,4,April,3,2,0,1
C02985,2025,9,September,4,3,0,1
C02986,2025,1,January,1,1,1,0
C02986,2025,7,July,2,2,0,1
C02987,2025,8,August,1,1,1,0
C02988,2024,9,September,1,1,1,0
C02988,2024,11,November,2,2,0,1
C02988,2024,12,December,3,3,0,1
C02988,2025,1,January,4,4,0,1
C02988,2025,2,February,5,5,0,1
C02988,2025,3,March,6,6,0,1
C02988,2025,4,April,7,7,0,1
C02988,2025,8,August,8,8,0,1
C02988,2025,11,November,9,9,0,1
C02988,2025,12,December,10,10,0,1
C02989,2024,10,October,1,1,1,0
C02989,2024,11,November,2,2,0,1
C02989,2025,5,May,3,3,0,1
C02990,2024,9,September,1,1,1,0
C02990,2025,1,January,2,2,0,1
C02990,2025,3,March,4,2,0,1
C02990,2025,8,August,5,3,0,1
C02990,2025,9,September,6,4,0,1
C02990,2025,11,November,7,5,0,1
C02991,2024,8,August,1,0,1,0
C02991,2025,2,February,2,1,0,0
C02992,2024,9,September,1,1,1,0
C02992,2024,10,October,2,2,0,1
C02992,2024,11,November,3,3,0,1
C02992,2025,1,January,4,4,0,1
C02992,2025,8,August,5,5,0,1
C02993,2025,2,February,1,0,1,0
C02994,2024,10,October,1,1,1,0
C02994,2024,12,December,2,3,0,1
C02994,2025,7,July,4,4,0,1
C02994,2025,12,December,5,5,0,1
C02995,2024,7,July,1,1,1,0
C02995,2024,11,November,2,2,0,1
C02995,2025,1,January,3,3,0,1
C02996,2024,7,July,1,1,1,0
C02996,2025,1,January,2,2,0,1
C02996,2025,2,February,3,3,0,1
C02996,2025,4,April,4,4,0,1
C02996,2025,6,June,5,5,0,1
C02996,2025,9,September,6,6,0,1
C02997,2024,11,November,1,1,1,0
C02997,2024,12,December,2,3,0,1
C02997,2025,1,January,4,4,0,1
C02997,2025,5,May,5,4,0,1
C02997,2025,9,September,6,5,0,1
C02998,2024,9,September,1,1,1,0
C02998,2025,2,February,2,1,0,0
C02998,2025,4,April,3,2,0,1
C02998,2025,5,May,4,3,0,1
C02998,2025,6,June,5,5,0,1
C02999,2024,9,September,1,1,1,0
C02999,2024,11,November,2,2,0,1
C02999,2025,4,April,3,3,0,1
C02999,2025,8,August,4,4,0,1
C03000,2024,10,October,1,1,1,0
C03000,2024,12,December,2,2,0,1
C03001,2024,9,September,1,1,1,0
C03001,2024,11,November,2,3,0,1
C03001,2025,6,June,4,4,0,1
C03001,2025,11,November,5,5,0,1
C03001,2025,12,December,6,6,0,1
C03003,2024,8,August,1,1,1,0
C03003,2025,2,February,2,2,0,1
C03003,2025,7,July,3,2,0,1
C03003,2025,12,December,4,2,0,1
C03004,2025,5,May,1,2,0,1
C03005,2025,4,April,1,1,1,0
C03005,2025,8,August,2,2,0,1
C03006,2024,7,July,1,1,1,0
C03006,2024,11,November,2,2,0,1
C03006,2025,1,January,3,3,0,1
C03006,2025,3,March,4,4,0,1
C03006,2025,4,April,5,5,0,1
C03006,2025,5,May,6,6,0,1
C03006,2025,10,October,7,8,0,1
C03007,2025,1,January,1,0,1,0
C03007,2025,5,May,2,1,0,0
C03007,2025,7,July,3,2,0,1
C03007,2025,9,September,4,3,0,1
C03008,2024,10,October,1,1,1,0
C03008,2024,11,November,2,2,0,1
C03008,2024,12,December,3,3,0,1
C03008,2025,1,January,4,4,0,1
C03008,2025,4,April,5,5,0,1
C03008,2025,11,November,6,6,0,1
C03009,2025,6,June,1,1,1,0
C03009,2025,10,October,2,1,0,0
C03009,2025,11,November,3,2,0,1
C03009,2025,12,December,4,3,0,1
C03010,2024,11,November,1,1,1,0
C03010,2025,9,September,2,2,0,1
C03011,2025,3,March,1,1,1,0
C03011,2025,5,May,2,2,0,1
C03012,2024,7,July,1,1,1,0
C03012,2024,8,August,2,2,0,1
C03012,2024,10,October,3,3,0,1
C03012,2025,8,August,4,4,0,1
C03013,2024,10,October,1,1,1,0
C03013,2025,3,March,2,2,0,1
C03014,2024,9,September,1,1,1,0
C03014,2024,10,October,2,2,0,1
C03014,2025,8,August,3,4,0,1
C03014,2025,10,October,5,5,0,1
C03015,2024,10,October,1,1,1,0
C03015,2025,6,June,2,1,0,0
C03015,2025,12,December,3,2,0,1
C03016,2024,11,November,1,1,1,0
C03016,2025,10,October,2,2,0,1
C03017,2025,1,January,1,1,1,0
C03017,2025,2,February,2,2,0,1
C03018,2024,8,August,1,1,1,0
C03018,2024,10,October,2,2,0,1
C03018,2024,12,December,3,3,0,1
C03018,2025,3,March,4,3,0,1
C03018,2025,6,June,5,4,0,1
C03018,2025,7,July,6,5,0,1
C03018,2025,8,August,7,5,0,1
C03018,2025,10,October,8,6,0,1
C03018,2025,11,November,9,7,0,1
C03019,2024,11,November,1,1,1,0
C03019,2025,1,January,2,2,0,1
C03019,2025,2,February,3,3,0,1
C03019,2025,4,April,4,4,0,1
C03019,2025,6,June,5,5,0,1
C03020,2024,10,October,1,1,1,0
C03020,2024,11,November,2,2,0,1
C03020,2025,4,April,3,3,0,1
C03021,2024,7,July,1,1,1,0
C03021,2024,10,October,2,2,0,1
C03021,2024,12,December,3,3,0,1
C03021,2025,9,September,4,5,0,1
C03021,2025,10,October,7,6,0,1
C03022,2024,10,October,1,1,1,0
C03022,2024,11,November,3,2,0,1
C03022,2024,12,December,4,3,0,1
C03022,2025,1,January,5,5,0,1
C03022,2025,2,February,7,6,0,1
C03022,2025,4,April,8,8,0,1
C03022,2025,5,May,10,10,0,1
C03022,2025,8,August,12,10,0,1
C03022,2025,10,October,13,11,0,1
C03022,2025,11,November,14,13,0,1
C03023,2024,8,August,1,1,1,0
C03023,2024,9,September,2,2,0,1
C03023,2025,1,January,4,3,0,1
C03023,2025,2,February,5,4,0,1
C03023,2025,5,May,6,5,0,1
C03023,2025,7,July,7,5,0,1
C03024,2025,1,January,1,1,1,0
C03024,2025,3,March,2,2,0,1
C03024,2025,4,April,3,3,0,1
C03024,2025,9,September,4,3,0,1
C03025,2024,12,December,1,1,1,0
C03025,2025,1,January,3,1,0,0
C03025,2025,2,February,4,2,0,1
C03025,2025,5,May,5,2,0,1
C03025,2025,6,June,6,3,0,1
C03025,2025,9,September,7,3,0,1
C03025,2025,10,October,8,4,0,1
C03026,2024,10,October,1,2,0,1
C03026,2024,12,December,3,3,0,1
C03026,2025,1,January,4,4,0,1
C03026,2025,2,February,5,4,0,1
C03026,2025,4,April,6,5,0,1
C03026,2025,9,September,7,6,0,1
C03026,2025,10,October,8,7,0,1
C03027,2025,2,February,1,1,1,0
C03027,2025,3,March,2,2,0,1
C03027,2025,4,April,3,3,0,1
C03028,2024,9,September,1,1,1,0
C03028,2024,11,November,2,2,0,1
C03028,2025,6,June,3,2,0,1
C03029,2025,11,November,1,1,1,0
C03030,2025,2,February,1,1,1,0
C03030,2025,6,June,2,2,0,1
C03030,2025,8,August,3,3,0,1
C03031,2024,8,August,1,2,0,1
C03031,2024,9,September,3,3,0,1
C03031,2024,10,October,4,4,0,1
C03031,2025,1,January,5,5,0,1
C03031,2025,2,February,6,6,0,1
C03031,2025,8,August,7,6,0,1
C03031,2025,9,September,8,7,0,1
C03031,2025,12,December,9,8,0,1
C03033,2024,8,August,1,1,1,0
C03033,2024,12,December,2,2,0,1
C03033,2025,6,June,3,3,0,1
C03033,2025,8,August,4,5,0,1
C03034,2024,8,August,1,1,1,0
C03034,2025,2,February,2,2,0,1
C03034,2025,6,June,3,2,0,1
C03034,2025,8,August,4,3,0,1
C03034,2025,9,September,5,4,0,1
C03034,2025,10,October,6,5,0,1
C03035,2024,9,September,1,1,1,0
C03035,2025,11,November,2,2,0,1
C03037,2024,10,October,1,1,1,0
C03037,2025,3,March,2,3,0,1
C03037,2025,6,June,4,4,0,1
C03037,2025,12,December,5,5,0,1
C03038,2024,9,September,1,1,1,0
C03038,2025,10,October,2,2,0,1
C03039,2025,4,April,1,1,1,0
C03039,2025,7,July,2,1,0,0
C03040,2024,7,July,1,1,1,0
C03040,2025,2,February,2,2,0,1
C03040,2025,5,May,3,3,0,1
C03040,2025,7,July,4,5,0,1
C03040,2025,8,August,6,7,0,1
C03040,2025,9,September,8,8,0,1
C03040,2025,10,October,9,8,0,1
C03040,2025,11,November,10,9,0,1
C03041,2025,6,June,1,1,1,0
C03041,2025,8,August,2,2,0,1
C03042,2024,8,August,1,0,1,0
C03043,2024,7,July,1,1,1,0
C03043,2024,9,September,2,2,0,1
C03043,2024,10,October,3,3,0,1
C03043,2024,11,November,4,4,0,1
C03043,2025,3,March,5,5,0,1
C03044,2025,2,February,1,1,1,0
C03044,2025,3,March,2,2,0,1
C03044,2025,7,July,3,2,0,1
C03045,2024,7,July,1,0,1,0
C03045,2024,9,September,2,1,0,0
C03045,2025,2,February,3,2,0,1
C03045,2025,4,April,4,3,0,1
C03045,2025,12,December,5,4,0,1
C03046,2025,5,May,1,1,1,0
C03046,2025,7,July,2,2,0,1
C03047,2024,7,July,1,1,1,0
C03047,2024,10,October,2,2,0,1
C03048,2025,8,August,1,2,0,1
C03049,2024,8,August,1,1,1,0
C03049,2025,4,April,2,2,0,1
C03050,2024,7,July,1,1,1,0
C03050,2024,11,November,2,2,0,1
C03050,2025,10,October,3,3,0,1
C03051,2025,2,February,1,1,1,0
C03051,2025,7,July,2,2,0,1
C03051,2025,8,August,3,3,0,1
C03052,2024,10,October,1,1,1,0
C03052,2024,12,December,2,2,0,1
C03052,2025,1,January,3,3,0,1
C03052,2025,2,February,4,5,0,1
C03052,2025,3,March,6,6,0,1
C03052,2025,4,April,7,7,0,1
C03052,2025,11,November,8,8,0,1
C03052,2025,12,December,9,9,0,1
C03053,2025,6,June,1,1,1,0
C03054,2025,8,August,1,1,1,0
C03054,2025,11,November,2,2,0,1
C03055,2024,7,July,1,1,1,0
C03055,2025,2,February,2,2,0,1
C03055,2025,12,December,3,3,0,1
C03056,2025,4,April,1,1,1,0
C03057,2024,12,December,1,1,1,0
C03057,2025,3,March,2,2,0,1
C03057,2025,5,May,3,3,0,1
C03057,2025,8,August,4,4,0,1
C03057,2025,10,October,5,5,0,1
C03058,2024,7,July,1,1,1,0
C03058,2024,10,October,2,2,0,1
C03058,2025,2,February,3,3,0,1
C03058,2025,11,November,4,4,0,1
C03059,2025,3,March,1,1,1,0
C03059,2025,7,July,2,1,0,0
C03060,2024,10,October,1,1,1,0
C03060,2024,11,November,2,3,0,1
C03060,2024,12,December,4,4,0,1
C03060,2025,1,January,5,5,0,1
C03061,2025,11,November,1,1,1,0
C03062,2024,7,July,1,1,1,0
C03063,2024,8,August,1,1,1,0
C03063,2025,3,March,2,2,0,1
C03063,2025,11,November,3,3,0,1
C03064,2024,12,December,1,1,1,0
C03064,2025,5,May,2,1,0,0
C03065,2024,10,October,1,2,0,1
C03065,2024,11,November,4,3,0,1
C03065,2025,1,January,5,4,0,1
C03065,2025,5,May,6,5,0,1
C03065,2025,12,December,7,6,0,1
C03066,2024,8,August,1,1,1,0
C03066,2025,6,June,2,2,0,1
C03066,2025,12,December,3,2,0,1
C03067,2024,7,July,1,0,1,0
C03067,2024,8,August,2,1,0,0
C03067,2025,10,October,3,2,0,1
C03068,2024,8,August,1,1,1,0
C03068,2025,1,January,2,2,0,1
C03069,2025,3,March,1,0,1,0
C03069,2025,7,July,2,1,0,0
C03070,2025,2,February,1,1,1,0
C03070,2025,11,November,2,1,0,0
C03071,2024,8,August,1,1,1,0
C03072,2024,8,August,1,2,0,1
C03072,2024,9,September,3,3,0,1
C03072,2025,6,June,4,4,0,1
C03072,2025,7,July,5,5,0,1
C03072,2025,10,October,6,7,0,1
C03072,2025,11,November,8,8,0,1
C03073,2024,9,September,1,0,1,0
C03073,2024,11,November,2,1,0,0
C03073,2025,9,September,3,3,0,1
C03074,2025,1,January,1,2,0,1
C03074,2025,6,June,3,3,0,1
C03074,2025,12,December,4,4,0,1
C03075,2025,3,March,1,1,1,0
C03076,2024,11,November,1,1,1,0
C03076,2025,8,August,2,2,0,1
C03077,2024,8,August,1,1,1,0
C03078,2025,7,July,1,1,1,0
C03079,2024,7,July,1,1,1,0
C03080,2024,7,July,1,0,1,0
C03080,2024,11,November,2,1,0,0
C03080,2025,2,February,3,2,0,1
C03080,2025,4,April,5,3,0,1
C03080,2025,10,October,6,4,0,1
C03081,2024,12,December,1,1,1,0
C03082,2025,1,January,1,2,0,1
C03082,2025,3,March,3,3,0,1
C03082,2025,6,June,4,3,0,1
C03082,2025,8,August,5,4,0,1
C03082,2025,9,September,6,5,0,1
C03083,2024,9,September,1,1,1,0
C03083,2024,10,October,2,2,0,1
C03083,2025,10,October,3,3,0,1
C03084,2024,7,July,1,1,1,0
C03084,2024,11,November,2,2,0,1
C03084,2025,3,March,3,3,0,1
C03085,2024,9,September,1,0,1,0
C03085,2025,3,March,2,1,0,0
C03085,2025,8,August,3,2,0,1
C03086,2024,12,December,1,1,1,0
C03086,2025,3,March,2,2,0,1
C03087,2025,9,September,1,0,1,0
C03088,2025,1,January,1,1,1,0
C03088,2025,8,August,2,2,0,1
C03088,2025,11,November,3,2,0,1
C03088,2025,12,December,4,3,0,1
C03089,2024,7,July,1,1,1,0
C03089,2024,9,September,2,2,0,1
C03089,2024,11,November,3,3,0,1
C03089,2025,1,January,5,4,0,1
C03089,2025,3,March,6,5,0,1
C03089,2025,4,April,7,6,0,1
C03089,2025,5,May,8,7,0,1
C03089,2025,8,August,9,9,0,1
C03089,2025,12,December,11,10,0,1
C03090,2024,10,October,1,1,1,0
C03090,2025,2,February,2,2,0,1
C03090,2025,4,April,3,3,0,1
C03091,2024,7,July,1,0,1,0
C03091,2024,8,August,2,1,0,0
C03091,2025,4,April,3,2,0,1
C03091,2025,5,May,4,3,0,1
C03091,2025,7,July,5,4,0,1
C03092,2024,10,October,1,0,1,0
C03092,2025,5,May,2,1,0,0
C03093,2024,7,July,1,1,1,0
C03093,2024,10,October,2,2,0,1
C03093,2024,11,November,3,3,0,1
C03093,2025,1,January,4,4,0,1
C03093,2025,6,June,5,5,0,1
C03093,2025,7,July,6,5,0,1
C03093,2025,8,August,7,6,0,1
C03094,2025,2,February,1,1,1,0
C03094,2025,3,March,2,2,0,1
C03094,2025,7,July,3,3,0,1
C03095,2025,1,January,1,1,1,0
C03095,2025,2,February,2,2,0,1
C03095,2025,6,June,3,2,0,1
C03096,2025,3,March,1,1,1,0
C03096,2025,6,June,2,2,0,1
C03096,2025,8,August,3,3,0,1
C03097,2024,11,November,1,1,1,0
C03097,2025,12,December,2,2,0,1
C03098,2025,3,March,1,1,1,0
C03098,2025,10,October,2,1,0,0
C03099,2024,7,July,1,1,1,0
C03099,2024,9,September,2,2,0,1
C03099,2024,11,November,3,2,0,1
C03099,2025,3,March,4,3,0,1
C03099,2025,5,May,5,4,0,1
C03099,2025,7,July,6,5,0,1
C03099,2025,8,August,7,7,0,1
C03100,2024,8,August,1,0,1,0
C03100,2025,4,April,2,1,0,0
C03100,2025,9,September,3,2,0,1
C03101,2024,7,July,1,1,1,0
C03101,2025,5,May,2,2,0,1
C03101,2025,10,October,3,3,0,1
C03102,2024,9,September,1,1,1,0
C03102,2025,3,March,2,2,0,1
C03102,2025,4,April,3,4,0,1
C03102,2025,6,June,5,4,0,1
C03102,2025,9,September,6,4,0,1
C03102,2025,11,November,8,5,0,1
C03102,2025,12,December,9,6,0,1
C03103,2024,7,July,1,1,1,0
C03103,2025,2,February,2,2,0,1
C03103,2025,5,May,3,3,0,1
C03104,2024,9,September,1,1,1,0
C03104,2024,11,November,2,2,0,1
C03104,2025,6,June,3,3,0,1
C03105,2024,12,December,1,1,1,0
C03105,2025,2,February,2,2,0,1
C03105,2025,5,May,3,3,0,1
C03106,2025,1,January,1,2,0,1
C03106,2025,2,February,3,3,0,1
C03107,2025,7,July,1,0,1,0
C03107,2025,9,September,2,0,0,0
C03107,2025,12,December,4,0,0,0
C03108,2024,12,December,1,1,1,0
C03108,2025,11,November,2,2,0,1
C03110,2024,10,October,1,1,1,0
C03110,2025,1,January,2,2,0,1
C03110,2025,8,August,3,3,0,1
C03110,2025,9,September,4,4,0,1
C03110,2025,10,October,5,4,0,1
C03111,2024,10,October,1,1,1,0
C03111,2024,12,December,2,2,0,1
C03111,2025,1,January,3,5,0,1
C03111,2025,3,March,6,6,0,1
C03111,2025,5,May,7,7,0,1
C03111,2025,8,August,8,8,0,1
C03111,2025,11,November,9,10,0,1
C03111,2025,12,December,12,11,0,1
C03112,2024,7,July,1,1,1,0
C03112,2025,6,June,2,2,0,1
C03113,2024,7,July,1,1,1,0
C03113,2024,11,November,2,2,0,1
C03113,2025,2,February,3,3,0,1
C03113,2025,3,March,4,5,0,1
C03113,2025,4,April,6,7,0,1
C03114,2024,9,September,1,1,1,0
C03114,2024,10,October,2,2,0,1
C03114,2024,12,December,3,3,0,1
C03114,2025,2,February,4,4,0,1
C03114,2025,3,March,5,4,0,1
C03114,2025,4,April,6,5,0,1
C03114,2025,5,May,7,5,0,1
C03114,2025,10,October,8,6,0,1
C03114,2025,12,December,9,7,0,1
C03115,2024,7,July,1,1,1,0
C03115,2024,12,December,2,2,0,1
C03115,2025,12,December,3,3,0,1
C03116,2024,10,October,1,0,1,0
C03116,2025,2,February,2,1,0,0
C03116,2025,8,August,3,2,0,1
C03117,2024,9,September,1,0,1,0
C03118,2024,10,October,1,1,1,0
C03118,2025,1,January,3,2,0,1
C03118,2025,4,April,4,3,0,1
C03118,2025,9,September,5,5,0,1
C03118,2025,10,October,7,6,0,1
C03118,2025,11,November,8,7,0,1
C03119,2025,5,May,1,1,1,0
C03119,2025,9,September,2,2,0,1
C03120,2024,12,December,1,1,1,0
C03120,2025,3,March,2,2,0,1
C03120,2025,12,December,3,3,0,1
C03121,2024,9,September,1,0,1,0
C03121,2024,11,November,2,1,0,0
C03121,2025,6,June,3,2,0,1
C03122,2024,11,November,1,0,1,0
C03122,2025,3,March,2,1,0,0
C03122,2025,12,December,3,2,0,1
C03123,2024,10,October,1,1,1,0
C03123,2024,11,November,2,2,0,1
C03123,2025,4,April,3,3,0,1
C03123,2025,7,July,4,4,0,1
C03125,2025,3,March,1,1,1,0
C03125,2025,10,October,2,2,0,1
C03126,2024,8,August,1,1,1,0
C03126,2025,3,March,2,2,0,1
C03126,2025,4,April,3,3,0,1
C03126,2025,7,July,4,4,0,1
C03127,2025,6,June,1,2,0,1
C03127,2025,11,November,3,3,0,1
C03128,2024,12,December,1,1,1,0
C03128,2025,3,March,2,3,0,1
C03128,2025,5,May,4,4,0,1
C03128,2025,6,June,5,5,0,1
C03128,2025,12,December,7,5,0,1
C03129,2025,6,June,1,1,1,0
C03129,2025,8,August,2,2,0,1
C03130,2024,10,October,1,0,1,0
C03130,2024,12,December,2,1,0,0
C03130,2025,5,May,3,2,0,1
C03130,2025,7,July,4,3,0,1
C03130,2025,10,October,5,4,0,1
C03131,2024,9,September,1,1,1,0
C03131,2025,5,May,3,2,0,1
C03131,2025,8,August,4,3,0,1
C03132,2024,11,November,1,0,1,0
C03132,2025,2,February,3,1,0,0
C03132,2025,12,December,4,3,0,1
C03133,2024,8,August,1,1,1,0
C03133,2024,9,September,2,2,0,1
C03133,2024,12,December,3,3,0,1
C03133,2025,4,April,4,3,0,1
C03133,2025,8,August,5,3,0,1
C03133,2025,10,October,6,3,0,1
C03134,2024,11,November,1,1,1,0
C03134,2024,12,December,2,2,0,1
C03134,2025,1,January,3,3,0,1
C03134,2025,5,May,4,4,0,1
C03134,2025,6,June,5,5,0,1
C03134,2025,11,November,6,7,0,1
C03134,2025,12,December,8,8,0,1
C03135,2024,7,July,1,1,1,0
C03135,2025,1,January,2,2,0,1
C03135,2025,11,November,3,3,0,1
C03136,2025,7,July,1,1,1,0
C03136,2025,8,August,2,1,0,0
C03136,2025,10,October,3,2,0,1
C03137,2024,9,September,1,0,1,0
C03137,2025,5,May,2,1,0,0
C03137,2025,6,June,3,2,0,1
C03138,2024,9,September,1,1,1,0
C03138,2025,4,April,2,2,0,1
C03138,2025,7,July,3,2,0,1
C03138,2025,9,September,4,3,0,1
C03139,2025,2,February,1,1,1,0
C03139,2025,6,June,2,2,0,1
C03139,2025,8,August,3,3,0,1
C03139,2025,10,October,4,3,0,1
C03140,2025,5,May,1,1,1,0
C03142,2024,8,August,1,1,1,0
C03142,2024,11,November,2,2,0,1
C03142,2024,12,December,3,3,0,1
C03142,2025,9,September,4,4,0,1
C03142,2025,10,October,5,5,0,1
C03142,2025,12,December,6,6,0,1
C03143,2024,7,July,1,0,1,0
C03143,2024,12,December,2,1,0,0
C03143,2025,5,May,3,1,0,0
C03143,2025,10,October,4,2,0,1
C03144,2024,11,November,1,1,1,0
C03144,2025,2,February,2,2,0,1
C03144,2025,6,June,3,3,0,1
C03144,2025,10,October,4,4,0,1
C03146,2024,10,October,1,0,1,0
C03146,2025,3,March,2,1,0,0
C03147,2024,11,November,1,2,0,1
C03147,2025,1,January,3,3,0,1
C03147,2025,2,February,4,4,0,1
C03147,2025,4,April,5,5,0,1
C03147,2025,5,May,6,7,0,1
C03147,2025,11,November,8,7,0,1
C03148,2024,9,September,1,0,1,0
C03148,2025,9,September,2,2,0,1
C03149,2024,7,July,1,2,0,1
C03149,2025,8,August,3,4,0,1
C03149,2025,12,December,5,6,0,1
C03150,2024,10,October,1,0,1,0
C03150,2024,12,December,2,1,0,0
C03150,2025,2,February,3,1,0,0
C03150,2025,3,March,4,2,0,1
C03150,2025,4,April,5,3,0,1
C03151,2025,3,March,1,1,1,0
C03151,2025,9,September,2,1,0,0
C03151,2025,11,November,3,2,0,1
C03152,2025,10,October,1,1,1,0
C03152,2025,11,November,2,2,0,1
C03153,2024,12,December,1,1,1,0
C03153,2025,9,September,2,2,0,1
C03154,2025,3,March,1,1,1,0
C03154,2025,6,June,2,2,0,1
C03155,2025,6,June,1,1,1,0
C03155,2025,11,November,2,2,0,1
C03156,2024,8,August,1,0,1,0
C03156,2024,9,September,2,1,0,0
C03157,2024,8,August,1,1,1,0
C03157,2025,1,January,2,2,0,1
C03157,2025,3,March,3,3,0,1
C03157,2025,4,April,4,4,0,1
C03157,2025,9,September,5,5,0,1
C03157,2025,12,December,6,6,0,1
C03158,2025,12,December,1,1,1,0
C03159,2024,7,July,1,0,1,0
C03159,2024,10,October,2,1,0,0
C03159,2025,3,March,3,1,0,0
C03159,2025,4,April,5,1,0,0
C03159,2025,10,October,6,2,0,1
C03161,2025,2,February,1,0,1,0
C03161,2025,5,May,2,1,0,0
C03161,2025,9,September,3,2,0,1
C03161,2025,12,December,4,2,0,1
C03162,2024,8,August,1,1,1,0
C03162,2025,1,January,2,2,0,1
C03162,2025,4,April,3,3,0,1
C03162,2025,8,August,4,4,0,1
C03162,2025,9,September,5,5,0,1
C03162,2025,12,December,6,6,0,1
C03164,2024,8,August,1,1,1,0
C03164,2025,1,January,2,2,0,1
C03164,2025,3,March,3,3,0,1
C03164,2025,8,August,4,5,0,1
C03164,2025,10,October,6,6,0,1
C03165,2024,8,August,1,0,1,0
C03165,2024,9,September,2,1,0,0
C03165,2024,12,December,4,3,0,1
C03165,2025,1,January,6,4,0,1
C03165,2025,2,February,7,5,0,1
C03165,2025,10,October,8,6,0,1
C03166,2024,7,July,1,2,0,1
C03166,2024,8,August,3,3,0,1
C03166,2025,8,August,4,4,0,1
C03167,2025,5,May,1,1,1,0
C03167,2025,10,October,2,2,0,1
C03168,2024,12,December,1,1,1,0
C03168,2025,5,May,2,2,0,1
C03168,2025,6,June,3,3,0,1
C03169,2024,7,July,1,1,1,0
C03169,2024,9,September,2,3,0,1
C03169,2024,10,October,4,4,0,1
C03169,2025,1,January,5,5,0,1
C03169,2025,7,July,6,6,0,1
C03169,2025,8,August,7,7,0,1
C03169,2025,9,September,8,8,0,1
C03169,2025,10,October,9,9,0,1
C03169,2025,12,December,10,10,0,1
C03170,2025,1,January,1,1,1,0
C03170,2025,11,November,2,2,0,1
C03171,2024,10,October,1,1,1,0
C03172,2024,7,July,1,2,0,1
C03172,2025,2,February,3,3,0,1
C03172,2025,8,August,4,3,0,1
C03172,2025,12,December,5,4,0,1
C03173,2024,12,December,1,1,1,0
C03173,2025,1,January,2,2,0,1
C03173,2025,10,October,3,4,0,1
C03174,2024,8,August,1,0,1,0
C03174,2024,9,September,2,1,0,0
C03174,2025,9,September,3,1,0,0
C03174,2025,10,October,4,2,0,1
C03175,2024,9,September,1,1,1,0
C03176,2024,8,August,1,0,1,0
C03176,2024,10,October,2,1,0,0
C03176,2025,3,March,3,2,0,1
C03176,2025,10,October,4,2,0,1
C03176,2025,11,November,5,3,0,1
C03177,2024,7,July,1,1,1,0
C03177,2024,9,September,2,2,0,1
C03177,2024,10,October,3,3,0,1
C03177,2025,4,April,4,4,0,1
C03177,2025,5,May,5,5,0,1
C03177,2025,6,June,6,7,0,1
C03177,2025,7,July,9,9,0,1
C03177,2025,10,October,12,10,0,1
C03177,2025,11,November,14,11,0,1
C03177,2025,12,December,15,13,0,1
C03178,2024,12,December,1,1,1,0
C03178,2025,1,January,2,2,0,1
C03178,2025,6,June,3,3,0,1
C03178,2025,7,July,4,4,0,1
C03179,2025,6,June,1,0,1,0
C03179,2025,11,November,2,1,0,0
C03180,2024,9,September,1,0,1,0
C03180,2024,11,November,2,1,0,0
C03180,2025,8,August,3,2,0,1
C03181,2024,10,October,1,0,1,0
C03181,2024,12,December,2,1,0,0
C03181,2025,3,March,3,2,0,1
C03181,2025,4,April,4,3,0,1
C03181,2025,9,September,5,4,0,1
C03181,2025,12,December,6,5,0,1
C03182,2024,8,August,1,1,1,0
C03182,2024,11,November,2,1,0,0
C03182,2025,2,February,3,2,0,1
C03182,2025,5,May,4,3,0,1
C03182,2025,6,June,5,4,0,1
C03182,2025,8,August,6,4,0,1
C03182,2025,10,October,7,6,0,1
C03183,2024,9,September,1,1,1,0
C03183,2024,11,November,2,2,0,1
C03183,2025,1,January,3,3,0,1
C03183,2025,2,February,4,4,0,1
C03183,2025,6,June,5,5,0,1
C03183,2025,7,July,7,6,0,1
C03184,2024,8,August,1,1,1,0
C03184,2025,4,April,3,1,0,0
C03184,2025,9,September,4,1,0,0
C03184,2025,11,November,5,2,0,1
C03186,2025,10,October,1,1,1,0
C03187,2024,8,August,1,0,1,0
C03187,2024,10,October,2,1,0,0
C03187,2024,11,November,3,2,0,1
C03187,2025,2,February,4,2,0,1
C03187,2025,3,March,5,3,0,1
C03188,2024,7,July,1,1,1,0
C03188,2025,2,February,3,3,0,1
C03188,2025,5,May,5,3,0,1
C03188,2025,8,August,6,3,0,1
C03189,2025,2,February,1,1,1,0
C03189,2025,3,March,2,1,0,0
C03189,2025,8,August,4,2,0,1
C03190,2024,7,July,1,1,1,0
C03190,2025,8,August,2,2,0,1
C03190,2025,10,October,3,2,0,1
C03191,2024,12,December,1,1,1,0
C03191,2025,2,February,2,2,0,1
C03191,2025,11,November,3,3,0,1
C03192,2024,9,September,1,1,1,0
C03192,2025,8,August,2,2,0,1
C03193,2024,7,July,1,0,1,0
C03193,2024,9,September,2,1,0,0
C03193,2025,1,January,3,2,0,1
C03193,2025,2,February,4,3,0,1
C03193,2025,5,May,5,4,0,1
C03193,2025,7,July,7,5,0,1
C03193,2025,8,August,9,6,0,1
C03193,2025,10,October,10,7,0,1
C03195,2024,11,November,1,1,1,0
C03196,2025,12,December,1,1,1,0
C03197,2024,10,October,1,2,0,1
C03197,2025,6,June,3,2,0,1
C03197,2025,8,August,4,3,0,1
C03197,2025,11,November,5,4,0,1
C03198,2024,8,August,1,0,1,0
C03198,2025,3,March,2,1,0,0
C03198,2025,4,April,3,2,0,1
C03198,2025,8,August,4,3,0,1
C03198,2025,10,October,5,4,0,1
C03199,2024,7,July,1,1,1,0
C03199,2024,9,September,2,2,0,1
C03199,2024,12,December,3,3,0,1
C03199,2025,3,March,4,4,0,1
C03199,2025,7,July,5,5,0,1
C03200,2024,8,August,1,1,1,0
C03200,2024,9,September,2,1,0,0
C03200,2024,10,October,3,3,0,1
C03200,2025,1,January,5,4,0,1
C03200,2025,5,May,6,5,0,1
C03200,2025,7,July,7,6,0,1
C03200,2025,9,September,8,7,0,1
C03200,2025,10,October,9,8,0,1
C03200,2025,11,November,10,9,0,1
C03201,2024,9,September,1,1,1,0
C03201,2024,11,November,2,2,0,1
C03202,2025,9,September,1,1,1,0
C03203,2024,9,September,1,0,1,0
C03204,2025,9,September,1,1,1,0
C03206,2024,7,July,1,1,1,0
C03206,2024,8,August,2,1,0,0
C03206,2024,12,December,3,2,0,1
C03206,2025,5,May,4,3,0,1
C03206,2025,6,June,6,3,0,1
C03206,2025,8,August,7,4,0,1
C03206,2025,9,September,8,4,0,1
C03207,2024,11,November,1,2,0,1
C03207,2025,3,March,3,2,0,1
C03207,2025,9,September,4,3,0,1
C03208,2024,7,July,1,0,1,0
C03208,2025,8,August,2,1,0,0
C03208,2025,9,September,3,2,0,1
C03208,2025,12,December,4,3,0,1
C03209,2024,7,July,1,1,1,0
C03210,2024,9,September,1,1,1,0
C03210,2025,8,August,2,2,0,1
C03210,2025,9,September,3,3,0,1
C03210,2025,11,November,4,4,0,1
C03212,2024,12,December,1,1,1,0
C03212,2025,4,April,2,2,0,1
C03212,2025,6,June,3,2,0,1
C03212,2025,7,July,4,4,0,1
C03213,2024,10,October,1,1,1,0
C03213,2025,1,January,2,2,0,1
C03213,2025,4,April,3,2,0,1
C03213,2025,9,September,4,2,0,1
C03214,2025,1,January,1,0,1,0
C03214,2025,2,February,2,1,0,0
C03214,2025,4,April,3,2,0,1
C03214,2025,11,November,4,3,0,1
C03215,2025,2,February,1,1,1,0
C03215,2025,7,July,2,2,0,1
C03215,2025,10,October,3,3,0,1
C03216,2024,7,July,1,1,1,0
C03216,2024,8,August,2,3,0,1
C03216,2024,9,September,4,4,0,1
C03216,2024,10,October,5,5,0,1
C03216,2024,11,November,6,6,0,1
C03216,2025,5,May,7,7,0,1
C03216,2025,6,June,8,8,0,1
C03216,2025,10,October,9,9,0,1
C03217,2024,7,July,1,1,1,0
C03218,2025,2,February,1,1,1,0
C03218,2025,5,May,2,1,0,0
C03218,2025,8,August,3,2,0,1
C03218,2025,10,October,4,2,0,1
C03219,2024,9,September,1,1,1,0
C03219,2024,10,October,2,2,0,1
C03219,2025,1,January,3,2,0,1
C03219,2025,10,October,4,3,0,1
C03219,2025,12,December,5,4,0,1
C03220,2025,3,March,1,0,1,0
C03220,2025,12,December,2,2,0,1
C03221,2024,7,July,1,1,1,0
C03221,2025,11,November,2,2,0,1
C03222,2024,10,October,1,1,1,0
C03222,2025,10,October,2,2,0,1
C03223,2024,9,September,1,0,1,0
C03223,2024,11,November,2,1,0,0
C03223,2024,12,December,3,2,0,1
C03223,2025,8,August,4,2,0,1
C03225,2024,9,September,1,1,1,0
C03225,2025,8,August,2,1,0,0
C03226,2025,6,June,1,0,1,0
C03226,2025,9,September,2,1,0,0
C03226,2025,11,November,3,1,0,0
C03227,2024,10,October,1,1,1,0
C03227,2025,4,April,2,2,0,1
C03227,2025,6,June,3,3,0,1
C03227,2025,10,October,4,3,0,1
C03228,2024,9,September,1,1,1,0
C03228,2025,4,April,2,2,0,1
C03228,2025,9,September,3,3,0,1
C03228,2025,10,October,4,4,0,1
C03228,2025,12,December,5,5,0,1
C03229,2025,6,June,1,1,1,0
C03229,2025,12,December,2,2,0,1
C03231,2025,2,February,1,1,1,0
C03232,2024,10,October,1,1,1,0
C03232,2024,11,November,2,2,0,1
C03232,2025,4,April,4,3,0,1
C03232,2025,5,May,5,4,0,1
C03232,2025,11,November,6,5,0,1
C03232,2025,12,December,7,6,0,1
C03233,2024,9,September,1,1,1,0
C03233,2025,2,February,2,1,0,0
C03233,2025,3,March,3,3,0,1
C03233,2025,5,May,5,4,0,1
C03233,2025,8,August,6,4,0,1
C03233,2025,10,October,7,5,0,1
C03233,2025,12,December,8,6,0,1
C03234,2025,12,December,1,0,1,0
C03235,2024,10,October,1,0,1,0
C03235,2024,12,December,2,1,0,0
C03235,2025,2,February,3,2,0,1
C03235,2025,6,June,4,3,0,1
C03235,2025,8,August,5,4,0,1
C03235,2025,9,September,6,5,0,1
C03235,2025,10,October,7,6,0,1
C03236,2024,8,August,1,1,1,0
C03236,2025,9,September,2,2,0,1
C03237,2024,7,July,1,0,1,0
C03237,2024,9,September,3,0,0,0
C03237,2024,10,October,4,1,0,0
C03237,2024,11,November,5,2,0,1
C03237,2025,2,February,6,3,0,1
C03237,2025,3,March,7,3,0,1
C03237,2025,10,October,8,3,0,1
C03238,2025,12,December,1,2,0,1
C03239,2024,11,November,1,1,1,0
C03239,2025,2,February,3,2,0,1
C03239,2025,4,April,4,3,0,1
C03239,2025,6,June,5,4,0,1
C03240,2024,11,November,1,1,1,0
C03240,2025,8,August,2,1,0,0
C03241,2024,11,November,1,0,1,0
C03241,2025,1,January,2,1,0,0
C03241,2025,3,March,3,1,0,0
C03241,2025,5,May,4,2,0,1
C03241,2025,6,June,5,3,0,1
C03241,2025,11,November,6,4,0,1
C03242,2024,7,July,1,1,1,0
C03242,2024,8,August,2,1,0,0
C03242,2025,9,September,3,2,0,1
C03243,2025,9,September,1,1,1,0
C03244,2024,7,July,1,0,1,0
C03244,2025,3,March,2,1,0,0
C03244,2025,4,April,3,1,0,0
C03245,2024,12,December,1,0,1,0
C03245,2025,1,January,2,1,0,0
C03245,2025,2,February,3,2,0,1
C03245,2025,7,July,4,3,0,1
C03245,2025,9,September,5,4,0,1
C03245,2025,10,October,7,5,0,1
C03245,2025,11,November,8,6,0,1
C03245,2025,12,December,9,7,0,1
C03246,2024,8,August,1,2,0,1
C03246,2025,7,July,3,3,0,1
C03246,2025,9,September,4,4,0,1
C03246,2025,10,October,5,5,0,1
C03246,2025,12,December,6,7,0,1
C03247,2025,2,February,1,1,1,0
C03248,2024,7,July,1,1,1,0
C03248,2025,11,November,2,2,0,1
C03249,2025,3,March,1,1,1,0
C03249,2025,6,June,2,2,0,1
C03249,2025,12,December,3,3,0,1
C03250,2024,9,September,1,1,1,0
C03251,2024,7,July,1,1,1,0
C03251,2024,12,December,2,3,0,1
C03252,2024,11,November,1,1,1,0
C03252,2025,1,January,2,3,0,1
C03252,2025,3,March,4,4,0,1
C03252,2025,5,May,5,5,0,1
C03252,2025,6,June,6,6,0,1
C03252,2025,7,July,7,6,0,1
C03252,2025,8,August,8,7,0,1
C03252,2025,9,September,9,7,0,1
C03252,2025,10,October,10,8,0,1
C03253,2024,8,August,1,1,1,0
C03253,2024,9,September,2,1,0,0
C03253,2024,10,October,4,1,0,0
C03253,2024,12,December,5,2,0,1
C03253,2025,1,January,6,3,0,1
C03254,2024,9,September,1,1,1,0
C03255,2024,12,December,1,1,1,0
C03255,2025,3,March,2,2,0,1
C03256,2025,7,July,1,1,1,0
C03257,2025,1,January,1,0,1,0
C03257,2025,3,March,2,1,0,0
C03257,2025,4,April,3,2,0,1
C03257,2025,5,May,4,3,0,1
C03257,2025,11,November,5,4,0,1
C03258,2025,4,April,1,1,1,0
C03258,2025,6,June,2,2,0,1
C03259,2024,7,July,1,1,1,0
C03259,2025,1,January,2,4,0,1
C03260,2024,7,July,1,1,1,0
C03260,2024,12,December,2,2,0,1
C03260,2025,7,July,3,3,0,1
C03260,2025,9,September,4,4,0,1
C03262,2025,3,March,1,1,1,0
C03263,2024,11,November,1,1,1,0
C03263,2025,5,May,2,2,0,1
C03263,2025,7,July,3,3,0,1
C03263,2025,8,August,4,3,0,1
C03263,2025,11,November,5,4,0,1
C03265,2024,7,July,1,1,1,0
C03265,2025,3,March,2,1,0,0
C03265,2025,4,April,3,2,0,1
C03265,2025,5,May,4,3,0,1
C03265,2025,6,June,5,4,0,1
C03265,2025,7,July,6,5,0,1
C03266,2024,12,December,1,0,1,0
C03266,2025,1,January,2,0,0,0
C03266,2025,5,May,3,1,0,0
C03266,2025,6,June,4,2,0,1
C03266,2025,7,July,5,3,0,1
C03266,2025,10,October,6,4,0,1
C03267,2024,10,October,1,2,0,1
C03267,2025,6,June,3,2,0,1
C03267,2025,8,August,4,3,0,1
C03268,2024,7,July,1,0,1,0
C03268,2024,11,November,2,0,0,0
C03268,2025,2,February,3,1,0,0
C03268,2025,6,June,4,2,0,1
C03268,2025,10,October,5,3,0,1
C03269,2024,10,October,1,1,1,0
C03269,2025,2,February,2,2,0,1
C03269,2025,6,June,3,2,0,1
C03269,2025,7,July,4,3,0,1
C03270,2024,7,July,1,2,0,1
C03270,2024,11,November,3,5,0,1
C03270,2025,1,January,6,6,0,1
C03270,2025,6,June,7,7,0,1
C03270,2025,12,December,8,8,0,1
C03271,2024,8,August,1,1,1,0
C03271,2025,6,June,2,2,0,1
C03271,2025,11,November,3,3,0,1
C03272,2025,4,April,1,1,1,0
C03272,2025,8,August,2,3,0,1
C03272,2025,11,November,4,4,0,1
C03273,2024,8,August,1,3,0,1
C03273,2024,9,September,4,4,0,1
C03273,2024,12,December,5,5,0,1
C03273,2025,1,January,6,6,0,1
C03273,2025,5,May,7,6,0,1
C03273,2025,6,June,8,7,0,1
C03273,2025,8,August,9,8,0,1
C03274,2024,12,December,1,2,0,1
C03274,2025,3,March,3,3,0,1
C03274,2025,10,October,4,4,0,1
C03275,2024,9,September,1,1,1,0
C03275,2025,2,February,2,2,0,1
C03275,2025,11,November,3,3,0,1
C03276,2025,1,January,1,0,1,0
C03276,2025,2,February,2,1,0,0
C03276,2025,10,October,3,2,0,1
C03277,2024,8,August,1,1,1,0
C03277,2025,4,April,2,3,0,1
C03277,2025,8,August,4,4,0,1
C03277,2025,10,October,6,5,0,1
C03278,2025,1,January,1,1,1,0
C03278,2025,4,April,2,2,0,1
C03278,2025,6,June,3,3,0,1
C03279,2025,4,April,1,0,1,0
C03280,2024,9,September,1,1,1,0
C03280,2024,11,November,2,2,0,1
C03280,2025,1,January,3,3,0,1
C03280,2025,2,February,4,3,0,1
C03280,2025,9,September,5,5,0,1
C03280,2025,12,December,7,5,0,1
C03281,2024,7,July,1,1,1,0
C03281,2025,4,April,2,1,0,0
C03281,2025,6,June,3,2,0,1
C03281,2025,7,July,4,3,0,1
C03281,2025,10,October,5,4,0,1
C03282,2024,7,July,1,1,1,0
C03282,2024,10,October,2,2,0,1
C03282,2025,4,April,3,2,0,1
C03282,2025,5,May,4,3,0,1
C03282,2025,12,December,5,4,0,1
C03283,2025,8,August,1,1,1,0
C03283,2025,11,November,2,2,0,1
C03283,2025,12,December,3,3,0,1
C03284,2024,7,July,1,1,1,0
C03284,2024,8,August,3,2,0,1
C03284,2024,10,October,4,3,0,1
C03284,2024,11,November,5,4,0,1
C03285,2025,5,May,1,0,1,0
C03286,2024,7,July,1,1,1,0
C03286,2024,9,September,2,2,0,1
C03286,2024,10,October,3,4,0,1
C03286,2025,1,January,5,5,0,1
C03286,2025,2,February,6,6,0,1
C03286,2025,4,April,7,7,0,1
C03286,2025,6,June,8,8,0,1
C03286,2025,8,August,9,9,0,1
C03286,2025,9,September,10,11,0,1
C03286,2025,10,October,12,12,0,1
C03287,2024,7,July,1,0,1,0
C03287,2024,8,August,2,1,0,0
C03287,2025,1,January,3,2,0,1
C03287,2025,9,September,4,3,0,1
C03288,2024,10,October,1,1,1,0
C03288,2024,11,November,2,2,0,1
C03289,2024,7,July,1,1,1,0
C03289,2024,12,December,3,1,0,0
C03289,2025,1,January,4,1,0,0
C03289,2025,2,February,5,2,0,1
C03289,2025,8,August,6,2,0,1
C03289,2025,10,October,7,3,0,1
C03290,2024,7,July,1,1,1,0
C03290,2024,10,October,2,2,0,1
C03290,2025,3,March,3,3,0,1
C03290,2025,6,June,4,4,0,1
C03291,2024,7,July,1,1,1,0
C03291,2024,9,September,2,2,0,1
C03291,2025,11,November,3,2,0,1
C03292,2025,2,February,1,0,1,0
C03292,2025,11,November,2,0,0,0
C03293,2024,10,October,1,1,1,0
C03293,2025,4,April,2,2,0,1
C03293,2025,6,June,3,3,0,1
C03293,2025,9,September,4,4,0,1
C03294,2025,3,March,1,1,1,0
C03294,2025,10,October,2,2,0,1
C03295,2024,7,July,1,1,1,0
C03295,2024,9,September,2,2,0,1
C03295,2025,3,March,3,3,0,1
C03295,2025,10,October,4,4,0,1
C03296,2024,12,December,1,0,1,0
C03296,2025,4,April,2,1,0,0
C03296,2025,5,May,3,2,0,1
C03296,2025,7,July,4,3,0,1
C03296,2025,12,December,5,4,0,1
C03297,2024,7,July,1,1,1,0
C03298,2025,1,January,1,0,1,0
C03299,2024,9,September,1,1,1,0
C03299,2025,3,March,2,2,0,1
C03300,2024,7,July,1,2,0,1
C03300,2024,10,October,3,3,0,1
C03300,2025,1,January,4,4,0,1
C03300,2025,8,August,5,5,0,1
C03301,2024,9,September,1,0,1,0
C03301,2024,10,October,2,1,0,0
C03301,2025,5,May,3,2,0,1
C03301,2025,6,June,4,2,0,1
C03301,2025,11,November,5,3,0,1
C03302,2024,11,November,1,0,1,0
C03302,2025,1,January,2,0,0,0
C03302,2025,3,March,3,1,0,0
C03302,2025,5,May,4,2,0,1
C03303,2024,7,July,1,1,1,0
C03303,2024,8,August,2,2,0,1
C03303,2025,6,June,3,3,0,1
C03304,2024,12,December,1,1,1,0
C03304,2025,1,January,2,2,0,1
C03304,2025,10,October,3,3,0,1
C03305,2024,8,August,1,1,1,0
C03305,2024,9,September,2,1,0,0
C03305,2024,10,October,3,2,0,1
C03305,2024,12,December,4,3,0,1
C03305,2025,4,April,5,4,0,1
C03305,2025,10,October,6,4,0,1
C03305,2025,11,November,7,5,0,1
C03306,2024,8,August,1,0,1,0
C03306,2024,9,September,2,0,0,0
C03306,2024,10,October,3,1,0,0
C03306,2024,11,November,4,2,0,1
C03306,2025,1,January,5,2,0,1
C03306,2025,4,April,6,3,0,1
C03306,2025,9,September,7,4,0,1
C03306,2025,10,October,8,5,0,1
C03307,2024,9,September,1,2,0,1
C03307,2024,11,November,3,2,0,1
C03307,2025,7,July,4,2,0,1
C03308,2025,3,March,1,1,1,0
C03308,2025,4,April,2,2,0,1
C03308,2025,12,December,3,3,0,1
C03309,2025,2,February,1,1,1,0
C03309,2025,3,March,2,2,0,1
C03309,2025,6,June,3,3,0,1
C03309,2025,8,August,4,6,0,1
C03310,2025,2,February,1,1,1,0
C03310,2025,4,April,2,2,0,1
C03310,2025,8,August,3,3,0,1
C03311,2024,8,August,1,1,1,0
C03311,2025,5,May,2,2,0,1
C03312,2024,11,November,1,2,0,1
C03313,2025,1,January,1,1,1,0
C03313,2025,2,February,2,2,0,1
C03313,2025,3,March,3,2,0,1
C03313,2025,7,July,4,3,0,1
C03313,2025,8,August,5,4,0,1
C03314,2024,9,September,1,1,1,0
C03314,2025,4,April,2,2,0,1
C03314,2025,5,May,3,3,0,1
C03314,2025,8,August,4,4,0,1
C03314,2025,9,September,5,4,0,1
C03315,2024,9,September,1,1,1,0
C03315,2024,11,November,2,2,0,1
C03316,2025,5,May,1,1,1,0
C03316,2025,11,November,2,2,0,1
C03317,2024,12,December,1,1,1,0
C03317,2025,2,February,2,1,0,0
C03317,2025,7,July,3,2,0,1
C03317,2025,10,October,4,2,0,1
C03317,2025,12,December,5,3,0,1
C03318,2024,7,July,1,1,1,0
C03319,2024,12,December,1,1,1,0
C03319,2025,7,July,2,1,0,0
C03319,2025,9,September,3,2,0,1
C03319,2025,11,November,4,2,0,1
C03320,2024,11,November,1,1,1,0
C03320,2025,8,August,2,2,0,1
C03321,2024,10,October,1,0,1,0
C03321,2024,12,December,2,1,0,0
C03321,2025,1,January,4,2,0,1
C03321,2025,4,April,5,3,0,1
C03321,2025,6,June,6,4,0,1
C03321,2025,12,December,7,5,0,1
C03322,2024,7,July,1,2,0,1
C03322,2024,8,August,4,2,0,1
C03322,2024,11,November,5,3,0,1
C03322,2024,12,December,6,3,0,1
C03322,2025,4,April,7,4,0,1
C03322,2025,8,August,8,5,0,1
C03323,2024,8,August,1,1,1,0
C03324,2024,12,December,1,2,0,1
C03324,2025,3,March,3,3,0,1
C03325,2024,8,August,1,1,1,0
C03325,2024,12,December,2,2,0,1
C03325,2025,1,January,3,2,0,1
C03325,2025,2,February,4,3,0,1
C03325,2025,8,August,5,4,0,1
C03325,2025,12,December,6,5,0,1
C03326,2025,2,February,1,1,1,0
C03326,2025,4,April,2,2,0,1
C03326,2025,7,July,3,3,0,1
C03326,2025,9,September,4,4,0,1
C03326,2025,12,December,5,5,0,1
C03327,2024,8,August,1,2,0,1
C03327,2025,2,February,3,3,0,1
C03327,2025,3,March,4,4,0,1
C03327,2025,12,December,5,5,0,1
C03328,2025,6,June,1,2,0,1
C03328,2025,8,August,3,3,0,1
C03329,2024,10,October,1,2,0,1
C03329,2024,12,December,3,3,0,1
C03329,2025,5,May,4,4,0,1
C03329,2025,7,July,5,4,0,1
C03330,2025,3,March,1,1,1,0
C03330,2025,8,August,2,3,0,1
C03331,2024,7,July,1,1,1,0
C03331,2024,8,August,2,3,0,1
C03331,2024,9,September,4,5,0,1
C03331,2024,10,October,6,6,0,1
C03331,2024,11,November,7,7,0,1
C03331,2025,1,January,8,8,0,1
C03331,2025,4,April,9,9,0,1
C03331,2025,7,July,11,10,0,1
C03331,2025,11,November,12,13,0,1
C03332,2024,7,July,1,1,1,0
C03332,2024,8,August,2,3,0,1
C03332,2024,11,November,4,4,0,1
C03332,2024,12,December,5,4,0,1
C03332,2025,9,September,6,5,0,1
C03332,2025,11,November,8,5,0,1
C03332,2025,12,December,9,6,0,1
C03333,2025,1,January,1,1,1,0
C03333,2025,4,April,2,1,0,0
C03333,2025,6,June,3,2,0,1
C03334,2024,8,August,1,0,1,0
C03334,2024,12,December,2,1,0,0
C03334,2025,10,October,3,1,0,0
C03335,2025,3,March,1,1,1,0
C03335,2025,9,September,2,2,0,1
C03336,2024,8,August,1,0,1,0
C03336,2025,3,March,2,1,0,0
C03336,2025,8,August,3,2,0,1
C03338,2024,10,October,1,1,1,0
C03338,2025,2,February,2,1,0,0
C03338,2025,8,August,3,1,0,0
C03338,2025,11,November,4,2,0,1
C03339,2025,1,January,1,1,1,0
C03339,2025,11,November,2,2,0,1
C03340,2024,7,July,1,1,1,0
C03340,2024,8,August,2,2,0,1
C03340,2024,9,September,3,3,0,1
C03340,2025,1,January,4,4,0,1
C03340,2025,10,October,5,6,0,1
C03341,2025,2,February,1,1,1,0
C03341,2025,4,April,2,2,0,1
C03341,2025,12,December,3,2,0,1
C03342,2025,3,March,1,1,1,0
C03342,2025,7,July,2,2,0,1
C03343,2024,8,August,1,0,1,0
C03343,2024,11,November,2,1,0,0
C03344,2024,8,August,1,1,1,0
C03344,2024,11,November,2,3,0,1
C03344,2024,12,December,4,4,0,1
C03344,2025,1,January,5,6,0,1
C03344,2025,3,March,7,7,0,1
C03344,2025,8,August,8,8,0,1
C03344,2025,10,October,9,9,0,1
C03344,2025,11,November,10,10,0,1
C03345,2024,11,November,1,1,1,0
C03345,2024,12,December,2,2,0,1
C03346,2025,1,January,1,1,1,0
C03346,2025,3,March,2,1,0,0
C03346,2025,10,October,3,2,0,1
C03346,2025,11,November,4,3,0,1
C03347,2024,7,July,1,1,1,0
C03348,2024,10,October,1,1,1,0
C03348,2025,3,March,2,2,0,1
C03349,2024,12,December,1,1,1,0
C03349,2025,8,August,2,2,0,1
C03351,2024,9,September,1,1,1,0
C03351,2024,10,October,2,2,0,1
C03351,2025,7,July,3,3,0,1
C03351,2025,10,October,4,4,0,1
C03351,2025,11,November,5,5,0,1
C03351,2025,12,December,6,6,0,1
C03352,2025,1,January,1,1,1,0
C03352,2025,3,March,2,3,0,1
C03352,2025,5,May,5,3,0,1
C03353,2024,12,December,1,1,1,0
C03353,2025,10,October,2,1,0,0
C03354,2025,11,November,1,1,1,0
C03355,2024,7,July,1,1,1,0
C03355,2024,9,September,2,2,0,1
C03355,2024,11,November,3,3,0,1
C03355,2025,3,March,4,3,0,1
C03355,2025,7,July,5,4,0,1
C03356,2025,1,January,1,1,1,0
C03356,2025,5,May,2,2,0,1
C03357,2024,10,October,1,1,1,0
C03357,2024,11,November,2,1,0,0
C03357,2025,4,April,3,2,0,1
C03357,2025,6,June,4,2,0,1
C03357,2025,10,October,5,3,0,1
C03358,2025,10,October,1,2,0,1
C03359,2024,8,August,1,1,1,0
C03359,2025,6,June,2,1,0,0
C03359,2025,10,October,3,2,0,1
C03360,2024,7,July,1,0,1,0
C03360,2024,9,September,2,1,0,0
C03360,2024,12,December,3,1,0,0
C03360,2025,1,January,4,2,0,1
C03360,2025,10,October,6,3,0,1
C03361,2024,9,September,1,0,1,0
C03361,2025,1,January,2,1,0,0
C03361,2025,2,February,3,2,0,1
C03361,2025,6,June,4,4,0,1
C03362,2024,11,November,1,1,1,0
C03362,2025,1,January,2,2,0,1
C03362,2025,3,March,3,3,0,1
C03362,2025,4,April,4,4,0,1
C03362,2025,6,June,5,5,0,1
C03362,2025,7,July,6,5,0,1
C03363,2024,10,October,1,2,0,1
C03363,2025,1,January,3,3,0,1
C03363,2025,4,April,4,4,0,1
C03363,2025,9,September,5,4,0,1
C03363,2025,10,October,6,5,0,1
C03363,2025,11,November,7,5,0,1
C03365,2024,7,July,1,1,1,0
C03365,2025,3,March,2,2,0,1
C03365,2025,11,November,3,3,0,1
C03365,2025,12,December,4,3,0,1
C03366,2025,3,March,1,1,1,0
C03366,2025,4,April,2,2,0,1
C03366,2025,6,June,3,3,0,1
C03367,2024,9,September,1,1,1,0
C03367,2024,10,October,2,2,0,1
C03367,2024,11,November,3,3,0,1
C03367,2025,3,March,4,4,0,1
C03367,2025,5,May,5,5,0,1
C03367,2025,7,July,6,6,0,1
C03367,2025,11,November,7,7,0,1
C03368,2024,8,August,1,1,1,0
C03368,2024,10,October,2,1,0,0
C03368,2025,3,March,3,2,0,1
C03368,2025,12,December,4,2,0,1
C03369,2025,4,April,1,0,1,0
C03370,2024,10,October,1,0,1,0
C03370,2025,3,March,2,1,0,0
C03370,2025,11,November,3,1,0,0
C03371,2024,7,July,1,1,1,0
C03373,2025,3,March,1,1,1,0
C03373,2025,10,October,2,2,0,1
C03375,2024,10,October,1,1,1,0
C03376,2024,9,September,1,1,1,0
C03376,2025,7,July,2,3,0,1
C03376,2025,12,December,4,4,0,1
C03377,2025,1,January,1,2,0,1
C03377,2025,2,February,3,3,0,1
C03377,2025,3,March,4,4,0,1
C03377,2025,4,April,5,5,0,1
C03377,2025,8,August,6,6,0,1
C03377,2025,10,October,7,8,0,1
C03378,2025,6,June,1,1,1,0
C03378,2025,7,July,2,2,0,1
C03378,2025,8,August,3,3,0,1
C03378,2025,12,December,4,4,0,1
C03379,2024,9,September,1,0,1,0
C03379,2024,10,October,2,1,0,0
C03379,2025,3,March,3,2,0,1
C03379,2025,4,April,4,3,0,1
C03379,2025,10,October,5,4,0,1
C03380,2024,7,July,1,1,1,0
C03380,2024,8,August,2,2,0,1
C03380,2025,3,March,4,3,0,1
C03380,2025,4,April,5,3,0,1
C03381,2025,1,January,1,1,1,0
C03381,2025,6,June,2,1,0,0
C03381,2025,7,July,3,1,0,0
C03382,2024,10,October,1,1,1,0
C03382,2025,2,February,2,2,0,1
C03382,2025,4,April,3,3,0,1
C03383,2024,10,October,1,0,1,0
C03383,2024,11,November,2,1,0,0
C03383,2025,3,March,3,2,0,1
C03383,2025,7,July,5,3,0,1
C03384,2024,7,July,1,2,0,1
C03384,2024,9,September,3,3,0,1
C03384,2024,11,November,4,4,0,1
C03384,2025,1,January,5,4,0,1
C03384,2025,2,February,6,5,0,1
C03384,2025,7,July,7,6,0,1
C03384,2025,12,December,9,8,0,1
C03385,2024,10,October,1,0,1,0
C03385,2025,2,February,2,1,0,0
C03385,2025,4,April,3,1,0,0
C03385,2025,7,July,4,2,0,1
C03385,2025,8,August,5,3,0,1
C03386,2024,8,August,1,1,1,0
C03386,2024,9,September,2,2,0,1
C03386,2025,3,March,3,2,0,1
C03387,2024,9,September,1,1,1,0
C03387,2025,4,April,2,2,0,1
C03387,2025,12,December,4,3,0,1
C03388,2025,2,February,1,1,1,0
C03388,2025,3,March,2,2,0,1
C03388,2025,5,May,3,3,0,1
C03389,2025,4,April,1,1,1,0
C03391,2025,1,January,1,1,1,0
C03391,2025,3,March,2,2,0,1
C03391,2025,9,September,3,3,0,1
C03391,2025,12,December,4,4,0,1
C03392,2024,8,August,1,1,1,0
C03392,2024,9,September,2,2,0,1
C03392,2024,10,October,3,2,0,1
C03393,2024,9,September,1,1,1,0
C03393,2024,11,November,2,3,0,1
C03393,2025,5,May,4,3,0,1
C03393,2025,7,July,5,4,0,1
C03393,2025,8,August,6,5,0,1
C03394,2025,12,December,1,1,1,0
C03395,2025,7,July,1,1,1,0
C03396,2024,8,August,1,0,1,0
C03396,2024,9,September,2,1,0,0
C03396,2024,12,December,3,2,0,1
C03396,2025,5,May,4,3,0,1
C03396,2025,6,June,5,4,0,1
C03396,2025,8,August,6,5,0,1
C03397,2025,12,December,1,1,1,0
C03398,2024,11,November,1,1,1,0
C03398,2024,12,December,2,2,0,1
C03398,2025,1,January,3,3,0,1
C03398,2025,3,March,4,4,0,1
C03398,2025,9,September,5,5,0,1
C03398,2025,10,October,6,6,0,1
C03400,2024,11,November,1,0,1,0
C03401,2024,8,August,1,1,1,0
C03401,2025,7,July,2,1,0,0
C03402,2025,2,February,1,0,1,0
C03402,2025,5,May,2,1,0,0
C03402,2025,6,June,3,1,0,0
C03403,2024,8,August,1,0,1,0
C03403,2025,2,February,2,0,0,0
C03404,2025,1,January,1,1,1,0
C03404,2025,8,August,2,2,0,1
C03404,2025,11,November,3,3,0,1
C03405,2025,8,August,1,0,1,0
C03406,2024,7,July,1,1,1,0
C03406,2025,5,May,2,2,0,1
C03407,2025,6,June,1,1,1,0
C03407,2025,11,November,2,2,0,1
C03408,2025,9,September,1,1,1,0
C03409,2024,8,August,1,1,1,0
C03409,2025,10,October,2,2,0,1
C03409,2025,11,November,3,3,0,1
C03410,2024,9,September,1,1,1,0
C03410,2024,10,October,2,2,0,1
C03410,2025,7,July,3,3,0,1
C03411,2024,10,October,1,1,1,0
C03411,2025,1,January,2,1,0,0
C03411,2025,3,March,3,2,0,1
C03411,2025,5,May,4,3,0,1
C03411,2025,7,July,5,4,0,1
C03411,2025,8,August,6,5,0,1
C03412,2024,11,November,1,2,0,1
C03412,2025,2,February,3,3,0,1
C03413,2024,10,October,1,2,0,1
C03413,2025,1,January,3,3,0,1
C03413,2025,2,February,4,4,0,1
C03413,2025,5,May,5,5,0,1
C03413,2025,6,June,6,5,0,1
C03413,2025,12,December,7,6,0,1
C03414,2024,8,August,1,1,1,0
C03414,2024,9,September,2,2,0,1
C03414,2024,10,October,3,3,0,1
C03414,2024,12,December,4,4,0,1
C03414,2025,6,June,5,5,0,1
C03414,2025,10,October,6,5,0,1
C03415,2024,9,September,1,1,1,0
C03415,2024,10,October,2,2,0,1
C03416,2024,10,October,1,0,1,0
C03416,2025,1,January,2,1,0,0
C03416,2025,2,February,3,2,0,1
C03416,2025,4,April,4,3,0,1
C03416,2025,10,October,5,5,0,1
C03417,2025,1,January,1,1,1,0
C03418,2024,11,November,1,1,1,0
C03418,2025,4,April,2,2,0,1
C03419,2024,12,December,1,0,1,0
C03420,2025,1,January,1,1,1,0
C03420,2025,4,April,2,2,0,1
C03420,2025,12,December,3,3,0,1
C03421,2024,8,August,1,1,1,0
C03421,2024,9,September,2,2,0,1
C03421,2025,3,March,3,3,0,1
C03421,2025,4,April,4,4,0,1
C03421,2025,6,June,5,5,0,1
C03421,2025,7,July,6,6,0,1
C03421,2025,8,August,7,7,0,1
C03421,2025,9,September,8,7,0,1
C03421,2025,11,November,9,8,0,1
C03422,2024,10,October,1,2,0,1
C03422,2024,12,December,3,3,0,1
C03423,2025,2,February,1,1,1,0
C03423,2025,3,March,2,2,0,1
C03423,2025,9,September,3,3,0,1
C03423,2025,12,December,4,3,0,1
C03424,2024,9,September,1,1,1,0
C03424,2025,4,April,2,2,0,1
C03424,2025,7,July,3,2,0,1
C03424,2025,8,August,4,3,0,1
C03425,2024,10,October,1,1,1,0
C03425,2025,7,July,2,1,0,0
C03425,2025,9,September,3,1,0,0
C03425,2025,10,October,4,2,0,1
C03425,2025,12,December,5,3,0,1
C03426,2025,1,January,1,1,1,0
C03426,2025,5,May,2,1,0,0
C03427,2025,7,July,1,1,1,0
C03427,2025,11,November,2,1,0,0
C03428,2024,11,November,1,1,1,0
C03428,2025,10,October,2,2,0,1
C03429,2024,8,August,1,0,1,0
C03429,2024,11,November,2,1,0,0
C03429,2025,2,February,3,2,0,1
C03429,2025,12,December,4,3,0,1
C03430,2024,7,July,1,2,0,1
C03430,2024,8,August,5,3,0,1
C03430,2025,2,February,6,4,0,1
C03430,2025,3,March,7,5,0,1
C03431,2025,3,March,1,1,1,0
C03432,2025,3,March,1,1,1,0
C03432,2025,8,August,2,2,0,1
C03433,2024,9,September,1,1,1,0
C03433,2025,5,May,2,2,0,1
C03433,2025,11,November,3,4,0,1
C03434,2024,11,November,1,1,1,0
C03434,2024,12,December,2,2,0,1
C03434,2025,4,April,3,3,0,1
C03434,2025,10,October,4,4,0,1
C03434,2025,11,November,5,5,0,1
C03435,2024,9,September,1,1,1,0
C03435,2024,10,October,2,2,0,1
C03435,2025,1,January,3,2,0,1
C03435,2025,2,February,4,3,0,1
C03435,2025,9,September,5,4,0,1
C03436,2024,9,September,1,2,0,1
C03436,2025,5,May,3,3,0,1
C03436,2025,6,June,4,5,0,1
C03436,2025,7,July,6,6,0,1
C03436,2025,9,September,7,6,0,1
C03437,2024,11,November,1,1,1,0
C03437,2025,10,October,2,2,0,1
C03438,2024,8,August,1,1,1,0
C03438,2025,1,January,2,2,0,1
C03438,2025,3,March,3,3,0,1
C03438,2025,9,September,4,4,0,1
C03439,2024,12,December,1,0,1,0
C03439,2025,5,May,2,1,0,0
C03439,2025,7,July,3,2,0,1
C03440,2024,7,July,1,1,1,0
C03440,2024,8,August,2,2,0,1
C03440,2025,4,April,3,3,0,1
C03440,2025,8,August,4,3,0,1
C03441,2024,12,December,1,1,1,0
C03441,2025,1,January,2,2,0,1
C03441,2025,6,June,3,3,0,1
C03441,2025,12,December,4,4,0,1
C03442,2024,7,July,1,2,0,1
C03442,2024,8,August,3,3,0,1
C03442,2025,3,March,4,3,0,1
C03442,2025,6,June,5,4,0,1
C03443,2025,3,March,1,3,0,1
C03444,2024,8,August,1,1,1,0
C03444,2024,11,November,2,2,0,1
C03444,2025,4,April,3,3,0,1
C03444,2025,11,November,4,4,0,1
C03445,2024,8,August,1,2,0,1
C03445,2025,1,January,3,4,0,1
C03445,2025,3,March,6,5,0,1
C03445,2025,4,April,7,8,0,1
C03445,2025,7,July,10,9,0,1
C03445,2025,9,September,11,9,0,1
C03445,2025,10,October,12,10,0,1
C03446,2025,3,March,1,1,1,0
C03446,2025,8,August,2,2,0,1
C03447,2024,7,July,1,1,1,0
C03447,2024,11,November,2,2,0,1
C03447,2025,8,August,3,3,0,1
C03448,2024,9,September,1,2,0,1
C03448,2025,2,February,3,3,0,1
C03448,2025,5,May,4,4,0,1
C03448,2025,6,June,5,5,0,1
C03448,2025,8,August,6,6,0,1
C03448,2025,12,December,9,7,0,1
C03449,2024,7,July,1,1,1,0
C03449,2024,10,October,2,2,0,1
C03449,2025,1,January,4,3,0,1
C03449,2025,8,August,5,3,0,1
C03450,2024,9,September,1,0,1,0
C03450,2025,7,July,2,1,0,0
C03452,2025,9,September,1,1,1,0
C03454,2024,12,December,1,1,1,0
C03454,2025,1,January,2,3,0,1
C03455,2024,7,July,1,1,1,0
C03455,2025,2,February,2,2,0,1
C03455,2025,3,March,3,3,0,1
C03455,2025,12,December,4,4,0,1
C03456,2024,8,August,1,1,1,0
C03456,2024,9,September,2,2,0,1
C03456,2025,1,January,3,3,0,1
C03456,2025,2,February,4,4,0,1
C03456,2025,5,May,5,4,0,1
C03456,2025,11,November,6,5,0,1
C03457,2024,12,December,1,1,1,0
C03457,2025,4,April,2,2,0,1
C03457,2025,7,July,3,3,0,1
C03458,2024,9,September,1,1,1,0
C03458,2024,12,December,2,2,0,1
C03458,2025,6,June,3,3,0,1
C03459,2025,5,May,1,1,1,0
C03459,2025,12,December,2,2,0,1
C03460,2024,12,December,1,1,1,0
C03460,2025,2,February,2,2,0,1
C03461,2024,12,December,1,1,1,0
C03461,2025,5,May,2,2,0,1
C03461,2025,6,June,3,2,0,1
C03462,2024,7,July,1,1,1,0
C03462,2025,3,March,2,2,0,1
C03462,2025,6,June,3,3,0,1
C03463,2025,4,April,1,1,1,0
C03463,2025,5,May,2,2,0,1
C03463,2025,9,September,3,3,0,1
C03464,2025,1,January,1,1,1,0
C03464,2025,7,July,2,2,0,1
C03464,2025,12,December,3,2,0,1
C03465,2024,10,October,1,1,1,0
C03465,2025,1,January,2,4,0,1
C03465,2025,3,March,5,5,0,1
C03465,2025,6,June,6,6,0,1
C03465,2025,7,July,7,7,0,1
C03466,2024,11,November,1,2,0,1
C03466,2025,7,July,3,2,0,1
C03466,2025,8,August,4,3,0,1
C03467,2024,12,December,1,0,1,0
C03467,2025,4,April,2,0,0,0
C03468,2024,7,July,1,1,1,0
C03468,2025,1,January,2,2,0,1
C03468,2025,3,March,3,4,0,1
C03468,2025,7,July,5,5,0,1
C03468,2025,8,August,7,7,0,1
C03469,2024,7,July,1,1,1,0
C03469,2024,9,September,2,2,0,1
C03469,2025,1,January,3,2,0,1
C03469,2025,10,October,4,3,0,1
C03470,2024,10,October,1,0,1,0
C03470,2025,4,April,2,1,0,0
C03471,2025,9,September,1,2,0,1
C03471,2025,10,October,3,3,0,1
C03471,2025,12,December,4,4,0,1
C03472,2025,9,September,1,1,1,0
C03473,2024,7,July,1,1,1,0
C03473,2024,10,October,2,2,0,1
C03474,2025,12,December,1,1,1,0
C03475,2025,4,April,1,1,1,0
C03476,2024,8,August,1,1,1,0
C03476,2025,1,January,2,2,0,1
C03477,2024,11,November,1,0,1,0
C03477,2025,10,October,2,1,0,0
C03477,2025,12,December,3,2,0,1
C03478,2024,7,July,1,1,1,0
C03478,2024,12,December,3,2,0,1
C03478,2025,7,July,4,2,0,1
C03478,2025,8,August,5,3,0,1
C03479,2025,3,March,1,1,1,0
C03480,2025,2,February,1,0,1,0
C03481,2025,10,October,1,1,1,0
C03482,2024,8,August,1,1,1,0
C03482,2024,10,October,2,3,0,1
C03482,2025,1,January,4,4,0,1
C03482,2025,2,February,5,5,0,1
C03482,2025,4,April,6,6,0,1
C03482,2025,5,May,7,6,0,1
C03482,2025,10,October,8,7,0,1
C03483,2024,7,July,1,0,1,0
C03484,2024,8,August,1,1,1,0
C03484,2024,12,December,2,2,0,1
C03484,2025,7,July,4,3,0,1
C03485,2024,11,November,1,0,1,0
C03486,2024,9,September,1,1,1,0
C03486,2024,12,December,2,1,0,0
C03486,2025,6,June,3,2,0,1
C03486,2025,11,November,4,3,0,1
C03487,2024,9,September,1,2,0,1
C03487,2024,10,October,3,2,0,1
C03487,2025,2,February,4,3,0,1
C03487,2025,3,March,5,4,0,1
C03487,2025,8,August,6,5,0,1
C03487,2025,11,November,7,6,0,1
C03488,2024,7,July,1,0,1,0
C03488,2024,10,October,2,1,0,0
C03488,2024,12,December,3,2,0,1
C03488,2025,7,July,4,3,0,1
C03488,2025,8,August,5,4,0,1
C03488,2025,9,September,6,5,0,1
C03489,2024,10,October,1,1,1,0
C03489,2025,4,April,2,2,0,1
C03489,2025,10,October,3,2,0,1
C03490,2024,7,July,1,1,1,0
C03490,2025,4,April,2,2,0,1
C03490,2025,6,June,3,3,0,1
C03490,2025,8,August,4,3,0,1
C03490,2025,9,September,5,4,0,1
C03490,2025,12,December,6,5,0,1
C03491,2024,9,September,1,1,1,0
C03491,2024,10,October,2,2,0,1
C03491,2025,2,February,3,2,0,1
C03491,2025,4,April,4,3,0,1
C03491,2025,12,December,5,4,0,1
C03492,2025,1,January,1,1,1,0
C03492,2025,9,September,2,2,0,1
C03493,2024,12,December,1,0,1,0
C03493,2025,4,April,2,1,0,0
C03493,2025,8,August,3,2,0,1
C03494,2024,10,October,1,0,1,0
C03494,2025,6,June,2,0,0,0
C03495,2024,8,August,1,1,1,0
C03495,2025,6,June,2,2,0,1
C03495,2025,11,November,3,3,0,1
C03495,2025,12,December,4,4,0,1
C03496,2025,6,June,1,1,1,0
C03496,2025,12,December,2,2,0,1
C03497,2024,10,October,1,1,1,0
C03497,2025,1,January,2,2,0,1
C03497,2025,2,February,3,3,0,1
C03497,2025,3,March,4,4,0,1
C03497,2025,6,June,5,5,0,1
C03498,2024,12,December,1,2,0,1
C03498,2025,2,February,3,3,0,1
C03498,2025,7,July,4,4,0,1
C03500,2024,9,September,1,0,1,0
C03500,2025,10,October,2,0,0,0
C03501,2024,7,July,1,1,1,0
C03501,2025,2,February,2,2,0,1
C03501,2025,3,March,3,3,0,1
C03501,2025,4,April,4,4,0,1
C03502,2024,7,July,1,1,1,0
C03502,2024,12,December,2,2,0,1
C03502,2025,2,February,3,3,0,1
C03502,2025,4,April,4,3,0,1
C03502,2025,8,August,5,4,0,1
C03502,2025,10,October,6,5,0,1
C03502,2025,11,November,7,6,0,1
C03503,2025,9,September,1,1,1,0
C03504,2024,7,July,1,1,1,0
C03504,2024,9,September,2,2,0,1
C03504,2024,11,November,4,4,0,1
C03504,2025,3,March,7,5,0,1
C03504,2025,7,July,8,6,0,1
C03504,2025,9,September,9,7,0,1
C03504,2025,10,October,10,8,0,1
C03505,2024,9,September,1,1,1,0
C03505,2025,10,October,2,2,0,1
C03506,2024,7,July,1,1,1,0
C03506,2025,4,April,2,2,0,1
C03507,2025,2,February,1,1,1,0
C03507,2025,3,March,2,1,0,0
C03508,2024,12,December,1,1,1,0
C03508,2025,3,March,2,2,0,1
C03508,2025,5,May,3,2,0,1
C03509,2025,2,February,1,1,1,0
C03509,2025,5,May,2,3,0,1
C03510,2025,1,January,1,1,1,0
C03510,2025,4,April,2,2,0,1
C03510,2025,12,December,3,3,0,1
C03511,2024,11,November,1,1,1,0
C03511,2025,6,June,2,1,0,0
C03511,2025,9,September,3,3,0,1
C03512,2024,10,October,1,1,1,0
C03512,2025,9,September,2,2,0,1
C03513,2024,8,August,1,1,1,0
C03513,2025,1,January,2,1,0,0
C03513,2025,2,February,3,3,0,1
C03513,2025,7,July,5,4,0,1
C03513,2025,9,September,7,5,0,1
C03513,2025,10,October,8,6,0,1
C03514,2024,9,September,1,1,1,0
C03514,2025,5,May,2,2,0,1
C03514,2025,6,June,3,3,0,1
C03514,2025,7,July,4,4,0,1
C03514,2025,8,August,5,5,0,1
C03515,2025,1,January,1,1,1,0
C03516,2024,8,August,1,0,1,0
C03516,2025,1,January,2,1,0,0
C03519,2025,2,February,1,1,1,0
C03519,2025,5,May,2,2,0,1
C03519,2025,7,July,3,3,0,1
C03520,2024,12,December,1,1,1,0
C03520,2025,1,January,2,2,0,1
C03520,2025,3,March,3,3,0,1
C03520,2025,5,May,4,4,0,1
C03520,2025,9,September,5,4,0,1
C03520,2025,11,November,6,4,0,1
C03520,2025,12,December,7,5,0,1
C03521,2024,11,November,1,1,1,0
C03521,2025,9,September,2,1,0,0
C03521,2025,11,November,3,1,0,0
C03522,2024,9,September,1,1,1,0
C03522,2024,10,October,2,2,0,1
C03522,2025,2,February,3,3,0,1
C03522,2025,3,March,4,4,0,1
C03522,2025,11,November,5,5,0,1
C03523,2024,7,July,1,1,1,0
C03523,2025,4,April,2,2,0,1
C03523,2025,10,October,3,3,0,1
C03524,2024,8,August,1,0,1,0
C03524,2025,6,June,2,1,0,0
C03525,2025,4,April,1,1,1,0
C03525,2025,10,October,2,1,0,0
C03525,2025,11,November,3,2,0,1
C03526,2024,12,December,1,1,1,0
C03526,2025,1,January,2,2,0,1
C03526,2025,5,May,3,2,0,1
C03526,2025,8,August,4,2,0,1
C03526,2025,12,December,5,4,0,1
C03527,2024,10,October,1,3,0,1
C03527,2024,11,November,4,5,0,1
C03527,2025,2,February,6,6,0,1
C03527,2025,4,April,7,7,0,1
C03527,2025,9,September,8,9,0,1
C03528,2024,8,August,1,1,1,0
C03528,2025,2,February,2,2,0,1
C03528,2025,5,May,3,3,0,1
C03529,2024,7,July,1,1,1,0
C03529,2024,8,August,2,2,0,1
C03529,2025,1,January,3,3,0,1
C03529,2025,7,July,4,4,0,1
C03529,2025,12,December,5,5,0,1
C03530,2024,7,July,1,1,1,0
C03530,2024,8,August,2,2,0,1
C03531,2024,8,August,1,1,1,0
C03531,2025,9,September,2,2,0,1
C03531,2025,11,November,3,2,0,1
C03532,2024,11,November,1,0,1,0
C03532,2024,12,December,2,1,0,0
C03532,2025,11,November,3,1,0,0
C03532,2025,12,December,4,2,0,1
C03533,2024,7,July,1,1,1,0
C03533,2024,8,August,2,3,0,1
C03533,2024,12,December,5,4,0,1
C03533,2025,3,March,6,4,0,1
C03533,2025,4,April,8,5,0,1
C03533,2025,6,June,10,6,0,1
C03533,2025,9,September,11,8,0,1
C03533,2025,10,October,13,9,0,1
C03534,2025,6,June,1,1,1,0
C03534,2025,7,July,2,2,0,1
C03534,2025,11,November,3,2,0,1
C03535,2024,9,September,1,1,1,0
C03535,2025,10,October,2,2,0,1
C03536,2025,4,April,1,1,1,0
C03536,2025,9,September,2,3,0,1
C03537,2025,3,March,1,0,1,0
C03537,2025,8,August,2,1,0,0
C03538,2024,9,September,1,1,1,0
C03539,2024,9,September,1,1,1,0
C03539,2025,6,June,2,2,0,1
C03539,2025,9,September,3,2,0,1
C03540,2025,3,March,1,1,1,0
C03540,2025,7,July,2,1,0,0
C03540,2025,9,September,3,2,0,1
C03540,2025,12,December,5,3,0,1
C03541,2025,6,June,1,1,1,0
C03542,2025,12,December,1,1,1,0
C03543,2024,7,July,1,1,1,0
C03543,2024,11,November,2,2,0,1
C03543,2024,12,December,3,3,0,1
C03543,2025,8,August,4,4,0,1
C03543,2025,10,October,5,6,0,1
C03544,2024,7,July,1,0,1,0
C03544,2025,3,March,2,1,0,0
C03544,2025,9,September,3,2,0,1
C03545,2024,11,November,1,1,1,0
C03546,2025,5,May,1,1,1,0
C03546,2025,7,July,2,1,0,0
C03547,2024,8,August,1,1,1,0
C03547,2024,10,October,2,2,0,1
C03547,2024,11,November,3,2,0,1
C03547,2025,5,May,4,3,0,1
C03547,2025,7,July,5,4,0,1
C03548,2024,7,July,1,1,1,0
C03548,2024,12,December,2,2,0,1
C03549,2024,11,November,1,0,1,0
C03549,2025,1,January,2,1,0,0
C03549,2025,4,April,3,2,0,1
C03549,2025,5,May,4,3,0,1
C03550,2024,10,October,1,1,1,0
C03550,2025,1,January,3,2,0,1
C03550,2025,2,February,4,3,0,1
C03550,2025,3,March,5,4,0,1
C03550,2025,6,June,6,5,0,1
C03550,2025,10,October,7,5,0,1
C03550,2025,11,November,8,6,0,1
C03551,2024,8,August,1,1,1,0
C03551,2025,2,February,2,2,0,1
C03551,2025,8,August,3,2,0,1
C03552,2025,3,March,1,0,1,0
C03552,2025,4,April,2,1,0,0
C03552,2025,11,November,3,2,0,1
C03553,2024,9,September,1,1,1,0
C03553,2025,5,May,2,2,0,1
C03554,2024,9,September,1,1,1,0
C03554,2024,11,November,2,2,0,1
C03554,2025,8,August,3,3,0,1
C03554,2025,12,December,4,4,0,1
C03555,2024,9,September,1,0,1,0
C03555,2024,12,December,2,1,0,0
C03555,2025,1,January,3,2,0,1
C03555,2025,3,March,4,3,0,1
C03555,2025,4,April,5,5,0,1
C03555,2025,12,December,7,6,0,1
C03556,2025,4,April,1,1,1,0
C03556,2025,5,May,2,2,0,1
C03556,2025,9,September,3,3,0,1
C03556,2025,11,November,4,4,0,1
C03556,2025,12,December,5,5,0,1
C03557,2024,7,July,1,1,1,0
C03557,2024,12,December,2,2,0,1
C03557,2025,3,March,3,3,0,1
C03558,2024,7,July,1,1,1,0
C03558,2025,1,January,2,2,0,1
C03558,2025,3,March,3,3,0,1
C03558,2025,4,April,4,3,0,1
C03558,2025,9,September,5,4,0,1
C03558,2025,11,November,6,5,0,1
C03559,2024,10,October,1,1,1,0
C03559,2025,9,September,2,2,0,1
C03560,2024,7,July,1,1,1,0
C03560,2024,11,November,2,2,0,1
C03561,2025,2,February,1,1,1,0
C03561,2025,8,August,2,2,0,1
C03562,2024,10,October,1,1,1,0
C03562,2024,11,November,2,1,0,0
C03562,2025,2,February,3,2,0,1
C03562,2025,9,September,4,3,0,1
C03563,2024,7,July,1,0,1,0
C03563,2025,1,January,2,1,0,0
C03563,2025,4,April,3,1,0,0
C03563,2025,6,June,4,2,0,1
C03564,2024,9,September,1,1,1,0
C03564,2025,4,April,2,1,0,0
C03564,2025,9,September,3,2,0,1
C03565,2025,8,August,1,1,1,0
C03565,2025,9,September,2,2,0,1
C03566,2024,10,October,1,1,1,0
C03566,2024,12,December,2,1,0,0
C03566,2025,2,February,3,2,0,1
C03566,2025,3,March,4,4,0,1
C03566,2025,6,June,6,4,0,1
C03566,2025,10,October,7,5,0,1
C03567,2024,8,August,1,1,1,0
C03567,2024,9,September,2,2,0,1
C03567,2024,10,October,3,3,0,1
C03567,2024,12,December,4,4,0,1
C03567,2025,5,May,5,5,0,1
C03567,2025,8,August,6,5,0,1
C03567,2025,9,September,7,6,0,1
C03567,2025,10,October,8,7,0,1
C03567,2025,12,December,9,8,0,1
C03568,2024,12,December,1,2,0,1
C03568,2025,2,February,3,3,0,1
C03568,2025,9,September,4,4,0,1
C03569,2024,10,October,1,1,1,0
C03569,2024,12,December,2,2,0,1
C03569,2025,4,April,3,3,0,1
C03569,2025,11,November,4,4,0,1
C03570,2025,11,November,1,1,1,0
C03571,2024,7,July,1,0,1,0
C03571,2024,11,November,2,1,0,0
C03572,2024,12,December,1,1,1,0
C03572,2025,1,January,2,2,0,1
C03573,2025,4,April,1,1,1,0
C03573,2025,9,September,2,2,0,1
C03574,2024,10,October,1,1,1,0
C03574,2024,11,November,2,2,0,1
C03574,2025,4,April,3,3,0,1
C03574,2025,10,October,4,4,0,1
C03574,2025,12,December,5,5,0,1
C03575,2024,8,August,1,1,1,0
C03575,2024,10,October,2,2,0,1
C03575,2024,11,November,3,3,0,1
C03576,2024,12,December,1,1,1,0
C03576,2025,2,February,2,2,0,1
C03576,2025,6,June,3,3,0,1
C03576,2025,7,July,4,5,0,1
C03577,2024,12,December,1,0,1,0
C03577,2025,7,July,2,1,0,0
C03577,2025,9,September,3,2,0,1
C03577,2025,11,November,4,3,0,1
C03577,2025,12,December,5,4,0,1
C03578,2024,10,October,1,1,1,0
C03578,2024,12,December,2,2,0,1
C03578,2025,2,February,3,3,0,1
C03578,2025,7,July,4,6,0,1
C03578,2025,12,December,7,7,0,1
C03579,2025,5,May,1,1,1,0
C03580,2025,2,February,1,1,1,0
C03580,2025,4,April,2,2,0,1
C03581,2025,3,March,1,1,1,0
C03582,2024,8,August,1,0,1,0
C03582,2024,10,October,2,2,0,1
C03582,2025,4,April,4,3,0,1
C03583,2024,10,October,1,1,1,0
C03583,2025,1,January,2,1,0,0
C03583,2025,2,February,3,2,0,1
C03583,2025,3,March,4,3,0,1
C03583,2025,4,April,5,4,0,1
C03583,2025,5,May,6,5,0,1
C03583,2025,6,June,7,6,0,1
C03583,2025,8,August,8,7,0,1
C03584,2024,7,July,1,1,1,0
C03584,2024,8,August,2,2,0,1
C03584,2024,9,September,3,3,0,1
C03584,2025,2,February,4,3,0,1
C03584,2025,5,May,5,4,0,1
C03584,2025,8,August,6,5,0,1
C03584,2025,10,October,7,9,0,1
C03584,2025,12,December,11,10,0,1
C03585,2024,7,July,1,1,1,0
C03585,2024,8,August,2,2,0,1
C03585,2024,11,November,3,3,0,1
C03585,2025,7,July,5,4,0,1
C03585,2025,12,December,6,5,0,1
C03587,2024,9,September,1,1,1,0
C03587,2025,6,June,2,1,0,0
C03587,2025,9,September,3,3,0,1
C03588,2024,7,July,1,1,1,0
C03588,2024,8,August,2,2,0,1
C03588,2024,9,September,3,3,0,1
C03588,2024,11,November,4,4,0,1
C03588,2025,1,January,5,6,0,1
C03588,2025,5,May,7,7,0,1
C03588,2025,6,June,8,8,0,1
C03589,2024,11,November,1,1,1,0
C03590,2024,7,July,1,1,1,0
C03591,2024,12,December,1,1,1,0
C03591,2025,2,February,2,2,0,1
C03591,2025,4,April,3,2,0,1
C03591,2025,12,December,4,3,0,1
C03592,2024,10,October,1,1,1,0
C03592,2025,4,April,2,2,0,1
C03592,2025,5,May,3,2,0,1
C03592,2025,11,November,4,2,0,1
C03592,2025,12,December,5,3,0,1
C03593,2024,12,December,1,1,1,0
C03593,2025,11,November,2,2,0,1
C03594,2025,3,March,1,1,1,0
C03594,2025,5,May,2,2,0,1
C03594,2025,7,July,3,3,0,1
C03594,2025,10,October,4,4,0,1
C03594,2025,11,November,5,5,0,1
C03595,2025,7,July,1,1,1,0
C03595,2025,10,October,2,2,0,1
C03596,2025,12,December,1,1,1,0
C03598,2024,8,August,1,1,1,0
C03598,2024,11,November,2,2,0,1
C03598,2024,12,December,4,3,0,1
C03598,2025,4,April,5,4,0,1
C03598,2025,5,May,6,5,0,1
C03598,2025,7,July,7,7,0,1
C03599,2024,9,September,1,0,1,0
C03599,2024,10,October,2,1,0,0
C03599,2025,10,October,3,2,0,1
C03600,2024,7,July,1,1,1,0
C03600,2025,1,January,2,2,0,1
C03600,2025,2,February,3,3,0,1
C03600,2025,3,March,4,4,0,1
C03600,2025,5,May,5,6,0,1
C03600,2025,6,June,7,6,0,1
C03600,2025,7,July,8,7,0,1
C03600,2025,8,August,10,7,0,1
C03600,2025,10,October,11,8,0,1
C03601,2024,11,November,1,1,1,0
C03601,2025,2,February,3,2,0,1
C03601,2025,12,December,4,3,0,1
C03602,2024,12,December,1,1,1,0
C03602,2025,7,July,2,2,0,1
C03602,2025,8,August,3,3,0,1
C03602,2025,9,September,4,4,0,1
C03603,2024,7,July,1,1,1,0
C03603,2024,12,December,3,2,0,1
C03603,2025,7,July,4,3,0,1
C03604,2025,9,September,1,1,1,0
C03604,2025,12,December,2,2,0,1
C03605,2024,10,October,1,1,1,0
C03605,2025,2,February,2,2,0,1
C03605,2025,6,June,3,3,0,1
C03605,2025,8,August,4,5,0,1
C03606,2024,7,July,1,3,0,1
C03606,2024,8,August,4,4,0,1
C03606,2024,9,September,5,5,0,1
C03606,2025,1,January,6,7,0,1
C03606,2025,3,March,8,8,0,1
C03606,2025,4,April,9,8,0,1
C03606,2025,7,July,10,9,0,1
C03607,2025,4,April,1,1,1,0
C03608,2024,7,July,1,2,0,1
C03608,2024,11,November,3,2,0,1
C03608,2025,3,March,4,2,0,1
C03608,2025,10,October,5,3,0,1
C03608,2025,11,November,6,4,0,1
C03609,2025,6,June,1,1,1,0
C03610,2025,1,January,1,1,1,0
C03610,2025,3,March,2,3,0,1
C03610,2025,11,November,4,3,0,1
C03611,2024,10,October,1,1,1,0
C03611,2025,3,March,2,2,0,1
C03611,2025,6,June,3,3,0,1
C03611,2025,7,July,4,4,0,1
C03612,2024,9,September,1,2,0,1
C03612,2025,1,January,4,3,0,1
C03612,2025,3,March,5,4,0,1
C03612,2025,4,April,6,4,0,1
C03612,2025,6,June,7,6,0,1
C03612,2025,7,July,9,7,0,1
C03612,2025,8,August,10,8,0,1
C03613,2024,9,September,1,1,1,0
C03613,2025,5,May,2,2,0,1
C03613,2025,6,June,3,3,0,1
C03613,2025,8,August,4,5,0,1
C03613,2025,12,December,6,6,0,1
C03614,2024,8,August,1,1,1,0
C03614,2024,9,September,2,2,0,1
C03614,2024,12,December,3,3,0,1
C03614,2025,3,March,4,3,0,1
C03614,2025,7,July,5,3,0,1
C03614,2025,10,October,6,5,0,1
C03614,2025,12,December,9,6,0,1
C03616,2024,11,November,1,1,1,0
C03617,2025,1,January,1,1,1,0
C03617,2025,8,August,2,2,0,1
C03617,2025,11,November,3,3,0,1
C03618,2024,11,November,1,1,1,0
C03618,2025,4,April,2,2,0,1
C03618,2025,8,August,3,3,0,1
C03618,2025,10,October,5,4,0,1
C03618,2025,12,December,7,5,0,1
C03619,2024,8,August,1,2,0,1
C03620,2024,7,July,1,1,1,0
C03620,2024,8,August,2,2,0,1
C03620,2025,3,March,3,3,0,1
C03620,2025,7,July,4,4,0,1
C03621,2024,11,November,1,1,1,0
C03621,2025,1,January,2,1,0,0
C03621,2025,7,July,3,2,0,1
C03621,2025,11,November,4,3,0,1
C03621,2025,12,December,5,4,0,1
C03622,2025,2,February,1,1,1,0
C03622,2025,3,March,2,2,0,1
C03622,2025,8,August,3,2,0,1
C03622,2025,12,December,4,3,0,1
C03623,2025,2,February,1,1,1,0
C03623,2025,4,April,2,2,0,1
C03623,2025,5,May,3,3,0,1
C03623,2025,6,June,4,5,0,1
C03623,2025,10,October,6,6,0,1
C03623,2025,12,December,7,7,0,1
C03624,2024,9,September,1,1,1,0
C03625,2025,1,January,1,1,1,0
C03625,2025,3,March,2,1,0,0
C03625,2025,4,April,3,2,0,1
C03625,2025,7,July,4,3,0,1
C03625,2025,11,November,5,3,0,1
C03626,2024,7,July,1,0,1,0
C03626,2025,1,January,2,1,0,0
C03626,2025,2,February,3,2,0,1
C03627,2024,12,December,1,1,1,0
C03627,2025,11,November,2,2,0,1
C03628,2024,11,November,1,0,1,0
C03628,2025,5,May,2,1,0,0
C03628,2025,12,December,3,2,0,1
C03629,2024,12,December,1,1,1,0
C03629,2025,2,February,2,1,0,0
C03629,2025,3,March,3,2,0,1
C03629,2025,7,July,4,4,0,1
C03629,2025,9,September,6,6,0,1
C03629,2025,10,October,8,7,0,1
C03630,2024,9,September,1,1,1,0
C03630,2025,4,April,2,2,0,1
C03630,2025,5,May,3,3,0,1
C03630,2025,7,July,4,4,0,1
C03631,2024,9,September,1,0,1,0
C03631,2025,4,April,2,1,0,0
C03631,2025,8,August,3,2,0,1
C03632,2024,10,October,1,1,1,0
C03633,2024,11,November,1,1,1,0
C03633,2025,8,August,2,2,0,1
C03633,2025,11,November,3,3,0,1
C03634,2025,1,January,1,1,1,0
C03634,2025,5,May,2,1,0,0
C03635,2025,7,July,1,1,1,0
C03636,2024,9,September,1,1,1,0
C03636,2024,12,December,2,2,0,1
C03636,2025,1,January,3,3,0,1
C03636,2025,4,April,4,4,0,1
C03636,2025,5,May,5,5,0,1
C03636,2025,6,June,6,5,0,1
C03636,2025,8,August,7,6,0,1
C03636,2025,12,December,8,7,0,1
C03637,2024,11,November,1,1,1,0
C03637,2025,5,May,2,2,0,1
C03637,2025,6,June,3,4,0,1
C03637,2025,10,October,5,5,0,1
C03638,2024,10,October,1,1,1,0
C03639,2024,8,August,1,1,1,0
C03639,2024,10,October,2,2,0,1
C03639,2025,1,January,3,3,0,1
C03639,2025,8,August,4,4,0,1
C03640,2024,10,October,1,1,1,0
C03640,2025,5,May,2,1,0,0
C03640,2025,6,June,3,3,0,1
C03641,2025,2,February,1,1,1,0
C03641,2025,3,March,2,2,0,1
C03641,2025,5,May,3,3,0,1
C03642,2024,12,December,1,1,1,0
C03642,2025,5,May,2,1,0,0
C03642,2025,6,June,3,2,0,1
C03642,2025,11,November,4,3,0,1
C03643,2024,10,October,1,1,1,0
C03643,2024,12,December,2,1,0,0
C03643,2025,2,February,3,2,0,1
C03643,2025,5,May,4,3,0,1
C03643,2025,8,August,5,4,0,1
C03643,2025,10,October,6,5,0,1
C03643,2025,11,November,7,6,0,1
C03644,2024,10,October,1,1,1,0
C03644,2025,6,June,2,3,0,1
C03644,2025,7,July,4,4,0,1
C03645,2024,11,November,1,1,1,0
C03645,2025,2,February,2,1,0,0
C03645,2025,4,April,3,2,0,1
C03645,2025,6,June,4,3,0,1
C03646,2025,11,November,1,1,1,0
C03646,2025,12,December,2,2,0,1
C03647,2024,8,August,1,1,1,0
C03647,2024,9,September,2,2,0,1
C03647,2025,2,February,3,2,0,1
C03647,2025,5,May,4,3,0,1
C03647,2025,6,June,5,4,0,1
C03647,2025,9,September,6,4,0,1
C03647,2025,12,December,7,4,0,1
C03648,2024,7,July,1,2,0,1
C03648,2024,9,September,3,3,0,1
C03648,2025,4,April,4,4,0,1
C03649,2024,8,August,1,2,0,1
C03649,2024,9,September,3,3,0,1
C03649,2024,11,November,4,4,0,1
C03649,2025,1,January,5,5,0,1
C03649,2025,3,March,6,6,0,1
C03649,2025,6,June,7,7,0,1
C03650,2024,12,December,1,1,1,0
C03650,2025,2,February,2,2,0,1
C03650,2025,5,May,3,2,0,1
C03650,2025,9,September,4,3,0,1
C03651,2024,8,August,1,1,1,0
C03651,2024,12,December,2,2,0,1
C03651,2025,1,January,3,3,0,1
C03651,2025,2,February,4,4,0,1
C03651,2025,3,March,5,5,0,1
C03651,2025,4,April,6,7,0,1
C03652,2025,5,May,1,1,1,0
C03653,2024,8,August,1,1,1,0
C03653,2025,4,April,2,1,0,0
C03653,2025,8,August,3,2,0,1
C03653,2025,10,October,4,2,0,1
C03655,2024,7,July,1,1,1,0
C03655,2025,3,March,2,2,0,1
C03655,2025,5,May,3,2,0,1
C03655,2025,9,September,4,3,0,1
C03655,2025,10,October,5,3,0,1
C03656,2025,12,December,1,1,1,0
C03657,2025,4,April,1,0,1,0
C03657,2025,11,November,2,0,0,0
C03658,2024,10,October,1,2,0,1
C03658,2024,12,December,3,3,0,1
C03658,2025,5,May,4,4,0,1
C03658,2025,8,August,5,5,0,1
C03658,2025,10,October,6,6,0,1
C03658,2025,12,December,8,7,0,1
C03659,2025,3,March,1,0,1,0
C03659,2025,4,April,2,1,0,0
C03659,2025,8,August,3,1,0,0
C03660,2025,3,March,1,0,1,0
C03661,2024,7,July,1,1,1,0
C03661,2024,8,August,2,2,0,1
C03661,2024,10,October,3,3,0,1
C03661,2024,11,November,4,4,0,1
C03661,2025,7,July,5,6,0,1
C03661,2025,11,November,7,7,0,1
C03662,2024,12,December,1,1,1,0
C03662,2025,3,March,2,2,0,1
C03662,2025,10,October,3,3,0,1
C03663,2024,10,October,1,1,1,0
C03663,2024,12,December,2,2,0,1
C03663,2025,6,June,4,3,0,1
C03663,2025,9,September,5,4,0,1
C03663,2025,11,November,6,5,0,1
C03665,2024,8,August,1,1,1,0
C03665,2025,3,March,2,2,0,1
C03665,2025,5,May,3,3,0,1
C03666,2024,9,September,1,1,1,0
C03666,2024,10,October,2,2,0,1
C03666,2025,5,May,3,3,0,1
C03666,2025,10,October,4,4,0,1
C03667,2024,7,July,1,1,1,0
C03667,2024,8,August,2,3,0,1
C03667,2024,10,October,4,4,0,1
C03667,2025,11,November,5,4,0,1
C03667,2025,12,December,6,5,0,1
C03668,2024,7,July,1,2,0,1
C03668,2024,9,September,3,3,0,1
C03668,2024,11,November,4,4,0,1
C03668,2024,12,December,5,5,0,1
C03668,2025,7,July,6,6,0,1
C03668,2025,8,August,7,7,0,1
C03668,2025,10,October,8,8,0,1
C03668,2025,11,November,9,9,0,1
C03669,2024,8,August,1,0,1,0
C03669,2025,2,February,2,2,0,1
C03669,2025,5,May,4,3,0,1
C03669,2025,8,August,5,4,0,1
C03670,2024,10,October,1,2,0,1
C03670,2025,10,October,3,3,0,1
C03672,2024,7,July,1,1,1,0
C03672,2025,2,February,2,1,0,0
C03672,2025,8,August,3,2,0,1
C03672,2025,11,November,4,3,0,1
C03673,2024,8,August,1,1,1,0
C03673,2024,10,October,2,1,0,0
C03673,2024,12,December,3,1,0,0
C03673,2025,1,January,4,2,0,1
C03673,2025,3,March,5,3,0,1
C03673,2025,4,April,6,4,0,1
C03673,2025,9,September,7,5,0,1
C03673,2025,10,October,8,6,0,1
C03674,2024,8,August,1,2,0,1
C03674,2025,4,April,3,3,0,1
C03674,2025,5,May,4,3,0,1
C03674,2025,6,June,5,3,0,1
C03674,2025,10,October,6,4,0,1
C03675,2024,7,July,1,1,1,0
C03675,2024,10,October,2,2,0,1
C03675,2024,12,December,3,3,0,1
C03675,2025,1,January,4,4,0,1
C03675,2025,3,March,5,5,0,1
C03675,2025,4,April,6,6,0,1
C03675,2025,8,August,7,7,0,1
C03675,2025,9,September,8,8,0,1
C03675,2025,11,November,9,8,0,1
C03676,2025,6,June,1,1,1,0
C03676,2025,12,December,2,2,0,1
C03677,2024,8,August,1,0,1,0
C03677,2025,1,January,2,1,0,0
C03677,2025,2,February,3,4,0,1
C03677,2025,3,March,6,4,0,1
C03677,2025,6,June,7,5,0,1
C03678,2024,7,July,1,1,1,0
C03678,2024,12,December,2,2,0,1
C03678,2025,11,November,3,4,0,1
C03679,2024,7,July,1,1,1,0
C03679,2024,9,September,2,2,0,1
C03679,2025,7,July,3,2,0,1
C03679,2025,9,September,4,3,0,1
C03680,2024,8,August,1,1,1,0
C03680,2024,10,October,2,2,0,1
C03681,2024,7,July,1,0,1,0
C03681,2024,8,August,2,1,0,0
C03682,2024,10,October,1,1,1,0
C03682,2025,9,September,2,2,0,1
C03683,2024,9,September,1,1,1,0
C03683,2025,1,January,2,1,0,0
C03683,2025,2,February,3,2,0,1
C03684,2024,9,September,1,1,1,0
C03684,2024,10,October,2,2,0,1
C03684,2025,4,April,4,3,0,1
C03684,2025,5,May,5,4,0,1
C03684,2025,8,August,6,6,0,1
C03685,2024,11,November,1,1,1,0
C03685,2025,3,March,2,2,0,1
C03685,2025,6,June,3,3,0,1
C03685,2025,12,December,4,4,0,1
C03686,2024,9,September,1,1,1,0
C03686,2025,7,July,2,2,0,1
C03687,2024,11,November,1,1,1,0
C03687,2025,8,August,3,2,0,1
C03688,2024,9,September,1,1,1,0
C03688,2025,1,January,2,2,0,1
C03688,2025,8,August,3,3,0,1
C03689,2024,9,September,1,1,1,0
C03689,2024,10,October,3,2,0,1
C03689,2025,12,December,4,3,0,1
C03690,2024,11,November,1,1,1,0
C03690,2025,5,May,2,2,0,1
C03691,2025,11,November,1,1,1,0
C03692,2025,4,April,1,1,1,0
C03693,2024,8,August,1,2,0,1
C03693,2024,9,September,3,3,0,1
C03693,2024,10,October,4,4,0,1
C03693,2025,7,July,5,5,0,1
C03694,2024,7,July,1,1,1,0
C03694,2025,1,January,2,2,0,1
C03694,2025,9,September,3,2,0,1
C03695,2024,9,September,1,1,1,0
C03695,2025,1,January,2,2,0,1
C03695,2025,4,April,3,3,0,1
C03696,2024,10,October,1,1,1,0
C03696,2025,3,March,2,2,0,1
C03697,2024,11,November,1,1,1,0
C03697,2025,1,January,2,2,0,1
C03698,2024,7,July,1,4,0,1
C03698,2024,8,August,6,5,0,1
C03698,2024,11,November,7,6,0,1
C03698,2025,1,January,8,7,0,1
C03698,2025,3,March,9,8,0,1
C03698,2025,8,August,10,10,0,1
C03698,2025,12,December,12,10,0,1
C03699,2024,8,August,1,1,1,0
C03699,2024,11,November,2,2,0,1
C03699,2025,6,June,3,3,0,1
C03699,2025,11,November,4,4,0,1
C03700,2024,10,October,1,2,0,1
C03700,2024,12,December,3,3,0,1
C03700,2025,3,March,4,4,0,1
C03700,2025,7,July,5,5,0,1
C03700,2025,9,September,7,5,0,1
C03700,2025,10,October,8,6,0,1
C03700,2025,12,December,9,7,0,1
C03701,2024,12,December,1,1,1,0
C03701,2025,7,July,2,2,0,1
C03702,2025,10,October,1,1,1,0
C03703,2024,9,September,1,1,1,0
C03703,2025,5,May,2,2,0,1
C03703,2025,8,August,3,4,0,1
C03703,2025,9,September,5,5,0,1
C03703,2025,11,November,6,6,0,1
C03704,2024,9,September,1,0,1,0
C03704,2025,11,November,2,1,0,0
C03704,2025,12,December,3,2,0,1
C03705,2024,8,August,1,1,1,0
C03705,2024,12,December,2,2,0,1
C03705,2025,11,November,3,3,0,1
C03706,2024,10,October,1,1,1,0
C03706,2024,11,November,2,2,0,1
C03707,2024,8,August,1,1,1,0
C03707,2024,11,November,3,2,0,1
C03707,2025,1,January,4,2,0,1
C03707,2025,7,July,5,3,0,1
C03707,2025,8,August,6,3,0,1
C03707,2025,12,December,7,4,0,1
C03708,2024,7,July,1,1,1,0
C03708,2024,8,August,2,2,0,1
C03708,2024,11,November,3,3,0,1
C03708,2024,12,December,4,4,0,1
C03708,2025,2,February,5,5,0,1
C03708,2025,4,April,6,6,0,1
C03708,2025,10,October,7,8,0,1
C03708,2025,12,December,9,9,0,1
C03709,2024,7,July,1,1,1,0
C03709,2024,11,November,2,2,0,1
C03709,2024,12,December,3,3,0,1
C03709,2025,7,July,4,4,0,1
C03709,2025,12,December,5,5,0,1
C03710,2024,7,July,1,1,1,0
C03710,2025,5,May,2,2,0,1
C03710,2025,9,September,3,3,0,1
C03710,2025,11,November,4,4,0,1
C03711,2024,8,August,1,1,1,0
C03711,2024,9,September,2,2,0,1
C03711,2024,11,November,3,3,0,1
C03711,2025,1,January,4,4,0,1
C03711,2025,2,February,5,5,0,1
C03711,2025,12,December,6,6,0,1
C03712,2024,9,September,1,1,1,0
C03712,2025,1,January,2,1,0,0
C03712,2025,7,July,3,2,0,1
C03712,2025,8,August,4,2,0,1
C03712,2025,12,December,5,2,0,1
C03713,2024,8,August,1,1,1,0
C03713,2025,1,January,2,2,0,1
C03713,2025,2,February,3,3,0,1
C03713,2025,9,September,4,4,0,1
C03713,2025,11,November,5,5,0,1
C03715,2025,1,January,1,1,1,0
C03715,2025,5,May,2,2,0,1
C03715,2025,7,July,3,3,0,1
C03715,2025,12,December,4,4,0,1
C03716,2024,10,October,1,1,1,0
C03716,2024,12,December,2,2,0,1
C03716,2025,11,November,3,3,0,1
C03717,2025,3,March,1,1,1,0
C03718,2024,7,July,1,1,1,0
C03718,2024,10,October,2,2,0,1
C03718,2024,12,December,3,3,0,1
C03718,2025,3,March,4,4,0,1
C03718,2025,5,May,5,4,0,1
C03718,2025,6,June,6,4,0,1
C03718,2025,7,July,7,4,0,1
C03718,2025,9,September,9,4,0,1
C03718,2025,10,October,10,5,0,1
C03719,2024,11,November,1,2,0,1
C03719,2025,5,May,3,2,0,1
C03719,2025,12,December,4,3,0,1
C03720,2024,7,July,1,1,1,0
C03720,2024,12,December,2,2,0,1
C03720,2025,3,March,3,2,0,1
C03721,2024,11,November,1,1,1,0
C03721,2025,6,June,2,2,0,1
C03722,2024,10,October,1,0,1,0
C03722,2025,2,February,2,0,0,0
C03722,2025,11,November,3,1,0,0
C03723,2025,5,May,1,1,1,0
C03724,2024,7,July,1,1,1,0
C03724,2024,11,November,2,3,0,1
C03724,2024,12,December,4,4,0,1
C03724,2025,3,March,5,5,0,1
C03724,2025,6,June,6,6,0,1
C03724,2025,7,July,7,7,0,1
C03724,2025,9,September,8,8,0,1
C03724,2025,10,October,9,9,0,1
C03725,2024,8,August,1,1,1,0
C03725,2024,10,October,2,2,0,1
C03725,2024,11,November,3,4,0,1
C03725,2024,12,December,5,5,0,1
C03726,2024,8,August,1,1,1,0
C03726,2024,10,October,2,2,0,1
C03726,2025,3,March,3,3,0,1
C03727,2024,7,July,1,1,1,0
C03727,2024,9,September,2,2,0,1
C03728,2025,4,April,1,1,1,0
C03728,2025,8,August,2,2,0,1
C03728,2025,11,November,3,3,0,1
C03729,2024,9,September,1,1,1,0
C03729,2025,11,November,2,2,0,1
C03730,2025,3,March,1,1,1,0
C03730,2025,5,May,2,2,0,1
C03730,2025,6,June,3,3,0,1
C03731,2024,8,August,1,1,1,0
C03731,2025,7,July,2,1,0,0
C03731,2025,11,November,3,2,0,1
C03732,2025,6,June,1,1,1,0
C03732,2025,9,September,2,2,0,1
C03732,2025,12,December,3,3,0,1
C03733,2025,12,December,1,0,1,0
C03734,2024,8,August,1,1,1,0
C03735,2025,3,March,1,1,1,0
C03735,2025,7,July,2,2,0,1
C03735,2025,9,September,3,3,0,1
C03735,2025,12,December,4,4,0,1
C03736,2024,11,November,1,1,1,0
C03736,2025,9,September,2,3,0,1
C03737,2025,3,March,1,2,0,1
C03737,2025,4,April,3,4,0,1
C03737,2025,6,June,5,5,0,1
C03737,2025,10,October,6,6,0,1
C03738,2024,7,July,1,1,1,0
C03738,2024,10,October,2,3,0,1
C03738,2024,12,December,4,3,0,1
C03738,2025,3,March,5,4,0,1
C03738,2025,7,July,6,5,0,1
C03738,2025,8,August,7,6,0,1
C03738,2025,9,September,8,7,0,1
C03738,2025,12,December,9,8,0,1
C03739,2024,7,July,1,1,1,0
C03739,2024,12,December,2,2,0,1
C03739,2025,9,September,3,3,0,1
C03739,2025,12,December,4,4,0,1
C03740,2024,9,September,1,1,1,0
C03740,2025,6,June,2,1,0,0
C03740,2025,7,July,3,2,0,1
C03740,2025,10,October,4,3,0,1
C03741,2024,12,December,1,1,1,0
C03741,2025,3,March,2,2,0,1
C03741,2025,11,November,3,3,0,1
C03742,2024,12,December,1,1,1,0
C03742,2025,1,January,2,1,0,0
C03742,2025,2,February,3,2,0,1
C03742,2025,3,March,4,3,0,1
C03742,2025,6,June,5,4,0,1
C03743,2024,8,August,1,0,1,0
C03743,2025,8,August,2,1,0,0
C03743,2025,11,November,3,2,0,1
C03744,2024,11,November,1,1,1,0
C03744,2025,2,February,2,2,0,1
C03744,2025,7,July,3,2,0,1
C03744,2025,9,September,4,3,0,1
C03744,2025,11,November,5,3,0,1
C03744,2025,12,December,6,4,0,1
C03745,2025,4,April,1,0,1,0
C03745,2025,7,July,3,1,0,0
C03745,2025,11,November,4,1,0,0
C03746,2024,9,September,1,1,1,0
C03746,2024,10,October,2,2,0,1
C03746,2025,6,June,3,3,0,1
C03746,2025,7,July,4,4,0,1
C03747,2024,9,September,1,1,1,0
C03747,2024,12,December,2,2,0,1
C03747,2025,5,May,3,3,0,1
C03748,2024,11,November,1,1,1,0
C03748,2024,12,December,2,2,0,1
C03748,2025,2,February,3,3,0,1
C03748,2025,4,April,4,3,0,1
C03749,2024,10,October,1,2,0,1
C03749,2024,12,December,3,2,0,1
C03749,2025,10,October,4,3,0,1
C03750,2024,8,August,1,1,1,0
C03750,2024,9,September,2,2,0,1
C03751,2024,7,July,1,1,1,0
C03751,2024,10,October,2,2,0,1
C03751,2025,1,January,3,3,0,1
C03751,2025,4,April,5,4,0,1
C03751,2025,7,July,6,5,0,1
C03751,2025,8,August,7,6,0,1
C03752,2024,11,November,1,1,1,0
C03752,2025,2,February,2,2,0,1
C03752,2025,10,October,3,2,0,1
C03753,2024,7,July,1,1,1,0
C03753,2024,11,November,2,2,0,1
C03753,2025,2,February,3,2,0,1
C03753,2025,3,March,4,3,0,1
C03753,2025,4,April,5,4,0,1
C03753,2025,6,June,6,5,0,1
C03753,2025,11,November,7,6,0,1
C03753,2025,12,December,8,7,0,1
C03754,2025,11,November,1,1,1,0
C03756,2024,7,July,1,1,1,0
C03756,2024,10,October,2,2,0,1
C03756,2025,9,September,3,3,0,1
C03757,2025,11,November,1,0,1,0
C03757,2025,12,December,2,1,0,0
C03758,2024,12,December,1,0,1,0
C03758,2025,7,July,2,2,0,1
C03759,2025,11,November,1,1,1,0
C03760,2024,7,July,1,1,1,0
C03760,2024,10,October,2,2,0,1
C03760,2025,1,January,3,3,0,1
C03760,2025,7,July,4,4,0,1
C03760,2025,8,August,5,5,0,1
C03760,2025,10,October,6,6,0,1
C03760,2025,12,December,7,7,0,1
C03761,2024,12,December,1,0,1,0
C03761,2025,4,April,2,1,0,0
C03761,2025,6,June,3,3,0,1
C03761,2025,7,July,5,3,0,1
C03761,2025,11,November,6,4,0,1
C03762,2025,9,September,1,1,1,0
C03763,2025,3,March,1,1,1,0
C03763,2025,5,May,2,2,0,1
C03763,2025,8,August,3,3,0,1
C03763,2025,12,December,4,3,0,1
C03764,2025,2,February,1,1,1,0
C03764,2025,12,December,2,2,0,1
C03765,2025,8,August,1,1,1,0
C03766,2024,9,September,1,1,1,0
C03766,2025,1,January,2,1,0,0
C03766,2025,2,February,3,2,0,1
C03766,2025,4,April,4,3,0,1
C03767,2025,6,June,1,0,1,0
C03768,2025,1,January,1,1,1,0
C03768,2025,2,February,2,2,0,1
C03768,2025,7,July,3,3,0,1
C03768,2025,8,August,4,4,0,1
C03769,2024,9,September,1,1,1,0
C03769,2024,11,November,2,2,0,1
C03770,2024,7,July,1,1,1,0
C03770,2025,8,August,2,1,0,0
C03771,2024,8,August,1,1,1,0
C03771,2024,11,November,2,2,0,1
C03771,2025,2,February,3,3,0,1
C03771,2025,3,March,4,4,0,1
C03771,2025,6,June,5,5,0,1
C03771,2025,11,November,6,6,0,1
C03772,2025,6,June,1,1,1,0
C03773,2024,8,August,1,1,1,0
C03773,2024,11,November,2,1,0,0
C03773,2025,5,May,4,2,0,1
C03773,2025,6,June,5,3,0,1
C03773,2025,9,September,6,4,0,1
C03773,2025,12,December,7,5,0,1
C03774,2024,7,July,1,2,0,1
C03774,2024,8,August,4,3,0,1
C03774,2025,9,September,5,4,0,1
C03775,2024,8,August,1,1,1,0
C03775,2024,9,September,3,1,0,0
C03775,2024,10,October,4,3,0,1
C03775,2025,7,July,6,4,0,1
C03775,2025,9,September,7,4,0,1
C03776,2024,7,July,1,1,1,0
C03776,2025,2,February,2,2,0,1
C03776,2025,3,March,3,2,0,1
C03776,2025,6,June,4,3,0,1
C03776,2025,9,September,5,4,0,1
C03776,2025,11,November,6,6,0,1
C03777,2024,7,July,1,1,1,0
C03777,2025,12,December,2,1,0,0
C03778,2025,1,January,1,1,1,0
C03778,2025,9,September,2,2,0,1
C03779,2024,9,September,1,1,1,0
C03779,2024,10,October,2,2,0,1
C03779,2024,11,November,3,3,0,1
C03779,2025,2,February,4,4,0,1
C03779,2025,3,March,5,5,0,1
C03779,2025,4,April,6,5,0,1
C03779,2025,6,June,7,6,0,1
C03779,2025,8,August,9,6,0,1
C03780,2024,9,September,1,2,0,1
C03780,2024,10,October,3,3,0,1
C03780,2025,1,January,4,3,0,1
C03780,2025,7,July,5,7,0,1
C03780,2025,9,September,9,8,0,1
C03780,2025,10,October,10,9,0,1
C03781,2024,12,December,1,2,0,1
C03781,2025,9,September,3,3,0,1
C03782,2024,8,August,1,1,1,0
C03782,2024,11,November,2,2,0,1
C03782,2024,12,December,3,3,0,1
C03782,2025,3,March,4,4,0,1
C03782,2025,5,May,5,5,0,1
C03782,2025,6,June,6,6,0,1
C03782,2025,8,August,7,7,0,1
C03782,2025,9,September,8,8,0,1
C03782,2025,12,December,9,9,0,1
C03783,2024,7,July,1,0,1,0
C03783,2024,10,October,2,1,0,0
C03783,2025,5,May,3,2,0,1
C03783,2025,6,June,4,3,0,1
C03783,2025,8,August,5,4,0,1
C03783,2025,12,December,6,5,0,1
C03784,2024,8,August,1,0,1,0
C03784,2024,9,September,2,0,0,0
C03785,2025,1,January,1,1,1,0
C03786,2024,7,July,1,1,1,0
C03786,2025,3,March,2,2,0,1
C03787,2024,11,November,1,2,0,1
C03787,2025,10,October,3,2,0,1
C03787,2025,11,November,4,3,0,1
C03787,2025,12,December,5,5,0,1
C03788,2024,8,August,1,1,1,0
C03788,2024,12,December,2,2,0,1
C03788,2025,1,January,4,3,0,1
C03788,2025,2,February,5,5,0,1
C03788,2025,4,April,7,6,0,1
C03788,2025,6,June,8,7,0,1
C03788,2025,7,July,9,9,0,1
C03788,2025,8,August,11,10,0,1
C03788,2025,10,October,12,11,0,1
C03788,2025,12,December,13,11,0,1
C03789,2025,6,June,1,0,1,0
C03789,2025,12,December,2,1,0,0
C03790,2024,8,August,1,1,1,0
C03790,2024,9,September,2,2,0,1
C03790,2024,12,December,3,2,0,1
C03790,2025,1,January,4,3,0,1
C03790,2025,5,May,5,4,0,1
C03790,2025,6,June,6,5,0,1
C03790,2025,8,August,7,7,0,1
C03790,2025,11,November,9,8,0,1
C03791,2024,8,August,1,1,1,0
C03791,2024,12,December,3,2,0,1
C03791,2025,8,August,4,3,0,1
C03793,2024,10,October,1,1,1,0
C03793,2024,11,November,2,2,0,1
C03793,2024,12,December,3,3,0,1
C03794,2025,7,July,1,0,1,0
C03794,2025,8,August,2,2,0,1
C03794,2025,12,December,4,4,0,1
C03795,2024,8,August,1,1,1,0
C03795,2025,3,March,2,2,0,1
C03795,2025,7,July,3,3,0,1
C03795,2025,12,December,4,3,0,1
C03796,2024,11,November,1,1,1,0
C03796,2025,4,April,2,1,0,0
C03796,2025,5,May,3,2,0,1
C03796,2025,7,July,4,3,0,1
C03796,2025,9,September,5,4,0,1
C03797,2024,7,July,1,1,1,0
C03797,2024,11,November,2,2,0,1
C03797,2025,2,February,3,3,0,1
C03798,2024,12,December,1,1,1,0
C03798,2025,3,March,2,3,0,1
C03798,2025,8,August,5,3,0,1
C03798,2025,11,November,6,4,0,1
C03799,2025,7,July,1,1,1,0
C03800,2025,9,September,1,1,1,0
C03800,2025,10,October,2,2,0,1
C03800,2025,12,December,3,3,0,1
C03801,2024,8,August,1,1,1,0
C03801,2024,9,September,2,2,0,1
C03801,2025,2,February,3,2,0,1
C03802,2025,3,March,1,0,1,0
C03802,2025,4,April,2,1,0,0
C03803,2024,11,November,1,1,1,0
C03803,2025,12,December,2,2,0,1
C03804,2024,7,July,1,1,1,0
C03804,2025,7,July,2,2,0,1
C03804,2025,12,December,3,4,0,1
C03805,2024,9,September,1,1,1,0
C03805,2025,3,March,2,1,0,0
C03805,2025,5,May,3,1,0,0
C03805,2025,10,October,4,2,0,1
C03806,2024,12,December,1,1,1,0
C03807,2024,9,September,1,2,0,1
C03807,2025,3,March,3,3,0,1
C03807,2025,4,April,4,4,0,1
C03807,2025,6,June,5,5,0,1
C03807,2025,11,November,6,6,0,1
C03808,2024,7,July,1,1,1,0
C03808,2024,12,December,2,2,0,1
C03808,2025,6,June,3,4,0,1
C03808,2025,8,August,5,5,0,1
C03808,2025,10,October,6,6,0,1
C03808,2025,11,November,7,7,0,1
C03809,2024,7,July,1,1,1,0
C03809,2024,10,October,2,2,0,1
C03809,2024,12,December,3,4,0,1
C03809,2025,3,March,5,5,0,1
C03809,2025,4,April,6,6,0,1
C03809,2025,6,June,7,7,0,1
C03809,2025,11,November,8,8,0,1
C03810,2024,9,September,1,0,1,0
C03810,2024,11,November,2,1,0,0
C03810,2024,12,December,3,2,0,1
C03810,2025,2,February,4,3,0,1
C03810,2025,3,March,5,4,0,1
C03810,2025,4,April,6,5,0,1
C03810,2025,7,July,7,6,0,1
C03810,2025,8,August,10,7,0,1
C03811,2025,9,September,1,1,1,0
C03812,2024,10,October,1,1,1,0
C03812,2025,2,February,2,2,0,1
C03813,2024,7,July,1,1,1,0
C03813,2025,11,November,2,2,0,1
C03814,2025,3,March,1,0,1,0
C03814,2025,4,April,2,1,0,0
C03814,2025,7,July,3,2,0,1
C03814,2025,8,August,4,3,0,1
C03814,2025,10,October,5,3,0,1
C03815,2024,9,September,1,1,1,0
C03815,2024,10,October,2,2,0,1
C03815,2024,12,December,3,3,0,1
C03815,2025,2,February,4,5,0,1
C03815,2025,7,July,6,6,0,1
C03815,2025,8,August,7,7,0,1
C03815,2025,10,October,8,7,0,1
C03815,2025,12,December,9,7,0,1
C03816,2025,2,February,1,1,1,0
C03816,2025,3,March,2,2,0,1
C03816,2025,7,July,3,3,0,1
C03817,2025,6,June,1,1,1,0
C03817,2025,9,September,2,2,0,1
C03817,2025,12,December,3,4,0,1
C03818,2024,7,July,1,0,1,0
C03818,2024,12,December,2,1,0,0
C03818,2025,6,June,3,2,0,1
C03819,2024,9,September,1,1,1,0
C03819,2025,3,March,2,2,0,1
C03819,2025,7,July,3,3,0,1
C03820,2024,11,November,1,0,1,0
C03820,2025,5,May,2,1,0,0
C03820,2025,9,September,3,2,0,1
C03821,2024,7,July,1,1,1,0
C03821,2024,8,August,2,1,0,0
C03821,2024,9,September,3,2,0,1
C03821,2025,3,March,4,2,0,1
C03822,2024,7,July,1,2,0,1
C03822,2024,9,September,3,3,0,1
C03824,2025,3,March,1,0,1,0
C03824,2025,5,May,2,1,0,0
C03824,2025,7,July,3,2,0,1
C03824,2025,9,September,5,5,0,1
C03824,2025,10,October,8,6,0,1
C03825,2025,2,February,1,1,1,0
C03826,2025,7,July,1,0,1,0
C03826,2025,9,September,2,1,0,0
C03827,2024,8,August,1,1,1,0
C03827,2024,10,October,3,2,0,1
C03827,2024,11,November,4,2,0,1
C03827,2024,12,December,5,3,0,1
C03827,2025,12,December,6,3,0,1
C03828,2024,7,July,1,0,1,0
C03828,2024,10,October,2,2,0,1
C03828,2024,12,December,4,3,0,1
C03828,2025,1,January,5,3,0,1
C03828,2025,2,February,6,4,0,1
C03828,2025,5,May,8,5,0,1
C03828,2025,9,September,9,6,0,1
C03829,2024,8,August,1,1,1,0
C03829,2025,2,February,2,3,0,1
C03829,2025,4,April,4,5,0,1
C03830,2024,10,October,1,1,1,0
C03830,2024,12,December,2,2,0,1
C03830,2025,5,May,3,2,0,1
C03830,2025,6,June,4,3,0,1
C03830,2025,11,November,5,4,0,1
C03831,2024,8,August,1,1,1,0
C03831,2024,11,November,2,2,0,1
C03831,2024,12,December,3,4,0,1
C03831,2025,4,April,5,5,0,1
C03831,2025,5,May,6,6,0,1
C03831,2025,8,August,7,7,0,1
C03831,2025,9,September,8,8,0,1
C03832,2024,9,September,1,1,1,0
C03832,2025,1,January,2,1,0,0
C03832,2025,7,July,3,2,0,1
C03833,2024,11,November,1,0,1,0
C03833,2024,12,December,2,1,0,0
C03833,2025,1,January,3,3,0,1
C03833,2025,12,December,5,4,0,1
C03834,2025,1,January,1,1,1,0
C03834,2025,11,November,2,2,0,1
C03835,2024,9,September,1,0,1,0
C03835,2025,12,December,2,1,0,0
C03836,2024,8,August,1,1,1,0
C03836,2025,11,November,2,2,0,1
C03837,2024,12,December,1,1,1,0
C03837,2025,10,October,2,1,0,0
C03838,2025,2,February,1,2,0,1
C03838,2025,5,May,3,3,0,1
C03839,2024,7,July,1,1,1,0
C03839,2024,11,November,2,2,0,1
C03839,2024,12,December,3,3,0,1
C03839,2025,2,February,4,5,0,1
C03839,2025,3,March,6,6,0,1
C03839,2025,10,October,7,7,0,1
C03839,2025,12,December,8,7,0,1
C03840,2024,8,August,1,1,1,0
C03840,2024,9,September,2,2,0,1
C03840,2025,6,June,3,3,0,1
C03840,2025,10,October,4,3,0,1
C03841,2025,4,April,1,1,1,0
C03842,2024,8,August,1,1,1,0
C03842,2025,3,March,2,1,0,0
C03842,2025,10,October,3,2,0,1
C03843,2024,7,July,1,1,1,0
C03843,2025,6,June,2,2,0,1
C03843,2025,12,December,3,3,0,1
C03844,2025,1,January,1,1,1,0
C03844,2025,5,May,2,2,0,1
C03844,2025,9,September,3,4,0,1
C03845,2024,10,October,1,1,1,0
C03846,2025,10,October,1,1,1,0
C03847,2024,8,August,1,1,1,0
C03847,2024,9,September,2,1,0,0
C03847,2024,11,November,3,2,0,1
C03847,2025,2,February,4,3,0,1
C03847,2025,11,November,5,3,0,1
C03848,2024,9,September,1,0,1,0
C03849,2024,8,August,1,1,1,0
C03849,2025,4,April,2,2,0,1
C03849,2025,9,September,3,3,0,1
C03849,2025,11,November,4,4,0,1
C03849,2025,12,December,5,5,0,1
C03850,2025,4,April,1,1,1,0
C03851,2025,4,April,1,1,1,0
C03851,2025,10,October,2,2,0,1
C03851,2025,12,December,3,3,0,1
C03852,2024,8,August,1,1,1,0
C03852,2024,12,December,2,2,0,1
C03852,2025,1,January,3,3,0,1
C03852,2025,5,May,4,4,0,1
C03852,2025,8,August,5,5,0,1
C03852,2025,9,September,6,5,0,1
C03852,2025,11,November,7,6,0,1
C03853,2024,8,August,1,1,1,0
C03853,2025,4,April,2,2,0,1
C03853,2025,12,December,3,3,0,1
C03855,2025,3,March,1,1,1,0
C03855,2025,5,May,2,2,0,1
C03855,2025,6,June,3,3,0,1
C03856,2025,7,July,1,0,1,0
C03856,2025,11,November,2,1,0,0
C03858,2025,9,September,1,0,1,0
C03859,2025,5,May,1,1,1,0
C03859,2025,8,August,2,3,0,1
C03860,2024,8,August,1,1,1,0
C03860,2024,12,December,2,2,0,1
C03860,2025,2,February,3,3,0,1
C03860,2025,5,May,4,4,0,1
C03860,2025,7,July,5,5,0,1
C03860,2025,10,October,7,6,0,1
C03861,2025,3,March,1,0,1,0
C03861,2025,11,November,2,0,0,0
C03862,2024,9,September,1,1,1,0
C03862,2025,3,March,2,3,0,1
C03862,2025,10,October,4,4,0,1
C03863,2024,10,October,1,0,1,0
C03863,2024,12,December,2,0,0,0
C03863,2025,7,July,3,1,0,0
C03863,2025,12,December,4,2,0,1
C03864,2024,11,November,1,1,1,0
C03864,2025,9,September,2,2,0,1
C03865,2024,11,November,1,1,1,0
C03865,2025,3,March,2,2,0,1
C03865,2025,4,April,3,2,0,1
C03865,2025,7,July,4,3,0,1
C03867,2025,10,October,1,2,0,1
C03867,2025,11,November,3,3,0,1
C03868,2024,8,August,1,1,1,0
C03868,2024,9,September,3,2,0,1
C03868,2024,10,October,4,3,0,1
C03868,2025,3,March,5,4,0,1
C03868,2025,4,April,6,5,0,1
C03868,2025,9,September,7,5,0,1
C03869,2024,7,July,1,2,0,1
C03869,2024,9,September,3,3,0,1
C03869,2024,10,October,4,3,0,1
C03869,2025,3,March,5,4,0,1
C03869,2025,8,August,6,5,0,1
C03869,2025,9,September,7,5,0,1
C03869,2025,10,October,8,6,0,1
C03870,2024,8,August,1,2,0,1
C03870,2025,4,April,3,3,0,1
C03870,2025,5,May,4,4,0,1
C03871,2024,10,October,1,1,1,0
C03871,2025,6,June,2,2,0,1
C03871,2025,7,July,3,3,0,1
C03871,2025,8,August,4,3,0,1
C03871,2025,10,October,5,4,0,1
C03872,2025,8,August,1,1,1,0
C03873,2024,7,July,1,0,1,0
C03873,2024,8,August,2,1,0,0
C03873,2025,1,January,3,2,0,1
C03873,2025,7,July,4,3,0,1
C03873,2025,9,September,5,4,0,1
C03874,2024,7,July,1,1,1,0
C03874,2025,5,May,2,2,0,1
C03874,2025,9,September,3,3,0,1
C03875,2024,10,October,1,0,1,0
C03875,2024,11,November,2,1,0,0
C03875,2025,6,June,3,1,0,0
C03876,2024,9,September,1,1,1,0
C03876,2024,12,December,2,2,0,1
C03876,2025,7,July,3,3,0,1
C03876,2025,11,November,4,5,0,1
C03877,2025,9,September,1,0,1,0
C03878,2024,7,July,1,1,1,0
C03878,2024,8,August,2,3,0,1
C03878,2024,12,December,4,3,0,1
C03878,2025,3,March,5,4,0,1
C03878,2025,4,April,6,5,0,1
C03878,2025,9,September,7,6,0,1
C03879,2024,9,September,1,1,1,0
C03879,2024,12,December,2,2,0,1
C03879,2025,4,April,3,3,0,1
C03879,2025,7,July,4,3,0,1
C03879,2025,12,December,5,4,0,1
C03880,2024,7,July,1,1,1,0
C03880,2024,12,December,2,2,0,1
C03880,2025,2,February,3,2,0,1
C03880,2025,6,June,4,3,0,1
C03880,2025,8,August,5,4,0,1
C03880,2025,12,December,6,4,0,1
C03881,2024,9,September,1,1,1,0
C03882,2024,11,November,1,1,1,0
C03882,2025,1,January,2,2,0,1
C03882,2025,10,October,3,3,0,1
C03883,2024,8,August,1,1,1,0
C03883,2024,9,September,2,1,0,0
C03883,2025,2,February,3,2,0,1
C03883,2025,3,March,4,3,0,1
C03883,2025,5,May,5,5,0,1
C03883,2025,8,August,7,5,0,1
C03883,2025,9,September,8,6,0,1
C03884,2024,7,July,1,1,1,0
C03884,2024,10,October,2,2,0,1
C03884,2025,5,May,3,3,0,1
C03884,2025,7,July,4,3,0,1
C03884,2025,10,October,5,4,0,1
C03885,2024,7,July,1,1,1,0
C03885,2025,3,March,2,2,0,1
C03886,2025,4,April,1,1,1,0
C03887,2024,7,July,1,1,1,0
C03888,2025,1,January,1,1,1,0
C03888,2025,3,March,2,2,0,1
C03889,2024,10,October,1,1,1,0
C03889,2024,11,November,2,2,0,1
C03889,2025,1,January,3,3,0,1
C03889,2025,6,June,4,4,0,1
C03889,2025,12,December,5,6,0,1
C03890,2024,12,December,1,1,1,0
C03891,2024,7,July,1,1,1,0
C03891,2024,9,September,2,2,0,1
C03891,2025,5,May,4,3,0,1
C03891,2025,6,June,5,4,0,1
C03891,2025,9,September,6,4,0,1
C03891,2025,10,October,7,5,0,1
C03892,2024,9,September,1,0,1,0
C03892,2024,10,October,2,1,0,0
C03892,2025,2,February,3,2,0,1
C03892,2025,5,May,4,3,0,1
C03892,2025,6,June,5,4,0,1
C03893,2024,12,December,1,1,1,0
C03893,2025,1,January,2,2,0,1
C03895,2025,4,April,1,1,1,0
C03895,2025,6,June,2,2,0,1
C03895,2025,11,November,3,3,0,1
C03895,2025,12,December,4,4,0,1
C03897,2025,4,April,1,0,1,0
C03897,2025,11,November,2,1,0,0
C03898,2024,7,July,1,1,1,0
C03898,2025,1,January,2,1,0,0
C03898,2025,3,March,3,2,0,1
C03898,2025,11,November,4,3,0,1
C03898,2025,12,December,5,4,0,1
C03899,2024,8,August,1,1,1,0
C03899,2024,10,October,2,2,0,1
C03899,2025,11,November,3,3,0,1
C03899,2025,12,December,4,4,0,1
C03900,2025,6,June,1,1,1,0
C03900,2025,12,December,2,2,0,1
C03901,2024,7,July,1,0,1,0
C03902,2025,4,April,1,1,1,0
C03902,2025,5,May,2,2,0,1
C03902,2025,9,September,3,2,0,1
C03902,2025,10,October,4,3,0,1
C03903,2024,9,September,1,1,1,0
C03903,2024,12,December,2,2,0,1
C03903,2025,1,January,3,2,0,1
C03903,2025,5,May,4,3,0,1
C03903,2025,6,June,5,4,0,1
C03903,2025,9,September,6,5,0,1
C03903,2025,11,November,7,6,0,1
C03904,2024,9,September,1,1,1,0
C03904,2024,11,November,2,2,0,1
C03904,2025,4,April,3,3,0,1
C03905,2024,11,November,1,0,1,0
C03905,2024,12,December,2,1,0,0
C03905,2025,2,February,3,2,0,1
C03905,2025,5,May,4,3,0,1
C03905,2025,10,October,5,4,0,1
C03906,2024,12,December,1,1,1,0
C03906,2025,12,December,2,2,0,1
C03907,2025,3,March,1,1,1,0
C03907,2025,6,June,2,1,0,0
C03907,2025,12,December,3,1,0,0
C03908,2024,9,September,1,0,1,0
C03908,2025,3,March,2,1,0,0
C03908,2025,4,April,3,2,0,1
C03908,2025,12,December,4,3,0,1
C03909,2024,10,October,1,1,1,0
C03909,2025,3,March,2,2,0,1
C03911,2024,8,August,1,1,1,0
C03911,2025,3,March,2,2,0,1
C03911,2025,5,May,3,3,0,1
C03911,2025,11,November,4,4,0,1
C03913,2025,1,January,1,1,1,0
C03913,2025,9,September,3,2,0,1
C03914,2024,7,July,1,1,1,0
C03914,2025,2,February,2,1,0,0
C03914,2025,8,August,3,2,0,1
C03914,2025,10,October,4,3,0,1
C03915,2024,8,August,1,0,1,0
C03915,2025,3,March,2,1,0,0
C03916,2024,9,September,1,1,1,0
C03916,2024,11,November,2,2,0,1
C03916,2025,3,March,3,3,0,1
C03916,2025,4,April,4,3,0,1
C03917,2025,6,June,1,1,1,0
C03918,2024,11,November,1,1,1,0
C03919,2025,12,December,1,1,1,0
C03920,2024,8,August,1,1,1,0
C03920,2025,6,June,2,2,0,1
C03920,2025,11,November,3,3,0,1
C03921,2024,8,August,1,2,0,1
C03921,2024,9,September,3,3,0,1
C03921,2025,3,March,4,4,0,1
C03921,2025,4,April,5,5,0,1
C03922,2025,1,January,1,0,1,0
C03922,2025,4,April,2,1,0,0
C03922,2025,7,July,3,2,0,1
C03923,2025,5,May,1,0,1,0
C03923,2025,6,June,2,0,0,0
C03923,2025,9,September,3,1,0,0
C03924,2024,8,August,1,1,1,0
C03924,2025,1,January,2,2,0,1
C03924,2025,4,April,3,3,0,1
C03924,2025,8,August,4,4,0,1
C03924,2025,9,September,5,5,0,1
C03925,2025,8,August,1,1,1,0
C03925,2025,10,October,2,2,0,1
C03925,2025,11,November,3,3,0,1
C03926,2024,8,August,1,1,1,0
C03926,2024,11,November,2,2,0,1
C03926,2025,3,March,3,3,0,1
C03926,2025,4,April,4,4,0,1
C03926,2025,10,October,5,5,0,1
C03927,2024,8,August,1,1,1,0
C03927,2024,9,September,2,1,0,0
C03927,2024,10,October,3,2,0,1
C03927,2024,12,December,4,2,0,1
C03927,2025,10,October,5,3,0,1
C03927,2025,12,December,6,4,0,1
C03928,2024,9,September,1,0,1,0
C03928,2024,10,October,2,1,0,0
C03928,2025,12,December,3,2,0,1
C03929,2024,8,August,1,2,0,1
C03929,2024,10,October,3,3,0,1
C03929,2024,11,November,4,4,0,1
C03929,2025,4,April,5,4,0,1
C03929,2025,8,August,6,5,0,1
C03929,2025,9,September,7,6,0,1
C03929,2025,10,October,8,8,0,1
C03930,2024,8,August,1,1,1,0
C03931,2025,3,March,1,1,1,0
C03931,2025,4,April,2,2,0,1
C03931,2025,12,December,3,3,0,1
C03932,2025,6,June,1,1,1,0
C03932,2025,9,September,2,2,0,1
C03933,2024,7,July,1,1,1,0
C03933,2025,1,January,2,3,0,1
C03933,2025,7,July,4,4,0,1
C03933,2025,8,August,5,5,0,1
C03933,2025,10,October,6,5,0,1
C03933,2025,12,December,7,7,0,1
C03934,2024,7,July,1,1,1,0
C03934,2025,5,May,2,2,0,1
C03934,2025,7,July,3,3,0,1
C03934,2025,8,August,4,5,0,1
C03934,2025,11,November,6,5,0,1
C03935,2024,10,October,1,1,1,0
C03935,2025,7,July,2,2,0,1
C03935,2025,10,October,3,3,0,1
C03936,2024,11,November,1,1,1,0
C03937,2024,11,November,1,1,1,0
C03937,2025,1,January,2,1,0,0
C03937,2025,5,May,3,2,0,1
C03937,2025,9,September,4,3,0,1
C03938,2024,7,July,1,1,1,0
C03938,2025,3,March,2,2,0,1
C03938,2025,5,May,3,3,0,1
C03938,2025,11,November,4,5,0,1
C03939,2024,8,August,1,1,1,0
C03939,2024,10,October,2,2,0,1
C03939,2025,2,February,3,3,0,1
C03939,2025,3,March,4,4,0,1
C03939,2025,8,August,5,4,0,1
C03940,2025,4,April,1,1,1,0
C03940,2025,8,August,2,2,0,1
C03940,2025,9,September,3,2,0,1
C03941,2024,11,November,1,2,0,1
C03941,2025,3,March,3,3,0,1
C03942,2024,8,August,1,1,1,0
C03942,2025,2,February,2,2,0,1
C03942,2025,10,October,3,2,0,1
C03943,2025,1,January,1,1,1,0
C03943,2025,2,February,2,2,0,1
C03943,2025,6,June,3,3,0,1
C03944,2024,12,December,1,1,1,0
C03944,2025,2,February,2,1,0,0
C03945,2025,4,April,1,1,1,0
C03946,2025,4,April,1,1,1,0
C03946,2025,11,November,2,2,0,1
C03947,2024,9,September,1,1,1,0
C03947,2025,4,April,2,2,0,1
C03947,2025,9,September,3,2,0,1
C03948,2024,11,November,1,1,1,0
C03948,2025,5,May,2,1,0,0
C03948,2025,7,July,3,2,0,1
C03948,2025,8,August,4,3,0,1
C03948,2025,10,October,5,4,0,1
C03948,2025,12,December,6,4,0,1
C03949,2024,10,October,1,1,1,0
C03949,2025,3,March,2,2,0,1
C03949,2025,8,August,3,3,0,1
C03949,2025,9,September,4,4,0,1
C03949,2025,12,December,5,5,0,1
C03950,2024,8,August,1,0,1,0
C03950,2025,1,January,2,0,0,0
C03950,2025,2,February,3,1,0,0
C03950,2025,5,May,4,2,0,1
C03950,2025,8,August,5,3,0,1
C03950,2025,9,September,6,4,0,1
C03950,2025,11,November,7,5,0,1
C03950,2025,12,December,8,5,0,1
C03951,2025,5,May,1,1,1,0
C03952,2025,7,July,1,1,1,0
C03952,2025,12,December,2,2,0,1
C03953,2024,7,July,1,1,1,0
C03953,2024,8,August,2,2,0,1
C03953,2025,1,January,3,3,0,1
C03953,2025,4,April,4,5,0,1
C03953,2025,11,November,6,6,0,1
C03954,2024,8,August,1,2,0,1
C03954,2025,4,April,3,3,0,1
C03954,2025,6,June,5,3,0,1
C03955,2024,10,October,1,1,1,0
C03955,2024,11,November,2,1,0,0
C03955,2025,12,December,3,2,0,1
C03956,2025,1,January,1,1,1,0
C03957,2024,8,August,1,1,1,0
C03957,2024,9,September,2,2,0,1
C03957,2025,1,January,3,3,0,1
C03957,2025,2,February,4,4,0,1
C03957,2025,3,March,5,5,0,1
C03957,2025,5,May,6,6,0,1
C03957,2025,7,July,7,7,0,1
C03959,2024,7,July,1,1,1,0
C03960,2024,8,August,1,1,1,0
C03960,2024,12,December,2,2,0,1
C03960,2025,6,June,3,4,0,1
C03961,2024,11,November,1,1,1,0
C03961,2025,3,March,2,2,0,1
C03962,2024,12,December,1,1,1,0
C03962,2025,5,May,2,2,0,1
C03963,2025,1,January,1,1,1,0
C03963,2025,7,July,2,1,0,0
C03964,2024,7,July,1,1,1,0
C03964,2025,2,February,2,3,0,1
C03964,2025,3,March,5,4,0,1
C03964,2025,7,July,6,5,0,1
C03964,2025,8,August,7,5,0,1
C03964,2025,9,September,8,6,0,1
C03964,2025,11,November,9,7,0,1
C03965,2024,10,October,1,1,1,0
C03965,2025,12,December,2,2,0,1
C03966,2024,9,September,1,0,1,0
C03966,2025,10,October,2,0,0,0
C03967,2024,9,September,1,1,1,0
C03967,2025,4,April,2,2,0,1
C03967,2025,5,May,3,3,0,1
C03967,2025,7,July,4,4,0,1
C03967,2025,9,September,5,5,0,1
C03968,2024,9,September,1,1,1,0
C03968,2024,12,December,2,3,0,1
C03968,2025,2,February,4,4,0,1
C03968,2025,4,April,5,5,0,1
C03968,2025,6,June,6,6,0,1
C03968,2025,7,July,7,7,0,1
C03968,2025,8,August,8,9,0,1
C03968,2025,9,September,10,9,0,1
C03968,2025,12,December,11,9,0,1
C03969,2024,8,August,1,1,1,0
C03969,2025,6,June,2,1,0,0
C03969,2025,12,December,3,3,0,1
C03970,2024,8,August,1,3,0,1
C03970,2024,9,September,4,4,0,1
C03970,2025,1,January,5,5,0,1
C03970,2025,9,September,6,8,0,1
C03970,2025,11,November,10,9,0,1
C03970,2025,12,December,12,10,0,1
C03971,2024,10,October,1,1,1,0
C03971,2025,3,March,2,1,0,0
C03971,2025,9,September,3,3,0,1
C03972,2024,7,July,1,0,1,0
C03972,2024,9,September,2,1,0,0
C03972,2024,12,December,3,3,0,1
C03972,2025,12,December,5,3,0,1
C03973,2025,2,February,1,1,1,0
C03973,2025,3,March,2,2,0,1
C03973,2025,4,April,4,2,0,1
C03973,2025,8,August,5,3,0,1
C03974,2024,8,August,1,1,1,0
C03974,2024,11,November,2,2,0,1
C03974,2025,1,January,3,3,0,1
C03974,2025,5,May,4,3,0,1
C03974,2025,6,June,5,4,0,1
C03974,2025,12,December,6,4,0,1
C03975,2024,12,December,1,1,1,0
C03975,2025,6,June,2,3,0,1
C03975,2025,11,November,4,4,0,1
C03976,2024,9,September,1,2,0,1
C03977,2024,7,July,1,0,1,0
C03977,2025,2,February,2,1,0,0
C03977,2025,3,March,3,2,0,1
C03977,2025,4,April,4,2,0,1
C03977,2025,10,October,5,3,0,1
C03978,2024,8,August,1,1,1,0
C03978,2024,12,December,2,2,0,1
C03978,2025,1,January,3,3,0,1
C03978,2025,3,March,4,5,0,1
C03978,2025,9,September,6,7,0,1
C03979,2025,1,January,1,0,1,0
C03979,2025,3,March,2,1,0,0
C03980,2024,9,September,1,2,0,1
C03980,2025,1,January,4,2,0,1
C03980,2025,2,February,5,3,0,1
C03980,2025,10,October,6,4,0,1
C03980,2025,11,November,7,5,0,1
C03980,2025,12,December,8,6,0,1
C03981,2024,10,October,1,1,1,0
C03981,2025,4,April,2,2,0,1
C03982,2024,12,December,1,1,1,0
C03982,2025,3,March,2,3,0,1
C03983,2025,2,February,1,1,1,0
C03983,2025,3,March,2,2,0,1
C03984,2024,10,October,1,0,1,0
C03984,2025,1,January,2,1,0,0
C03984,2025,4,April,3,2,0,1
C03984,2025,7,July,4,3,0,1
C03985,2024,8,August,1,2,0,1
C03985,2024,9,September,3,3,0,1
C03985,2024,11,November,4,4,0,1
C03985,2025,4,April,5,5,0,1
C03986,2024,9,September,1,1,1,0
C03986,2024,11,November,2,2,0,1
C03986,2025,1,January,3,3,0,1
C03986,2025,8,August,4,4,0,1
C03986,2025,10,October,5,5,0,1
C03986,2025,12,December,6,6,0,1
C03987,2024,11,November,1,2,0,1
C03987,2024,12,December,3,4,0,1
C03987,2025,3,March,5,5,0,1
C03987,2025,8,August,6,6,0,1
C03988,2024,7,July,1,1,1,0
C03988,2024,8,August,2,2,0,1
C03988,2024,9,September,3,3,0,1
C03989,2024,12,December,1,1,1,0
C03989,2025,6,June,2,1,0,0
C03989,2025,10,October,3,2,0,1
C03990,2024,11,November,1,1,1,0
C03990,2025,7,July,2,1,0,0
C03991,2024,11,November,1,0,1,0
C03991,2025,3,March,2,2,0,1
C03991,2025,6,June,4,3,0,1
C03991,2025,10,October,5,4,0,1
C03992,2024,10,October,1,2,0,1
C03992,2025,5,May,3,3,0,1
C03992,2025,6,June,4,4,0,1
C03992,2025,8,August,5,5,0,1
C03992,2025,9,September,6,6,0,1
C03992,2025,11,November,7,8,0,1
C03992,2025,12,December,9,9,0,1
C03993,2024,9,September,1,1,1,0
C03993,2025,2,February,2,2,0,1
C03993,2025,3,March,3,3,0,1
C03993,2025,4,April,4,4,0,1
C03993,2025,6,June,5,5,0,1
C03993,2025,8,August,6,6,0,1
C03993,2025,9,September,7,7,0,1
C03994,2024,10,October,1,1,1,0
C03994,2025,6,June,2,2,0,1
C03994,2025,8,August,3,3,0,1
C03994,2025,11,November,4,4,0,1
C03995,2024,10,October,1,1,1,0
C03995,2025,2,February,2,3,0,1
C03996,2024,9,September,1,0,1,0
C03996,2024,11,November,2,1,0,0
C03996,2024,12,December,3,2,0,1
C03996,2025,11,November,4,3,0,1
C03997,2024,12,December,1,1,1,0
C03997,2025,4,April,2,2,0,1
C03998,2024,7,July,1,1,1,0
C03998,2024,11,November,2,3,0,1
C03998,2025,6,June,4,4,0,1
C03998,2025,7,July,5,4,0,1
C03998,2025,8,August,6,5,0,1
C03998,2025,9,September,7,6,0,1
C03998,2025,10,October,8,8,0,1
C03999,2024,7,July,1,1,1,0
C03999,2025,4,April,2,2,0,1
C03999,2025,5,May,3,3,0,1
C03999,2025,12,December,4,4,0,1
C04000,2024,9,September,1,1,1,0
C04000,2024,11,November,2,2,0,1
C04000,2025,3,March,3,2,0,1
C04000,2025,6,June,4,3,0,1
C04000,2025,8,August,6,4,0,1
C04000,2025,9,September,7,4,0,1
C04001,2024,7,July,1,1,1,0
C04001,2024,9,September,2,1,0,0
C04001,2025,2,February,3,1,0,0
C04001,2025,7,July,4,2,0,1
C04002,2025,3,March,1,2,0,1
C04002,2025,12,December,3,3,0,1
C04003,2024,9,September,1,1,1,0
C04003,2025,4,April,2,1,0,0
C04003,2025,8,August,3,2,0,1
C04003,2025,9,September,4,3,0,1
C04004,2024,9,September,1,1,1,0
C04004,2024,12,December,2,2,0,1
C04004,2025,1,January,3,3,0,1
C04005,2025,7,July,1,1,1,0
C04006,2024,7,July,1,1,1,0
C04006,2024,11,November,2,2,0,1
C04006,2025,1,January,3,3,0,1
C04006,2025,4,April,4,4,0,1
C04006,2025,5,May,5,5,0,1
C04007,2024,9,September,1,1,1,0
C04007,2024,10,October,2,2,0,1
C04007,2025,5,May,3,3,0,1
C04007,2025,11,November,4,4,0,1
C04008,2025,8,August,1,1,1,0
C04008,2025,10,October,2,3,0,1
C04008,2025,12,December,4,4,0,1
C04009,2024,8,August,1,0,1,0
C04009,2025,8,August,2,1,0,0
C04010,2024,9,September,1,0,1,0
C04010,2025,3,March,3,1,0,0
C04011,2025,3,March,1,2,0,1
C04011,2025,8,August,3,3,0,1
C04011,2025,9,September,4,3,0,1
C04011,2025,11,November,5,4,0,1
C04012,2024,10,October,1,1,1,0
C04012,2025,4,April,3,2,0,1
C04012,2025,6,June,4,3,0,1
C04012,2025,7,July,5,3,0,1
C04012,2025,10,October,6,4,0,1
C04012,2025,11,November,7,5,0,1
C04013,2025,1,January,1,1,1,0
C04013,2025,3,March,2,2,0,1
C04013,2025,8,August,3,3,0,1
C04014,2024,7,July,1,1,1,0
C04014,2024,10,October,2,2,0,1
C04014,2025,2,February,3,3,0,1
C04014,2025,7,July,4,5,0,1
C04014,2025,8,August,6,6,0,1
C04014,2025,10,October,7,8,0,1
C04014,2025,12,December,9,10,0,1
C04015,2024,10,October,1,2,0,1
C04015,2024,12,December,3,3,0,1
C04015,2025,11,November,4,4,0,1
C04015,2025,12,December,5,5,0,1
C04016,2024,8,August,1,1,1,0
C04016,2025,1,January,2,2,0,1
C04016,2025,6,June,3,3,0,1
C04016,2025,9,September,4,5,0,1
C04017,2024,11,November,1,1,1,0
C04017,2025,7,July,2,2,0,1
C04018,2024,7,July,1,1,1,0
C04018,2024,10,October,2,1,0,0
C04018,2025,11,November,3,2,0,1
C04021,2024,8,August,1,1,1,0
C04021,2025,5,May,2,2,0,1
C04022,2025,9,September,1,1,1,0
C04023,2025,9,September,1,1,1,0
C04024,2025,12,December,1,1,1,0
C04025,2025,3,March,1,0,1,0
C04025,2025,9,September,2,2,0,1
C04025,2025,10,October,4,2,0,1
C04026,2025,1,January,1,1,1,0
C04026,2025,2,February,2,2,0,1
C04026,2025,4,April,3,2,0,1
C04026,2025,6,June,4,3,0,1
C04026,2025,11,November,5,3,0,1
C04027,2024,7,July,1,1,1,0
C04027,2024,12,December,2,2,0,1
C04027,2025,1,January,3,3,0,1
C04027,2025,2,February,5,3,0,1
C04027,2025,4,April,6,4,0,1
C04027,2025,6,June,7,5,0,1
C04027,2025,10,October,8,6,0,1
C04028,2024,10,October,1,0,1,0
C04028,2025,3,March,2,1,0,0
C04028,2025,5,May,3,2,0,1
C04028,2025,7,July,4,3,0,1
C04029,2024,8,August,1,1,1,0
C04030,2024,11,November,1,0,1,0
C04030,2025,11,November,2,1,0,0
C04031,2024,8,August,1,1,1,0
C04031,2025,11,November,2,2,0,1
C04032,2024,9,September,1,1,1,0
C04032,2025,1,January,2,2,0,1
C04033,2024,11,November,1,0,1,0
C04033,2025,1,January,2,1,0,0
C04033,2025,3,March,3,2,0,1
C04033,2025,8,August,4,3,0,1
C04033,2025,11,November,5,4,0,1
C04034,2024,10,October,1,1,1,0
C04034,2025,1,January,2,2,0,1
C04034,2025,3,March,3,3,0,1
C04035,2024,7,July,1,0,1,0
C04035,2024,8,August,2,1,0,0
C04035,2024,12,December,3,2,0,1
C04035,2025,12,December,4,2,0,1
C04036,2024,12,December,1,1,1,0
C04036,2025,4,April,2,2,0,1
C04036,2025,11,November,3,3,0,1
C04037,2025,4,April,1,1,1,0
C04037,2025,5,May,2,3,0,1
C04037,2025,8,August,4,4,0,1
C04039,2024,9,September,1,1,1,0
C04039,2025,4,April,2,1,0,0
C04040,2024,9,September,1,1,1,0
C04040,2025,6,June,2,2,0,1
C04040,2025,9,September,3,2,0,1
C04041,2024,7,July,1,2,0,1
C04041,2024,8,August,3,3,0,1
C04041,2025,2,February,4,4,0,1
C04041,2025,9,September,5,4,0,1
C04042,2024,12,December,1,0,1,0
C04042,2025,11,November,2,1,0,0
C04043,2024,9,September,1,1,1,0
C04043,2025,2,February,2,3,0,1
C04043,2025,3,March,4,4,0,1
C04043,2025,5,May,5,5,0,1
C04043,2025,11,November,6,5,0,1
C04043,2025,12,December,7,5,0,1
C04044,2024,10,October,1,1,1,0
C04044,2025,1,January,2,2,0,1
C04044,2025,2,February,3,3,0,1
C04044,2025,7,July,4,4,0,1
C04044,2025,8,August,5,5,0,1
C04044,2025,11,November,6,6,0,1
C04044,2025,12,December,7,7,0,1
C04045,2024,10,October,1,1,1,0
C04045,2025,5,May,2,1,0,0
C04046,2024,7,July,1,1,1,0
C04046,2024,10,October,2,3,0,1
C04046,2025,11,November,4,4,0,1
C04047,2024,12,December,1,1,1,0
C04047,2025,2,February,2,2,0,1
C04048,2024,8,August,1,1,1,0
C04048,2025,3,March,2,2,0,1
C04049,2024,9,September,1,1,1,0
C04049,2025,4,April,2,2,0,1
C04049,2025,5,May,3,3,0,1
C04049,2025,9,September,4,3,0,1
C04051,2025,12,December,1,0,1,0
C04052,2025,7,July,1,1,1,0
C04053,2024,10,October,1,1,1,0
C04053,2025,5,May,2,2,0,1
C04053,2025,11,November,3,3,0,1
C04054,2024,8,August,1,1,1,0
C04054,2024,11,November,2,2,0,1
C04054,2025,2,February,3,3,0,1
C04054,2025,6,June,4,4,0,1
C04054,2025,7,July,5,4,0,1
C04054,2025,9,September,6,5,0,1
C04054,2025,11,November,7,6,0,1
C04054,2025,12,December,8,7,0,1
C04056,2024,10,October,1,1,1,0
C04056,2025,11,November,2,2,0,1
C04057,2024,7,July,1,1,1,0
C04057,2025,7,July,2,2,0,1
C04057,2025,10,October,3,3,0,1
C04058,2025,2,February,1,1,1,0
C04058,2025,6,June,2,2,0,1
C04059,2025,1,January,1,1,1,0
C04060,2024,9,September,1,1,1,0
C04060,2024,10,October,2,2,0,1
C04060,2025,4,April,3,3,0,1
C04061,2025,10,October,1,1,1,0
C04062,2025,9,September,1,1,1,0
C04063,2025,11,November,1,0,1,0
C04064,2024,11,November,1,3,0,1
C04064,2025,1,January,5,4,0,1
C04064,2025,3,March,6,5,0,1
C04064,2025,5,May,7,6,0,1
C04065,2025,2,February,1,1,1,0
C04065,2025,9,September,2,1,0,0
C04066,2025,7,July,1,1,1,0
C04066,2025,11,November,2,2,0,1
C04067,2025,5,May,1,2,0,1
C04068,2024,10,October,1,1,1,0
C04068,2024,11,November,2,2,0,1
C04068,2024,12,December,3,3,0,1
C04068,2025,3,March,5,4,0,1
C04068,2025,10,October,6,5,0,1
C04068,2025,12,December,7,7,0,1
C04069,2025,2,February,1,1,1,0
C04069,2025,3,March,2,2,0,1
C04069,2025,7,July,3,4,0,1
C04070,2024,8,August,1,1,1,0
C04070,2024,10,October,3,2,0,1
C04070,2024,12,December,4,3,0,1
C04070,2025,1,January,5,5,0,1
C04070,2025,2,February,7,6,0,1
C04070,2025,3,March,8,6,0,1
C04070,2025,5,May,9,7,0,1
C04070,2025,9,September,10,8,0,1
C04070,2025,12,December,11,9,0,1
C04071,2024,12,December,1,1,1,0
C04071,2025,6,June,2,2,0,1
C04071,2025,10,October,3,3,0,1
C04072,2024,10,October,1,1,1,0
C04072,2025,5,May,2,2,0,1
C04072,2025,8,August,3,3,0,1
C04073,2024,7,July,1,1,1,0
C04073,2024,10,October,2,2,0,1
C04073,2025,5,May,3,3,0,1
C04074,2024,12,December,1,1,1,0
C04074,2025,8,August,2,2,0,1
C04075,2024,12,December,1,1,1,0
C04075,2025,1,January,2,2,0,1
C04075,2025,2,February,3,3,0,1
C04075,2025,9,September,4,4,0,1
C04076,2024,11,November,1,1,1,0
C04076,2024,12,December,2,2,0,1
C04076,2025,2,February,3,3,0,1
C04076,2025,4,April,4,4,0,1
C04076,2025,5,May,5,5,0,1
C04077,2025,3,March,1,1,1,0
C04077,2025,6,June,2,2,0,1
C04077,2025,7,July,3,3,0,1
C04077,2025,12,December,4,4,0,1
C04078,2024,8,August,1,0,1,0
C04078,2024,10,October,2,0,0,0
C04078,2025,2,February,3,2,0,1
C04078,2025,6,June,5,3,0,1
C04078,2025,9,September,6,4,0,1
C04079,2024,10,October,1,1,1,0
C04079,2025,8,August,2,2,0,1
C04080,2025,3,March,1,2,0,1
C04080,2025,7,July,3,2,0,1
C04080,2025,8,August,5,4,0,1
C04080,2025,11,November,7,6,0,1
C04080,2025,12,December,9,7,0,1
C04081,2025,6,June,1,1,1,0
C04082,2024,10,October,1,1,1,0
C04082,2025,3,March,2,2,0,1
C04082,2025,5,May,3,4,0,1
C04082,2025,7,July,5,5,0,1
C04082,2025,10,October,6,6,0,1
C04083,2024,8,August,1,1,1,0
C04083,2024,10,October,2,2,0,1
C04083,2024,11,November,3,3,0,1
C04083,2025,1,January,4,4,0,1
C04083,2025,5,May,5,5,0,1
C04083,2025,6,June,6,6,0,1
C04083,2025,8,August,7,7,0,1
C04083,2025,11,November,8,7,0,1
C04084,2024,8,August,1,1,1,0
C04085,2024,12,December,1,0,1,0
C04085,2025,4,April,2,1,0,0
C04085,2025,7,July,3,1,0,0
C04086,2024,9,September,1,0,1,0
C04086,2025,7,July,2,1,0,0
C04087,2025,1,January,1,0,1,0
C04087,2025,2,February,2,1,0,0
C04087,2025,5,May,3,2,0,1
C04087,2025,6,June,4,3,0,1
C04087,2025,10,October,5,4,0,1
C04088,2024,12,December,1,1,1,0
C04089,2024,8,August,1,2,0,1
C04089,2025,1,January,3,3,0,1
C04089,2025,4,April,4,4,0,1
C04089,2025,6,June,5,5,0,1
C04089,2025,7,July,6,6,0,1
C04090,2024,7,July,1,0,1,0
C04090,2025,1,January,2,1,0,0
C04090,2025,3,March,3,2,0,1
C04090,2025,7,July,4,2,0,1
C04090,2025,9,September,5,3,0,1
C04091,2024,7,July,1,1,1,0
C04091,2024,8,August,2,3,0,1
C04091,2024,9,September,4,4,0,1
C04091,2025,3,March,5,6,0,1
C04091,2025,5,May,7,7,0,1
C04091,2025,11,November,8,8,0,1
C04092,2024,8,August,1,1,1,0
C04092,2024,12,December,2,3,0,1
C04092,2025,1,January,4,6,0,1
C04092,2025,3,March,7,7,0,1
C04092,2025,4,April,8,8,0,1
C04092,2025,6,June,9,9,0,1
C04092,2025,7,July,10,10,0,1
C04092,2025,10,October,11,11,0,1
C04092,2025,11,November,13,12,0,1
C04092,2025,12,December,14,14,0,1
C04093,2024,7,July,1,1,1,0
C04093,2024,8,August,2,2,0,1
C04093,2024,10,October,3,2,0,1
C04093,2025,3,March,4,3,0,1
C04093,2025,4,April,5,4,0,1
C04093,2025,6,June,6,5,0,1
C04093,2025,8,August,7,6,0,1
C04094,2024,7,July,1,1,1,0
C04094,2024,9,September,2,1,0,0
C04094,2024,10,October,3,3,0,1
C04094,2024,11,November,5,4,0,1
C04094,2024,12,December,6,4,0,1
C04094,2025,3,March,7,6,0,1
C04094,2025,4,April,9,7,0,1
C04094,2025,5,May,11,8,0,1
C04094,2025,10,October,12,10,0,1
C04095,2025,3,March,1,1,1,0
C04095,2025,4,April,2,1,0,0
C04096,2025,8,August,1,0,1,0
C04096,2025,11,November,2,1,0,0
C04096,2025,12,December,3,2,0,1
C04097,2025,4,April,1,1,1,0
C04097,2025,6,June,3,2,0,1
C04097,2025,9,September,4,3,0,1
C04097,2025,10,October,5,4,0,1
C04097,2025,12,December,6,5,0,1
C04098,2024,10,October,1,1,1,0
C04098,2024,11,November,2,1,0,0
C04099,2024,12,December,1,0,1,0
C04099,2025,2,February,2,1,0,0
C04099,2025,11,November,3,2,0,1
C04100,2024,9,September,1,1,1,0
C04100,2025,3,March,2,2,0,1
C04100,2025,10,October,3,3,0,1
C04100,2025,11,November,4,4,0,1
C04101,2024,9,September,1,1,1,0
C04101,2024,12,December,2,2,0,1
C04101,2025,7,July,3,3,0,1
C04101,2025,12,December,4,3,0,1
C04102,2024,7,July,1,0,1,0
C04102,2024,8,August,2,1,0,0
C04102,2024,9,September,3,3,0,1
C04102,2024,11,November,5,5,0,1
C04102,2025,4,April,7,6,0,1
C04102,2025,5,May,8,7,0,1
C04102,2025,10,October,9,9,0,1
C04102,2025,11,November,11,9,0,1
C04103,2024,10,October,1,1,1,0
C04103,2025,2,February,3,2,0,1
C04103,2025,4,April,4,3,0,1
C04103,2025,6,June,5,4,0,1
C04103,2025,7,July,6,4,0,1
C04103,2025,9,September,7,4,0,1
C04104,2024,7,July,1,1,1,0
C04104,2024,9,September,2,2,0,1
C04104,2025,2,February,3,3,0,1
C04105,2024,11,November,1,1,1,0
C04105,2025,1,January,2,2,0,1
C04105,2025,2,February,3,3,0,1
C04105,2025,5,May,4,4,0,1
C04105,2025,10,October,5,5,0,1
C04105,2025,12,December,7,6,0,1
C04106,2024,9,September,1,1,1,0
C04106,2025,11,November,2,2,0,1
C04107,2024,9,September,1,1,1,0
C04107,2024,10,October,2,2,0,1
C04107,2025,10,October,3,3,0,1
C04108,2025,2,February,1,1,1,0
C04108,2025,6,June,2,2,0,1
C04109,2024,11,November,1,1,1,0
C04109,2024,12,December,2,3,0,1
C04109,2025,3,March,4,4,0,1
C04109,2025,11,November,5,5,0,1
C04110,2024,9,September,1,1,1,0
C04110,2024,10,October,2,2,0,1
C04111,2025,2,February,1,2,0,1
C04112,2024,9,September,1,2,0,1
C04112,2024,11,November,3,3,0,1
C04112,2025,6,June,4,4,0,1
C04113,2024,11,November,1,1,1,0
C04113,2025,3,March,2,1,0,0
C04113,2025,10,October,3,2,0,1
C04115,2025,4,April,1,1,1,0
C04115,2025,7,July,2,1,0,0
C04117,2024,7,July,1,0,1,0
C04117,2024,10,October,2,1,0,0
C04117,2024,12,December,3,2,0,1
C04117,2025,5,May,4,4,0,1
C04117,2025,9,September,6,5,0,1
C04118,2025,4,April,1,1,1,0
C04119,2025,12,December,1,1,1,0
C04120,2024,9,September,1,0,1,0
C04120,2024,12,December,2,0,0,0
C04120,2025,3,March,3,1,0,0
C04120,2025,4,April,4,2,0,1
C04120,2025,6,June,5,2,0,1
C04120,2025,11,November,6,4,0,1
C04120,2025,12,December,8,6,0,1
C04121,2024,7,July,1,1,1,0
C04121,2024,8,August,2,2,0,1
C04121,2024,9,September,3,3,0,1
C04121,2024,11,November,4,4,0,1
C04121,2024,12,December,5,6,0,1
C04121,2025,4,April,7,6,0,1
C04121,2025,7,July,8,7,0,1
C04121,2025,9,September,9,8,0,1
C04122,2024,9,September,1,1,1,0
C04122,2024,10,October,2,2,0,1
C04122,2025,7,July,3,3,0,1
C04122,2025,11,November,4,3,0,1
C04122,2025,12,December,5,4,0,1
C04123,2024,12,December,1,0,1,0
C04124,2024,9,September,1,1,1,0
C04124,2025,1,January,2,1,0,0
C04124,2025,5,May,3,1,0,0
C04124,2025,9,September,4,3,0,1
C04124,2025,11,November,7,4,0,1
C04124,2025,12,December,8,7,0,1
C04126,2025,1,January,1,1,1,0
C04126,2025,3,March,2,1,0,0
C04126,2025,4,April,3,2,0,1
C04126,2025,9,September,4,3,0,1
C04126,2025,10,October,5,4,0,1
C04126,2025,12,December,6,6,0,1
C04127,2025,4,April,1,1,1,0
C04128,2025,5,May,1,1,1,0
C04128,2025,11,November,2,1,0,0
C04129,2024,7,July,1,1,1,0
C04129,2024,11,November,2,2,0,1
C04130,2025,3,March,1,0,1,0
C04130,2025,5,May,2,0,0,0
C04130,2025,7,July,3,2,0,1
C04131,2024,9,September,1,1,1,0
C04131,2024,12,December,2,2,0,1
C04131,2025,2,February,3,3,0,1
C04131,2025,5,May,4,4,0,1
C04131,2025,12,December,5,5,0,1
C04132,2025,1,January,1,1,1,0
C04132,2025,3,March,2,1,0,0
C04132,2025,4,April,3,2,0,1
C04132,2025,6,June,4,3,0,1
C04132,2025,7,July,5,4,0,1
C04132,2025,10,October,6,5,0,1
C04133,2024,7,July,1,0,1,0
C04133,2024,11,November,2,1,0,0
C04133,2024,12,December,3,2,0,1
C04133,2025,1,January,5,3,0,1
C04133,2025,8,August,6,4,0,1
C04133,2025,10,October,7,6,0,1
C04134,2024,12,December,1,0,1,0
C04134,2025,5,May,2,1,0,0
C04134,2025,6,June,3,1,0,0
C04134,2025,8,August,4,2,0,1
C04135,2024,8,August,1,0,1,0
C04135,2025,1,January,2,0,0,0
C04135,2025,3,March,3,1,0,0
C04135,2025,5,May,4,2,0,1
C04135,2025,8,August,5,3,0,1
C04135,2025,12,December,6,4,0,1
C04136,2024,12,December,1,1,1,0
C04136,2025,2,February,2,2,0,1
C04136,2025,10,October,3,3,0,1
C04136,2025,11,November,4,4,0,1
C04136,2025,12,December,5,5,0,1
C04137,2024,7,July,1,1,1,0
C04137,2024,8,August,2,1,0,0
C04137,2025,1,January,3,1,0,0
C04137,2025,4,April,4,2,0,1
C04137,2025,6,June,5,3,0,1
C04137,2025,7,July,6,4,0,1
C04138,2025,11,November,1,1,1,0
C04139,2024,7,July,1,1,1,0
C04139,2025,6,June,2,1,0,0
C04140,2025,12,December,1,1,1,0
C04141,2024,8,August,1,1,1,0
C04141,2025,1,January,2,3,0,1
C04141,2025,3,March,4,4,0,1
C04141,2025,12,December,5,5,0,1
C04142,2024,12,December,1,1,1,0
C04142,2025,1,January,2,2,0,1
C04142,2025,3,March,3,3,0,1
C04143,2024,7,July,1,1,1,0
C04143,2024,10,October,2,2,0,1
C04143,2024,12,December,3,3,0,1
C04143,2025,4,April,4,4,0,1
C04143,2025,5,May,5,6,0,1
C04143,2025,7,July,7,7,0,1
C04143,2025,9,September,8,8,0,1
C04143,2025,10,October,9,9,0,1
C04143,2025,11,November,10,10,0,1
C04144,2025,6,June,1,1,1,0
C04144,2025,8,August,2,1,0,0
C04144,2025,10,October,3,3,0,1
C04145,2024,8,August,1,2,0,1
C04145,2024,9,September,3,3,0,1
C04145,2025,2,February,4,4,0,1
C04145,2025,4,April,5,5,0,1
C04145,2025,8,August,6,6,0,1
C04146,2025,1,January,1,2,0,1
C04146,2025,4,April,4,3,0,1
C04146,2025,6,June,5,4,0,1
C04147,2024,10,October,1,1,1,0
C04147,2025,1,January,2,2,0,1
C04147,2025,7,July,3,3,0,1
C04147,2025,9,September,4,4,0,1
C04148,2024,9,September,1,0,1,0
C04148,2024,11,November,2,1,0,0
C04149,2024,7,July,1,1,1,0
C04149,2025,1,January,2,2,0,1
C04149,2025,6,June,3,3,0,1
C04149,2025,9,September,4,5,0,1
C04150,2025,5,May,1,1,1,0
C04150,2025,7,July,2,1,0,0
C04151,2024,8,August,1,1,1,0
C04151,2024,10,October,2,3,0,1
C04151,2025,3,March,4,5,0,1
C04151,2025,4,April,6,5,0,1
C04151,2025,8,August,7,5,0,1
C04151,2025,10,October,8,6,0,1
C04151,2025,12,December,9,7,0,1
C04152,2024,8,August,1,1,1,0
C04152,2025,4,April,3,2,0,1
C04152,2025,12,December,4,2,0,1
C04153,2024,7,July,1,1,1,0
C04153,2025,4,April,2,3,0,1
C04153,2025,7,July,4,4,0,1
C04153,2025,8,August,5,5,0,1
C04153,2025,10,October,6,5,0,1
C04154,2024,7,July,1,1,1,0
C04154,2025,2,February,2,2,0,1
C04154,2025,6,June,3,2,0,1
C04154,2025,10,October,4,3,0,1
C04155,2024,8,August,1,1,1,0
C04155,2024,9,September,2,2,0,1
C04155,2025,7,July,3,3,0,1
C04156,2024,12,December,1,1,1,0
C04156,2025,1,January,2,2,0,1
C04156,2025,12,December,3,3,0,1
C04157,2024,7,July,1,1,1,0
C04158,2024,8,August,1,3,0,1
C04158,2024,10,October,4,4,0,1
C04158,2024,12,December,5,5,0,1
C04158,2025,2,February,6,7,0,1
C04158,2025,5,May,8,8,0,1
C04159,2024,7,July,1,1,1,0
C04159,2024,10,October,2,2,0,1
C04159,2024,12,December,3,3,0,1
C04159,2025,4,April,4,4,0,1
C04160,2024,8,August,1,0,1,0
C04160,2025,3,March,2,1,0,0
C04160,2025,4,April,3,2,0,1
C04160,2025,5,May,4,3,0,1
C04160,2025,12,December,5,4,0,1
C04161,2024,12,December,1,0,1,0
C04161,2025,1,January,2,1,0,0
C04161,2025,2,February,3,2,0,1
C04161,2025,4,April,4,3,0,1
C04161,2025,5,May,5,4,0,1
C04161,2025,6,June,6,5,0,1
C04161,2025,9,September,7,6,0,1
C04162,2024,9,September,1,1,1,0
C04162,2025,3,March,2,2,0,1
C04162,2025,4,April,3,3,0,1
C04162,2025,5,May,4,4,0,1
C04162,2025,6,June,6,5,0,1
C04162,2025,7,July,7,6,0,1
C04162,2025,9,September,8,7,0,1
C04162,2025,10,October,9,8,0,1
C04162,2025,11,November,10,10,0,1
C04163,2024,9,September,1,1,1,0
C04164,2025,5,May,1,1,1,0
C04164,2025,10,October,2,2,0,1
C04164,2025,11,November,3,3,0,1
C04165,2024,7,July,1,1,1,0
C04165,2024,10,October,2,2,0,1
C04166,2025,8,August,1,0,1,0
C04167,2024,9,September,1,2,0,1
C04167,2024,12,December,3,3,0,1
C04167,2025,6,June,4,4,0,1
C04167,2025,12,December,5,5,0,1
C04168,2024,12,December,1,1,1,0
C04168,2025,5,May,2,2,0,1
C04168,2025,8,August,3,3,0,1
C04169,2025,7,July,1,1,1,0
C04170,2024,10,October,1,1,1,0
C04170,2025,2,February,2,2,0,1
C04170,2025,7,July,3,3,0,1
C04170,2025,11,November,4,4,0,1
C04170,2025,12,December,5,5,0,1
C04171,2025,3,March,1,1,1,0
C04171,2025,5,May,2,2,0,1
C04171,2025,8,August,3,3,0,1
C04172,2024,10,October,1,1,1,0
C04172,2025,12,December,2,1,0,0
C04173,2025,2,February,1,1,1,0
C04173,2025,5,May,2,1,0,0
C04173,2025,7,July,3,2,0,1
C04173,2025,9,September,4,3,0,1
C04174,2024,9,September,1,1,1,0
C04174,2024,12,December,3,1,0,0
C04174,2025,2,February,4,2,0,1
C04174,2025,7,July,5,3,0,1
C04174,2025,12,December,6,5,0,1
C04175,2025,1,January,1,1,1,0
C04175,2025,5,May,2,2,0,1
C04176,2024,10,October,1,1,1,0
C04176,2025,4,April,2,2,0,1
C04176,2025,5,May,5,3,0,1
C04176,2025,6,June,6,4,0,1
C04177,2024,9,September,1,1,1,0
C04179,2024,11,November,1,1,1,0
C04179,2024,12,December,2,3,0,1
C04179,2025,2,February,4,4,0,1
C04179,2025,3,March,5,5,0,1
C04179,2025,7,July,6,6,0,1
C04179,2025,9,September,7,7,0,1
C04180,2024,8,August,1,1,1,0
C04180,2025,8,August,2,2,0,1
C04180,2025,12,December,3,3,0,1
C04181,2024,10,October,1,1,1,0
C04181,2025,8,August,2,1,0,0
C04181,2025,10,October,3,2,0,1
C04182,2024,7,July,1,1,1,0
C04182,2024,8,August,2,2,0,1
C04182,2024,11,November,4,3,0,1
C04182,2024,12,December,5,5,0,1
C04182,2025,2,February,7,6,0,1
C04182,2025,6,June,8,7,0,1
C04182,2025,7,July,9,8,0,1
C04183,2024,10,October,1,3,0,1
C04183,2024,11,November,4,3,0,1
C04183,2025,7,July,5,4,0,1
C04184,2024,10,October,1,1,1,0
C04184,2025,8,August,2,3,0,1
C04185,2024,11,November,1,0,1,0
C04185,2025,5,May,2,1,0,0
C04187,2024,11,November,1,1,1,0
C04187,2025,2,February,2,2,0,1
C04187,2025,4,April,3,2,0,1
C04187,2025,7,July,4,3,0,1
C04188,2024,7,July,1,0,1,0
C04188,2025,4,April,2,1,0,0
C04188,2025,11,November,3,2,0,1
C04188,2025,12,December,4,3,0,1
C04189,2024,10,October,1,1,1,0
C04189,2025,2,February,2,2,0,1
C04189,2025,12,December,3,2,0,1
C04190,2025,11,November,1,1,1,0
C04192,2024,8,August,1,1,1,0
C04192,2025,4,April,2,3,0,1
C04192,2025,10,October,4,4,0,1
C04193,2025,6,June,1,1,1,0
C04193,2025,9,September,2,2,0,1
C04194,2024,7,July,1,1,1,0
C04194,2025,4,April,3,2,0,1
C04194,2025,6,June,4,3,0,1
C04194,2025,8,August,5,4,0,1
C04194,2025,12,December,6,5,0,1
C04195,2024,11,November,1,0,1,0
C04195,2025,4,April,2,1,0,0
C04196,2025,3,March,1,0,1,0
C04196,2025,6,June,2,1,0,0
C04197,2024,8,August,1,1,1,0
C04197,2024,10,October,2,2,0,1
C04197,2024,12,December,3,3,0,1
C04197,2025,2,February,4,4,0,1
C04197,2025,5,May,5,5,0,1
C04197,2025,6,June,6,5,0,1
C04197,2025,8,August,7,5,0,1
C04197,2025,9,September,8,6,0,1
C04197,2025,10,October,9,7,0,1
C04197,2025,12,December,11,8,0,1
C04198,2025,8,August,1,2,0,1
C04198,2025,10,October,3,2,0,1
C04199,2024,10,October,1,1,1,0
C04200,2024,10,October,1,1,1,0
C04200,2025,3,March,2,2,0,1
C04200,2025,4,April,3,3,0,1
C04201,2025,6,June,1,1,1,0
C04201,2025,11,November,2,2,0,1
C04202,2024,7,July,1,1,1,0
C04202,2024,8,August,2,2,0,1
C04202,2024,9,September,3,3,0,1
C04202,2024,12,December,4,4,0,1
C04202,2025,8,August,5,6,0,1
C04202,2025,11,November,7,8,0,1
C04203,2024,8,August,1,0,1,0
C04203,2024,11,November,2,1,0,0
C04203,2024,12,December,3,2,0,1
C04203,2025,8,August,4,3,0,1
C04203,2025,12,December,5,4,0,1
C04204,2024,8,August,1,1,1,0
C04204,2025,3,March,2,2,0,1
C04204,2025,7,July,3,4,0,1
C04204,2025,8,August,5,5,0,1
C04205,2025,8,August,1,1,1,0
C04206,2024,7,July,1,0,1,0
C04206,2024,9,September,2,1,0,0
C04206,2025,1,January,3,3,0,1
C04206,2025,4,April,5,5,0,1
C04207,2025,3,March,1,1,1,0
C04207,2025,5,May,2,2,0,1
C04207,2025,10,October,3,3,0,1
C04207,2025,11,November,4,5,0,1
C04208,2024,8,August,1,1,1,0
C04208,2025,7,July,2,2,0,1
C04208,2025,11,November,3,3,0,1
C04209,2024,9,September,1,1,1,0
C04209,2025,4,April,2,2,0,1
C04209,2025,6,June,3,3,0,1
C04210,2024,11,November,1,0,1,0
C04210,2025,9,September,2,1,0,0
C04210,2025,10,October,3,1,0,0
C04210,2025,11,November,4,2,0,1
C04211,2024,8,August,1,1,1,0
C04211,2025,1,January,2,2,0,1
C04212,2024,8,August,1,1,1,0
C04212,2024,10,October,2,2,0,1
C04212,2025,4,April,3,3,0,1
C04212,2025,5,May,4,4,0,1
C04212,2025,6,June,6,5,0,1
C04212,2025,7,July,7,5,0,1
C04212,2025,8,August,8,6,0,1
C04212,2025,11,November,9,6,0,1
C04212,2025,12,December,10,7,0,1
C04213,2024,8,August,1,0,1,0
C04213,2024,10,October,3,1,0,0
C04213,2025,3,March,4,2,0,1
C04213,2025,4,April,5,3,0,1
C04213,2025,12,December,6,4,0,1
C04214,2024,7,July,1,1,1,0
C04214,2024,9,September,2,2,0,1
C04214,2024,10,October,3,3,0,1
C04214,2025,6,June,4,3,0,1
C04214,2025,7,July,5,4,0,1
C04214,2025,8,August,7,6,0,1
C04214,2025,9,September,10,6,0,1
C04214,2025,12,December,11,7,0,1
C04215,2024,9,September,1,0,1,0
C04215,2025,2,February,2,1,0,0
C04215,2025,5,May,3,2,0,1
C04215,2025,8,August,4,2,0,1
C04215,2025,11,November,5,4,0,1
C04216,2025,5,May,1,1,1,0
C04216,2025,9,September,2,2,0,1
C04217,2024,12,December,1,1,1,0
C04217,2025,2,February,2,2,0,1
C04217,2025,10,October,3,3,0,1
C04218,2024,10,October,1,1,1,0
C04218,2025,12,December,2,2,0,1
C04219,2024,10,October,1,1,1,0
C04219,2025,7,July,2,2,0,1
C04220,2024,8,August,1,1,1,0
C04220,2025,4,April,2,2,0,1
C04221,2024,10,October,1,1,1,0
C04221,2025,2,February,2,2,0,1
C04222,2024,8,August,1,1,1,0
C04222,2024,12,December,2,2,0,1
C04222,2025,10,October,3,3,0,1
C04223,2025,7,July,1,1,1,0
C04223,2025,9,September,2,2,0,1
C04224,2024,11,November,1,1,1,0
C04224,2025,6,June,2,2,0,1
C04225,2024,9,September,1,0,1,0
C04225,2024,11,November,2,0,0,0
C04228,2024,9,September,1,0,1,0
C04228,2024,10,October,2,1,0,0
C04228,2024,11,November,3,2,0,1
C04228,2024,12,December,4,2,0,1
C04228,2025,5,May,5,3,0,1
C04228,2025,6,June,6,3,0,1
C04230,2024,11,November,1,1,1,0
C04230,2025,12,December,2,2,0,1
C04231,2024,7,July,1,1,1,0
C04231,2024,11,November,2,1,0,0
C04231,2025,3,March,3,2,0,1
C04231,2025,8,August,4,2,0,1
C04232,2025,1,January,1,0,1,0
C04232,2025,10,October,2,1,0,0
C04233,2024,9,September,1,1,1,0
C04234,2024,12,December,1,1,1,0
C04234,2025,4,April,2,2,0,1
C04234,2025,5,May,3,3,0,1
C04234,2025,9,September,4,5,0,1
C04234,2025,10,October,6,6,0,1
C04234,2025,11,November,7,7,0,1
C04234,2025,12,December,8,8,0,1
C04235,2024,7,July,1,1,1,0
C04235,2024,11,November,2,2,0,1
C04235,2024,12,December,3,3,0,1
C04235,2025,1,January,4,3,0,1
C04235,2025,2,February,5,4,0,1
C04235,2025,8,August,6,5,0,1
C04235,2025,9,September,7,6,0,1
C04235,2025,10,October,8,8,0,1
C04236,2024,10,October,1,1,1,0
C04236,2024,12,December,2,1,0,0
C04237,2024,7,July,1,1,1,0
C04237,2025,4,April,2,3,0,1
C04238,2024,10,October,1,1,1,0
C04238,2025,1,January,2,2,0,1
C04239,2024,9,September,1,1,1,0
C04239,2025,1,January,2,2,0,1
C04239,2025,10,October,3,3,0,1
C04239,2025,11,November,4,4,0,1
C04240,2024,9,September,1,1,1,0
C04240,2024,10,October,2,2,0,1
C04240,2024,11,November,3,2,0,1
C04241,2024,7,July,1,0,1,0
C04241,2024,8,August,2,1,0,0
C04241,2025,7,July,3,2,0,1
C04241,2025,9,September,4,3,0,1
C04241,2025,11,November,5,3,0,1
C04241,2025,12,December,6,4,0,1
C04243,2024,8,August,1,0,1,0
C04243,2024,9,September,2,0,0,0
C04243,2025,1,January,3,1,0,0
C04243,2025,2,February,5,2,0,1
C04243,2025,6,June,6,4,0,1
C04243,2025,9,September,8,6,0,1
C04244,2025,8,August,1,1,1,0
C04245,2025,11,November,1,2,0,1
C04246,2024,11,November,1,1,1,0
C04246,2025,1,January,2,2,0,1
C04246,2025,3,March,3,3,0,1
C04246,2025,4,April,4,5,0,1
C04246,2025,8,August,6,6,0,1
C04246,2025,9,September,7,7,0,1
C04246,2025,10,October,8,8,0,1
C04246,2025,11,November,9,9,0,1
C04247,2024,9,September,1,0,1,0
C04247,2024,12,December,2,1,0,0
C04247,2025,2,February,3,2,0,1
C04247,2025,3,March,4,2,0,1
C04247,2025,8,August,5,2,0,1
C04247,2025,9,September,6,3,0,1
C04248,2025,2,February,1,0,1,0
C04248,2025,7,July,2,1,0,0
C04248,2025,8,August,3,2,0,1
C04249,2025,10,October,1,1,1,0
C04249,2025,11,November,2,1,0,0
C04250,2024,11,November,1,0,1,0
C04250,2024,12,December,2,1,0,0
C04250,2025,2,February,3,2,0,1
C04250,2025,4,April,4,3,0,1
C04250,2025,12,December,5,3,0,1
C04251,2024,11,November,1,1,1,0
C04251,2025,1,January,2,2,0,1
C04251,2025,5,May,3,3,0,1
C04251,2025,7,July,4,4,0,1
C04251,2025,9,September,5,5,0,1
C04251,2025,12,December,6,6,0,1
C04252,2024,7,July,1,0,1,0
C04252,2024,8,August,2,1,0,0
C04252,2024,10,October,3,3,0,1
C04252,2024,11,November,5,3,0,1
C04252,2025,6,June,6,5,0,1
C04252,2025,7,July,8,6,0,1
C04252,2025,8,August,9,6,0,1
C04252,2025,10,October,10,7,0,1
C04253,2024,10,October,1,1,1,0
C04253,2024,11,November,2,2,0,1
C04253,2025,4,April,3,3,0,1
C04253,2025,6,June,4,4,0,1
C04254,2024,11,November,1,1,1,0
C04254,2025,4,April,2,2,0,1
C04254,2025,7,July,3,2,0,1
C04255,2024,9,September,1,0,1,0
C04255,2024,11,November,2,1,0,0
C04255,2025,2,February,3,3,0,1
C04255,2025,3,March,5,5,0,1
C04255,2025,4,April,7,6,0,1
C04255,2025,8,August,9,7,0,1
C04255,2025,9,September,10,7,0,1
C04255,2025,12,December,11,8,0,1
C04256,2024,9,September,1,2,0,1
C04256,2025,1,January,3,3,0,1
C04256,2025,2,February,4,3,0,1
C04256,2025,3,March,5,5,0,1
C04256,2025,7,July,7,6,0,1
C04256,2025,11,November,8,7,0,1
C04257,2025,1,January,1,1,1,0
C04257,2025,6,June,2,2,0,1
C04257,2025,7,July,3,3,0,1
C04257,2025,8,August,4,4,0,1
C04258,2024,7,July,1,1,1,0
C04258,2024,8,August,2,1,0,0
C04258,2024,12,December,4,3,0,1
C04258,2025,5,May,6,4,0,1
C04258,2025,7,July,7,5,0,1
C04258,2025,8,August,8,6,0,1
C04258,2025,9,September,9,6,0,1
C04259,2025,12,December,1,1,1,0
C04260,2024,12,December,1,1,1,0
C04260,2025,4,April,3,2,0,1
C04260,2025,8,August,4,2,0,1
C04260,2025,9,September,6,3,0,1
C04260,2025,10,October,7,4,0,1
C04261,2024,7,July,1,1,1,0
C04261,2024,12,December,4,2,0,1
C04261,2025,4,April,5,2,0,1
C04261,2025,11,November,6,2,0,1
C04262,2024,10,October,1,1,1,0
C04262,2025,7,July,2,2,0,1
C04263,2024,11,November,1,1,1,0
C04263,2025,3,March,2,2,0,1
C04263,2025,7,July,3,3,0,1
C04263,2025,10,October,4,4,0,1
C04264,2025,6,June,1,1,1,0
C04264,2025,7,July,2,2,0,1
C04265,2025,12,December,1,1,1,0
C04266,2024,11,November,1,1,1,0
C04266,2025,6,June,2,2,0,1
C04267,2024,8,August,1,1,1,0
C04267,2024,9,September,2,3,0,1
C04267,2024,10,October,4,4,0,1
C04267,2024,12,December,5,5,0,1
C04267,2025,1,January,6,5,0,1
C04267,2025,8,August,7,6,0,1
C04267,2025,12,December,8,7,0,1
C04268,2024,12,December,1,0,1,0
C04268,2025,4,April,2,1,0,0
C04269,2024,7,July,1,1,1,0
C04269,2024,8,August,2,1,0,0
C04269,2025,7,July,3,2,0,1
C04269,2025,11,November,4,3,0,1
C04269,2025,12,December,5,4,0,1
C04270,2024,7,July,1,1,1,0
C04270,2024,9,September,2,2,0,1
C04270,2024,10,October,3,4,0,1
C04270,2025,1,January,5,6,0,1
C04270,2025,5,May,7,7,0,1
C04271,2024,7,July,1,1,1,0
C04271,2024,11,November,3,2,0,1
C04271,2024,12,December,4,3,0,1
C04271,2025,9,September,5,4,0,1
C04271,2025,10,October,6,5,0,1
C04272,2024,7,July,1,1,1,0
C04272,2025,8,August,2,2,0,1
C04272,2025,9,September,3,3,0,1
C04272,2025,12,December,4,4,0,1
C04273,2025,2,February,1,0,1,0
C04273,2025,9,September,2,1,0,0
C04274,2025,4,April,1,0,1,0
C04274,2025,8,August,2,1,0,0
C04275,2025,3,March,1,1,1,0
C04275,2025,5,May,2,2,0,1
C04275,2025,10,October,3,2,0,1
C04276,2024,7,July,1,1,1,0
C04276,2024,11,November,2,2,0,1
C04277,2025,6,June,1,1,1,0
C04278,2024,8,August,1,1,1,0
C04278,2025,5,May,2,2,0,1
C04279,2024,11,November,1,1,1,0
C04279,2025,5,May,2,2,0,1
C04279,2025,6,June,3,3,0,1
C04279,2025,9,September,4,4,0,1
C04279,2025,10,October,5,5,0,1
C04279,2025,12,December,6,6,0,1
C04280,2025,3,March,1,1,1,0
C04280,2025,5,May,2,1,0,0
C04282,2024,12,December,1,1,1,0
C04283,2024,9,September,1,1,1,0
C04283,2024,12,December,2,2,0,1
C04283,2025,1,January,3,3,0,1
C04283,2025,2,February,4,4,0,1
C04283,2025,5,May,5,5,0,1
C04283,2025,9,September,6,6,0,1
C04283,2025,10,October,7,7,0,1
C04283,2025,11,November,8,8,0,1
C04284,2025,7,July,1,2,0,1
C04284,2025,11,November,3,3,0,1
C04286,2025,1,January,1,1,1,0
C04286,2025,9,September,2,2,0,1
C04287,2024,8,August,1,0,1,0
C04287,2025,3,March,2,1,0,0
C04287,2025,5,May,3,2,0,1
C04287,2025,8,August,4,2,0,1
C04287,2025,12,December,5,2,0,1
C04289,2024,7,July,1,1,1,0
C04289,2024,11,November,3,2,0,1
C04289,2025,7,July,4,2,0,1
C04289,2025,10,October,5,3,0,1
C04290,2024,8,August,1,1,1,0
C04290,2024,9,September,2,2,0,1
C04290,2024,12,December,3,2,0,1
C04290,2025,2,February,4,4,0,1
C04290,2025,4,April,6,5,0,1
C04290,2025,5,May,7,6,0,1
C04290,2025,8,August,8,7,0,1
C04290,2025,10,October,9,8,0,1
C04291,2025,1,January,1,1,1,0
C04291,2025,11,November,2,2,0,1
C04292,2024,8,August,1,1,1,0
C04292,2024,10,October,2,2,0,1
C04292,2025,1,January,3,2,0,1
C04292,2025,11,November,4,3,0,1
C04293,2024,8,August,1,1,1,0
C04293,2024,10,October,2,2,0,1
C04293,2025,1,January,3,3,0,1
C04293,2025,7,July,4,4,0,1
C04293,2025,8,August,5,5,0,1
C04293,2025,10,October,6,6,0,1
C04293,2025,12,December,7,7,0,1
C04294,2024,8,August,1,1,1,0
C04294,2025,1,January,3,2,0,1
C04294,2025,7,July,4,2,0,1
C04295,2025,11,November,1,1,1,0
C04296,2024,9,September,1,0,1,0
C04296,2025,11,November,2,1,0,0
C04297,2024,8,August,1,1,1,0
C04297,2024,9,September,3,2,0,1
C04297,2025,1,January,4,3,0,1
C04297,2025,2,February,5,4,0,1
C04297,2025,3,March,6,5,0,1
C04297,2025,8,August,7,6,0,1
C04297,2025,10,October,8,8,0,1
C04297,2025,11,November,10,9,0,1
C04298,2024,10,October,1,0,1,0
C04299,2024,8,August,1,1,1,0
C04299,2024,10,October,2,1,0,0
C04299,2025,8,August,3,2,0,1
C04300,2024,11,November,1,1,1,0
C04300,2025,3,March,2,2,0,1
C04301,2024,11,November,1,1,1,0
C04301,2025,1,January,2,2,0,1
C04302,2024,12,December,1,1,1,0
C04303,2025,10,October,1,1,1,0
C04304,2025,3,March,1,1,1,0
C04304,2025,4,April,2,2,0,1
C04304,2025,7,July,3,3,0,1
C04304,2025,8,August,4,4,0,1
C04304,2025,12,December,5,5,0,1
C04305,2024,7,July,1,1,1,0
C04305,2025,4,April,2,2,0,1
C04305,2025,8,August,3,3,0,1
C04306,2024,7,July,1,1,1,0
C04306,2024,9,September,2,2,0,1
C04306,2024,11,November,3,3,0,1
C04306,2024,12,December,5,5,0,1
C04306,2025,3,March,7,6,0,1
C04306,2025,9,September,8,7,0,1
C04307,2024,7,July,1,1,1,0
C04307,2025,2,February,3,1,0,0
C04307,2025,4,April,4,2,0,1
C04308,2024,8,August,1,2,0,1
C04308,2025,1,January,3,2,0,1
C04308,2025,8,August,4,3,0,1
C04309,2024,7,July,1,1,1,0
C04309,2024,10,October,2,1,0,0
C04309,2024,12,December,3,3,0,1
C04309,2025,3,March,5,4,0,1
C04309,2025,11,November,6,5,0,1
C04310,2024,7,July,1,1,1,0
C04310,2025,4,April,2,2,0,1
C04310,2025,7,July,3,3,0,1
C04310,2025,10,October,4,5,0,1
C04311,2024,7,July,1,1,1,0
C04311,2025,10,October,2,1,0,0
C04311,2025,12,December,3,2,0,1
C04312,2025,8,August,1,1,1,0
C04312,2025,10,October,2,1,0,0
C04313,2024,8,August,1,0,1,0
C04313,2024,9,September,2,1,0,0
C04313,2024,11,November,3,2,0,1
C04313,2024,12,December,4,2,0,1
C04313,2025,3,March,5,4,0,1
C04313,2025,4,April,7,5,0,1
C04313,2025,7,July,8,6,0,1
C04313,2025,8,August,9,7,0,1
C04313,2025,12,December,10,8,0,1
C04314,2025,12,December,1,1,1,0
C04315,2024,9,September,1,0,1,0
C04315,2024,10,October,2,1,0,0
C04315,2024,11,November,3,2,0,1
C04315,2024,12,December,4,3,0,1
C04315,2025,1,January,5,5,0,1
C04316,2024,9,September,1,1,1,0
C04316,2024,12,December,2,2,0,1
C04316,2025,8,August,3,3,0,1
C04316,2025,9,September,4,3,0,1
C04317,2024,7,July,1,1,1,0
C04317,2024,9,September,2,2,0,1
C04317,2024,11,November,3,3,0,1
C04317,2025,1,January,4,4,0,1
C04317,2025,6,June,5,4,0,1
C04317,2025,11,November,6,5,0,1
C04318,2024,10,October,1,0,1,0
C04318,2025,6,June,2,0,0,0
C04318,2025,9,September,3,1,0,0
C04319,2025,2,February,1,1,1,0
C04319,2025,11,November,2,2,0,1
C04320,2024,10,October,1,1,1,0
C04320,2025,9,September,3,1,0,0
C04321,2024,7,July,1,1,1,0
C04321,2024,11,November,2,1,0,0
C04321,2024,12,December,3,2,0,1
C04321,2025,1,January,4,3,0,1
C04321,2025,2,February,5,4,0,1
C04321,2025,9,September,6,5,0,1
C04322,2024,7,July,1,1,1,0
C04322,2024,8,August,2,2,0,1
C04322,2025,8,August,3,3,0,1
C04323,2024,7,July,1,1,1,0
C04323,2024,10,October,2,2,0,1
C04323,2025,2,February,3,2,0,1
C04323,2025,4,April,4,3,0,1
C04323,2025,6,June,5,4,0,1
C04323,2025,12,December,6,5,0,1
C04324,2024,7,July,1,0,1,0
C04324,2024,11,November,2,1,0,0
C04324,2024,12,December,3,2,0,1
C04324,2025,2,February,4,3,0,1
C04324,2025,8,August,5,3,0,1
C04324,2025,11,November,6,4,0,1
C04325,2024,7,July,1,2,0,1
C04325,2024,8,August,3,3,0,1
C04325,2025,4,April,4,4,0,1
C04326,2024,11,November,1,1,1,0
C04326,2025,10,October,2,2,0,1
C04326,2025,12,December,3,3,0,1
C04327,2025,3,March,1,1,1,0
C04328,2024,10,October,1,1,1,0
C04329,2024,11,November,1,1,1,0
C04329,2025,2,February,2,2,0,1
C04329,2025,11,November,3,3,0,1
C04330,2024,9,September,1,1,1,0
C04333,2025,2,February,1,1,1,0
C04333,2025,3,March,2,2,0,1
C04333,2025,4,April,3,3,0,1
C04333,2025,5,May,4,4,0,1
C04334,2025,6,June,1,1,1,0
C04335,2024,8,August,1,1,1,0
C04335,2024,9,September,2,2,0,1
C04335,2024,11,November,3,3,0,1
C04335,2025,2,February,4,4,0,1
C04335,2025,9,September,5,5,0,1
C04336,2024,10,October,1,1,1,0
C04336,2025,6,June,3,1,0,0
C04337,2025,7,July,1,0,1,0
C04337,2025,12,December,2,1,0,0
C04338,2024,11,November,1,0,1,0
C04338,2025,3,March,2,1,0,0
C04338,2025,9,September,3,2,0,1
C04339,2024,7,July,1,2,0,1
C04339,2024,8,August,3,3,0,1
C04339,2024,10,October,4,4,0,1
C04339,2024,11,November,5,5,0,1
C04339,2025,2,February,6,6,0,1
C04339,2025,9,September,7,7,0,1
C04339,2025,10,October,8,8,0,1
C04340,2025,6,June,1,1,1,0
C04340,2025,8,August,2,2,0,1
C04341,2025,9,September,1,1,1,0
C04342,2024,10,October,1,1,1,0
C04342,2024,11,November,2,2,0,1
C04342,2025,3,March,3,3,0,1
C04342,2025,8,August,4,4,0,1
C04343,2025,1,January,1,1,1,0
C04343,2025,3,March,2,2,0,1
C04343,2025,11,November,3,3,0,1
C04343,2025,12,December,4,3,0,1
C04344,2024,8,August,1,1,1,0
C04344,2024,9,September,2,2,0,1
C04344,2025,5,May,3,2,0,1
C04344,2025,7,July,4,3,0,1
C04344,2025,10,October,5,3,0,1
C04345,2025,5,May,1,2,0,1
C04345,2025,7,July,3,3,0,1
C04346,2025,1,January,1,1,1,0
C04346,2025,3,March,2,1,0,0
C04347,2025,4,April,1,1,1,0
C04347,2025,5,May,2,1,0,0
C04347,2025,6,June,3,2,0,1
C04347,2025,11,November,4,2,0,1
C04348,2025,3,March,1,1,1,0
C04348,2025,4,April,2,3,0,1
C04348,2025,7,July,4,3,0,1
C04348,2025,11,November,5,4,0,1
C04348,2025,12,December,6,5,0,1
C04349,2024,12,December,1,1,1,0
C04349,2025,1,January,2,2,0,1
C04349,2025,4,April,3,3,0,1
C04351,2024,11,November,1,1,1,0
C04351,2025,4,April,2,2,0,1
C04351,2025,10,October,3,3,0,1
C04352,2024,10,October,1,1,1,0
C04352,2024,11,November,2,2,0,1
C04352,2025,4,April,3,3,0,1
C04352,2025,6,June,4,4,0,1
C04352,2025,12,December,5,5,0,1
C04353,2024,9,September,1,1,1,0
C04354,2025,6,June,1,1,1,0
C04354,2025,9,September,2,2,0,1
C04354,2025,12,December,3,3,0,1
C04355,2024,9,September,1,0,1,0
C04355,2024,10,October,2,0,0,0
C04355,2025,3,March,3,2,0,1
C04355,2025,7,July,5,3,0,1
C04356,2024,9,September,1,1,1,0
C04356,2024,12,December,2,3,0,1
C04356,2025,2,February,4,4,0,1
C04356,2025,8,August,5,4,0,1
C04356,2025,9,September,6,5,0,1
C04356,2025,11,November,7,7,0,1
C04357,2025,7,July,1,1,1,0
C04357,2025,11,November,2,2,0,1
C04357,2025,12,December,3,2,0,1
C04358,2025,1,January,1,1,1,0
C04358,2025,4,April,2,2,0,1
C04358,2025,11,November,3,4,0,1
C04359,2024,8,August,1,1,1,0
C04359,2025,4,April,2,2,0,1
C04360,2024,7,July,1,1,1,0
C04360,2024,9,September,2,2,0,1
C04360,2024,12,December,3,3,0,1
C04360,2025,4,April,5,4,0,1
C04360,2025,6,June,6,5,0,1
C04360,2025,10,October,7,8,0,1
C04361,2024,12,December,1,1,1,0
C04361,2025,3,March,2,1,0,0
C04361,2025,12,December,3,2,0,1
C04362,2024,9,September,1,0,1,0
C04362,2025,4,April,2,1,0,0
C04363,2025,7,July,1,0,1,0
C04364,2024,7,July,1,1,1,0
C04364,2024,10,October,2,2,0,1
C04364,2025,6,June,3,3,0,1
C04364,2025,7,July,4,4,0,1
C04365,2024,7,July,1,1,1,0
C04366,2024,12,December,1,0,1,0
C04366,2025,12,December,2,0,0,0
C04367,2024,9,September,1,1,1,0
C04367,2025,1,January,2,2,0,1
C04367,2025,12,December,3,2,0,1
C04368,2024,8,August,1,1,1,0
C04368,2024,9,September,2,2,0,1
C04368,2025,3,March,3,3,0,1
C04368,2025,5,May,4,4,0,1
C04368,2025,7,July,5,5,0,1
C04368,2025,9,September,6,6,0,1
C04369,2024,7,July,1,0,1,0
C04369,2025,10,October,2,1,0,0
C04370,2025,12,December,1,1,1,0
C04371,2025,2,February,1,1,1,0
C04371,2025,3,March,2,1,0,0
C04371,2025,5,May,3,3,0,1
C04371,2025,6,June,6,3,0,1
C04372,2025,6,June,1,1,1,0
C04373,2024,9,September,1,0,1,0
C04373,2025,2,February,2,1,0,0
C04373,2025,7,July,3,1,0,0
C04373,2025,10,October,4,2,0,1
C04374,2024,8,August,1,1,1,0
C04375,2025,7,July,1,1,1,0
C04375,2025,12,December,2,1,0,0
C04376,2025,3,March,1,1,1,0
C04376,2025,4,April,2,1,0,0
C04377,2024,9,September,1,1,1,0
C04378,2024,9,September,1,1,1,0
C04378,2024,11,November,2,2,0,1
C04378,2025,7,July,3,3,0,1
C04379,2024,12,December,1,1,1,0
C04379,2025,6,June,2,2,0,1
C04379,2025,11,November,3,2,0,1
C04380,2024,7,July,1,1,1,0
C04380,2024,8,August,2,2,0,1
C04380,2024,10,October,3,3,0,1
C04380,2024,11,November,4,5,0,1
C04380,2024,12,December,6,5,0,1
C04380,2025,1,January,7,6,0,1
C04380,2025,2,February,8,7,0,1
C04380,2025,5,May,9,8,0,1
C04380,2025,6,June,10,9,0,1
C04380,2025,10,October,11,10,0,1
C04380,2025,11,November,12,11,0,1
C04381,2025,3,March,1,1,1,0
C04381,2025,7,July,2,2,0,1
C04381,2025,9,September,3,3,0,1
C04382,2024,10,October,1,1,1,0
C04382,2025,2,February,2,2,0,1
C04382,2025,5,May,3,3,0,1
C04382,2025,7,July,4,5,0,1
C04383,2024,9,September,1,0,1,0
C04383,2025,4,April,2,1,0,0
C04383,2025,5,May,4,2,0,1
C04383,2025,6,June,5,3,0,1
C04383,2025,8,August,6,4,0,1
C04383,2025,10,October,7,5,0,1
C04383,2025,11,November,8,7,0,1
C04383,2025,12,December,10,8,0,1
C04384,2024,9,September,1,0,1,0
C04384,2024,10,October,2,1,0,0
C04384,2024,12,December,3,3,0,1
C04384,2025,1,January,5,4,0,1
C04384,2025,3,March,6,5,0,1
C04384,2025,6,June,7,5,0,1
C04384,2025,7,July,8,6,0,1
C04384,2025,9,September,9,6,0,1
C04384,2025,11,November,10,7,0,1
C04385,2025,1,January,1,1,1,0
C04385,2025,6,June,2,2,0,1
C04386,2025,3,March,1,2,0,1
C04386,2025,5,May,3,3,0,1
C04386,2025,7,July,4,4,0,1
C04386,2025,10,October,5,5,0,1
C04386,2025,11,November,6,7,0,1
C04387,2025,1,January,1,1,1,0
C04387,2025,4,April,2,2,0,1
C04388,2024,11,November,1,1,1,0
C04388,2024,12,December,2,2,0,1
C04388,2025,1,January,3,3,0,1
C04388,2025,2,February,4,4,0,1
C04388,2025,3,March,5,5,0,1
C04388,2025,4,April,6,5,0,1
C04388,2025,6,June,7,6,0,1
C04389,2025,4,April,1,0,1,0
C04389,2025,8,August,2,1,0,0
C04390,2024,9,September,1,0,1,0
C04390,2024,10,October,2,1,0,0
C04390,2025,4,April,3,2,0,1
C04390,2025,7,July,4,3,0,1
C04391,2024,7,July,1,2,0,1
C04391,2024,9,September,3,3,0,1
C04391,2025,8,August,4,4,0,1
C04391,2025,11,November,5,5,0,1
C04392,2024,7,July,1,1,1,0
C04392,2025,2,February,2,2,0,1
C04392,2025,10,October,3,3,0,1
C04393,2025,1,January,1,1,1,0
C04393,2025,11,November,2,2,0,1
C04394,2024,8,August,1,1,1,0
C04394,2024,9,September,3,2,0,1
C04394,2024,11,November,4,3,0,1
C04394,2024,12,December,5,3,0,1
C04394,2025,6,June,6,4,0,1
C04394,2025,7,July,7,5,0,1
C04394,2025,8,August,8,5,0,1
C04394,2025,10,October,9,6,0,1
C04394,2025,12,December,10,6,0,1
C04395,2024,8,August,1,1,1,0
C04395,2025,10,October,2,1,0,0
C04396,2025,1,January,1,1,1,0
C04396,2025,3,March,2,2,0,1
C04396,2025,5,May,3,3,0,1
C04397,2024,10,October,1,2,0,1
C04397,2024,11,November,3,3,0,1
C04397,2025,1,January,4,4,0,1
C04397,2025,7,July,5,4,0,1
C04397,2025,8,August,6,6,0,1
C04397,2025,11,November,8,7,0,1
C04398,2024,8,August,1,1,1,0
C04398,2025,3,March,2,2,0,1
C04399,2025,6,June,1,1,1,0
C04400,2025,1,January,1,1,1,0
C04400,2025,2,February,3,2,0,1
C04400,2025,5,May,4,3,0,1
C04400,2025,9,September,5,4,0,1
C04400,2025,10,October,6,5,0,1
C04401,2025,1,January,1,1,1,0
C04401,2025,4,April,2,1,0,0
C04402,2024,12,December,1,0,1,0
C04402,2025,7,July,2,1,0,0
C04402,2025,9,September,3,2,0,1
C04403,2024,7,July,1,0,1,0
C04403,2024,9,September,2,1,0,0
C04403,2025,1,January,4,2,0,1
C04403,2025,8,August,5,3,0,1
C04404,2024,9,September,1,1,1,0
C04404,2024,11,November,2,2,0,1
C04404,2025,1,January,3,3,0,1
C04404,2025,7,July,4,5,0,1
C04404,2025,8,August,6,6,0,1
C04404,2025,9,September,7,7,0,1
C04405,2024,7,July,1,1,1,0
C04405,2024,8,August,2,2,0,1
C04405,2024,9,September,3,2,0,1
C04405,2024,11,November,4,3,0,1
C04405,2025,1,January,5,4,0,1
C04405,2025,3,March,6,5,0,1
C04405,2025,5,May,7,6,0,1
C04406,2024,7,July,1,1,1,0
C04406,2025,7,July,2,1,0,0
C04406,2025,11,November,3,2,0,1
C04407,2025,1,January,1,1,1,0
C04408,2024,9,September,1,1,1,0
C04408,2025,1,January,2,1,0,0
C04408,2025,4,April,3,3,0,1
C04408,2025,6,June,5,4,0,1
C04408,2025,9,September,6,5,0,1
C04409,2025,6,June,1,1,1,0
C04410,2024,11,November,1,1,1,0
C04410,2025,8,August,2,2,0,1
C04410,2025,10,October,3,2,0,1
C04411,2025,5,May,1,1,1,0
C04411,2025,7,July,2,2,0,1
C04412,2024,11,November,1,0,1,0
C04412,2025,5,May,2,1,0,0
C04412,2025,9,September,3,2,0,1
C04412,2025,11,November,4,2,0,1
C04413,2024,7,July,1,1,1,0
C04413,2024,12,December,2,2,0,1
C04413,2025,10,October,3,3,0,1
C04413,2025,11,November,4,4,0,1
C04414,2024,7,July,1,1,1,0
C04414,2025,1,January,2,2,0,1
C04414,2025,6,June,3,2,0,1
C04414,2025,9,September,4,3,0,1
C04414,2025,10,October,5,4,0,1
C04415,2025,4,April,1,1,1,0
C04415,2025,6,June,2,2,0,1
C04416,2025,8,August,1,0,1,0
C04416,2025,12,December,2,1,0,0
C04417,2024,8,August,1,1,1,0
C04417,2024,12,December,2,2,0,1
C04417,2025,1,January,3,3,0,1
C04417,2025,5,May,4,4,0,1
C04417,2025,8,August,5,4,0,1
C04417,2025,9,September,6,5,0,1
C04418,2024,7,July,1,1,1,0
C04419,2025,2,February,1,1,1,0
C04419,2025,8,August,2,2,0,1
C04420,2024,8,August,1,1,1,0
C04420,2024,9,September,2,2,0,1
C04420,2025,7,July,3,3,0,1
C04421,2024,11,November,1,1,1,0
C04421,2025,1,January,2,2,0,1
C04421,2025,6,June,3,2,0,1
C04421,2025,9,September,4,3,0,1
C04421,2025,12,December,5,3,0,1
C04422,2024,8,August,1,1,1,0
C04422,2024,9,September,2,2,0,1
C04422,2025,6,June,4,3,0,1
C04423,2025,1,January,1,1,1,0
C04423,2025,8,August,2,2,0,1
C04423,2025,10,October,3,3,0,1
C04423,2025,12,December,4,4,0,1
C04424,2025,7,July,1,0,1,0
C04425,2025,3,March,1,2,0,1
C04425,2025,6,June,3,3,0,1
C04425,2025,8,August,4,5,0,1
C04425,2025,12,December,6,5,0,1
C04426,2024,8,August,1,1,1,0
C04426,2024,11,November,2,3,0,1
C04426,2024,12,December,4,4,0,1
C04426,2025,3,March,6,4,0,1
C04426,2025,5,May,7,5,0,1
C04426,2025,7,July,9,6,0,1
C04426,2025,8,August,10,7,0,1
C04426,2025,12,December,12,8,0,1
C04427,2024,7,July,1,1,1,0
C04427,2025,7,July,2,2,0,1
C04427,2025,12,December,3,3,0,1
C04428,2024,12,December,1,0,1,0
C04428,2025,3,March,2,1,0,0
C04428,2025,8,August,3,2,0,1
C04428,2025,9,September,4,3,0,1
C04428,2025,10,October,5,5,0,1
C04429,2025,2,February,1,1,1,0
C04429,2025,12,December,2,2,0,1
C04430,2024,7,July,1,0,1,0
C04430,2025,3,March,2,0,0,0
C04430,2025,4,April,3,1,0,0
C04431,2024,10,October,1,1,1,0
C04432,2024,7,July,1,1,1,0
C04432,2025,4,April,2,2,0,1
C04432,2025,5,May,3,3,0,1
C04432,2025,10,October,4,4,0,1
C04432,2025,11,November,5,4,0,1
C04432,2025,12,December,6,5,0,1
C04433,2024,8,August,1,1,1,0
C04434,2024,12,December,1,1,1,0
C04434,2025,8,August,2,1,0,0
C04435,2024,10,October,1,1,1,0
C04435,2024,12,December,2,2,0,1
C04435,2025,1,January,3,3,0,1
C04435,2025,2,February,4,5,0,1
C04435,2025,11,November,6,6,0,1
C04436,2024,10,October,1,1,1,0
C04436,2025,1,January,2,2,0,1
C04436,2025,3,March,3,2,0,1
C04436,2025,4,April,4,3,0,1
C04436,2025,7,July,5,4,0,1
C04436,2025,8,August,7,6,0,1
C04436,2025,12,December,9,7,0,1
C04437,2025,8,August,1,1,1,0
C04438,2025,2,February,1,0,1,0
C04439,2024,8,August,1,1,1,0
C04439,2024,9,September,2,2,0,1
C04439,2025,3,March,3,3,0,1
C04439,2025,9,September,4,4,0,1
C04440,2025,1,January,1,0,1,0
C04440,2025,3,March,2,1,0,0
C04441,2025,8,August,1,1,1,0
C04441,2025,10,October,2,2,0,1
C04443,2025,7,July,1,0,1,0
C04443,2025,8,August,2,1,0,0
C04444,2024,9,September,1,1,1,0
C04444,2025,6,June,2,1,0,0
C04444,2025,7,July,3,2,0,1
C04445,2024,7,July,1,0,1,0
C04445,2025,3,March,2,1,0,0
C04445,2025,5,May,3,1,0,0
C04445,2025,6,June,4,2,0,1
C04445,2025,12,December,5,3,0,1
C04446,2024,8,August,1,1,1,0
C04446,2025,5,May,2,2,0,1
C04447,2024,7,July,1,2,0,1
C04447,2025,2,February,3,3,0,1
C04447,2025,8,August,4,4,0,1
C04447,2025,12,December,5,5,0,1
C04448,2024,8,August,1,1,1,0
C04448,2024,9,September,2,2,0,1
C04448,2024,11,November,3,2,0,1
C04448,2025,2,February,4,3,0,1
C04448,2025,4,April,5,4,0,1
C04448,2025,5,May,6,4,0,1
C04448,2025,6,June,7,5,0,1
C04448,2025,10,October,9,6,0,1
C04448,2025,11,November,10,6,0,1
C04450,2024,10,October,1,1,1,0
C04450,2025,12,December,2,2,0,1
C04451,2025,2,February,1,1,1,0
C04451,2025,4,April,2,2,0,1
C04452,2024,11,November,1,1,1,0
C04452,2024,12,December,2,2,0,1
C04452,2025,3,March,3,2,0,1
C04452,2025,7,July,4,3,0,1
C04453,2024,8,August,1,1,1,0
C04453,2025,10,October,2,2,0,1
C04453,2025,11,November,3,2,0,1
C04454,2024,12,December,1,1,1,0
C04454,2025,6,June,2,2,0,1
C04455,2024,7,July,1,2,0,1
C04455,2025,11,November,3,3,0,1
C04456,2024,8,August,1,1,1,0
C04456,2025,1,January,2,2,0,1
C04456,2025,6,June,3,3,0,1
C04457,2024,7,July,1,1,1,0
C04457,2024,8,August,2,2,0,1
C04457,2025,6,June,3,3,0,1
C04457,2025,7,July,4,4,0,1
C04457,2025,10,October,5,4,0,1
C04458,2024,9,September,1,1,1,0
C04458,2024,12,December,2,2,0,1
C04458,2025,1,January,3,3,0,1
C04459,2025,2,February,1,0,1,0
C04459,2025,12,December,2,1,0,0
C04461,2025,2,February,1,1,1,0
C04461,2025,3,March,2,2,0,1
C04461,2025,4,April,3,3,0,1
C04461,2025,6,June,4,4,0,1
C04461,2025,7,July,5,5,0,1
C04462,2024,7,July,1,1,1,0
C04462,2025,1,January,2,2,0,1
C04462,2025,10,October,3,3,0,1
C04462,2025,11,November,4,3,0,1
C04463,2024,10,October,1,0,1,0
C04463,2024,12,December,2,1,0,0
C04463,2025,3,March,3,2,0,1
C04464,2024,8,August,1,0,1,0
C04464,2025,8,August,2,1,0,0
C04465,2024,9,September,1,1,1,0
C04465,2024,11,November,2,2,0,1
C04465,2025,3,March,3,2,0,1
C04466,2024,11,November,1,1,1,0
C04466,2025,11,November,2,2,0,1
C04467,2024,7,July,1,0,1,0
C04467,2024,10,October,2,0,0,0
C04467,2025,2,February,3,1,0,0
C04467,2025,12,December,4,2,0,1
C04468,2025,2,February,1,1,1,0
C04468,2025,7,July,2,2,0,1
C04469,2024,11,November,1,0,1,0
C04469,2025,1,January,2,1,0,0
C04469,2025,2,February,3,1,0,0
C04470,2025,3,March,1,1,1,0
C04471,2025,5,May,1,1,1,0
C04472,2025,3,March,1,0,1,0
C04473,2024,10,October,1,1,1,0
C04473,2025,4,April,2,2,0,1
C04473,2025,5,May,3,3,0,1
C04473,2025,6,June,4,3,0,1
C04473,2025,10,October,5,4,0,1
C04474,2024,12,December,1,1,1,0
C04474,2025,4,April,2,2,0,1
C04475,2024,10,October,1,1,1,0
C04475,2024,11,November,2,2,0,1
C04475,2025,1,January,3,3,0,1
C04475,2025,6,June,4,4,0,1
C04476,2024,7,July,1,1,1,0
C04476,2024,11,November,2,2,0,1
C04476,2025,1,January,3,3,0,1
C04476,2025,3,March,4,3,0,1
C04476,2025,7,July,5,4,0,1
C04477,2024,8,August,1,0,1,0
C04477,2024,11,November,2,1,0,0
C04477,2025,1,January,3,2,0,1
C04477,2025,2,February,5,4,0,1
C04477,2025,5,May,7,5,0,1
C04477,2025,6,June,8,6,0,1
C04477,2025,10,October,9,6,0,1
C04477,2025,11,November,10,7,0,1
C04478,2025,2,February,1,1,1,0
C04479,2024,12,December,1,1,1,0
C04479,2025,4,April,2,2,0,1
C04479,2025,8,August,3,3,0,1
C04479,2025,9,September,4,4,0,1
C04479,2025,12,December,5,5,0,1
C04480,2025,10,October,1,1,1,0
C04480,2025,12,December,2,1,0,0
C04481,2024,9,September,1,1,1,0
C04481,2024,11,November,2,2,0,1
C04481,2025,8,August,3,3,0,1
C04482,2025,1,January,1,0,1,0
C04482,2025,10,October,2,0,0,0
C04483,2024,12,December,1,0,1,0
C04483,2025,10,October,2,2,0,1
C04484,2024,11,November,1,1,1,0
C04484,2025,3,March,2,2,0,1
C04486,2024,12,December,1,1,1,0
C04486,2025,2,February,2,2,0,1
C04487,2024,7,July,1,2,0,1
C04487,2025,12,December,3,3,0,1
C04488,2024,7,July,1,0,1,0
C04488,2024,9,September,2,1,0,0
C04488,2024,11,November,3,3,0,1
C04488,2025,2,February,5,4,0,1
C04488,2025,6,June,7,4,0,1
C04488,2025,7,July,8,5,0,1
C04489,2024,9,September,1,1,1,0
C04490,2024,7,July,1,1,1,0
C04490,2025,1,January,2,2,0,1
C04490,2025,4,April,3,3,0,1
C04490,2025,8,August,4,5,0,1
C04491,2024,9,September,1,1,1,0
C04491,2024,10,October,2,2,0,1
C04491,2025,1,January,3,2,0,1
C04491,2025,4,April,4,3,0,1
C04491,2025,9,September,5,4,0,1
C04491,2025,10,October,6,5,0,1
C04491,2025,11,November,7,6,0,1
C04492,2025,7,July,1,1,1,0
C04492,2025,11,November,2,1,0,0
C04493,2024,12,December,1,2,0,1
C04493,2025,10,October,3,3,0,1
C04494,2024,10,October,1,1,1,0
C04494,2024,12,December,2,2,0,1
C04495,2025,6,June,1,1,1,0
C04496,2024,11,November,1,1,1,0
C04496,2025,4,April,2,2,0,1
C04496,2025,6,June,3,3,0,1
C04496,2025,11,November,4,4,0,1
C04496,2025,12,December,5,5,0,1
C04498,2025,2,February,1,1,1,0
C04498,2025,6,June,2,1,0,0
C04499,2024,9,September,1,1,1,0
C04500,2024,10,October,1,1,1,0
C04500,2024,11,November,2,2,0,1
C04500,2025,2,February,3,3,0,1
C04501,2024,8,August,1,1,1,0
C04501,2024,11,November,2,2,0,1
C04501,2025,3,March,4,4,0,1
C04501,2025,6,June,6,6,0,1
C04501,2025,8,August,9,7,0,1
C04501,2025,9,September,10,8,0,1
C04501,2025,10,October,11,9,0,1
C04501,2025,12,December,12,10,0,1
C04502,2024,10,October,1,1,1,0
C04502,2024,11,November,2,2,0,1
C04502,2025,1,January,3,3,0,1
C04502,2025,8,August,4,3,0,1
C04503,2024,10,October,1,1,1,0
C04504,2025,8,August,1,2,0,1
C04505,2024,8,August,1,1,1,0
C04505,2025,3,March,3,2,0,1
C04505,2025,7,July,5,4,0,1
C04506,2025,1,January,1,1,1,0
C04506,2025,3,March,2,2,0,1
C04506,2025,5,May,4,3,0,1
C04506,2025,6,June,5,4,0,1
C04507,2024,9,September,1,1,1,0
C04507,2024,10,October,2,2,0,1
C04507,2024,12,December,3,3,0,1
C04507,2025,7,July,4,4,0,1
C04508,2024,7,July,1,1,1,0
C04508,2024,8,August,2,3,0,1
C04508,2024,9,September,4,4,0,1
C04508,2024,11,November,5,5,0,1
C04508,2025,2,February,6,6,0,1
C04508,2025,4,April,7,8,0,1
C04508,2025,6,June,9,8,0,1
C04509,2024,8,August,1,1,1,0
C04509,2024,11,November,2,3,0,1
C04509,2025,1,January,4,3,0,1
C04509,2025,3,March,5,4,0,1
C04510,2025,5,May,1,1,1,0
C04511,2025,2,February,1,1,1,0
C04512,2024,9,September,1,2,0,1
C04512,2024,11,November,3,2,0,1
C04512,2024,12,December,4,3,0,1
C04512,2025,1,January,5,4,0,1
C04512,2025,2,February,6,5,0,1
C04512,2025,4,April,7,6,0,1
C04512,2025,12,December,8,7,0,1
C04513,2024,8,August,1,1,1,0
C04513,2024,10,October,2,1,0,0
C04513,2025,1,January,3,3,0,1
C04513,2025,2,February,5,4,0,1
C04513,2025,3,March,6,5,0,1
C04513,2025,5,May,7,6,0,1
C04513,2025,7,July,8,7,0,1
C04513,2025,8,August,9,8,0,1
C04513,2025,9,September,10,9,0,1
C04513,2025,10,October,11,10,0,1
C04514,2024,7,July,1,1,1,0
C04514,2024,9,September,2,3,0,1
C04514,2024,11,November,4,4,0,1
C04514,2025,10,October,5,5,0,1
C04514,2025,11,November,6,8,0,1
C04514,2025,12,December,9,9,0,1
C04515,2024,8,August,1,1,1,0
C04515,2024,10,October,3,1,0,0
C04515,2025,1,January,4,1,0,0
C04515,2025,2,February,5,2,0,1
C04515,2025,5,May,6,3,0,1
C04515,2025,7,July,7,4,0,1
C04515,2025,9,September,8,5,0,1
C04515,2025,12,December,9,6,0,1
C04516,2025,5,May,1,1,1,0
C04516,2025,8,August,2,1,0,0
C04516,2025,10,October,3,2,0,1
C04516,2025,12,December,4,3,0,1
C04517,2024,8,August,1,1,1,0
C04517,2025,2,February,2,1,0,0
C04517,2025,4,April,3,2,0,1
C04517,2025,8,August,4,2,0,1
C04518,2024,11,November,1,1,1,0
C04518,2025,9,September,2,2,0,1
C04518,2025,12,December,3,3,0,1
C04519,2024,11,November,1,1,1,0
C04519,2025,4,April,3,2,0,1
C04519,2025,5,May,4,3,0,1
C04519,2025,9,September,5,4,0,1
C04519,2025,11,November,6,4,0,1
C04520,2024,8,August,1,0,1,0
C04520,2025,6,June,2,1,0,0
C04520,2025,7,July,3,2,0,1
C04520,2025,10,October,4,3,0,1
C04520,2025,12,December,5,4,0,1
C04521,2024,9,September,1,1,1,0
C04521,2024,10,October,2,2,0,1
C04521,2024,12,December,3,3,0,1
C04521,2025,10,October,4,4,0,1
C04521,2025,11,November,5,4,0,1
C04521,2025,12,December,6,4,0,1
C04523,2024,11,November,1,1,1,0
C04523,2024,12,December,2,1,0,0
C04523,2025,4,April,3,3,0,1
C04523,2025,5,May,5,3,0,1
C04523,2025,6,June,6,4,0,1
C04523,2025,9,September,7,5,0,1
C04524,2024,8,August,1,1,1,0
C04524,2025,3,March,2,2,0,1
C04524,2025,4,April,3,3,0,1
C04524,2025,5,May,4,4,0,1
C04524,2025,8,August,5,5,0,1
C04524,2025,9,September,6,6,0,1
C04524,2025,10,October,8,8,0,1
C04524,2025,12,December,10,8,0,1
C04525,2025,2,February,1,1,1,0
C04525,2025,4,April,2,2,0,1
C04526,2025,3,March,1,0,1,0
C04526,2025,8,August,2,1,0,0
C04526,2025,9,September,3,2,0,1
C04526,2025,11,November,4,3,0,1
C04527,2024,7,July,1,1,1,0
C04527,2024,9,September,3,2,0,1
C04527,2024,12,December,4,3,0,1
C04527,2025,2,February,5,3,0,1
C04527,2025,4,April,6,4,0,1
C04527,2025,5,May,7,6,0,1
C04527,2025,7,July,9,8,0,1
C04527,2025,8,August,11,9,0,1
C04527,2025,10,October,12,10,0,1
C04527,2025,12,December,13,11,0,1
C04528,2024,10,October,1,1,1,0
C04528,2025,10,October,2,2,0,1
C04528,2025,12,December,3,3,0,1
C04529,2025,3,March,1,0,1,0
C04529,2025,5,May,3,2,0,1
C04529,2025,8,August,5,3,0,1
C04529,2025,11,November,6,4,0,1
C04530,2024,8,August,1,1,1,0
C04530,2024,10,October,2,2,0,1
C04530,2025,6,June,3,3,0,1
C04530,2025,7,July,4,4,0,1
C04530,2025,8,August,5,5,0,1
C04530,2025,9,September,6,6,0,1
C04531,2024,7,July,1,1,1,0
C04531,2025,9,September,2,1,0,0
C04532,2025,1,January,1,0,1,0
C04533,2025,11,November,1,1,1,0
C04534,2024,12,December,1,1,1,0
C04534,2025,2,February,2,2,0,1
C04534,2025,3,March,3,3,0,1
C04534,2025,4,April,4,4,0,1
C04534,2025,6,June,5,5,0,1
C04534,2025,9,September,6,7,0,1
C04535,2024,12,December,1,1,1,0
C04535,2025,7,July,2,2,0,1
C04536,2024,10,October,1,1,1,0
C04536,2025,1,January,2,2,0,1
C04536,2025,2,February,3,4,0,1
C04536,2025,3,March,5,5,0,1
C04536,2025,4,April,6,6,0,1
C04536,2025,9,September,7,6,0,1
C04537,2024,11,November,1,1,1,0
C04537,2025,4,April,2,2,0,1
C04537,2025,12,December,3,3,0,1
C04538,2024,9,September,1,0,1,0
C04539,2024,12,December,1,1,1,0
C04539,2025,8,August,2,1,0,0
C04539,2025,10,October,3,2,0,1
C04540,2024,9,September,1,2,0,1
C04540,2025,2,February,3,2,0,1
C04540,2025,5,May,4,3,0,1
C04541,2025,5,May,1,1,1,0
C04542,2024,11,November,1,1,1,0
C04543,2024,10,October,1,1,1,0
C04543,2024,11,November,2,3,0,1
C04543,2025,5,May,4,4,0,1
C04543,2025,7,July,5,5,0,1
C04543,2025,8,August,6,6,0,1
C04543,2025,10,October,7,7,0,1
C04544,2024,11,November,1,1,1,0
C04544,2025,3,March,2,2,0,1
C04544,2025,7,July,3,3,0,1
C04544,2025,8,August,4,4,0,1
C04545,2024,8,August,1,1,1,0
C04545,2025,7,July,2,2,0,1
C04546,2024,7,July,1,1,1,0
C04546,2024,11,November,2,2,0,1
C04546,2025,2,February,3,3,0,1
C04547,2025,4,April,1,1,1,0
C04548,2024,8,August,1,1,1,0
C04548,2025,2,February,3,3,0,1
C04548,2025,6,June,5,3,0,1
C04548,2025,9,September,6,4,0,1
C04549,2024,12,December,1,1,1,0
C04549,2025,3,March,2,2,0,1
C04549,2025,5,May,4,3,0,1
C04549,2025,12,December,5,4,0,1
C04550,2024,7,July,1,1,1,0
C04550,2024,8,August,2,2,0,1
C04550,2024,9,September,3,3,0,1
C04550,2024,10,October,4,5,0,1
C04550,2025,3,March,7,7,0,1
C04550,2025,7,July,10,7,0,1
C04550,2025,11,November,11,7,0,1
C04551,2024,10,October,1,1,1,0
C04552,2024,12,December,1,0,1,0
C04552,2025,2,February,2,1,0,0
C04552,2025,5,May,3,2,0,1
C04553,2024,7,July,1,1,1,0
C04554,2024,8,August,1,1,1,0
C04554,2024,9,September,2,2,0,1
C04554,2024,10,October,3,3,0,1
C04554,2024,11,November,4,4,0,1
C04554,2025,1,January,5,5,0,1
C04554,2025,5,May,6,5,0,1
C04554,2025,7,July,7,6,0,1
C04554,2025,8,August,8,7,0,1
C04554,2025,11,November,9,7,0,1
C04556,2025,2,February,1,1,1,0
C04556,2025,7,July,2,1,0,0
C04556,2025,8,August,3,3,0,1
C04556,2025,12,December,5,4,0,1
C04557,2025,12,December,1,0,1,0
C04558,2024,8,August,1,1,1,0
C04558,2024,9,September,2,1,0,0
C04559,2024,7,July,1,1,1,0
C04559,2024,8,August,2,3,0,1
C04559,2024,9,September,4,4,0,1
C04559,2024,10,October,5,5,0,1
C04559,2025,2,February,6,6,0,1
C04559,2025,4,April,7,7,0,1
C04559,2025,12,December,8,8,0,1
C04560,2024,10,October,1,1,1,0
C04560,2025,1,January,2,2,0,1
C04560,2025,3,March,3,3,0,1
C04561,2024,7,July,1,1,1,0
C04561,2024,12,December,2,2,0,1
C04561,2025,3,March,3,4,0,1
C04561,2025,6,June,5,4,0,1
C04562,2024,10,October,1,1,1,0
C04562,2024,12,December,2,1,0,0
C04562,2025,6,June,3,2,0,1
C04562,2025,7,July,4,3,0,1
C04563,2025,10,October,1,2,0,1
C04563,2025,11,November,3,2,0,1
C04564,2024,7,July,1,1,1,0
C04564,2024,8,August,2,2,0,1
C04564,2025,1,January,3,3,0,1
C04564,2025,4,April,4,3,0,1
C04564,2025,8,August,5,4,0,1
C04565,2024,7,July,1,1,1,0
C04565,2024,8,August,2,2,0,1
C04565,2025,2,February,3,3,0,1
C04565,2025,3,March,4,4,0,1
C04565,2025,5,May,5,5,0,1
C04565,2025,7,July,6,6,0,1
C04565,2025,10,October,7,6,0,1
C04565,2025,11,November,8,7,0,1
C04565,2025,12,December,9,8,0,1
C04566,2024,7,July,1,1,1,0
C04566,2025,6,June,2,2,0,1
C04566,2025,12,December,3,3,0,1
C04567,2025,6,June,1,1,1,0
C04567,2025,8,August,2,2,0,1
C04568,2025,4,April,1,1,1,0
C04568,2025,8,August,2,1,0,0
C04568,2025,10,October,3,2,0,1
C04569,2024,11,November,1,1,1,0
C04569,2025,10,October,2,3,0,1
C04570,2024,11,November,1,1,1,0
C04571,2024,10,October,1,0,1,0
C04572,2024,10,October,1,0,1,0
C04572,2025,5,May,2,1,0,0
C04572,2025,6,June,3,2,0,1
C04572,2025,9,September,4,3,0,1
C04572,2025,10,October,5,5,0,1
C04572,2025,11,November,7,6,0,1
C04572,2025,12,December,8,7,0,1
C04573,2024,12,December,1,1,1,0
C04573,2025,3,March,2,3,0,1
C04573,2025,5,May,4,4,0,1
C04574,2024,7,July,1,1,1,0
C04574,2024,11,November,2,2,0,1
C04574,2025,7,July,3,3,0,1
C04575,2024,9,September,1,1,1,0
C04575,2025,6,June,2,1,0,0
C04575,2025,7,July,3,2,0,1
C04575,2025,8,August,4,3,0,1
C04575,2025,9,September,5,4,0,1
C04575,2025,10,October,6,4,0,1
C04575,2025,12,December,7,5,0,1
C04576,2024,8,August,1,1,1,0
C04576,2025,1,January,2,2,0,1
C04576,2025,3,March,3,2,0,1
C04576,2025,11,November,4,3,0,1
C04577,2025,1,January,1,1,1,0
C04577,2025,5,May,2,2,0,1
C04577,2025,6,June,3,3,0,1
C04577,2025,9,September,4,6,0,1
C04577,2025,11,November,7,7,0,1
C04577,2025,12,December,8,8,0,1
C04578,2025,5,May,1,1,1,0
C04579,2024,7,July,1,1,1,0
C04579,2024,8,August,2,2,0,1
C04579,2024,10,October,3,3,0,1
C04579,2025,1,January,5,4,0,1
C04579,2025,4,April,6,5,0,1
C04580,2024,9,September,1,1,1,0
C04580,2024,11,November,2,2,0,1
C04580,2025,2,February,3,3,0,1
C04580,2025,7,July,4,4,0,1
C04581,2024,8,August,1,1,1,0
C04581,2024,9,September,2,2,0,1
C04581,2024,11,November,3,3,0,1
C04581,2024,12,December,4,4,0,1
C04581,2025,3,March,6,5,0,1
C04581,2025,5,May,7,6,0,1
C04581,2025,8,August,8,7,0,1
C04581,2025,9,September,9,10,0,1
C04581,2025,10,October,13,11,0,1
C04581,2025,11,November,16,12,0,1
C04582,2025,11,November,1,1,1,0
C04583,2024,12,December,1,1,1,0
C04583,2025,3,March,2,2,0,1
C04583,2025,5,May,3,3,0,1
C04584,2024,10,October,1,1,1,0
C04584,2025,3,March,2,2,0,1
C04584,2025,6,June,3,3,0,1
C04584,2025,7,July,4,4,0,1
C04584,2025,10,October,5,5,0,1
C04585,2024,10,October,1,1,1,0
C04585,2024,12,December,2,2,0,1
C04585,2025,2,February,3,3,0,1
C04585,2025,8,August,4,4,0,1
C04586,2024,9,September,1,1,1,0
C04586,2024,11,November,2,2,0,1
C04586,2024,12,December,3,3,0,1
C04586,2025,2,February,4,3,0,1
C04586,2025,3,March,5,3,0,1
C04586,2025,4,April,6,4,0,1
C04586,2025,5,May,7,4,0,1
C04586,2025,7,July,8,4,0,1
C04586,2025,8,August,9,5,0,1
C04586,2025,9,September,10,6,0,1
C04586,2025,10,October,12,7,0,1
C04587,2024,12,December,1,1,1,0
C04587,2025,7,July,2,1,0,0
C04588,2024,9,September,1,1,1,0
C04588,2024,11,November,2,1,0,0
C04588,2025,3,March,3,2,0,1
C04588,2025,4,April,4,3,0,1
C04589,2024,9,September,1,1,1,0
C04590,2024,7,July,1,2,0,1
C04590,2024,9,September,3,3,0,1
C04590,2024,10,October,4,5,0,1
C04590,2025,1,January,6,6,0,1
C04590,2025,4,April,7,7,0,1
C04590,2025,6,June,8,8,0,1
C04590,2025,8,August,9,9,0,1
C04590,2025,9,September,10,10,0,1
C04590,2025,10,October,11,11,0,1
C04591,2024,7,July,1,1,1,0
C04591,2025,5,May,2,2,0,1
C04592,2024,7,July,1,1,1,0
C04592,2024,8,August,2,2,0,1
C04592,2024,11,November,3,3,0,1
C04592,2025,4,April,4,4,0,1
C04592,2025,9,September,5,6,0,1
C04592,2025,10,October,7,6,0,1
C04592,2025,11,November,8,6,0,1
C04593,2025,1,January,1,1,1,0
C04593,2025,4,April,2,1,0,0
C04594,2025,1,January,1,1,1,0
C04594,2025,11,November,2,1,0,0
C04594,2025,12,December,3,2,0,1
C04595,2024,9,September,1,1,1,0
C04595,2025,4,April,2,1,0,0
C04595,2025,7,July,3,2,0,1
C04595,2025,10,October,4,3,0,1
C04596,2025,2,February,1,0,1,0
C04597,2024,7,July,1,1,1,0
C04597,2025,5,May,2,2,0,1
C04598,2025,2,February,1,1,1,0
C04598,2025,7,July,2,1,0,0
C04598,2025,8,August,3,2,0,1
C04598,2025,9,September,4,3,0,1
C04599,2024,9,September,1,1,1,0
C04599,2024,10,October,2,1,0,0
C04599,2025,2,February,3,2,0,1
C04599,2025,5,May,4,3,0,1
C04599,2025,8,August,5,3,0,1
C04600,2024,8,August,1,1,1,0
C04601,2025,1,January,1,1,1,0
C04602,2024,10,October,1,2,0,1
C04602,2025,4,April,3,2,0,1
C04602,2025,6,June,4,3,0,1
C04603,2025,2,February,1,1,1,0
C04603,2025,5,May,2,2,0,1
C04603,2025,10,October,3,4,0,1
C04604,2025,1,January,1,1,1,0
C04604,2025,4,April,2,1,0,0
C04604,2025,5,May,3,2,0,1
C04605,2024,9,September,1,1,1,0
C04605,2024,10,October,2,3,0,1
C04605,2024,11,November,4,4,0,1
C04605,2024,12,December,5,5,0,1
C04605,2025,2,February,6,6,0,1
C04605,2025,8,August,7,8,0,1
C04605,2025,10,October,9,9,0,1
C04605,2025,11,November,10,10,0,1
C04606,2024,8,August,1,1,1,0
C04606,2024,9,September,2,2,0,1
C04606,2024,10,October,3,3,0,1
C04606,2024,11,November,4,4,0,1
C04606,2024,12,December,5,5,0,1
C04606,2025,2,February,7,6,0,1
C04606,2025,4,April,8,8,0,1
C04606,2025,5,May,10,9,0,1
C04606,2025,11,November,11,10,0,1
C04607,2024,7,July,1,1,1,0
C04607,2024,9,September,2,2,0,1
C04607,2025,4,April,3,3,0,1
C04607,2025,7,July,4,3,0,1
C04607,2025,8,August,5,4,0,1
C04607,2025,12,December,6,5,0,1
C04608,2025,5,May,1,3,0,1
C04608,2025,12,December,4,4,0,1
C04609,2024,8,August,1,1,1,0
C04609,2025,3,March,2,2,0,1
C04609,2025,6,June,3,3,0,1
C04610,2025,2,February,1,1,1,0
C04610,2025,4,April,2,2,0,1
C04610,2025,5,May,3,3,0,1
C04610,2025,12,December,4,5,0,1
C04611,2024,9,September,1,1,1,0
C04611,2025,11,November,2,2,0,1
C04611,2025,12,December,3,4,0,1
C04612,2025,2,February,1,1,1,0
C04612,2025,5,May,2,2,0,1
C04612,2025,11,November,3,2,0,1
C04612,2025,12,December,4,2,0,1
C04613,2025,3,March,1,1,1,0
C04613,2025,7,July,2,2,0,1
C04613,2025,9,September,3,3,0,1
C04613,2025,10,October,4,4,0,1
C04614,2025,3,March,1,1,1,0
C04615,2024,7,July,1,0,1,0
C04615,2024,9,September,2,1,0,0
C04615,2025,1,January,3,2,0,1
C04615,2025,3,March,4,3,0,1
C04615,2025,6,June,5,4,0,1
C04615,2025,10,October,6,5,0,1
C04616,2024,10,October,1,1,1,0
C04616,2024,11,November,2,3,0,1
C04616,2025,9,September,4,5,0,1
C04617,2024,10,October,1,1,1,0
C04618,2024,8,August,1,1,1,0
C04618,2024,10,October,2,2,0,1
C04618,2025,5,May,3,3,0,1
C04618,2025,8,August,4,4,0,1
C04618,2025,12,December,5,5,0,1
C04619,2024,7,July,1,1,1,0
C04619,2024,10,October,2,2,0,1
C04620,2024,8,August,1,1,1,0
C04620,2025,3,March,2,1,0,0
C04620,2025,10,October,3,2,0,1
C04621,2024,9,September,1,1,1,0
C04621,2025,1,January,2,1,0,0
C04622,2024,8,August,1,1,1,0
C04622,2024,9,September,2,2,0,1
C04622,2024,10,October,3,3,0,1
C04622,2025,2,February,4,4,0,1
C04622,2025,5,May,5,5,0,1
C04622,2025,7,July,6,6,0,1
C04622,2025,8,August,7,7,0,1
C04622,2025,10,October,8,8,0,1
C04622,2025,11,November,9,9,0,1
C04623,2024,8,August,1,1,1,0
C04623,2025,6,June,2,2,0,1
C04624,2025,1,January,1,1,1,0
C04625,2024,9,September,1,1,1,0
C04625,2024,12,December,2,1,0,0
C04625,2025,1,January,3,2,0,1
C04625,2025,3,March,4,3,0,1
C04625,2025,8,August,5,4,0,1
C04625,2025,11,November,6,4,0,1
C04625,2025,12,December,7,5,0,1
C04626,2024,10,October,1,3,0,1
C04626,2025,2,February,4,4,0,1
C04626,2025,4,April,5,5,0,1
C04626,2025,8,August,6,6,0,1
C04626,2025,12,December,7,7,0,1
C04627,2025,2,February,1,0,1,0
C04627,2025,6,June,2,1,0,0
C04627,2025,9,September,3,2,0,1
C04628,2025,1,January,1,1,1,0
C04628,2025,2,February,2,2,0,1
C04628,2025,4,April,3,3,0,1
C04628,2025,5,May,4,5,0,1
C04628,2025,9,September,6,6,0,1
C04628,2025,12,December,7,7,0,1
C04629,2024,9,September,1,1,1,0
C04629,2024,10,October,2,2,0,1
C04629,2024,11,November,3,3,0,1
C04629,2025,2,February,4,4,0,1
C04629,2025,4,April,5,5,0,1
C04629,2025,8,August,6,6,0,1
C04629,2025,9,September,7,6,0,1
C04629,2025,11,November,8,7,0,1
C04630,2024,8,August,1,0,1,0
C04630,2025,2,February,2,1,0,0
C04630,2025,5,May,3,2,0,1
C04630,2025,6,June,4,3,0,1
C04631,2024,7,July,1,1,1,0
C04631,2025,3,March,2,3,0,1
C04631,2025,5,May,4,3,0,1
C04631,2025,6,June,5,4,0,1
C04631,2025,10,October,6,4,0,1
C04631,2025,11,November,7,5,0,1
C04632,2024,8,August,1,1,1,0
C04632,2024,9,September,2,2,0,1
C04632,2025,3,March,3,3,0,1
C04632,2025,8,August,4,4,0,1
C04632,2025,12,December,5,5,0,1
C04633,2024,10,October,1,1,1,0
C04633,2025,10,October,2,2,0,1
C04634,2024,7,July,1,1,1,0
C04634,2024,8,August,2,2,0,1
C04634,2024,9,September,3,3,0,1
C04634,2025,6,June,5,4,0,1
C04634,2025,7,July,6,5,0,1
C04634,2025,8,August,7,6,0,1
C04634,2025,12,December,8,7,0,1
C04635,2024,7,July,1,1,1,0
C04635,2024,9,September,2,2,0,1
C04635,2024,12,December,3,2,0,1
C04635,2025,7,July,4,2,0,1
C04635,2025,11,November,5,3,0,1
C04636,2024,9,September,1,1,1,0
C04636,2025,3,March,2,3,0,1
C04636,2025,8,August,4,4,0,1
C04636,2025,12,December,5,5,0,1
C04637,2025,3,March,1,1,1,0
C04637,2025,4,April,2,2,0,1
C04637,2025,8,August,3,3,0,1
C04638,2024,9,September,1,1,1,0
C04638,2025,4,April,2,2,0,1
C04639,2024,11,November,1,0,1,0
C04639,2025,6,June,2,1,0,0
C04640,2024,7,July,1,1,1,0
C04640,2024,8,August,2,2,0,1
C04640,2025,2,February,3,3,0,1
C04640,2025,5,May,4,4,0,1
C04641,2025,7,July,1,0,1,0
C04641,2025,9,September,2,1,0,0
C04642,2024,8,August,1,1,1,0
C04642,2024,10,October,2,2,0,1
C04642,2024,12,December,3,2,0,1
C04642,2025,2,February,4,3,0,1
C04642,2025,5,May,5,4,0,1
C04642,2025,6,June,6,5,0,1
C04642,2025,7,July,7,7,0,1
C04642,2025,9,September,9,8,0,1
C04642,2025,10,October,10,9,0,1
C04642,2025,12,December,11,9,0,1
C04643,2024,9,September,1,1,1,0
C04643,2025,3,March,2,1,0,0
C04643,2025,7,July,3,2,0,1
C04643,2025,9,September,4,3,0,1
C04643,2025,10,October,5,5,0,1
C04644,2024,7,July,1,1,1,0
C04644,2024,11,November,2,2,0,1
C04644,2025,1,January,3,3,0,1
C04644,2025,5,May,4,3,0,1
C04644,2025,7,July,5,4,0,1
C04644,2025,11,November,6,5,0,1
C04645,2025,1,January,1,2,0,1
C04645,2025,6,June,3,3,0,1
C04645,2025,9,September,4,4,0,1
C04645,2025,11,November,5,4,0,1
C04646,2025,9,September,1,1,1,0
C04646,2025,10,October,2,3,0,1
C04646,2025,12,December,4,4,0,1
C04647,2024,11,November,1,1,1,0
C04648,2025,7,July,1,1,1,0
C04648,2025,9,September,2,2,0,1
C04649,2024,10,October,1,2,0,1
C04649,2024,12,December,3,3,0,1
C04650,2024,8,August,1,0,1,0
C04650,2024,11,November,2,1,0,0
C04650,2024,12,December,3,2,0,1
C04651,2025,2,February,1,1,1,0
C04652,2024,9,September,1,1,1,0
C04652,2024,10,October,2,2,0,1
C04652,2025,3,March,3,2,0,1
C04652,2025,6,June,4,3,0,1
C04652,2025,12,December,5,4,0,1
C04653,2024,7,July,1,1,1,0
C04653,2025,1,January,2,2,0,1
C04653,2025,3,March,3,2,0,1
C04653,2025,4,April,4,3,0,1
C04653,2025,5,May,5,3,0,1
C04653,2025,11,November,6,4,0,1
C04654,2025,1,January,1,1,1,0
C04654,2025,4,April,2,2,0,1
C04654,2025,5,May,3,3,0,1
C04655,2024,8,August,1,3,0,1
C04655,2024,10,October,4,4,0,1
C04655,2024,11,November,5,5,0,1
C04655,2025,1,January,6,6,0,1
C04655,2025,4,April,7,7,0,1
C04655,2025,7,July,9,7,0,1
C04655,2025,12,December,10,8,0,1
C04656,2024,8,August,1,1,1,0
C04656,2025,11,November,2,2,0,1
C04657,2024,8,August,1,1,1,0
C04657,2024,11,November,3,2,0,1
C04657,2024,12,December,4,3,0,1
C04657,2025,1,January,5,5,0,1
C04657,2025,2,February,7,6,0,1
C04657,2025,3,March,8,7,0,1
C04658,2025,2,February,1,1,1,0
C04658,2025,9,September,2,2,0,1
C04659,2025,3,March,1,1,1,0
C04659,2025,4,April,2,1,0,0
C04659,2025,6,June,3,2,0,1
C04659,2025,10,October,4,3,0,1
C04659,2025,11,November,5,4,0,1
C04659,2025,12,December,6,5,0,1
C04660,2025,5,May,1,1,1,0
C04660,2025,7,July,2,2,0,1
C04660,2025,10,October,3,3,0,1
C04661,2025,5,May,1,1,1,0
C04662,2024,7,July,1,1,1,0
C04662,2024,8,August,2,2,0,1
C04662,2024,9,September,3,4,0,1
C04662,2025,1,January,5,5,0,1
C04662,2025,5,May,6,6,0,1
C04662,2025,12,December,7,7,0,1
C04663,2024,8,August,1,1,1,0
C04663,2024,9,September,2,2,0,1
C04663,2024,10,October,3,4,0,1
C04663,2024,12,December,5,5,0,1
C04663,2025,2,February,6,6,0,1
C04663,2025,5,May,7,9,0,1
C04664,2024,9,September,1,1,1,0
C04664,2025,3,March,3,2,0,1
C04664,2025,6,June,5,2,0,1
C04664,2025,8,August,6,3,0,1
C04664,2025,10,October,7,4,0,1
C04665,2025,4,April,1,0,1,0
C04665,2025,7,July,2,1,0,0
C04665,2025,8,August,3,2,0,1
C04666,2025,3,March,1,1,1,0
C04667,2024,7,July,1,2,0,1
C04667,2025,1,January,4,3,0,1
C04667,2025,4,April,5,4,0,1
C04667,2025,5,May,6,4,0,1
C04667,2025,6,June,7,5,0,1
C04667,2025,9,September,8,6,0,1
C04667,2025,10,October,9,7,0,1
C04667,2025,11,November,10,8,0,1
C04668,2024,10,October,1,0,1,0
C04668,2024,11,November,2,1,0,0
C04668,2025,5,May,3,2,0,1
C04668,2025,7,July,4,2,0,1
C04668,2025,10,October,5,2,0,1
C04669,2024,10,October,1,2,0,1
C04669,2024,12,December,3,3,0,1
C04669,2025,4,April,4,4,0,1
C04669,2025,6,June,5,5,0,1
C04669,2025,7,July,6,6,0,1
C04670,2025,1,January,1,1,1,0
C04670,2025,9,September,2,3,0,1
C04670,2025,11,November,4,4,0,1
C04670,2025,12,December,5,5,0,1
C04671,2024,7,July,1,1,1,0
C04671,2024,8,August,2,2,0,1
C04672,2024,10,October,1,1,1,0
C04672,2025,1,January,2,2,0,1
C04672,2025,2,February,3,3,0,1
C04672,2025,3,March,4,5,0,1
C04672,2025,5,May,6,6,0,1
C04672,2025,7,July,7,7,0,1
C04672,2025,12,December,8,8,0,1
C04674,2024,8,August,1,0,1,0
C04674,2024,10,October,2,1,0,0
C04674,2025,6,June,3,2,0,1
C04674,2025,7,July,4,3,0,1
C04674,2025,9,September,5,4,0,1
C04675,2024,7,July,1,0,1,0
C04675,2025,6,June,2,1,0,0
C04675,2025,9,September,3,2,0,1
C04675,2025,10,October,4,3,0,1
C04676,2025,8,August,1,1,1,0
C04677,2024,9,September,1,1,1,0
C04678,2024,11,November,1,0,1,0
C04678,2025,5,May,2,1,0,0
C04679,2024,7,July,1,1,1,0
C04679,2024,10,October,2,1,0,0
C04679,2024,11,November,3,2,0,1
C04679,2024,12,December,4,3,0,1
C04679,2025,1,January,5,3,0,1
C04679,2025,4,April,6,4,0,1
C04679,2025,11,November,7,5,0,1
C04680,2024,9,September,1,0,1,0
C04680,2025,8,August,2,2,0,1
C04681,2025,11,November,1,1,1,0
C04681,2025,12,December,2,3,0,1
C04682,2025,1,January,1,1,1,0
C04682,2025,9,September,2,2,0,1
C04682,2025,10,October,3,3,0,1
C04682,2025,11,November,4,3,0,1
C04683,2025,3,March,1,1,1,0
C04683,2025,7,July,2,3,0,1
C04684,2025,8,August,1,0,1,0
C04684,2025,11,November,2,1,0,0
C04685,2024,8,August,1,1,1,0
C04685,2025,5,May,2,2,0,1
C04685,2025,7,July,3,2,0,1
C04685,2025,9,September,4,3,0,1
C04686,2024,9,September,1,0,1,0
C04686,2025,3,March,2,1,0,0
C04687,2025,5,May,1,1,1,0
C04687,2025,8,August,2,2,0,1
C04687,2025,10,October,3,2,0,1
C04688,2024,8,August,1,1,1,0
C04688,2024,10,October,2,2,0,1
C04688,2024,12,December,3,2,0,1
C04688,2025,1,January,5,2,0,1
C04688,2025,6,June,6,2,0,1
C04688,2025,7,July,7,3,0,1
C04688,2025,8,August,8,4,0,1
C04688,2025,12,December,9,5,0,1
C04689,2024,8,August,1,1,1,0
C04689,2024,10,October,2,1,0,0
C04689,2024,11,November,3,2,0,1
C04689,2024,12,December,4,2,0,1
C04689,2025,2,February,5,3,0,1
C04689,2025,3,March,6,7,0,1
C04689,2025,9,September,10,8,0,1
C04690,2024,8,August,1,1,1,0
C04690,2024,9,September,2,2,0,1
C04690,2025,4,April,3,2,0,1
C04690,2025,8,August,4,3,0,1
C04690,2025,10,October,6,4,0,1
C04690,2025,11,November,7,5,0,1
C04691,2024,8,August,1,1,1,0
C04691,2024,10,October,2,2,0,1
C04691,2024,11,November,4,3,0,1
C04691,2024,12,December,5,4,0,1
C04691,2025,2,February,6,4,0,1
C04691,2025,10,October,7,5,0,1
C04691,2025,11,November,8,5,0,1
C04692,2024,10,October,1,1,1,0
C04692,2025,1,January,2,1,0,0
C04692,2025,4,April,3,2,0,1
C04693,2024,7,July,1,0,1,0
C04693,2024,11,November,2,0,0,0
C04693,2025,8,August,3,1,0,0
C04694,2025,9,September,1,1,1,0
C04695,2025,7,July,1,0,1,0
C04695,2025,8,August,2,1,0,0
C04695,2025,11,November,3,2,0,1
C04696,2024,8,August,1,1,1,0
C04696,2024,11,November,2,2,0,1
C04696,2025,4,April,3,3,0,1
C04696,2025,6,June,5,4,0,1
C04696,2025,11,November,6,5,0,1
C04697,2024,7,July,1,1,1,0
C04697,2024,8,August,2,1,0,0
C04697,2024,9,September,3,2,0,1
C04697,2024,10,October,5,3,0,1
C04697,2024,12,December,6,3,0,1
C04697,2025,2,February,8,4,0,1
C04697,2025,9,September,9,4,0,1
C04697,2025,10,October,11,5,0,1
C04697,2025,12,December,12,6,0,1
C04698,2024,11,November,1,1,1,0
C04698,2025,1,January,2,2,0,1
C04698,2025,5,May,3,3,0,1
C04699,2024,8,August,1,1,1,0
C04699,2024,9,September,2,2,0,1
C04699,2025,2,February,3,4,0,1
C04699,2025,4,April,5,4,0,1
C04699,2025,7,July,6,5,0,1
C04700,2024,7,July,1,0,1,0
C04700,2024,8,August,2,2,0,1
C04700,2024,9,September,4,3,0,1
C04700,2024,10,October,5,3,0,1
C04700,2025,4,April,6,4,0,1
C04700,2025,10,October,7,4,0,1
C04701,2025,6,June,1,1,1,0
C04701,2025,7,July,2,2,0,1
C04702,2024,9,September,1,0,1,0
C04702,2024,12,December,2,1,0,0
C04702,2025,9,September,3,2,0,1
C04703,2024,8,August,1,1,1,0
C04703,2025,7,July,2,2,0,1
C04703,2025,12,December,3,3,0,1
C04704,2024,8,August,1,1,1,0
C04704,2024,9,September,2,2,0,1
C04704,2024,10,October,3,2,0,1
C04704,2025,4,April,4,3,0,1
C04704,2025,7,July,5,4,0,1
C04704,2025,10,October,6,5,0,1
C04704,2025,12,December,7,6,0,1
C04705,2024,10,October,1,1,1,0
C04705,2025,2,February,2,2,0,1
C04705,2025,3,March,3,3,0,1
C04705,2025,9,September,4,4,0,1
C04706,2024,7,July,1,1,1,0
C04706,2024,8,August,2,1,0,0
C04706,2025,1,January,3,1,0,0
C04706,2025,2,February,4,1,0,0
C04706,2025,5,May,5,2,0,1
C04706,2025,7,July,6,4,0,1
C04706,2025,8,August,8,5,0,1
C04706,2025,9,September,9,6,0,1
C04707,2024,7,July,1,0,1,0
C04707,2024,10,October,2,0,0,0
C04707,2025,1,January,3,1,0,0
C04707,2025,3,March,4,2,0,1
C04707,2025,9,September,5,3,0,1
C04708,2024,7,July,1,0,1,0
C04708,2025,10,October,2,1,0,0
C04709,2024,9,September,1,1,1,0
C04709,2024,12,December,3,3,0,1
C04709,2025,3,March,5,4,0,1
C04709,2025,7,July,6,6,0,1
C04709,2025,11,November,8,7,0,1
C04710,2024,7,July,1,1,1,0
C04711,2024,8,August,1,0,1,0
C04711,2025,4,April,2,1,0,0
C04711,2025,5,May,3,2,0,1
C04711,2025,6,June,4,3,0,1
C04711,2025,10,October,5,4,0,1
C04712,2025,3,March,1,1,1,0
C04712,2025,6,June,2,2,0,1
C04712,2025,7,July,3,3,0,1
C04713,2024,7,July,1,1,1,0
C04713,2024,11,November,2,2,0,1
C04713,2025,1,January,3,2,0,1
C04713,2025,8,August,4,2,0,1
C04713,2025,10,October,5,3,0,1
C04713,2025,11,November,6,5,0,1
C04714,2024,9,September,1,1,1,0
C04714,2025,8,August,2,1,0,0
C04714,2025,12,December,3,1,0,0
C04715,2025,3,March,1,1,1,0
C04715,2025,5,May,2,2,0,1
C04715,2025,6,June,3,3,0,1
C04715,2025,8,August,4,4,0,1
C04715,2025,10,October,5,5,0,1
C04716,2024,11,November,1,1,1,0
C04716,2025,1,January,2,1,0,0
C04716,2025,8,August,3,2,0,1
C04716,2025,9,September,4,3,0,1
C04716,2025,10,October,5,4,0,1
C04717,2024,8,August,1,0,1,0
C04717,2024,11,November,2,1,0,0
C04717,2025,8,August,3,1,0,0
C04717,2025,9,September,4,2,0,1
C04718,2024,8,August,1,1,1,0
C04718,2024,9,September,2,2,0,1
C04718,2024,12,December,3,2,0,1
C04718,2025,9,September,4,3,0,1
C04719,2024,11,November,1,1,1,0
C04719,2025,1,January,2,2,0,1
C04719,2025,4,April,3,3,0,1
C04719,2025,12,December,4,4,0,1
C04720,2024,7,July,1,2,0,1
C04720,2024,8,August,3,2,0,1
C04720,2024,12,December,4,3,0,1
C04720,2025,4,April,5,5,0,1
C04720,2025,6,June,7,5,0,1
C04720,2025,12,December,8,6,0,1
C04721,2024,10,October,1,1,1,0
C04721,2025,5,May,2,2,0,1
C04721,2025,6,June,3,3,0,1
C04722,2024,7,July,1,1,1,0
C04722,2024,8,August,2,2,0,1
C04722,2025,5,May,3,3,0,1
C04723,2024,7,July,1,1,1,0
C04723,2024,8,August,2,2,0,1
C04723,2025,1,January,3,2,0,1
C04723,2025,2,February,4,3,0,1
C04723,2025,3,March,5,4,0,1
C04723,2025,7,July,6,5,0,1
C04723,2025,10,October,7,6,0,1
C04723,2025,12,December,8,6,0,1
C04724,2024,10,October,1,1,1,0
C04724,2025,4,April,2,2,0,1
C04725,2024,8,August,1,1,1,0
C04725,2025,1,January,2,1,0,0
C04725,2025,2,February,3,2,0,1
C04725,2025,3,March,4,3,0,1
C04725,2025,5,May,5,4,0,1
C04725,2025,6,June,6,5,0,1
C04725,2025,12,December,7,7,0,1
C04726,2024,7,July,1,0,1,0
C04726,2024,9,September,2,1,0,0
C04726,2025,2,February,3,2,0,1
C04726,2025,4,April,4,3,0,1
C04726,2025,6,June,5,3,0,1
C04726,2025,8,August,6,4,0,1
C04726,2025,12,December,7,4,0,1
C04727,2025,2,February,1,1,1,0
C04727,2025,5,May,2,2,0,1
C04727,2025,9,September,3,2,0,1
C04727,2025,10,October,4,3,0,1
C04728,2025,2,February,1,1,1,0
C04729,2024,11,November,1,1,1,0
C04730,2024,7,July,1,0,1,0
C04730,2024,11,November,2,1,0,0
C04730,2024,12,December,3,3,0,1
C04731,2024,8,August,1,1,1,0
C04731,2025,2,February,2,3,0,1
C04731,2025,3,March,4,4,0,1
C04731,2025,5,May,5,6,0,1
C04731,2025,8,August,7,7,0,1
C04731,2025,9,September,8,8,0,1
C04731,2025,12,December,9,11,0,1
C04732,2025,6,June,1,0,1,0
C04733,2024,8,August,1,1,1,0
C04733,2024,9,September,2,2,0,1
C04733,2025,8,August,3,3,0,1
C04733,2025,10,October,4,3,0,1
C04734,2024,10,October,1,0,1,0
C04734,2024,11,November,3,1,0,0
C04734,2025,7,July,4,2,0,1
C04734,2025,10,October,5,3,0,1
C04735,2025,9,September,1,1,1,0
C04735,2025,11,November,2,2,0,1
C04736,2024,10,October,1,1,1,0
C04736,2025,2,February,3,2,0,1
C04736,2025,4,April,4,3,0,1
C04736,2025,5,May,5,4,0,1
C04736,2025,6,June,6,5,0,1
C04736,2025,8,August,7,6,0,1
C04737,2025,3,March,1,1,1,0
C04737,2025,6,June,2,2,0,1
C04737,2025,11,November,3,3,0,1
C04738,2024,7,July,1,1,1,0
C04738,2024,11,November,2,1,0,0
C04738,2025,5,May,3,2,0,1
C04739,2025,2,February,1,1,1,0
C04739,2025,9,September,2,2,0,1
C04740,2024,8,August,1,1,1,0
C04740,2024,9,September,2,2,0,1
C04740,2025,4,April,3,3,0,1
C04741,2025,7,July,1,1,1,0
C04741,2025,9,September,2,2,0,1
C04742,2024,7,July,1,1,1,0
C04742,2024,8,August,2,2,0,1
C04742,2024,9,September,3,3,0,1
C04742,2024,11,November,4,4,0,1
C04742,2025,4,April,5,5,0,1
C04742,2025,6,June,6,6,0,1
C04742,2025,9,September,7,7,0,1
C04742,2025,12,December,8,8,0,1
C04743,2024,12,December,1,0,1,0
C04743,2025,11,November,2,1,0,0
C04743,2025,12,December,3,2,0,1
C04744,2024,10,October,1,2,0,1
C04744,2024,11,November,3,3,0,1
C04744,2024,12,December,4,4,0,1
C04744,2025,2,February,5,5,0,1
C04744,2025,3,March,7,5,0,1
C04744,2025,6,June,8,6,0,1
C04744,2025,8,August,9,7,0,1
C04744,2025,9,September,10,8,0,1
C04745,2024,10,October,1,1,1,0
C04745,2025,6,June,2,3,0,1
C04745,2025,9,September,4,3,0,1
C04745,2025,12,December,5,5,0,1
C04746,2025,4,April,1,3,0,1
C04746,2025,6,June,4,4,0,1
C04746,2025,12,December,5,5,0,1
C04747,2024,8,August,1,1,1,0
C04747,2025,2,February,2,1,0,0
C04747,2025,4,April,3,1,0,0
C04747,2025,6,June,4,2,0,1
C04747,2025,12,December,5,3,0,1
C04748,2024,11,November,1,0,1,0
C04748,2025,8,August,3,1,0,0
C04749,2024,11,November,1,1,1,0
C04749,2025,1,January,2,2,0,1
C04749,2025,2,February,3,4,0,1
C04749,2025,3,March,5,5,0,1
C04749,2025,5,May,6,7,0,1
C04749,2025,7,July,8,8,0,1
C04749,2025,8,August,9,10,0,1
C04749,2025,11,November,12,12,0,1
C04750,2024,8,August,1,1,1,0
C04750,2025,7,July,2,2,0,1
C04751,2024,8,August,1,1,1,0
C04751,2024,9,September,2,2,0,1
C04751,2024,12,December,3,3,0,1
C04751,2025,3,March,4,3,0,1
C04751,2025,5,May,5,4,0,1
C04751,2025,6,June,6,5,0,1
C04751,2025,8,August,7,5,0,1
C04752,2025,5,May,1,2,0,1
C04753,2024,8,August,1,1,1,0
C04753,2025,3,March,2,2,0,1
C04753,2025,5,May,3,3,0,1
C04753,2025,6,June,4,5,0,1
C04753,2025,7,July,6,6,0,1
C04753,2025,10,October,7,7,0,1
C04753,2025,12,December,8,8,0,1
C04754,2024,7,July,1,1,1,0
C04754,2025,1,January,2,1,0,0
C04754,2025,3,March,3,2,0,1
C04754,2025,12,December,4,3,0,1
C04755,2024,11,November,1,1,1,0
C04755,2024,12,December,2,1,0,0
C04755,2025,3,March,3,2,0,1
C04755,2025,9,September,4,4,0,1
C04756,2024,7,July,1,1,1,0
C04757,2024,10,October,1,3,0,1
C04757,2024,12,December,4,6,0,1
C04757,2025,9,September,8,7,0,1
C04757,2025,10,October,9,8,0,1
C04757,2025,12,December,11,9,0,1
C04758,2025,4,April,1,1,1,0
C04758,2025,7,July,2,2,0,1
C04759,2024,12,December,1,1,1,0
C04760,2024,12,December,1,0,1,0
C04760,2025,4,April,2,1,0,0
C04760,2025,10,October,3,2,0,1
C04761,2024,7,July,1,1,1,0
C04761,2024,10,October,2,1,0,0
C04761,2024,12,December,4,4,0,1
C04761,2025,2,February,7,5,0,1
C04761,2025,3,March,8,6,0,1
C04761,2025,5,May,9,7,0,1
C04761,2025,6,June,10,8,0,1
C04762,2025,8,August,1,1,1,0
C04763,2024,11,November,1,0,1,0
C04763,2025,6,June,2,1,0,0
C04764,2024,11,November,1,1,1,0
C04764,2025,4,April,2,2,0,1
C04764,2025,8,August,3,3,0,1
C04764,2025,9,September,4,4,0,1
C04764,2025,12,December,5,5,0,1
C04765,2024,9,September,1,1,1,0
C04765,2025,1,January,2,3,0,1
C04765,2025,3,March,4,3,0,1
C04765,2025,5,May,5,4,0,1
C04765,2025,9,September,6,5,0,1
C04766,2024,8,August,1,1,1,0
C04767,2024,9,September,1,0,1,0
C04767,2024,11,November,2,1,0,0
C04767,2025,2,February,3,2,0,1
C04767,2025,8,August,4,3,0,1
C04767,2025,12,December,5,3,0,1
C04768,2024,9,September,1,1,1,0
C04768,2025,6,June,2,2,0,1
C04768,2025,9,September,3,3,0,1
C04768,2025,12,December,4,4,0,1
C04769,2025,1,January,1,1,1,0
C04769,2025,3,March,2,2,0,1
C04769,2025,4,April,3,3,0,1
C04769,2025,7,July,4,4,0,1
C04769,2025,9,September,5,5,0,1
C04770,2025,3,March,1,0,1,0
C04770,2025,7,July,2,1,0,0
C04770,2025,10,October,4,2,0,1
C04770,2025,11,November,5,2,0,1
C04771,2024,10,October,1,1,1,0
C04771,2025,10,October,2,2,0,1
C04772,2024,9,September,1,0,1,0
C04772,2025,5,May,2,1,0,0
C04772,2025,6,June,3,2,0,1
C04772,2025,8,August,4,2,0,1
C04773,2024,12,December,1,1,1,0
C04773,2025,1,January,2,1,0,0
C04773,2025,8,August,3,1,0,0
C04773,2025,9,September,4,1,0,0
C04774,2024,9,September,1,1,1,0
C04774,2024,11,November,2,1,0,0
C04774,2025,2,February,3,3,0,1
C04775,2025,1,January,1,1,1,0
C04775,2025,2,February,2,2,0,1
C04776,2024,7,July,1,2,0,1
C04776,2025,1,January,3,3,0,1
C04776,2025,2,February,4,3,0,1
C04776,2025,3,March,5,4,0,1
C04776,2025,4,April,6,4,0,1
C04776,2025,5,May,7,5,0,1
C04776,2025,7,July,8,5,0,1
C04776,2025,9,September,9,7,0,1
C04776,2025,10,October,11,8,0,1
C04777,2025,7,July,1,1,1,0
C04777,2025,8,August,2,2,0,1
C04777,2025,10,October,3,3,0,1
C04778,2025,4,April,1,0,1,0
C04779,2024,11,November,1,0,1,0
C04779,2025,3,March,2,2,0,1
C04780,2025,2,February,1,1,1,0
C04780,2025,10,October,2,3,0,1
C04781,2024,11,November,1,1,1,0
C04781,2024,12,December,2,2,0,1
C04781,2025,1,January,3,3,0,1
C04781,2025,4,April,4,4,0,1
C04782,2024,7,July,1,1,1,0
C04782,2024,10,October,2,2,0,1
C04782,2024,11,November,4,3,0,1
C04782,2025,1,January,5,4,0,1
C04782,2025,6,June,6,5,0,1
C04783,2025,10,October,1,1,1,0
C04784,2025,1,January,1,0,1,0
C04784,2025,4,April,2,2,0,1
C04784,2025,7,July,4,3,0,1
C04784,2025,8,August,5,4,0,1
C04785,2024,8,August,1,2,0,1
C04785,2024,9,September,3,3,0,1
C04786,2024,11,November,1,1,1,0
C04786,2025,12,December,2,1,0,0
C04787,2024,11,November,1,1,1,0
C04787,2025,1,January,2,2,0,1
C04787,2025,3,March,3,3,0,1
C04787,2025,4,April,4,5,0,1
C04787,2025,11,November,6,6,0,1
C04788,2024,7,July,1,0,1,0
C04788,2024,8,August,2,1,0,0
C04788,2024,9,September,3,2,0,1
C04788,2025,2,February,4,3,0,1
C04788,2025,3,March,5,3,0,1
C04788,2025,6,June,6,4,0,1
C04788,2025,7,July,7,5,0,1
C04788,2025,10,October,8,6,0,1
C04789,2024,11,November,1,1,1,0
C04789,2025,1,January,2,2,0,1
C04790,2024,7,July,1,1,1,0
C04790,2024,11,November,2,1,0,0
C04790,2024,12,December,3,2,0,1
C04790,2025,9,September,4,3,0,1
C04790,2025,12,December,5,3,0,1
C04791,2024,7,July,1,1,1,0
C04791,2025,1,January,2,2,0,1
C04791,2025,6,June,3,3,0,1
C04791,2025,10,October,4,4,0,1
C04791,2025,11,November,5,5,0,1
C04792,2024,9,September,1,1,1,0
C04792,2025,12,December,2,1,0,0
C04793,2024,8,August,1,1,1,0
C04793,2024,9,September,2,2,0,1
C04793,2024,11,November,3,2,0,1
C04793,2025,1,January,4,3,0,1
C04793,2025,9,September,6,4,0,1
C04793,2025,10,October,7,5,0,1
C04794,2024,11,November,1,1,1,0
C04794,2025,12,December,2,1,0,0
C04795,2024,9,September,1,1,1,0
C04795,2024,10,October,2,1,0,0
C04795,2024,12,December,3,3,0,1
C04795,2025,1,January,5,4,0,1
C04795,2025,3,March,6,5,0,1
C04795,2025,5,May,7,6,0,1
C04795,2025,6,June,8,7,0,1
C04795,2025,9,September,10,7,0,1
C04795,2025,10,October,11,8,0,1
C04795,2025,11,November,12,9,0,1
C04796,2024,9,September,1,1,1,0
C04796,2025,4,April,2,1,0,0
C04796,2025,10,October,3,2,0,1
C04797,2024,12,December,1,0,1,0
C04797,2025,1,January,2,1,0,0
C04797,2025,3,March,3,2,0,1
C04797,2025,7,July,4,2,0,1
C04797,2025,10,October,5,3,0,1
C04797,2025,12,December,6,4,0,1
C04798,2024,9,September,1,1,1,0
C04798,2024,11,November,2,1,0,0
C04798,2025,5,May,3,2,0,1
C04798,2025,7,July,4,2,0,1
C04798,2025,8,August,5,4,0,1
C04799,2024,11,November,1,1,1,0
C04799,2025,4,April,2,2,0,1
C04799,2025,8,August,3,3,0,1
C04800,2024,7,July,1,1,1,0
C04800,2025,7,July,2,2,0,1
C04800,2025,9,September,3,3,0,1
C04801,2025,4,April,1,1,1,0
C04801,2025,8,August,2,2,0,1
C04801,2025,10,October,3,3,0,1
C04802,2024,11,November,1,1,1,0
C04802,2025,2,February,2,2,0,1
C04803,2025,4,April,1,0,1,0
C04803,2025,6,June,2,1,0,0
C04803,2025,8,August,3,2,0,1
C04803,2025,10,October,5,3,0,1
C04804,2024,7,July,1,1,1,0
C04804,2025,7,July,2,2,0,1
C04804,2025,8,August,3,3,0,1
C04805,2025,7,July,1,1,1,0
C04806,2024,7,July,1,1,1,0
C04806,2024,10,October,2,2,0,1
C04806,2024,11,November,3,3,0,1
C04806,2025,3,March,4,5,0,1
C04806,2025,4,April,6,6,0,1
C04806,2025,6,June,7,7,0,1
C04807,2024,8,August,1,1,1,0
C04807,2024,9,September,3,2,0,1
C04807,2024,11,November,4,3,0,1
C04807,2024,12,December,5,3,0,1
C04807,2025,1,January,6,4,0,1
C04807,2025,2,February,7,5,0,1
C04807,2025,3,March,8,6,0,1
C04807,2025,4,April,9,6,0,1
C04807,2025,5,May,10,7,0,1
C04807,2025,6,June,11,8,0,1
C04807,2025,9,September,12,9,0,1
C04807,2025,10,October,13,10,0,1
C04808,2024,11,November,1,1,1,0
C04809,2024,7,July,1,1,1,0
C04809,2024,12,December,2,2,0,1
C04809,2025,3,March,3,3,0,1
C04809,2025,5,May,5,5,0,1
C04809,2025,8,August,7,7,0,1
C04809,2025,10,October,9,8,0,1
C04809,2025,11,November,10,9,0,1
C04810,2025,10,October,1,0,1,0
C04811,2024,7,July,1,1,1,0
C04811,2024,8,August,2,2,0,1
C04811,2025,4,April,3,3,0,1
C04812,2024,7,July,1,1,1,0
C04812,2025,1,January,2,2,0,1
C04812,2025,4,April,3,3,0,1
C04813,2024,7,July,1,1,1,0
C04813,2024,10,October,2,2,0,1
C04813,2025,1,January,3,4,0,1
C04813,2025,3,March,5,5,0,1
C04813,2025,6,June,6,6,0,1
C04813,2025,9,September,7,8,0,1
C04813,2025,11,November,10,8,0,1
C04814,2024,7,July,1,0,1,0
C04814,2024,12,December,2,1,0,0
C04814,2025,9,September,3,2,0,1
C04814,2025,11,November,4,3,0,1
C04815,2024,10,October,1,1,1,0
C04815,2025,11,November,2,2,0,1
C04816,2024,8,August,1,1,1,0
C04816,2024,9,September,2,2,0,1
C04816,2025,9,September,3,3,0,1
C04817,2024,11,November,1,0,1,0
C04817,2024,12,December,2,1,0,0
C04817,2025,4,April,3,1,0,0
C04817,2025,5,May,4,2,0,1
C04818,2024,7,July,1,1,1,0
C04818,2024,11,November,2,2,0,1
C04818,2025,3,March,3,3,0,1
C04818,2025,7,July,4,4,0,1
C04819,2024,12,December,1,2,0,1
C04819,2025,12,December,3,3,0,1
C04820,2024,8,August,1,1,1,0
C04821,2024,7,July,1,1,1,0
C04821,2024,11,November,2,3,0,1
C04821,2025,3,March,4,5,0,1
C04821,2025,5,May,6,6,0,1
C04821,2025,9,September,7,7,0,1
C04821,2025,12,December,8,8,0,1
C04822,2024,8,August,1,1,1,0
C04822,2025,5,May,2,2,0,1
C04822,2025,10,October,3,3,0,1
C04823,2024,8,August,1,1,1,0
C04823,2025,5,May,2,2,0,1
C04824,2024,7,July,1,1,1,0
C04824,2024,12,December,2,2,0,1
C04824,2025,7,July,3,3,0,1
C04824,2025,8,August,4,5,0,1
C04824,2025,10,October,6,5,0,1
C04825,2024,10,October,1,0,1,0
C04825,2025,12,December,2,1,0,0
C04826,2024,8,August,1,1,1,0
C04826,2025,2,February,2,2,0,1
C04827,2025,2,February,1,1,1,0
C04827,2025,4,April,2,2,0,1
C04827,2025,12,December,3,3,0,1
C04829,2024,12,December,1,0,1,0
C04829,2025,1,January,2,1,0,0
C04829,2025,5,May,3,2,0,1
C04829,2025,8,August,4,3,0,1
C04829,2025,10,October,5,4,0,1
C04831,2024,9,September,1,1,1,0
C04831,2024,10,October,2,2,0,1
C04831,2025,3,March,3,2,0,1
C04831,2025,7,July,4,3,0,1
C04831,2025,8,August,5,5,0,1
C04832,2024,9,September,1,1,1,0
C04832,2024,12,December,2,1,0,0
C04832,2025,1,January,3,2,0,1
C04832,2025,3,March,4,3,0,1
C04832,2025,8,August,5,4,0,1
C04833,2025,2,February,1,1,1,0
C04833,2025,7,July,2,2,0,1
C04834,2024,9,September,1,1,1,0
C04834,2024,10,October,2,3,0,1
C04835,2024,10,October,1,1,1,0
C04835,2025,3,March,2,2,0,1
C04835,2025,7,July,3,3,0,1
C04835,2025,10,October,4,3,0,1
C04837,2024,9,September,1,1,1,0
C04837,2025,1,January,2,1,0,0
C04838,2024,10,October,1,0,1,0
C04838,2025,3,March,2,1,0,0
C04838,2025,12,December,3,1,0,0
C04839,2024,11,November,1,1,1,0
C04839,2025,1,January,2,2,0,1
C04839,2025,6,June,3,3,0,1
C04839,2025,9,September,4,4,0,1
C04839,2025,11,November,5,4,0,1
C04839,2025,12,December,6,5,0,1
C04840,2024,7,July,1,1,1,0
C04840,2025,5,May,2,2,0,1
C04840,2025,7,July,3,3,0,1
C04841,2024,8,August,1,1,1,0
C04841,2024,10,October,2,1,0,0
C04841,2025,2,February,3,2,0,1
C04841,2025,5,May,4,2,0,1
C04842,2024,8,August,1,1,1,0
C04842,2024,12,December,2,2,0,1
C04842,2025,1,January,3,3,0,1
C04842,2025,5,May,4,4,0,1
C04843,2024,11,November,1,0,1,0
C04843,2025,9,September,2,0,0,0
C04843,2025,11,November,3,1,0,0
C04844,2025,2,February,1,1,1,0
C04844,2025,5,May,2,2,0,1
C04844,2025,6,June,3,3,0,1
C04845,2024,7,July,1,1,1,0
C04845,2024,8,August,2,2,0,1
C04845,2024,9,September,3,3,0,1
C04845,2025,1,January,4,4,0,1
C04845,2025,12,December,5,5,0,1
C04846,2024,8,August,1,1,1,0
C04846,2025,2,February,2,2,0,1
C04846,2025,6,June,3,3,0,1
C04846,2025,9,September,4,3,0,1
C04847,2024,9,September,1,0,1,0
C04847,2024,12,December,2,1,0,0
C04847,2025,2,February,3,2,0,1
C04847,2025,3,March,4,3,0,1
C04847,2025,4,April,5,4,0,1
C04847,2025,9,September,7,5,0,1
C04847,2025,11,November,8,6,0,1
C04848,2025,2,February,1,1,1,0
C04848,2025,4,April,2,2,0,1
C04849,2025,1,January,1,1,1,0
C04849,2025,2,February,3,1,0,0
C04849,2025,8,August,4,2,0,1
C04849,2025,10,October,5,3,0,1
C04850,2024,7,July,1,1,1,0
C04850,2025,6,June,2,2,0,1
C04850,2025,7,July,3,3,0,1
C04850,2025,8,August,4,4,0,1
C04850,2025,11,November,6,5,0,1
C04851,2025,3,March,1,1,1,0
C04851,2025,4,April,2,2,0,1
C04851,2025,7,July,3,3,0,1
C04851,2025,8,August,4,4,0,1
C04852,2024,8,August,1,1,1,0
C04852,2025,3,March,2,2,0,1
C04852,2025,8,August,3,3,0,1
C04853,2024,12,December,1,1,1,0
C04854,2025,4,April,1,1,1,0
C04854,2025,6,June,2,2,0,1
C04854,2025,8,August,3,3,0,1
C04854,2025,10,October,4,3,0,1
C04855,2025,5,May,1,2,0,1
C04855,2025,7,July,4,3,0,1
C04855,2025,8,August,5,4,0,1
C04855,2025,10,October,6,5,0,1
C04856,2024,8,August,1,1,1,0
C04856,2025,9,September,2,2,0,1
C04857,2025,7,July,1,1,1,0
C04858,2024,8,August,1,0,1,0
C04858,2024,10,October,3,1,0,0
C04858,2025,5,May,4,1,0,0
C04859,2024,12,December,1,2,0,1
C04860,2025,2,February,1,0,1,0
C04860,2025,5,May,2,1,0,0
C04860,2025,10,October,3,2,0,1
C04861,2024,9,September,1,1,1,0
C04861,2025,9,September,2,2,0,1
C04863,2025,4,April,1,1,1,0
C04863,2025,6,June,2,2,0,1
C04863,2025,7,July,3,3,0,1
C04863,2025,9,September,4,4,0,1
C04864,2024,8,August,1,1,1,0
C04864,2024,10,October,2,2,0,1
C04864,2024,12,December,3,3,0,1
C04864,2025,2,February,4,3,0,1
C04864,2025,3,March,5,4,0,1
C04864,2025,5,May,6,5,0,1
C04865,2024,9,September,1,1,1,0
C04865,2024,10,October,2,2,0,1
C04865,2024,11,November,3,3,0,1
C04865,2025,1,January,4,4,0,1
C04865,2025,2,February,5,5,0,1
C04865,2025,8,August,6,5,0,1
C04865,2025,9,September,7,6,0,1
C04866,2024,9,September,1,1,1,0
C04866,2025,2,February,3,3,0,1
C04866,2025,3,March,5,4,0,1
C04866,2025,4,April,6,5,0,1
C04866,2025,7,July,7,6,0,1
C04866,2025,11,November,8,6,0,1
C04867,2024,9,September,1,2,0,1
C04867,2024,11,November,3,2,0,1
C04867,2025,3,March,4,3,0,1
C04868,2024,12,December,1,0,1,0
C04869,2024,10,October,1,1,1,0
C04869,2025,4,April,2,2,0,1
C04869,2025,11,November,3,3,0,1
C04870,2024,8,August,1,1,1,0
C04870,2025,5,May,2,4,0,1
C04870,2025,10,October,5,5,0,1
C04871,2024,11,November,1,1,1,0
C04871,2024,12,December,2,2,0,1
C04871,2025,3,March,3,3,0,1
C04871,2025,5,May,4,3,0,1
C04871,2025,6,June,5,4,0,1
C04871,2025,8,August,6,5,0,1
C04872,2024,10,October,1,1,1,0
C04872,2025,8,August,2,2,0,1
C04872,2025,9,September,3,3,0,1
C04872,2025,12,December,4,3,0,1
C04873,2024,11,November,1,0,1,0
C04873,2025,1,January,2,1,0,0
C04873,2025,2,February,3,1,0,0
C04873,2025,7,July,4,1,0,0
C04873,2025,9,September,5,1,0,0
C04873,2025,10,October,6,2,0,1
C04874,2024,8,August,1,1,1,0
C04874,2024,10,October,2,3,0,1
C04874,2025,11,November,4,5,0,1
C04876,2025,2,February,1,2,0,1
C04876,2025,3,March,3,3,0,1
C04876,2025,4,April,4,4,0,1
C04876,2025,6,June,5,5,0,1
C04876,2025,7,July,6,6,0,1
C04876,2025,9,September,7,8,0,1
C04876,2025,12,December,9,9,0,1
C04877,2024,9,September,1,1,1,0
C04877,2024,10,October,2,2,0,1
C04877,2025,2,February,3,3,0,1
C04877,2025,7,July,4,5,0,1
C04878,2025,3,March,1,1,1,0
C04878,2025,8,August,2,2,0,1
C04878,2025,10,October,3,2,0,1
C04879,2024,7,July,1,1,1,0
C04879,2024,10,October,2,2,0,1
C04879,2025,1,January,3,3,0,1
C04880,2025,10,October,1,1,1,0
C04881,2024,11,November,1,1,1,0
C04881,2025,1,January,2,2,0,1
C04881,2025,5,May,3,3,0,1
C04881,2025,11,November,4,4,0,1
C04882,2024,11,November,1,2,0,1
C04882,2025,1,January,3,4,0,1
C04883,2025,7,July,1,1,1,0
C04883,2025,10,October,2,2,0,1
C04884,2024,9,September,1,1,1,0
C04884,2024,10,October,2,1,0,0
C04884,2025,2,February,3,2,0,1
C04884,2025,3,March,4,2,0,1
C04884,2025,8,August,5,3,0,1
C04884,2025,9,September,6,4,0,1
C04885,2025,2,February,1,1,1,0
C04885,2025,6,June,2,2,0,1
C04885,2025,7,July,3,3,0,1
C04886,2024,7,July,1,1,1,0
C04886,2024,9,September,2,2,0,1
C04886,2025,7,July,3,4,0,1
C04886,2025,8,August,5,5,0,1
C04887,2024,11,November,1,0,1,0
C04887,2025,6,June,2,2,0,1
C04887,2025,7,July,4,3,0,1
C04889,2024,8,August,1,1,1,0
C04889,2024,12,December,2,1,0,0
C04889,2025,5,May,3,1,0,0
C04890,2024,11,November,1,1,1,0
C04890,2024,12,December,2,1,0,0
C04890,2025,7,July,3,2,0,1
C04890,2025,8,August,4,2,0,1
C04890,2025,9,September,5,3,0,1
C04890,2025,10,October,6,4,0,1
C04890,2025,12,December,7,5,0,1
C04891,2024,8,August,1,1,1,0
C04891,2024,10,October,2,2,0,1
C04891,2025,1,January,3,3,0,1
C04891,2025,3,March,4,4,0,1
C04891,2025,9,September,5,6,0,1
C04891,2025,11,November,7,7,0,1
C04892,2025,1,January,1,0,1,0
C04892,2025,8,August,2,1,0,0
C04893,2025,6,June,1,1,1,0
C04893,2025,7,July,2,2,0,1
C04893,2025,9,September,3,3,0,1
C04894,2024,9,September,1,1,1,0
C04894,2025,9,September,2,2,0,1
C04894,2025,11,November,3,3,0,1
C04895,2025,1,January,1,1,1,0
C04896,2024,9,September,1,1,1,0
C04896,2024,10,October,2,3,0,1
C04896,2025,7,July,4,4,0,1
C04897,2024,7,July,1,1,1,0
C04897,2024,10,October,2,2,0,1
C04897,2024,11,November,3,3,0,1
C04898,2025,7,July,1,1,1,0
C04899,2024,11,November,1,1,1,0
C04899,2025,1,January,2,3,0,1
C04899,2025,3,March,5,5,0,1
C04899,2025,10,October,7,6,0,1
C04900,2025,4,April,1,1,1,0
C04900,2025,7,July,2,1,0,0
C04900,2025,8,August,4,2,0,1
C04900,2025,9,September,5,3,0,1
C04900,2025,10,October,7,3,0,1
C04901,2024,12,December,1,0,1,0
C04901,2025,1,January,2,1,0,0
C04901,2025,6,June,3,2,0,1
C04901,2025,7,July,4,3,0,1
C04902,2024,7,July,1,2,0,1
C04902,2024,10,October,3,3,0,1
C04902,2025,7,July,4,3,0,1
C04903,2025,8,August,1,1,1,0
C04903,2025,11,November,2,2,0,1
C04904,2024,9,September,1,1,1,0
C04905,2024,8,August,1,1,1,0
C04905,2024,10,October,2,3,0,1
C04905,2025,1,January,4,4,0,1
C04905,2025,2,February,5,5,0,1
C04905,2025,6,June,6,6,0,1
C04905,2025,8,August,7,7,0,1
C04905,2025,12,December,8,7,0,1
C04906,2024,9,September,1,0,1,0
C04906,2025,1,January,2,1,0,0
C04906,2025,6,June,3,2,0,1
C04906,2025,11,November,4,3,0,1
C04906,2025,12,December,5,4,0,1
C04907,2024,9,September,1,1,1,0
C04907,2025,1,January,2,2,0,1
C04907,2025,9,September,3,3,0,1
C04908,2024,10,October,1,1,1,0
C04908,2025,6,June,2,2,0,1
C04909,2024,10,October,1,1,1,0
C04909,2025,9,September,2,2,0,1
C04910,2025,3,March,1,1,1,0
C04910,2025,9,September,2,1,0,0
C04910,2025,10,October,3,2,0,1
C04910,2025,11,November,4,3,0,1
C04911,2024,7,July,1,1,1,0
C04911,2025,6,June,2,2,0,1
C04911,2025,11,November,3,2,0,1
C04912,2024,12,December,1,1,1,0
C04912,2025,4,April,2,2,0,1
C04912,2025,11,November,3,3,0,1
C04913,2024,7,July,1,1,1,0
C04913,2025,8,August,2,1,0,0
C04914,2024,7,July,1,1,1,0
C04914,2024,12,December,2,2,0,1
C04914,2025,3,March,3,3,0,1
C04914,2025,5,May,4,4,0,1
C04914,2025,8,August,5,5,0,1
C04914,2025,10,October,6,5,0,1
C04915,2024,9,September,1,1,1,0
C04915,2025,12,December,2,1,0,0
C04916,2024,9,September,1,1,1,0
C04916,2025,5,May,3,2,0,1
C04917,2024,8,August,1,0,1,0
C04917,2024,9,September,2,1,0,0
C04917,2024,11,November,3,2,0,1
C04917,2025,2,February,4,3,0,1
C04917,2025,3,March,5,4,0,1
C04917,2025,4,April,6,4,0,1
C04917,2025,6,June,7,5,0,1
C04918,2025,6,June,1,1,1,0
C04919,2024,9,September,1,0,1,0
C04919,2024,10,October,2,0,0,0
C04919,2024,12,December,3,1,0,0
C04919,2025,6,June,4,2,0,1
C04919,2025,8,August,5,3,0,1
C04920,2024,8,August,1,1,1,0
C04920,2024,9,September,2,1,0,0
C04920,2024,12,December,3,2,0,1
C04920,2025,1,January,4,2,0,1
C04920,2025,5,May,5,3,0,1
C04920,2025,10,October,6,4,0,1
C04920,2025,12,December,7,5,0,1
C04921,2024,8,August,1,1,1,0
C04921,2024,10,October,2,2,0,1
C04921,2024,11,November,3,3,0,1
C04921,2025,11,November,4,4,0,1
C04922,2024,8,August,1,1,1,0
C04922,2024,10,October,2,2,0,1
C04922,2025,2,February,3,2,0,1
C04922,2025,7,July,4,3,0,1
C04922,2025,9,September,5,4,0,1
C04923,2024,8,August,1,1,1,0
C04923,2025,10,October,2,2,0,1
C04924,2024,10,October,1,0,1,0
C04924,2024,11,November,2,1,0,0
C04924,2025,5,May,3,2,0,1
C04924,2025,6,June,4,3,0,1
C04924,2025,7,July,5,3,0,1
C04924,2025,11,November,6,3,0,1
C04925,2024,8,August,1,1,1,0
C04925,2025,5,May,2,2,0,1
C04925,2025,6,June,3,3,0,1
C04926,2025,5,May,1,1,1,0
C04927,2025,6,June,1,1,1,0
C04928,2024,7,July,1,1,1,0
C04928,2024,8,August,2,1,0,0
C04928,2024,9,September,3,2,0,1
C04928,2024,12,December,4,2,0,1
C04928,2025,5,May,5,2,0,1
C04928,2025,8,August,6,3,0,1
C04928,2025,9,September,7,4,0,1
C04928,2025,10,October,8,5,0,1
C04929,2024,11,November,1,2,0,1
C04929,2025,1,January,3,4,0,1
C04929,2025,7,July,5,4,0,1
C04929,2025,8,August,6,5,0,1
C04930,2024,12,December,1,1,1,0
C04930,2025,3,March,2,2,0,1
C04930,2025,4,April,3,3,0,1
C04930,2025,6,June,4,4,0,1
C04930,2025,7,July,5,5,0,1
C04930,2025,8,August,6,6,0,1
C04930,2025,9,September,7,8,0,1
C04930,2025,10,October,9,10,0,1
C04931,2024,9,September,1,1,1,0
C04932,2024,7,July,1,0,1,0
C04932,2024,10,October,2,1,0,0
C04932,2024,12,December,3,1,0,0
C04932,2025,1,January,4,2,0,1
C04932,2025,2,February,7,3,0,1
C04932,2025,3,March,8,3,0,1
C04932,2025,6,June,9,4,0,1
C04932,2025,8,August,10,4,0,1
C04932,2025,12,December,11,5,0,1
C04933,2024,8,August,1,1,1,0
C04933,2024,10,October,2,2,0,1
C04933,2025,1,January,3,2,0,1
C04933,2025,7,July,4,3,0,1
C04933,2025,9,September,5,4,0,1
C04933,2025,11,November,6,5,0,1
C04934,2024,10,October,1,1,1,0
C04934,2025,1,January,3,1,0,0
C04934,2025,2,February,4,2,0,1
C04934,2025,5,May,5,3,0,1
C04935,2024,9,September,1,0,1,0
C04935,2024,12,December,2,1,0,0
C04935,2025,3,March,3,2,0,1
C04936,2025,3,March,1,1,1,0
C04936,2025,6,June,2,1,0,0
C04936,2025,8,August,3,2,0,1
C04936,2025,9,September,4,3,0,1
C04937,2024,7,July,1,1,1,0
C04937,2025,2,February,2,1,0,0
C04937,2025,3,March,3,1,0,0
C04937,2025,6,June,4,3,0,1
C04937,2025,8,August,6,4,0,1
C04937,2025,12,December,7,5,0,1
C04938,2024,7,July,1,1,1,0
C04938,2024,10,October,2,1,0,0
C04938,2024,12,December,3,2,0,1
C04938,2025,3,March,4,3,0,1
C04939,2025,6,June,1,0,1,0
C04939,2025,7,July,2,1,0,0
C04940,2025,2,February,1,1,1,0
C04941,2024,8,August,1,0,1,0
C04941,2024,11,November,2,1,0,0
C04941,2024,12,December,3,2,0,1
C04941,2025,1,January,4,3,0,1
C04941,2025,4,April,5,3,0,1
C04941,2025,7,July,6,4,0,1
C04941,2025,8,August,7,5,0,1
C04941,2025,10,October,8,6,0,1
C04943,2024,12,December,1,1,1,0
C04943,2025,1,January,2,1,0,0
C04943,2025,2,February,3,1,0,0
C04943,2025,5,May,4,2,0,1
C04943,2025,7,July,5,5,0,1
C04943,2025,11,November,8,6,0,1
C04944,2024,10,October,1,2,0,1
C04944,2024,12,December,4,5,0,1
C04944,2025,5,May,7,7,0,1
C04944,2025,11,November,9,8,0,1
C04945,2024,9,September,1,1,1,0
C04945,2024,12,December,2,2,0,1
C04945,2025,3,March,3,4,0,1
C04945,2025,6,June,5,5,0,1
C04945,2025,7,July,6,6,0,1
C04945,2025,12,December,7,7,0,1
C04946,2024,8,August,1,0,1,0
C04946,2024,9,September,2,1,0,0
C04946,2024,10,October,3,2,0,1
C04946,2024,12,December,4,2,0,1
C04946,2025,4,April,5,3,0,1
C04947,2024,11,November,1,1,1,0
C04947,2025,4,April,2,2,0,1
C04948,2024,10,October,1,1,1,0
C04948,2025,4,April,2,2,0,1
C04949,2024,10,October,1,1,1,0
C04949,2025,3,March,2,2,0,1
C04949,2025,5,May,3,3,0,1
C04949,2025,8,August,4,4,0,1
C04950,2024,7,July,1,1,1,0
C04950,2024,10,October,2,2,0,1
C04950,2025,4,April,4,3,0,1
C04950,2025,6,June,5,4,0,1
C04950,2025,8,August,6,5,0,1
C04951,2025,2,February,1,1,1,0
C04951,2025,6,June,2,2,0,1
C04952,2024,11,November,1,1,1,0
C04952,2025,4,April,2,2,0,1
C04952,2025,12,December,3,3,0,1
C04953,2024,11,November,1,0,1,0
C04954,2024,7,July,1,1,1,0
C04954,2025,2,February,2,1,0,0
C04954,2025,3,March,3,2,0,1
C04954,2025,6,June,4,2,0,1
C04954,2025,7,July,5,3,0,1
C04955,2025,1,January,1,1,1,0
C04955,2025,10,October,2,1,0,0
C04955,2025,11,November,3,2,0,1
C04956,2024,11,November,1,0,1,0
C04956,2024,12,December,2,1,0,0
C04956,2025,2,February,3,2,0,1
C04956,2025,7,July,4,3,0,1
C04957,2024,10,October,1,1,1,0
C04958,2024,7,July,1,1,1,0
C04958,2024,10,October,2,3,0,1
C04958,2024,12,December,4,4,0,1
C04958,2025,1,January,5,4,0,1
C04958,2025,6,June,6,6,0,1
C04958,2025,9,September,8,7,0,1
C04958,2025,12,December,9,10,0,1
C04959,2024,8,August,1,1,1,0
C04960,2024,7,July,1,1,1,0
C04960,2024,8,August,2,2,0,1
C04960,2024,12,December,3,3,0,1
C04960,2025,7,July,4,3,0,1
C04961,2024,11,November,1,1,1,0
C04961,2025,5,May,2,2,0,1
C04961,2025,9,September,3,3,0,1
C04961,2025,10,October,4,4,0,1
C04963,2024,9,September,1,0,1,0
C04963,2025,6,June,2,1,0,0
C04963,2025,11,November,3,2,0,1
C04964,2024,7,July,1,1,1,0
C04964,2024,9,September,2,2,0,1
C04964,2024,10,October,3,3,0,1
C04964,2025,6,June,4,4,0,1
C04965,2024,7,July,1,0,1,0
C04965,2024,10,October,2,1,0,0
C04965,2025,1,January,3,2,0,1
C04965,2025,4,April,4,3,0,1
C04965,2025,6,June,5,4,0,1
C04966,2024,12,December,1,0,1,0
C04966,2025,1,January,2,1,0,0
C04967,2024,11,November,1,1,1,0
C04967,2025,8,August,2,2,0,1
C04968,2024,8,August,1,5,0,1
C04968,2024,9,September,6,6,0,1
C04968,2024,11,November,7,6,0,1
C04968,2025,4,April,8,7,0,1
C04968,2025,5,May,9,8,0,1
C04968,2025,7,July,10,9,0,1
C04968,2025,12,December,11,10,0,1
C04969,2025,3,March,1,1,1,0
C04969,2025,7,July,2,2,0,1
C04969,2025,11,November,3,3,0,1
C04970,2024,9,September,1,1,1,0
C04970,2025,1,January,2,2,0,1
C04970,2025,5,May,3,3,0,1
C04971,2024,10,October,1,1,1,0
C04971,2024,12,December,2,2,0,1
C04971,2025,2,February,4,3,0,1
C04971,2025,7,July,5,3,0,1
C04971,2025,9,September,6,4,0,1
C04972,2024,9,September,1,2,0,1
C04972,2024,10,October,3,3,0,1
C04972,2024,12,December,4,5,0,1
C04972,2025,2,February,6,5,0,1
C04972,2025,11,November,7,5,0,1
C04973,2024,10,October,1,1,1,0
C04973,2025,11,November,2,1,0,0
C04974,2024,8,August,1,1,1,0
C04974,2025,1,January,2,2,0,1
C04974,2025,2,February,3,3,0,1
C04974,2025,3,March,4,4,0,1
C04975,2025,7,July,1,1,1,0
C04976,2024,12,December,1,1,1,0
C04976,2025,1,January,2,2,0,1
C04977,2024,7,July,1,1,1,0
C04977,2024,9,September,2,2,0,1
C04977,2025,12,December,3,3,0,1
C04978,2024,11,November,1,1,1,0
C04978,2024,12,December,2,2,0,1
C04978,2025,8,August,3,2,0,1
C04979,2024,7,July,1,1,1,0
C04979,2024,12,December,2,2,0,1
C04980,2024,11,November,1,1,1,0
C04980,2025,2,February,2,2,0,1
C04980,2025,5,May,3,3,0,1
C04980,2025,6,June,4,3,0,1
C04980,2025,11,November,5,4,0,1
C04981,2025,1,January,1,1,1,0
C04981,2025,5,May,2,3,0,1
C04981,2025,11,November,4,4,0,1
C04982,2024,11,November,1,1,1,0
C04982,2025,2,February,2,2,0,1
C04982,2025,10,October,3,2,0,1
C04982,2025,12,December,4,2,0,1
C04983,2024,9,September,1,1,1,0
C04983,2025,3,March,2,3,0,1
C04983,2025,7,July,4,3,0,1
C04983,2025,8,August,5,4,0,1
C04984,2024,8,August,1,1,1,0
C04984,2025,10,October,2,3,0,1
C04985,2024,10,October,1,1,1,0
C04985,2024,11,November,3,2,0,1
C04985,2025,6,June,4,3,0,1
C04986,2025,1,January,1,1,1,0
C04986,2025,6,June,2,2,0,1
C04986,2025,12,December,3,3,0,1
C04987,2024,9,September,1,1,1,0
C04987,2025,6,June,2,2,0,1
C04987,2025,7,July,3,3,0,1
C04987,2025,9,September,4,4,0,1
C04988,2024,9,September,1,1,1,0
C04988,2024,12,December,2,2,0,1
C04988,2025,4,April,3,3,0,1
C04988,2025,5,May,4,4,0,1
C04988,2025,9,September,5,5,0,1
C04989,2024,9,September,1,1,1,0
C04989,2025,11,November,2,2,0,1
C04990,2024,11,November,1,1,1,0
C04990,2025,11,November,2,3,0,1
C04991,2024,9,September,1,1,1,0
C04991,2024,10,October,2,2,0,1
C04991,2024,11,November,3,2,0,1
C04992,2024,9,September,1,0,1,0
C04993,2024,10,October,1,1,1,0
C04993,2024,11,November,2,2,0,1
C04993,2025,2,February,3,2,0,1
C04993,2025,9,September,4,3,0,1
C04993,2025,11,November,5,4,0,1
C04994,2024,10,October,1,1,1,0
C04994,2025,8,August,2,2,0,1
C04995,2025,10,October,1,1,1,0
C04996,2024,9,September,1,1,1,0
C04996,2025,1,January,2,2,0,1
C04996,2025,2,February,3,2,0,1
C04996,2025,7,July,4,3,0,1
C04996,2025,8,August,5,4,0,1
C04996,2025,10,October,6,5,0,1
C04996,2025,12,December,7,6,0,1
C04997,2024,10,October,1,1,1,0
C04997,2025,7,July,2,3,0,1
C04997,2025,12,December,4,4,0,1
C04998,2024,10,October,1,1,1,0
C04998,2025,6,June,2,2,0,1
C04999,2024,10,October,1,1,1,0
C04999,2025,11,November,2,1,0,0
C05000,2024,8,August,1,1,1,0
C05000,2024,9,September,2,2,0,1
C05000,2025,10,October,3,2,0,1
C05001,2024,9,September,1,1,1,0
C05001,2025,2,February,2,2,0,1
C05001,2025,3,March,3,3,0,1
C05001,2025,4,April,4,4,0,1
C05001,2025,5,May,6,5,0,1
C05001,2025,11,November,8,6,0,1
C05002,2024,7,July,1,1,1,0
C05002,2024,9,September,2,2,0,1
C05002,2025,1,January,3,2,0,1
C05002,2025,3,March,4,2,0,1
C05002,2025,6,June,5,3,0,1
C05002,2025,8,August,7,4,0,1
C05002,2025,9,September,8,5,0,1
C05003,2024,9,September,1,1,1,0
C05003,2024,11,November,2,3,0,1
C05003,2024,12,December,4,3,0,1
C05003,2025,1,January,5,3,0,1
C05003,2025,5,May,6,3,0,1
C05003,2025,8,August,7,4,0,1
C05003,2025,9,September,8,5,0,1
C05003,2025,10,October,9,6,0,1
C05003,2025,12,December,10,7,0,1
C05004,2025,1,January,1,1,1,0
C05005,2025,1,January,1,1,1,0
C05005,2025,6,June,2,1,0,0
C05006,2024,11,November,1,1,1,0
C05006,2025,1,January,3,2,0,1
C05006,2025,11,November,4,3,0,1
C05006,2025,12,December,5,4,0,1
C05007,2024,8,August,1,1,1,0
C05007,2024,9,September,2,1,0,0
C05007,2024,11,November,3,4,0,1
C05007,2025,1,January,6,5,0,1
C05007,2025,3,March,7,5,0,1
C05007,2025,5,May,8,5,0,1
C05007,2025,6,June,9,6,0,1
C05007,2025,9,September,10,7,0,1
C05007,2025,11,November,11,9,0,1
C05007,2025,12,December,13,10,0,1
C05008,2024,7,July,1,1,1,0
C05008,2024,8,August,2,2,0,1
C05008,2025,1,January,3,3,0,1
C05008,2025,6,June,4,3,0,1
C05008,2025,9,September,5,4,0,1
C05009,2024,7,July,1,1,1,0
C05009,2024,8,August,2,2,0,1
C05009,2025,5,May,3,3,0,1
C05009,2025,11,November,4,3,0,1
C05009,2025,12,December,5,4,0,1
C05010,2024,9,September,1,1,1,0
C05010,2025,1,January,2,3,0,1
C05011,2024,9,September,1,0,1,0
C05011,2024,12,December,2,1,0,0
C05011,2025,3,March,3,2,0,1
C05011,2025,7,July,4,2,0,1
C05011,2025,9,September,5,3,0,1
C05012,2024,7,July,1,1,1,0
C05012,2024,12,December,2,2,0,1
C05012,2025,1,January,3,3,0,1
C05012,2025,2,February,4,4,0,1
C05012,2025,6,June,5,4,0,1
C05012,2025,7,July,6,5,0,1
C05012,2025,10,October,7,6,0,1
C05013,2024,9,September,1,1,1,0
C05013,2024,10,October,3,2,0,1
C05013,2024,11,November,4,3,0,1
C05013,2024,12,December,5,4,0,1
C05013,2025,1,January,6,6,0,1
C05013,2025,4,April,8,7,0,1
C05013,2025,6,June,9,8,0,1
C05013,2025,8,August,10,8,0,1
C05013,2025,10,October,11,9,0,1
C05013,2025,11,November,12,10,0,1
C05014,2025,2,February,1,2,0,1
C05014,2025,7,July,3,3,0,1
C05014,2025,8,August,4,3,0,1
C05015,2024,11,November,1,1,1,0
C05015,2024,12,December,2,1,0,0
C05016,2024,10,October,1,1,1,0
C05016,2024,11,November,2,2,0,1
C05016,2025,4,April,3,3,0,1
C05016,2025,5,May,4,3,0,1
C05016,2025,6,June,5,4,0,1
C05016,2025,8,August,6,6,0,1
C05016,2025,11,November,8,7,0,1
C05017,2024,10,October,1,2,0,1
C05017,2025,8,August,3,2,0,1
C05017,2025,9,September,4,3,0,1
C05017,2025,12,December,5,4,0,1
C05018,2024,9,September,1,1,1,0
C05018,2025,1,January,2,2,0,1
C05018,2025,3,March,3,3,0,1
C05018,2025,5,May,4,4,0,1
C05018,2025,6,June,5,5,0,1
C05018,2025,8,August,6,6,0,1
C05018,2025,9,September,7,7,0,1
C05018,2025,12,December,8,7,0,1
C05019,2024,8,August,1,1,1,0
C05019,2025,9,September,2,2,0,1
C05020,2024,9,September,1,1,1,0
C05020,2025,1,January,2,2,0,1
C05020,2025,2,February,3,2,0,1
C05021,2024,7,July,1,1,1,0
C05021,2024,10,October,2,2,0,1
C05021,2024,12,December,3,2,0,1
C05021,2025,1,January,4,4,0,1
C05021,2025,2,February,6,5,0,1
C05021,2025,5,May,7,6,0,1
C05021,2025,8,August,8,8,0,1
C05021,2025,9,September,10,8,0,1
C05021,2025,11,November,11,9,0,1
C05021,2025,12,December,12,9,0,1
C05022,2024,7,July,1,1,1,0
C05022,2024,10,October,2,2,0,1
C05022,2024,12,December,3,3,0,1
C05022,2025,3,March,4,4,0,1
C05022,2025,6,June,5,5,0,1
C05022,2025,9,September,6,7,0,1
C05022,2025,10,October,8,8,0,1
C05022,2025,11,November,9,9,0,1
C05023,2024,8,August,1,1,1,0
C05023,2024,9,September,2,1,0,0
C05023,2025,2,February,3,2,0,1
C05023,2025,4,April,4,4,0,1
C05023,2025,7,July,6,5,0,1
C05023,2025,9,September,7,6,0,1
C05024,2025,1,January,1,1,1,0
C05024,2025,6,June,2,2,0,1
C05024,2025,7,July,3,3,0,1
C05025,2024,10,October,1,1,1,0
C05026,2024,11,November,1,1,1,0
C05026,2025,5,May,3,2,0,1
C05026,2025,8,August,4,3,0,1
C05027,2025,8,August,1,0,1,0
C05028,2024,8,August,1,1,1,0
C05028,2024,10,October,2,2,0,1
C05028,2025,1,January,3,3,0,1
C05028,2025,11,November,4,4,0,1
C05029,2025,1,January,1,1,1,0
C05029,2025,5,May,2,1,0,0
C05030,2025,4,April,1,1,1,0
C05030,2025,7,July,2,2,0,1
C05030,2025,10,October,3,3,0,1
C05031,2024,9,September,1,1,1,0
C05031,2025,3,March,2,1,0,0
C05032,2024,7,July,1,0,1,0
C05032,2025,9,September,2,0,0,0
C05033,2025,4,April,1,1,1,0
C05033,2025,7,July,3,2,0,1
C05033,2025,12,December,4,4,0,1
C05034,2025,5,May,1,1,1,0
C05034,2025,9,September,2,2,0,1
C05035,2024,8,August,1,2,0,1
C05035,2024,9,September,3,3,0,1
C05035,2024,12,December,4,4,0,1
C05035,2025,1,January,5,6,0,1
C05035,2025,2,February,7,7,0,1
C05035,2025,5,May,8,9,0,1
C05035,2025,11,November,10,11,0,1
C05037,2024,7,July,1,0,1,0
C05037,2024,8,August,2,1,0,0
C05037,2024,12,December,3,2,0,1
C05037,2025,2,February,4,3,0,1
C05037,2025,4,April,5,4,0,1
C05037,2025,6,June,6,5,0,1
C05037,2025,9,September,7,6,0,1
C05037,2025,11,November,8,7,0,1
C05037,2025,12,December,9,8,0,1
C05038,2024,11,November,1,1,1,0
C05038,2025,7,July,2,2,0,1
C05039,2024,9,September,1,0,1,0
C05039,2025,7,July,2,1,0,0
C05039,2025,9,September,3,3,0,1
C05039,2025,10,October,6,4,0,1
C05039,2025,11,November,7,5,0,1
C05041,2024,7,July,1,0,1,0
C05041,2024,8,August,2,0,0,0
C05041,2025,3,March,3,1,0,0
C05041,2025,5,May,4,2,0,1
C05041,2025,8,August,5,3,0,1
C05041,2025,12,December,6,5,0,1
C05042,2025,2,February,1,1,1,0
C05043,2024,9,September,1,1,1,0
C05043,2025,2,February,2,1,0,0
C05043,2025,6,June,3,2,0,1
C05044,2024,8,August,1,0,1,0
C05044,2025,6,June,2,1,0,0
C05045,2024,11,November,1,0,1,0
C05045,2024,12,December,2,1,0,0
C05045,2025,11,November,3,2,0,1
C05046,2024,12,December,1,2,0,1
C05046,2025,4,April,3,3,0,1
C05046,2025,5,May,4,4,0,1
C05046,2025,6,June,5,5,0,1
C05046,2025,9,September,6,6,0,1
C05047,2024,10,October,1,0,1,0
C05047,2025,3,March,2,1,0,0
C05047,2025,7,July,3,2,0,1
C05048,2024,12,December,1,1,1,0
C05048,2025,8,August,2,2,0,1
C05049,2024,10,October,1,1,1,0
C05049,2024,12,December,2,2,0,1
C05049,2025,4,April,3,3,0,1
C05049,2025,6,June,4,3,0,1
C05049,2025,11,November,5,4,0,1
C05050,2024,8,August,1,1,1,0
C05050,2024,9,September,2,3,0,1
C05050,2024,12,December,4,3,0,1
C05050,2025,2,February,5,4,0,1
C05050,2025,3,March,6,5,0,1
C05050,2025,4,April,8,6,0,1
C05050,2025,10,October,9,6,0,1
C05050,2025,11,November,10,7,0,1
C05051,2024,12,December,1,0,1,0
C05051,2025,12,December,2,1,0,0
C05052,2024,8,August,1,1,1,0
C05052,2025,6,June,3,2,0,1
C05053,2024,8,August,1,1,1,0
C05053,2024,9,September,2,2,0,1
C05053,2025,6,June,3,3,0,1
C05053,2025,7,July,4,4,0,1
C05053,2025,11,November,5,5,0,1
C05054,2024,10,October,1,1,1,0
C05054,2025,1,January,2,2,0,1
C05054,2025,3,March,3,3,0,1
C05054,2025,7,July,4,4,0,1
C05054,2025,8,August,5,5,0,1
C05054,2025,9,September,6,6,0,1
C05054,2025,11,November,7,7,0,1
C05054,2025,12,December,8,8,0,1
C05056,2025,5,May,1,1,1,0
C05056,2025,6,June,2,2,0,1
C05056,2025,7,July,3,2,0,1
C05057,2024,9,September,1,1,1,0
C05057,2025,1,January,2,2,0,1
C05057,2025,2,February,3,3,0,1
C05057,2025,3,March,4,4,0,1
C05057,2025,9,September,6,5,0,1
C05059,2024,9,September,1,1,1,0
C05059,2024,12,December,2,2,0,1
C05059,2025,7,July,3,3,0,1
C05060,2024,12,December,1,1,1,0
C05060,2025,9,September,2,2,0,1
C05061,2024,8,August,1,1,1,0
C05061,2024,9,September,2,2,0,1
C05061,2024,12,December,3,3,0,1
C05061,2025,8,August,4,4,0,1
C05063,2025,1,January,1,1,1,0
C05063,2025,2,February,2,2,0,1
C05063,2025,7,July,3,3,0,1
C05063,2025,9,September,4,3,0,1
C05063,2025,10,October,5,4,0,1
C05063,2025,12,December,6,4,0,1
C05064,2025,3,March,1,1,1,0
C05065,2024,8,August,1,0,1,0
C05065,2025,3,March,2,1,0,0
C05065,2025,4,April,3,2,0,1
C05065,2025,5,May,4,3,0,1
C05065,2025,8,August,5,4,0,1
C05066,2024,10,October,1,1,1,0
C05066,2025,1,January,2,2,0,1
C05066,2025,6,June,3,3,0,1
C05066,2025,12,December,4,4,0,1
C05067,2024,12,December,1,1,1,0
C05068,2024,10,October,1,1,1,0
C05068,2024,11,November,2,2,0,1
C05068,2025,3,March,3,3,0,1
C05068,2025,6,June,4,4,0,1
C05069,2025,9,September,1,1,1,0
C05069,2025,12,December,2,2,0,1
C05070,2024,9,September,1,0,1,0
C05070,2024,11,November,2,1,0,0
C05070,2025,7,July,3,2,0,1
C05070,2025,8,August,5,3,0,1
C05070,2025,11,November,6,4,0,1
C05071,2024,7,July,1,1,1,0
C05071,2024,12,December,2,2,0,1
C05071,2025,1,January,3,3,0,1
C05071,2025,7,July,4,4,0,1
C05071,2025,10,October,5,5,0,1
C05072,2025,12,December,1,1,1,0
C05073,2025,1,January,1,1,1,0
C05073,2025,3,March,2,2,0,1
C05073,2025,7,July,3,3,0,1
C05074,2024,7,July,1,1,1,0
C05074,2025,2,February,2,2,0,1
C05074,2025,6,June,3,3,0,1
C05074,2025,12,December,4,5,0,1
C05075,2024,7,July,1,1,1,0
C05075,2024,11,November,2,2,0,1
C05075,2025,4,April,3,3,0,1
C05075,2025,5,May,4,5,0,1
C05076,2025,11,November,1,0,1,0
C05077,2024,10,October,1,0,1,0
C05077,2025,3,March,2,1,0,0
C05077,2025,8,August,3,2,0,1
C05077,2025,9,September,4,3,0,1
C05078,2024,8,August,1,1,1,0
C05078,2025,4,April,2,2,0,1
C05078,2025,5,May,3,3,0,1
C05078,2025,9,September,4,3,0,1
C05079,2025,3,March,1,1,1,0
C05079,2025,11,November,2,2,0,1
C05080,2025,6,June,1,1,1,0
C05080,2025,12,December,2,2,0,1
C05081,2024,9,September,1,1,1,0
C05081,2024,11,November,2,3,0,1
C05081,2024,12,December,4,4,0,1
C05081,2025,5,May,5,5,0,1
C05081,2025,7,July,6,6,0,1
C05081,2025,8,August,7,7,0,1
C05081,2025,9,September,8,9,0,1
C05082,2024,7,July,1,1,1,0
C05082,2024,10,October,2,2,0,1
C05082,2024,12,December,3,3,0,1
C05082,2025,1,January,4,4,0,1
C05082,2025,2,February,5,6,0,1
C05082,2025,3,March,7,7,0,1
C05082,2025,5,May,8,8,0,1
C05082,2025,9,September,9,9,0,1
C05082,2025,10,October,10,10,0,1
C05083,2024,11,November,1,1,1,0
C05083,2025,1,January,2,1,0,0
C05084,2024,9,September,1,0,1,0
C05084,2024,10,October,2,0,0,0
C05084,2024,11,November,3,1,0,0
C05085,2024,8,August,1,1,1,0
C05085,2024,9,September,2,2,0,1
C05085,2024,11,November,3,3,0,1
C05085,2025,11,November,4,4,0,1
C05086,2024,7,July,1,1,1,0
C05086,2024,9,September,2,2,0,1
C05086,2025,1,January,3,3,0,1
C05086,2025,4,April,4,3,0,1
C05086,2025,11,November,5,4,0,1
C05087,2024,9,September,1,1,1,0
C05087,2025,11,November,2,2,0,1
C05088,2024,11,November,1,1,1,0
C05088,2025,3,March,2,1,0,0
C05088,2025,4,April,3,2,0,1
C05088,2025,5,May,4,3,0,1
C05088,2025,12,December,5,3,0,1
C05089,2024,11,November,1,1,1,0
C05089,2024,12,December,2,2,0,1
C05089,2025,2,February,3,3,0,1
C05089,2025,3,March,4,4,0,1
C05090,2025,12,December,1,1,1,0
C05091,2025,1,January,1,1,1,0
C05091,2025,8,August,2,2,0,1
C05091,2025,12,December,3,4,0,1
C05092,2024,8,August,1,1,1,0
C05092,2025,6,June,2,2,0,1
C05093,2024,7,July,1,1,1,0
C05093,2024,9,September,2,3,0,1
C05093,2025,1,January,4,4,0,1
C05093,2025,3,March,5,5,0,1
C05093,2025,7,July,6,5,0,1
C05093,2025,12,December,7,7,0,1
C05094,2024,10,October,1,1,1,0
C05094,2024,12,December,2,1,0,0
C05094,2025,1,January,3,1,0,0
C05094,2025,3,March,4,2,0,1
C05094,2025,9,September,5,3,0,1
C05094,2025,11,November,6,3,0,1
C05095,2024,8,August,1,1,1,0
C05095,2024,10,October,2,2,0,1
C05095,2025,3,March,3,2,0,1
C05095,2025,8,August,4,4,0,1
C05095,2025,10,October,6,5,0,1
C05096,2024,9,September,1,2,0,1
C05096,2024,10,October,3,3,0,1
C05096,2024,12,December,4,4,0,1
C05096,2025,1,January,5,6,0,1
C05096,2025,2,February,7,7,0,1
C05096,2025,8,August,8,7,0,1
C05096,2025,12,December,9,8,0,1
C05097,2024,8,August,1,3,0,1
C05097,2025,5,May,4,4,0,1
C05097,2025,8,August,5,5,0,1
C05098,2024,9,September,1,1,1,0
C05098,2025,6,June,2,2,0,1
C05098,2025,12,December,3,3,0,1
C05099,2024,12,December,1,2,0,1
C05099,2025,3,March,3,3,0,1
C05099,2025,9,September,4,4,0,1
C05099,2025,10,October,5,5,0,1
C05099,2025,12,December,6,6,0,1
C05100,2024,7,July,1,1,1,0
C05100,2024,11,November,2,2,0,1
C05100,2025,2,February,3,3,0,1
C05100,2025,4,April,4,5,0,1
C05100,2025,10,October,6,6,0,1
C05100,2025,12,December,7,7,0,1
C05101,2024,8,August,1,1,1,0
C05101,2025,6,June,2,2,0,1
C05101,2025,7,July,3,3,0,1
C05101,2025,12,December,4,4,0,1
C05102,2025,1,January,1,1,1,0
C05102,2025,9,September,2,2,0,1
C05103,2025,4,April,1,1,1,0
C05104,2025,4,April,1,1,1,0
C05104,2025,12,December,2,2,0,1
C05105,2024,9,September,1,1,1,0
C05105,2024,12,December,2,2,0,1
C05105,2025,1,January,3,3,0,1
C05105,2025,9,September,4,4,0,1
C05106,2024,7,July,1,1,1,0
C05106,2024,8,August,2,1,0,0
C05106,2025,4,April,3,2,0,1
C05106,2025,12,December,4,3,0,1
C05108,2025,11,November,1,0,1,0
C05108,2025,12,December,2,1,0,0
C05109,2025,11,November,1,0,1,0
C05110,2025,3,March,1,1,1,0
C05111,2024,7,July,1,0,1,0
C05111,2024,12,December,2,2,0,1
C05111,2025,3,March,4,4,0,1
C05111,2025,7,July,6,5,0,1
C05112,2024,7,July,1,1,1,0
C05112,2024,10,October,2,2,0,1
C05113,2024,8,August,1,1,1,0
C05113,2024,9,September,2,2,0,1
C05113,2025,1,January,3,3,0,1
C05113,2025,12,December,4,4,0,1
C05114,2024,8,August,1,1,1,0
C05114,2025,3,March,2,2,0,1
C05114,2025,4,April,3,2,0,1
C05114,2025,8,August,4,3,0,1
C05115,2024,11,November,1,1,1,0
C05115,2025,3,March,2,2,0,1
C05115,2025,4,April,3,3,0,1
C05115,2025,6,June,4,4,0,1
C05115,2025,7,July,5,6,0,1
C05115,2025,9,September,7,6,0,1
C05116,2024,11,November,1,1,1,0
C05119,2025,4,April,1,1,1,0
C05120,2024,11,November,1,1,1,0
C05121,2025,6,June,1,2,0,1
C05123,2024,12,December,1,1,1,0
C05123,2025,2,February,2,1,0,0
C05123,2025,3,March,3,1,0,0
C05123,2025,6,June,4,2,0,1
C05125,2025,1,January,1,1,1,0
C05125,2025,2,February,2,2,0,1
C05125,2025,3,March,3,3,0,1
C05125,2025,6,June,4,3,0,1
C05125,2025,10,October,5,4,0,1
C05125,2025,11,November,6,5,0,1
C05126,2024,10,October,1,1,1,0
C05126,2024,12,December,2,2,0,1
C05126,2025,2,February,4,4,0,1
C05126,2025,4,April,6,5,0,1
C05126,2025,6,June,7,6,0,1
C05126,2025,8,August,8,7,0,1
C05126,2025,11,November,9,10,0,1
C05127,2025,8,August,1,1,1,0
C05128,2025,6,June,1,1,1,0
C05128,2025,8,August,2,2,0,1
C05129,2024,9,September,1,2,0,1
C05129,2024,11,November,3,3,0,1
C05129,2025,2,February,4,4,0,1
C05129,2025,4,April,5,5,0,1
C05129,2025,6,June,6,6,0,1
C05129,2025,8,August,7,7,0,1
C05129,2025,9,September,8,9,0,1
C05129,2025,10,October,10,9,0,1
C05130,2024,11,November,1,1,1,0
C05130,2025,3,March,2,2,0,1
C05130,2025,10,October,3,3,0,1
C05130,2025,12,December,4,4,0,1
C05131,2025,7,July,1,1,1,0
C05131,2025,11,November,2,2,0,1
C05132,2024,7,July,1,1,1,0
C05132,2024,9,September,2,2,0,1
C05132,2024,12,December,3,3,0,1
C05132,2025,10,October,4,4,0,1
C05133,2024,10,October,1,1,1,0
C05133,2024,11,November,2,2,0,1
C05133,2024,12,December,3,4,0,1
C05133,2025,3,March,5,5,0,1
C05133,2025,6,June,6,6,0,1
C05133,2025,8,August,7,7,0,1
C05133,2025,9,September,8,8,0,1
C05133,2025,12,December,9,9,0,1
C05134,2024,9,September,1,1,1,0
C05135,2024,9,September,1,1,1,0
C05135,2024,10,October,2,2,0,1
C05135,2025,3,March,3,3,0,1
C05135,2025,5,May,4,4,0,1
C05135,2025,7,July,5,5,0,1
C05135,2025,11,November,6,6,0,1
C05136,2025,1,January,1,1,1,0
C05136,2025,4,April,2,2,0,1
C05137,2024,9,September,1,1,1,0
C05137,2024,10,October,2,2,0,1
C05137,2025,1,January,3,2,0,1
C05137,2025,3,March,4,3,0,1
C05137,2025,6,June,5,4,0,1
C05137,2025,8,August,6,5,0,1
C05137,2025,11,November,7,6,0,1
C05138,2024,8,August,1,0,1,0
C05138,2024,9,September,2,0,0,0
C05138,2024,10,October,3,2,0,1
C05138,2024,12,December,5,3,0,1
C05138,2025,1,January,6,3,0,1
C05138,2025,2,February,7,4,0,1
C05138,2025,10,October,8,6,0,1
C05139,2024,7,July,1,1,1,0
C05139,2024,10,October,3,2,0,1
C05139,2025,6,June,4,3,0,1
C05139,2025,8,August,5,4,0,1
C05140,2024,11,November,1,0,1,0
C05140,2025,1,January,2,1,0,0
C05140,2025,9,September,3,2,0,1
C05140,2025,12,December,4,3,0,1
C05141,2024,9,September,1,1,1,0
C05141,2024,10,October,2,2,0,1
C05141,2024,11,November,3,3,0,1
C05141,2025,2,February,4,5,0,1
C05141,2025,4,April,6,6,0,1
C05141,2025,5,May,7,7,0,1
C05141,2025,9,September,8,8,0,1
C05141,2025,12,December,9,9,0,1
C05142,2024,8,August,1,1,1,0
C05142,2025,9,September,2,2,0,1
C05142,2025,12,December,3,3,0,1
C05143,2024,10,October,1,2,0,1
C05143,2024,12,December,3,3,0,1
C05143,2025,2,February,4,4,0,1
C05144,2024,8,August,1,1,1,0
C05144,2025,1,January,3,2,0,1
C05144,2025,2,February,4,2,0,1
C05144,2025,3,March,5,3,0,1
C05144,2025,7,July,6,4,0,1
C05144,2025,8,August,7,6,0,1
C05145,2024,7,July,1,0,1,0
C05145,2024,10,October,3,1,0,0
C05145,2025,1,January,4,2,0,1
C05145,2025,5,May,5,3,0,1
C05145,2025,6,June,6,4,0,1
C05145,2025,9,September,7,5,0,1
C05146,2024,8,August,1,0,1,0
C05146,2024,12,December,2,1,0,0
C05146,2025,2,February,3,2,0,1
C05147,2025,3,March,1,1,1,0
C05147,2025,5,May,2,3,0,1
C05147,2025,6,June,4,4,0,1
C05148,2024,10,October,1,1,1,0
C05148,2025,7,July,2,2,0,1
C05149,2025,1,January,1,1,1,0
C05149,2025,8,August,2,2,0,1
C05149,2025,9,September,3,2,0,1
C05150,2024,12,December,1,2,0,1
C05150,2025,3,March,3,3,0,1
C05151,2024,12,December,1,1,1,0
C05151,2025,4,April,2,1,0,0
C05151,2025,7,July,3,2,0,1
C05152,2024,12,December,1,1,1,0
C05152,2025,1,January,2,3,0,1
C05152,2025,2,February,4,4,0,1
C05153,2024,8,August,1,1,1,0
C05153,2024,12,December,3,2,0,1
C05153,2025,3,March,4,3,0,1
C05153,2025,4,April,5,5,0,1
C05153,2025,5,May,7,6,0,1
C05153,2025,10,October,8,6,0,1
C05153,2025,11,November,9,7,0,1
C05154,2024,8,August,1,1,1,0
C05154,2024,10,October,2,2,0,1
C05154,2024,11,November,3,2,0,1
C05155,2024,10,October,1,1,1,0
C05155,2024,11,November,3,2,0,1
C05155,2025,5,May,4,2,0,1
C05155,2025,7,July,5,3,0,1
C05155,2025,9,September,6,5,0,1
C05155,2025,10,October,8,7,0,1
C05156,2025,2,February,1,1,1,0
C05156,2025,3,March,3,2,0,1
C05156,2025,5,May,4,3,0,1
C05156,2025,12,December,5,4,0,1
C05157,2025,4,April,1,1,1,0
C05159,2024,9,September,1,1,1,0
C05159,2024,12,December,2,1,0,0
C05159,2025,1,January,3,2,0,1
C05160,2024,10,October,1,1,1,0
C05162,2024,10,October,1,1,1,0
C05162,2024,12,December,2,1,0,0
C05162,2025,2,February,3,2,0,1
C05163,2024,8,August,1,1,1,0
C05163,2024,12,December,2,3,0,1
C05163,2025,1,January,4,4,0,1
C05163,2025,3,March,5,5,0,1
C05163,2025,6,June,6,6,0,1
C05163,2025,7,July,7,7,0,1
C05163,2025,9,September,8,8,0,1
C05163,2025,10,October,9,9,0,1
C05163,2025,12,December,10,10,0,1
C05164,2024,7,July,1,1,1,0
C05164,2025,6,June,2,2,0,1
C05164,2025,7,July,3,3,0,1
C05164,2025,8,August,4,4,0,1
C05164,2025,11,November,5,5,0,1
C05165,2025,4,April,1,1,1,0
C05165,2025,7,July,2,1,0,0
C05166,2024,7,July,1,2,0,1
C05166,2024,8,August,3,3,0,1
C05166,2024,9,September,4,4,0,1
C05166,2024,10,October,5,5,0,1
C05166,2025,5,May,6,6,0,1
C05166,2025,10,October,7,7,0,1
C05167,2024,7,July,1,1,1,0
C05167,2024,10,October,2,1,0,0
C05167,2025,1,January,3,3,0,1
C05167,2025,2,February,5,4,0,1
C05167,2025,3,March,6,5,0,1
C05167,2025,5,May,7,5,0,1
C05167,2025,6,June,8,6,0,1
C05168,2024,9,September,1,1,1,0
C05168,2024,12,December,2,2,0,1
C05168,2025,2,February,3,3,0,1
C05168,2025,4,April,4,4,0,1
C05168,2025,7,July,5,4,0,1
C05168,2025,9,September,6,6,0,1
C05168,2025,10,October,8,7,0,1
C05168,2025,11,November,9,8,0,1
C05169,2025,4,April,1,1,1,0
C05169,2025,6,June,2,2,0,1
C05170,2024,7,July,1,1,1,0
C05170,2024,10,October,3,3,0,1
C05170,2025,11,November,5,3,0,1
C05171,2024,8,August,1,1,1,0
C05171,2024,9,September,2,3,0,1
C05171,2024,11,November,4,4,0,1
C05171,2024,12,December,5,5,0,1
C05171,2025,2,February,6,7,0,1
C05171,2025,5,May,8,8,0,1
C05171,2025,6,June,9,9,0,1
C05171,2025,7,July,10,10,0,1
C05171,2025,11,November,11,14,0,1
C05172,2024,7,July,1,1,1,0
C05172,2024,8,August,2,3,0,1
C05172,2024,9,September,4,4,0,1
C05172,2024,11,November,5,6,0,1
C05172,2024,12,December,7,6,0,1
C05172,2025,6,June,8,6,0,1
C05172,2025,9,September,9,7,0,1
C05172,2025,11,November,11,8,0,1
C05172,2025,12,December,12,9,0,1
C05173,2024,9,September,1,1,1,0
C05173,2025,3,March,2,2,0,1
C05173,2025,5,May,3,3,0,1
C05173,2025,6,June,4,3,0,1
C05174,2025,6,June,1,1,1,0
C05174,2025,10,October,2,2,0,1
C05175,2025,2,February,1,1,1,0
C05176,2025,12,December,1,1,1,0
C05177,2024,7,July,1,1,1,0
C05177,2024,10,October,2,2,0,1
C05177,2025,6,June,3,2,0,1
C05178,2025,11,November,1,0,1,0
C05179,2024,7,July,1,1,1,0
C05179,2025,1,January,2,2,0,1
C05179,2025,2,February,3,2,0,1
C05179,2025,11,November,4,2,0,1
C05180,2024,9,September,1,1,1,0
C05180,2025,3,March,2,2,0,1
C05180,2025,10,October,3,3,0,1
C05181,2025,9,September,1,1,1,0
C05182,2024,12,December,1,0,1,0
C05182,2025,3,March,2,1,0,0
C05182,2025,9,September,3,1,0,0
C05183,2025,1,January,1,1,1,0
C05183,2025,2,February,2,2,0,1
C05184,2025,7,July,1,0,1,0
C05184,2025,11,November,2,0,0,0
C05185,2025,2,February,1,1,1,0
C05185,2025,8,August,2,2,0,1
C05185,2025,9,September,3,3,0,1
C05186,2025,7,July,1,1,1,0
C05186,2025,11,November,2,2,0,1
C05187,2025,3,March,1,1,1,0
C05188,2024,10,October,1,1,1,0
C05189,2024,9,September,1,0,1,0
C05189,2024,12,December,2,1,0,0
C05190,2024,7,July,1,1,1,0
C05191,2024,10,October,1,0,1,0
C05191,2024,11,November,2,1,0,0
C05192,2025,7,July,1,1,1,0
C05193,2024,11,November,1,1,1,0
C05193,2024,12,December,2,2,0,1
C05193,2025,4,April,3,3,0,1
C05193,2025,8,August,4,4,0,1
C05193,2025,9,September,5,5,0,1
C05194,2024,9,September,1,0,1,0
C05194,2024,10,October,2,1,0,0
C05194,2025,1,January,3,2,0,1
C05194,2025,2,February,4,3,0,1
C05194,2025,3,March,5,3,0,1
C05194,2025,10,October,6,5,0,1
C05195,2024,9,September,1,0,1,0
C05195,2024,10,October,2,1,0,0
C05195,2025,2,February,3,2,0,1
C05195,2025,8,August,4,3,0,1
C05195,2025,9,September,5,4,0,1
C05195,2025,10,October,6,5,0,1
C05196,2024,7,July,1,0,1,0
C05196,2024,10,October,2,1,0,0
C05196,2025,7,July,4,1,0,0
C05196,2025,10,October,5,2,0,1
C05196,2025,11,November,6,3,0,1
C05197,2024,8,August,1,1,1,0
C05197,2025,7,July,2,2,0,1
C05197,2025,8,August,3,3,0,1
C05198,2024,9,September,1,1,1,0
C05198,2025,3,March,2,2,0,1
C05198,2025,4,April,3,3,0,1
C05198,2025,7,July,4,4,0,1
C05198,2025,9,September,6,5,0,1
C05198,2025,12,December,7,6,0,1
C05199,2024,11,November,1,1,1,0
C05199,2024,12,December,2,2,0,1
C05199,2025,1,January,3,3,0,1
C05199,2025,5,May,4,4,0,1
C05199,2025,10,October,5,6,0,1
C05199,2025,11,November,7,6,0,1
C05199,2025,12,December,9,7,0,1
C05200,2024,8,August,1,1,1,0
C05200,2024,11,November,2,2,0,1
C05200,2024,12,December,3,3,0,1
C05200,2025,1,January,4,4,0,1
C05200,2025,2,February,5,4,0,1
C05201,2024,7,July,1,2,0,1
C05201,2024,8,August,4,2,0,1
C05201,2024,9,September,5,2,0,1
C05201,2025,6,June,6,2,0,1
C05201,2025,7,July,7,3,0,1
C05201,2025,8,August,8,4,0,1
C05201,2025,9,September,9,5,0,1
C05201,2025,11,November,11,6,0,1
C05202,2024,8,August,1,1,1,0
C05202,2025,3,March,3,2,0,1
C05203,2024,8,August,1,1,1,0
C05203,2024,10,October,2,1,0,0
C05203,2024,11,November,3,2,0,1
C05203,2025,3,March,4,2,0,1
C05203,2025,5,May,5,3,0,1
C05203,2025,7,July,6,4,0,1
C05203,2025,9,September,7,5,0,1
C05203,2025,12,December,8,6,0,1
C05204,2025,3,March,1,1,1,0
C05204,2025,4,April,2,2,0,1
C05204,2025,5,May,3,3,0,1
C05205,2024,8,August,1,1,1,0
C05205,2024,12,December,2,2,0,1
C05205,2025,2,February,3,3,0,1
C05205,2025,7,July,4,4,0,1
C05205,2025,8,August,5,5,0,1
C05205,2025,10,October,6,6,0,1
C05205,2025,11,November,7,7,0,1
C05205,2025,12,December,8,8,0,1
C05206,2025,3,March,1,1,1,0
C05206,2025,7,July,2,2,0,1
C05206,2025,8,August,3,3,0,1
C05207,2024,7,July,1,1,1,0
C05207,2024,10,October,2,2,0,1
C05207,2025,1,January,3,2,0,1
C05207,2025,3,March,4,3,0,1
C05208,2024,10,October,1,1,1,0
C05208,2025,2,February,2,2,0,1
C05208,2025,3,March,4,3,0,1
C05208,2025,4,April,5,3,0,1
C05208,2025,6,June,6,5,0,1
C05208,2025,11,November,8,6,0,1
C05209,2024,9,September,1,1,1,0
C05209,2024,12,December,2,1,0,0
C05209,2025,2,February,3,2,0,1
C05210,2024,12,December,1,1,1,0
C05210,2025,2,February,2,2,0,1
C05210,2025,5,May,3,3,0,1
C05210,2025,7,July,4,3,0,1
C05211,2024,10,October,1,1,1,0
C05211,2024,12,December,2,2,0,1
C05211,2025,4,April,3,4,0,1
C05211,2025,7,July,5,4,0,1
C05212,2025,8,August,1,0,1,0
C05212,2025,10,October,2,1,0,0
C05213,2024,8,August,1,2,0,1
C05213,2024,9,September,3,3,0,1
C05213,2024,10,October,4,4,0,1
C05213,2025,10,October,5,5,0,1
C05213,2025,11,November,6,6,0,1
C05214,2024,10,October,1,1,1,0
C05214,2024,12,December,2,2,0,1
C05214,2025,4,April,4,3,0,1
C05215,2024,9,September,1,1,1,0
C05215,2025,2,February,2,2,0,1
C05215,2025,9,September,3,3,0,1
C05215,2025,12,December,4,4,0,1
C05216,2025,5,May,1,1,1,0
C05216,2025,11,November,2,2,0,1
C05216,2025,12,December,3,4,0,1
C05217,2024,9,September,1,1,1,0
C05217,2024,11,November,2,2,0,1
C05218,2024,8,August,1,1,1,0
C05218,2024,9,September,2,2,0,1
C05218,2024,10,October,3,3,0,1
C05218,2025,1,January,4,4,0,1
C05218,2025,4,April,5,5,0,1
C05218,2025,10,October,7,6,0,1
C05219,2025,1,January,1,0,1,0
C05219,2025,7,July,2,0,0,0
C05220,2024,8,August,1,1,1,0
C05220,2025,12,December,2,2,0,1
C05221,2024,7,July,1,1,1,0
C05221,2024,11,November,2,3,0,1
C05221,2024,12,December,4,4,0,1
C05221,2025,1,January,5,4,0,1
C05222,2024,11,November,1,1,1,0
C05223,2024,8,August,1,1,1,0
C05223,2024,9,September,2,1,0,0
C05223,2024,12,December,3,2,0,1
C05223,2025,6,June,4,3,0,1
C05224,2024,7,July,1,1,1,0
C05224,2025,3,March,2,2,0,1
C05225,2024,11,November,1,1,1,0
C05225,2024,12,December,2,2,0,1
C05225,2025,2,February,3,3,0,1
C05226,2025,9,September,1,0,1,0
C05226,2025,10,October,2,1,0,0
C05227,2024,9,September,1,1,1,0
C05227,2025,1,January,2,2,0,1
C05227,2025,3,March,3,3,0,1
C05227,2025,8,August,4,4,0,1
C05227,2025,10,October,5,5,0,1
C05227,2025,12,December,6,6,0,1
C05228,2024,9,September,1,1,1,0
C05228,2025,3,March,2,2,0,1
C05228,2025,5,May,3,3,0,1
C05228,2025,9,September,4,3,0,1
C05229,2024,7,July,1,0,1,0
C05229,2024,8,August,2,1,0,0
C05229,2025,3,March,3,2,0,1
C05229,2025,7,July,4,2,0,1
C05229,2025,8,August,5,3,0,1
C05229,2025,9,September,6,4,0,1
C05230,2024,7,July,1,1,1,0
C05230,2025,3,March,2,2,0,1
C05230,2025,11,November,3,3,0,1
C05231,2024,10,October,1,1,1,0
C05231,2025,7,July,2,2,0,1
C05231,2025,11,November,3,3,0,1
C05232,2025,3,March,1,1,1,0
C05232,2025,6,June,2,2,0,1
C05232,2025,8,August,3,2,0,1
C05233,2024,10,October,1,1,1,0
C05233,2024,11,November,2,2,0,1
C05233,2025,3,March,3,3,0,1
C05233,2025,5,May,4,4,0,1
C05233,2025,6,June,5,5,0,1
C05233,2025,7,July,6,7,0,1
C05233,2025,8,August,8,8,0,1
C05233,2025,9,September,9,10,0,1
C05233,2025,10,October,11,11,0,1
C05233,2025,12,December,12,12,0,1
C05234,2025,4,April,1,1,1,0
C05234,2025,10,October,2,2,0,1
C05235,2024,9,September,1,1,1,0
C05235,2024,10,October,2,2,0,1
C05235,2024,11,November,3,3,0,1
C05235,2024,12,December,4,4,0,1
C05235,2025,2,February,5,5,0,1
C05235,2025,5,May,6,6,0,1
C05235,2025,10,October,7,7,0,1
C05235,2025,12,December,8,7,0,1
C05236,2024,12,December,1,1,1,0
C05236,2025,5,May,2,2,0,1
C05237,2025,2,February,1,1,1,0
C05238,2024,11,November,1,1,1,0
C05238,2025,4,April,2,2,0,1
C05238,2025,6,June,3,3,0,1
C05238,2025,10,October,4,3,0,1
C05239,2025,7,July,1,2,0,1
C05240,2024,12,December,1,1,1,0
C05240,2025,5,May,2,2,0,1
C05240,2025,6,June,3,3,0,1
C05240,2025,10,October,4,4,0,1
C05241,2024,8,August,1,1,1,0
C05241,2024,10,October,2,2,0,1
C05241,2024,11,November,3,3,0,1
C05241,2024,12,December,4,4,0,1
C05241,2025,1,January,5,6,0,1
C05241,2025,3,March,7,7,0,1
C05241,2025,9,September,8,10,0,1
C05242,2024,8,August,1,0,1,0
C05242,2025,1,January,2,1,0,0
C05243,2024,9,September,1,1,1,0
C05243,2024,11,November,2,3,0,1
C05243,2025,8,August,4,4,0,1
C05243,2025,10,October,5,5,0,1
C05244,2024,7,July,1,0,1,0
C05244,2025,2,February,2,0,0,0
C05244,2025,7,July,3,1,0,0
C05244,2025,10,October,5,2,0,1
C05244,2025,12,December,6,3,0,1
C05245,2024,7,July,1,1,1,0
C05245,2024,9,September,2,2,0,1
C05245,2024,12,December,3,3,0,1
C05245,2025,7,July,4,3,0,1
C05245,2025,8,August,5,4,0,1
C05245,2025,9,September,6,6,0,1
C05246,2024,7,July,1,1,1,0
C05246,2024,8,August,2,2,0,1
C05246,2024,9,September,3,4,0,1
C05246,2024,10,October,5,5,0,1
C05246,2025,6,June,6,6,0,1
C05246,2025,7,July,7,7,0,1
C05246,2025,9,September,8,8,0,1
C05246,2025,11,November,10,9,0,1
C05247,2024,9,September,1,1,1,0
C05247,2024,10,October,2,2,0,1
C05247,2025,2,February,3,3,0,1
C05247,2025,3,March,5,4,0,1
C05247,2025,8,August,6,5,0,1
C05248,2025,9,September,1,1,1,0
C05249,2024,10,October,1,1,1,0
C05249,2025,1,January,2,2,0,1
C05249,2025,10,October,3,3,0,1
C05250,2025,2,February,1,1,1,0
C05251,2025,1,January,1,2,0,1
C05251,2025,7,July,3,3,0,1
C05252,2024,9,September,1,1,1,0
C05252,2025,4,April,2,2,0,1
C05253,2024,7,July,1,0,1,0
C05253,2025,3,March,2,1,0,0
C05253,2025,10,October,3,2,0,1
C05254,2025,9,September,1,1,1,0
C05255,2024,8,August,1,2,0,1
C05255,2024,9,September,3,3,0,1
C05255,2024,10,October,4,4,0,1
C05255,2024,11,November,5,4,0,1
C05255,2025,2,February,6,5,0,1
C05255,2025,4,April,7,5,0,1
C05255,2025,5,May,8,6,0,1
C05255,2025,7,July,9,7,0,1
C05255,2025,9,September,10,9,0,1
C05256,2024,11,November,1,1,1,0
C05256,2024,12,December,2,3,0,1
C05256,2025,5,May,4,3,0,1
C05256,2025,7,July,5,4,0,1
C05256,2025,8,August,6,4,0,1
C05256,2025,9,September,7,5,0,1
C05257,2024,7,July,1,1,1,0
C05257,2024,8,August,2,2,0,1
C05257,2024,10,October,3,2,0,1
C05257,2024,12,December,4,3,0,1
C05257,2025,2,February,5,4,0,1
C05257,2025,3,March,6,5,0,1
C05257,2025,4,April,7,6,0,1
C05257,2025,5,May,8,7,0,1
C05257,2025,9,September,9,8,0,1
C05257,2025,11,November,10,9,0,1
C05258,2024,10,October,1,1,1,0
C05259,2025,5,May,1,1,1,0
C05259,2025,6,June,2,1,0,0
C05260,2024,8,August,1,2,0,1
C05260,2024,9,September,4,3,0,1
C05260,2024,10,October,6,4,0,1
C05260,2024,12,December,7,5,0,1
C05260,2025,1,January,8,5,0,1
C05260,2025,2,February,9,6,0,1
C05260,2025,8,August,10,6,0,1
C05260,2025,9,September,11,7,0,1
C05260,2025,11,November,12,7,0,1
C05261,2024,8,August,1,0,1,0
C05261,2024,9,September,2,1,0,0
C05262,2024,12,December,1,1,1,0
C05262,2025,8,August,2,2,0,1
C05262,2025,11,November,3,3,0,1
C05263,2024,11,November,1,1,1,0
C05264,2024,10,October,1,1,1,0
C05264,2025,2,February,2,2,0,1
C05264,2025,4,April,3,5,0,1
C05264,2025,7,July,6,6,0,1
C05264,2025,10,October,7,7,0,1
C05265,2025,4,April,1,0,1,0
C05265,2025,5,May,2,0,0,0
C05266,2025,1,January,1,1,1,0
C05266,2025,2,February,2,2,0,1
C05266,2025,10,October,3,3,0,1
C05266,2025,11,November,4,4,0,1
C05267,2025,1,January,1,1,1,0
C05267,2025,5,May,2,2,0,1
C05268,2024,8,August,1,1,1,0
C05268,2024,12,December,2,2,0,1
C05268,2025,1,January,3,3,0,1
C05269,2024,11,November,1,1,1,0
C05269,2025,4,April,2,2,0,1
C05269,2025,6,June,3,3,0,1
C05269,2025,8,August,4,5,0,1
C05269,2025,9,September,7,5,0,1
C05269,2025,12,December,8,6,0,1
C05270,2025,1,January,1,1,1,0
C05270,2025,7,July,2,2,0,1
C05270,2025,8,August,3,3,0,1
C05271,2025,12,December,1,1,1,0
C05272,2025,2,February,1,1,1,0
C05272,2025,11,November,2,2,0,1
C05273,2024,7,July,1,1,1,0
C05274,2024,7,July,1,1,1,0
C05274,2024,9,September,2,4,0,1
C05274,2024,10,October,5,7,0,1
C05274,2025,3,March,9,8,0,1
C05274,2025,4,April,10,9,0,1
C05274,2025,5,May,11,10,0,1
C05274,2025,7,July,12,11,0,1
C05275,2024,12,December,1,1,1,0
C05275,2025,2,February,2,2,0,1
C05275,2025,7,July,3,3,0,1
C05275,2025,8,August,4,5,0,1
C05275,2025,12,December,6,6,0,1
C05276,2024,8,August,1,1,1,0
C05276,2025,1,January,2,3,0,1
C05276,2025,3,March,4,3,0,1
C05276,2025,4,April,5,3,0,1
C05276,2025,8,August,6,4,0,1
C05276,2025,11,November,7,4,0,1
C05277,2024,12,December,1,1,1,0
C05278,2024,8,August,1,1,1,0
C05278,2025,3,March,2,1,0,0
C05278,2025,5,May,3,2,0,1
C05278,2025,10,October,4,3,0,1
C05279,2024,9,September,1,1,1,0
C05279,2025,3,March,3,1,0,0
C05279,2025,5,May,4,2,0,1
C05279,2025,11,November,5,3,0,1
C05279,2025,12,December,6,4,0,1
C05281,2024,12,December,1,1,1,0
C05281,2025,1,January,2,2,0,1
C05281,2025,9,September,3,3,0,1
C05282,2024,9,September,1,1,1,0
C05282,2025,3,March,2,1,0,0
C05282,2025,5,May,3,2,0,1
C05283,2025,2,February,1,1,1,0
C05283,2025,6,June,2,2,0,1
C05283,2025,9,September,3,3,0,1
C05283,2025,10,October,4,4,0,1
C05284,2024,8,August,1,2,0,1
C05284,2025,8,August,3,3,0,1
C05285,2024,7,July,1,1,1,0
C05285,2024,10,October,2,2,0,1
C05285,2024,11,November,3,3,0,1
C05285,2025,3,March,5,4,0,1
C05285,2025,4,April,6,5,0,1
C05285,2025,7,July,7,5,0,1
C05285,2025,8,August,8,6,0,1
C05285,2025,12,December,9,7,0,1
C05286,2024,10,October,1,1,1,0
C05286,2025,1,January,2,2,0,1
C05286,2025,2,February,3,3,0,1
C05286,2025,7,July,4,4,0,1
C05286,2025,11,November,5,5,0,1
C05286,2025,12,December,6,5,0,1
C05287,2025,4,April,1,1,1,0
C05288,2024,7,July,1,1,1,0
C05288,2024,10,October,2,2,0,1
C05288,2024,12,December,4,3,0,1
C05288,2025,2,February,5,4,0,1
C05288,2025,3,March,6,4,0,1
C05288,2025,4,April,7,5,0,1
C05288,2025,6,June,9,6,0,1
C05288,2025,7,July,10,6,0,1
C05289,2024,9,September,1,1,1,0
C05289,2025,5,May,2,2,0,1
C05289,2025,6,June,3,3,0,1
C05290,2024,8,August,1,1,1,0
C05290,2025,12,December,2,2,0,1
C05291,2024,10,October,1,0,1,0
C05291,2025,12,December,2,1,0,0
C05292,2024,10,October,1,1,1,0
C05292,2025,4,April,2,2,0,1
C05292,2025,7,July,3,3,0,1
C05292,2025,10,October,4,4,0,1
C05292,2025,12,December,5,5,0,1
C05293,2025,9,September,1,1,1,0
C05293,2025,11,November,2,1,0,0
C05294,2024,8,August,1,0,1,0
C05294,2024,10,October,2,1,0,0
C05294,2025,3,March,3,3,0,1
C05294,2025,6,June,5,4,0,1
C05294,2025,8,August,6,5,0,1
C05294,2025,9,September,7,5,0,1
C05294,2025,11,November,8,5,0,1
C05295,2024,10,October,1,0,1,0
C05295,2024,12,December,2,1,0,0
C05295,2025,1,January,3,2,0,1
C05295,2025,4,April,4,3,0,1
C05295,2025,5,May,6,4,0,1
C05295,2025,8,August,7,4,0,1
C05295,2025,9,September,8,4,0,1
C05295,2025,10,October,9,4,0,1
C05295,2025,12,December,10,5,0,1
C05296,2024,12,December,1,1,1,0
C05296,2025,1,January,2,2,0,1
C05296,2025,2,February,3,3,0,1
C05296,2025,3,March,4,4,0,1
C05296,2025,8,August,5,5,0,1
C05296,2025,11,November,6,6,0,1
C05297,2024,8,August,1,1,1,0
C05297,2025,9,September,2,2,0,1
C05298,2024,8,August,1,1,1,0
C05298,2024,10,October,2,2,0,1
C05298,2024,11,November,3,4,0,1
C05298,2024,12,December,5,5,0,1
C05298,2025,3,March,6,6,0,1
C05298,2025,11,November,8,8,0,1
C05299,2024,8,August,1,2,0,1
C05299,2025,7,July,3,3,0,1
C05299,2025,9,September,4,7,0,1
C05300,2024,7,July,1,1,1,0
C05300,2024,8,August,2,2,0,1
C05300,2025,5,May,3,3,0,1
C05300,2025,6,June,4,4,0,1
C05300,2025,11,November,5,5,0,1
C05300,2025,12,December,6,6,0,1
C05301,2024,8,August,1,0,1,0
C05301,2024,9,September,2,1,0,0
C05301,2024,10,October,3,2,0,1
C05301,2024,11,November,4,3,0,1
C05301,2025,10,October,5,4,0,1
C05302,2024,11,November,1,0,1,0
C05303,2024,9,September,1,1,1,0
C05303,2025,2,February,2,2,0,1
C05303,2025,11,November,3,3,0,1
C05304,2024,7,July,1,0,1,0
C05304,2025,11,November,2,0,0,0
C05305,2024,11,November,1,1,1,0
C05305,2024,12,December,2,2,0,1
C05305,2025,4,April,3,2,0,1
C05305,2025,12,December,4,3,0,1
C05306,2024,10,October,1,0,1,0
C05306,2025,6,June,2,1,0,0
C05307,2024,12,December,1,1,1,0
C05307,2025,6,June,2,2,0,1
C05308,2024,9,September,1,2,0,1
C05308,2024,10,October,3,3,0,1
C05308,2024,11,November,4,4,0,1
C05308,2024,12,December,5,5,0,1
C05308,2025,3,March,6,6,0,1
C05308,2025,6,June,7,7,0,1
C05308,2025,9,September,8,8,0,1
C05308,2025,11,November,10,9,0,1
C05308,2025,12,December,11,10,0,1
C05309,2025,1,January,1,1,1,0
C05309,2025,2,February,2,2,0,1
C05309,2025,7,July,3,3,0,1
C05309,2025,12,December,4,4,0,1
C05310,2025,1,January,1,0,1,0
C05310,2025,2,February,2,1,0,0
C05310,2025,7,July,3,2,0,1
C05310,2025,12,December,4,3,0,1
C05311,2024,8,August,1,1,1,0
C05311,2024,10,October,2,2,0,1
C05311,2024,11,November,3,4,0,1
C05311,2025,2,February,5,5,0,1
C05311,2025,7,July,6,5,0,1
C05311,2025,10,October,7,7,0,1
C05311,2025,12,December,9,8,0,1
C05312,2024,8,August,1,0,1,0
C05312,2024,12,December,2,1,0,0
C05312,2025,1,January,3,2,0,1
C05312,2025,3,March,4,3,0,1
C05312,2025,4,April,5,4,0,1
C05312,2025,8,August,6,5,0,1
C05312,2025,11,November,7,7,0,1
C05312,2025,12,December,9,8,0,1
C05313,2024,9,September,1,1,1,0
C05313,2024,12,December,2,2,0,1
C05314,2024,9,September,1,1,1,0
C05314,2025,2,February,2,3,0,1
C05314,2025,8,August,4,4,0,1
C05314,2025,10,October,5,5,0,1
C05314,2025,11,November,6,6,0,1
C05315,2024,9,September,1,1,1,0
C05315,2024,11,November,2,2,0,1
C05315,2025,1,January,3,3,0,1
C05316,2025,2,February,1,0,1,0
C05316,2025,7,July,2,1,0,0
C05317,2024,7,July,1,1,1,0
C05317,2025,10,October,2,2,0,1
C05318,2024,8,August,1,1,1,0
C05318,2024,9,September,2,2,0,1
C05318,2025,8,August,3,3,0,1
C05319,2024,8,August,1,1,1,0
C05319,2024,9,September,2,2,0,1
C05319,2025,2,February,3,2,0,1
C05319,2025,3,March,4,3,0,1
C05320,2025,6,June,1,1,1,0
C05320,2025,10,October,2,2,0,1
C05320,2025,12,December,3,3,0,1
C05321,2025,2,February,1,1,1,0
C05321,2025,3,March,2,2,0,1
C05321,2025,4,April,3,3,0,1
C05321,2025,5,May,4,5,0,1
C05321,2025,6,June,6,6,0,1
C05321,2025,7,July,8,7,0,1
C05321,2025,8,August,9,9,0,1
C05321,2025,10,October,11,10,0,1
C05322,2024,7,July,1,1,1,0
C05322,2024,9,September,3,2,0,1
C05322,2024,11,November,4,3,0,1
C05322,2024,12,December,5,4,0,1
C05322,2025,8,August,6,5,0,1
C05322,2025,10,October,7,5,0,1
C05323,2024,9,September,1,0,1,0
C05323,2024,11,November,2,1,0,0
C05323,2025,6,June,3,2,0,1
C05324,2024,12,December,1,1,1,0
C05325,2025,3,March,1,1,1,0
C05325,2025,7,July,2,1,0,0
C05326,2024,8,August,1,1,1,0
C05326,2024,9,September,2,3,0,1
C05326,2024,10,October,4,4,0,1
C05326,2024,12,December,5,5,0,1
C05326,2025,1,January,6,5,0,1
C05326,2025,8,August,7,6,0,1
C05326,2025,12,December,8,7,0,1
C05327,2025,1,January,1,1,1,0
C05327,2025,2,February,2,2,0,1
C05327,2025,3,March,3,3,0,1
C05327,2025,8,August,4,3,0,1
C05327,2025,11,November,5,4,0,1
C05327,2025,12,December,6,6,0,1
C05328,2024,10,October,1,1,1,0
C05328,2024,12,December,2,2,0,1
C05328,2025,3,March,5,3,0,1
C05328,2025,4,April,6,4,0,1
C05328,2025,5,May,7,6,0,1
C05328,2025,6,June,9,6,0,1
C05328,2025,9,September,10,7,0,1
C05328,2025,11,November,11,8,0,1
C05329,2024,11,November,1,1,1,0
C05329,2025,10,October,2,2,0,1
C05330,2024,12,December,1,0,1,0
C05330,2025,12,December,2,0,0,0
C05331,2024,7,July,1,1,1,0
C05331,2024,8,August,2,2,0,1
C05331,2024,10,October,3,3,0,1
C05331,2025,5,May,4,3,0,1
C05331,2025,10,October,5,4,0,1
C05331,2025,12,December,6,5,0,1
C05332,2025,4,April,1,1,1,0
C05333,2024,10,October,1,0,1,0
C05333,2024,12,December,2,1,0,0
C05333,2025,6,June,3,2,0,1
C05334,2024,12,December,1,1,1,0
C05334,2025,1,January,2,2,0,1
C05334,2025,11,November,3,3,0,1
C05335,2024,8,August,1,1,1,0
C05335,2025,9,September,2,2,0,1
C05336,2025,1,January,1,1,1,0
C05336,2025,9,September,2,2,0,1
C05337,2024,8,August,1,1,1,0
C05338,2024,10,October,1,0,1,0
C05338,2024,11,November,2,1,0,0
C05338,2025,1,January,3,2,0,1
C05338,2025,5,May,4,3,0,1
C05338,2025,8,August,5,4,0,1
C05339,2024,8,August,1,1,1,0
C05339,2025,3,March,2,2,0,1
C05339,2025,9,September,3,2,0,1
C05340,2024,11,November,1,0,1,0
C05340,2025,8,August,2,1,0,0
C05340,2025,10,October,3,3,0,1
C05341,2024,9,September,1,1,1,0
C05341,2024,10,October,2,2,0,1
C05341,2024,11,November,3,3,0,1
C05341,2025,7,July,4,4,0,1
C05341,2025,10,October,5,5,0,1
C05342,2024,11,November,1,1,1,0
C05342,2025,1,January,2,3,0,1
C05342,2025,2,February,4,4,0,1
C05342,2025,3,March,5,5,0,1
C05342,2025,4,April,6,6,0,1
C05342,2025,5,May,7,7,0,1
C05342,2025,6,June,8,8,0,1
C05342,2025,11,November,9,10,0,1
C05343,2025,1,January,1,1,1,0
C05343,2025,10,October,2,2,0,1
C05344,2024,11,November,1,1,1,0
C05344,2025,2,February,2,2,0,1
C05344,2025,5,May,3,3,0,1
C05344,2025,8,August,4,5,0,1
C05344,2025,11,November,6,6,0,1
C05344,2025,12,December,7,6,0,1
C05345,2024,9,September,1,1,1,0
C05345,2024,10,October,2,1,0,0
C05345,2025,1,January,3,2,0,1
C05345,2025,6,June,4,3,0,1
C05347,2024,9,September,1,0,1,0
C05348,2025,2,February,1,1,1,0
C05348,2025,10,October,2,3,0,1
C05348,2025,11,November,4,3,0,1
C05349,2024,9,September,1,0,1,0
C05349,2025,7,July,2,1,0,0
C05350,2024,10,October,1,0,1,0
C05350,2024,11,November,2,1,0,0
C05350,2025,2,February,3,2,0,1
C05350,2025,10,October,4,2,0,1
C05351,2025,5,May,1,1,1,0
C05351,2025,7,July,2,2,0,1
C05351,2025,11,November,3,3,0,1
C05352,2025,1,January,1,1,1,0
C05353,2024,8,August,1,2,0,1
C05353,2024,9,September,3,2,0,1
C05353,2024,11,November,4,2,0,1
C05354,2024,10,October,1,1,1,0
C05354,2025,7,July,2,2,0,1
C05354,2025,11,November,3,3,0,1
C05355,2024,7,July,1,1,1,0
C05355,2024,12,December,2,1,0,0
C05356,2024,7,July,1,2,0,1
C05356,2024,8,August,3,3,0,1
C05356,2024,12,December,5,4,0,1
C05356,2025,7,July,6,5,0,1
C05357,2024,12,December,1,1,1,0
C05357,2025,1,January,2,2,0,1
C05357,2025,6,June,3,3,0,1
C05357,2025,9,September,4,4,0,1
C05358,2025,3,March,1,0,1,0
C05358,2025,11,November,2,1,0,0
C05359,2024,10,October,1,1,1,0
C05359,2024,11,November,2,2,0,1
C05359,2025,1,January,3,2,0,1
C05359,2025,3,March,4,2,0,1
C05359,2025,4,April,5,3,0,1
C05359,2025,6,June,6,3,0,1
C05359,2025,8,August,7,4,0,1
C05359,2025,9,September,8,5,0,1
C05359,2025,10,October,9,6,0,1
C05359,2025,11,November,10,7,0,1
C05359,2025,12,December,11,8,0,1
C05360,2025,7,July,1,2,0,1
C05361,2024,9,September,1,1,1,0
C05361,2025,1,January,2,1,0,0
C05361,2025,2,February,3,2,0,1
C05361,2025,11,November,4,4,0,1
C05362,2024,7,July,1,0,1,0
C05362,2024,12,December,2,0,0,0
C05362,2025,4,April,3,1,0,0
C05362,2025,9,September,4,2,0,1
C05363,2025,12,December,1,3,0,1
C05364,2024,12,December,1,1,1,0
C05364,2025,1,January,2,2,0,1
C05364,2025,2,February,3,3,0,1
C05364,2025,5,May,4,4,0,1
C05365,2025,2,February,1,1,1,0
C05366,2025,2,February,1,1,1,0
C05366,2025,7,July,2,2,0,1
C05368,2025,3,March,1,1,1,0
C05368,2025,8,August,2,2,0,1
C05368,2025,10,October,3,4,0,1
C05369,2024,9,September,1,1,1,0
C05369,2025,3,March,2,2,0,1
C05369,2025,5,May,3,3,0,1
C05369,2025,8,August,4,4,0,1
C05370,2024,8,August,1,0,1,0
C05370,2024,9,September,2,1,0,0
C05370,2025,1,January,3,2,0,1
C05370,2025,6,June,4,4,0,1
C05370,2025,10,October,6,4,0,1
C05370,2025,12,December,7,6,0,1
C05371,2024,7,July,1,1,1,0
C05371,2024,12,December,2,2,0,1
C05372,2024,7,July,1,2,0,1
C05372,2025,4,April,3,3,0,1
C05372,2025,11,November,4,4,0,1
C05372,2025,12,December,5,5,0,1
C05373,2024,9,September,1,2,0,1
C05373,2024,10,October,3,3,0,1
C05373,2024,11,November,4,5,0,1
C05373,2025,1,January,6,7,0,1
C05373,2025,2,February,8,8,0,1
C05373,2025,4,April,9,9,0,1
C05373,2025,9,September,10,10,0,1
C05374,2024,9,September,1,1,1,0
C05374,2025,4,April,2,2,0,1
C05374,2025,6,June,3,3,0,1
C05374,2025,10,October,4,5,0,1
C05374,2025,12,December,6,6,0,1
C05375,2024,12,December,1,1,1,0
C05376,2024,11,November,1,1,1,0
C05377,2025,11,November,1,0,1,0
C05378,2025,3,March,1,1,1,0
C05378,2025,9,September,2,2,0,1
C05378,2025,12,December,3,2,0,1
C05379,2024,7,July,1,0,1,0
C05379,2024,11,November,2,0,0,0
C05379,2025,3,March,3,1,0,0
C05380,2025,6,June,1,1,1,0
C05381,2024,12,December,1,1,1,0
C05381,2025,6,June,2,2,0,1
C05381,2025,9,September,3,4,0,1
C05382,2025,10,October,1,1,1,0
C05382,2025,11,November,2,2,0,1
C05383,2024,7,July,1,2,0,1
C05383,2024,11,November,3,3,0,1
C05383,2024,12,December,4,3,0,1
C05383,2025,2,February,5,3,0,1
C05383,2025,3,March,6,4,0,1
C05383,2025,4,April,7,4,0,1
C05383,2025,7,July,8,4,0,1
C05383,2025,8,August,9,5,0,1
C05383,2025,12,December,10,6,0,1
C05384,2024,7,July,1,0,1,0
C05384,2024,8,August,2,2,0,1
C05384,2025,3,March,4,3,0,1
C05384,2025,7,July,5,4,0,1
C05384,2025,8,August,6,5,0,1
C05384,2025,9,September,8,6,0,1
C05385,2024,9,September,1,1,1,0
C05386,2024,11,November,1,1,1,0
C05386,2025,7,July,2,2,0,1
C05388,2024,7,July,1,1,1,0
C05388,2024,8,August,3,1,0,0
C05388,2024,9,September,5,2,0,1
C05388,2024,10,October,6,3,0,1
C05388,2025,6,June,7,5,0,1
C05388,2025,9,September,9,5,0,1
C05388,2025,10,October,10,6,0,1
C05389,2024,12,December,1,1,1,0
C05389,2025,2,February,2,1,0,0
C05389,2025,6,June,3,2,0,1
C05389,2025,7,July,4,3,0,1
C05389,2025,9,September,5,4,0,1
C05390,2024,8,August,1,3,0,1
C05390,2024,9,September,4,4,0,1
C05390,2024,10,October,5,5,0,1
C05390,2025,1,January,6,6,0,1
C05390,2025,3,March,7,7,0,1
C05390,2025,4,April,8,7,0,1
C05390,2025,6,June,9,8,0,1
C05390,2025,7,July,10,9,0,1
C05390,2025,10,October,11,10,0,1
C05392,2024,12,December,1,0,1,0
C05392,2025,2,February,2,2,0,1
C05392,2025,3,March,4,3,0,1
C05392,2025,10,October,5,4,0,1
C05393,2025,10,October,1,1,1,0
C05393,2025,11,November,2,2,0,1
C05394,2024,7,July,1,1,1,0
C05394,2024,12,December,2,2,0,1
C05394,2025,7,July,3,3,0,1
C05394,2025,8,August,4,4,0,1
C05394,2025,11,November,5,5,0,1
C05394,2025,12,December,6,6,0,1
C05395,2025,4,April,1,1,1,0
C05395,2025,10,October,2,2,0,1
C05395,2025,11,November,3,4,0,1
C05396,2025,1,January,1,1,1,0
C05396,2025,5,May,2,2,0,1
C05396,2025,8,August,3,3,0,1
C05396,2025,11,November,4,3,0,1
C05397,2024,9,September,1,0,1,0
C05397,2024,10,October,2,2,0,1
C05398,2024,10,October,1,1,1,0
C05398,2024,11,November,2,2,0,1
C05398,2025,8,August,3,2,0,1
C05398,2025,10,October,4,3,0,1
C05399,2024,11,November,1,1,1,0
C05400,2024,8,August,1,1,1,0
C05400,2025,1,January,2,3,0,1
C05400,2025,2,February,4,3,0,1
C05400,2025,6,June,5,4,0,1
C05400,2025,7,July,7,5,0,1
C05400,2025,11,November,8,6,0,1
C05401,2024,12,December,1,1,1,0
C05401,2025,3,March,2,2,0,1
C05401,2025,4,April,3,3,0,1
C05401,2025,5,May,4,5,0,1
C05402,2024,9,September,1,1,1,0
C05402,2025,1,January,2,2,0,1
C05402,2025,11,November,3,3,0,1
C05403,2025,7,July,1,1,1,0
C05404,2024,9,September,1,1,1,0
C05404,2025,11,November,2,2,0,1
C05405,2024,11,November,1,1,1,0
C05405,2025,1,January,2,1,0,0
C05405,2025,6,June,3,2,0,1
C05405,2025,12,December,4,3,0,1
C05406,2025,1,January,1,1,1,0
C05406,2025,11,November,2,2,0,1
C05407,2024,7,July,1,1,1,0
C05407,2024,10,October,2,2,0,1
C05408,2024,12,December,1,1,1,0
C05408,2025,5,May,2,1,0,0
C05409,2024,8,August,1,1,1,0
C05409,2025,4,April,2,2,0,1
C05409,2025,7,July,3,3,0,1
C05409,2025,11,November,4,4,0,1
C05409,2025,12,December,5,5,0,1
C05410,2024,9,September,1,1,1,0
C05410,2024,10,October,2,2,0,1
C05411,2024,9,September,1,0,1,0
C05411,2024,11,November,2,0,0,0
C05412,2025,9,September,1,0,1,0
C05413,2024,7,July,1,1,1,0
C05413,2024,8,August,2,2,0,1
C05414,2024,7,July,1,1,1,0
C05414,2024,8,August,2,2,0,1
C05414,2025,5,May,3,3,0,1
C05414,2025,7,July,4,4,0,1
C05414,2025,9,September,5,5,0,1
C05414,2025,10,October,6,6,0,1
C05414,2025,11,November,7,7,0,1
C05415,2025,3,March,1,1,1,0
C05415,2025,9,September,2,2,0,1
C05416,2025,3,March,1,1,1,0
C05416,2025,6,June,2,2,0,1
C05417,2025,2,February,1,1,1,0
C05417,2025,6,June,2,1,0,0
C05417,2025,12,December,3,1,0,0
C05418,2024,8,August,1,0,1,0
C05418,2024,10,October,2,1,0,0
C05418,2025,4,April,3,1,0,0
C05418,2025,9,September,4,3,0,1
C05418,2025,11,November,7,4,0,1
C05418,2025,12,December,9,5,0,1
C05419,2024,11,November,1,1,1,0
C05419,2025,4,April,2,2,0,1
C05420,2025,6,June,1,1,1,0
C05420,2025,8,August,2,2,0,1
C05421,2024,10,October,1,0,1,0
C05421,2025,3,March,2,1,0,0
C05421,2025,9,September,4,2,0,1
C05422,2024,10,October,1,1,1,0
C05422,2025,2,February,2,3,0,1
C05423,2024,8,August,1,1,1,0
C05423,2025,9,September,2,2,0,1
C05423,2025,11,November,3,3,0,1
C05424,2024,9,September,1,0,1,0
C05424,2024,11,November,2,1,0,0
C05424,2025,4,April,3,2,0,1
C05424,2025,6,June,4,2,0,1
C05424,2025,10,October,5,3,0,1
C05424,2025,11,November,6,4,0,1
C05425,2024,8,August,1,1,1,0
C05425,2024,12,December,2,2,0,1
C05425,2025,1,January,4,3,0,1
C05425,2025,3,March,5,5,0,1
C05425,2025,4,April,7,6,0,1
C05425,2025,11,November,8,7,0,1
C05426,2025,4,April,1,1,1,0
C05426,2025,8,August,2,2,0,1
C05426,2025,9,September,3,3,0,1
C05427,2024,7,July,1,0,1,0
C05427,2024,9,September,2,1,0,0
C05427,2024,11,November,3,2,0,1
C05427,2025,1,January,4,2,0,1
C05427,2025,2,February,5,3,0,1
C05427,2025,3,March,6,5,0,1
C05427,2025,6,June,8,7,0,1
C05428,2024,8,August,1,1,1,0
C05428,2024,9,September,2,1,0,0
C05428,2025,8,August,3,2,0,1
C05428,2025,10,October,4,2,0,1
C05429,2024,9,September,1,1,1,0
C05429,2024,10,October,2,2,0,1
C05430,2025,3,March,1,1,1,0
C05430,2025,10,October,2,2,0,1
C05431,2025,5,May,1,0,1,0
C05431,2025,7,July,2,1,0,0
C05431,2025,12,December,3,2,0,1
C05432,2024,9,September,1,1,1,0
C05432,2025,6,June,3,2,0,1
C05433,2025,6,June,1,1,1,0
C05434,2025,3,March,1,1,1,0
C05434,2025,5,May,2,2,0,1
C05434,2025,9,September,3,2,0,1
C05435,2024,8,August,1,0,1,0
C05435,2024,9,September,2,0,0,0
C05435,2024,11,November,3,1,0,0
C05435,2025,2,February,4,2,0,1
C05435,2025,4,April,5,3,0,1
C05435,2025,8,August,6,5,0,1
C05435,2025,10,October,8,6,0,1
C05435,2025,11,November,9,7,0,1
C05436,2024,9,September,1,1,1,0
C05436,2024,12,December,2,2,0,1
C05436,2025,2,February,3,3,0,1
C05436,2025,3,March,4,4,0,1
C05436,2025,9,September,6,5,0,1
C05436,2025,11,November,7,6,0,1
C05437,2024,8,August,1,1,1,0
C05437,2025,10,October,2,2,0,1
C05438,2024,9,September,1,1,1,0
C05438,2025,9,September,2,2,0,1
C05439,2025,12,December,1,0,1,0
C05440,2024,8,August,1,1,1,0
C05440,2024,10,October,2,1,0,0
C05440,2024,11,November,3,2,0,1
C05440,2025,1,January,4,3,0,1
C05441,2024,8,August,1,1,1,0
C05441,2025,9,September,2,2,0,1
C05442,2024,7,July,1,0,1,0
C05442,2025,1,January,2,1,0,0
C05442,2025,4,April,3,2,0,1
C05442,2025,6,June,4,3,0,1
C05443,2025,3,March,1,1,1,0
C05443,2025,8,August,2,1,0,0
C05443,2025,11,November,3,1,0,0
C05444,2024,11,November,1,1,1,0
C05444,2025,2,February,3,2,0,1
C05444,2025,11,November,5,3,0,1
C05445,2025,5,May,1,1,1,0
C05445,2025,9,September,3,2,0,1
C05446,2024,9,September,1,1,1,0
C05446,2024,12,December,2,2,0,1
C05446,2025,6,June,3,3,0,1
C05446,2025,9,September,4,4,0,1
C05446,2025,10,October,5,4,0,1
C05447,2024,11,November,1,1,1,0
C05447,2025,2,February,2,1,0,0
C05447,2025,5,May,3,2,0,1
C05447,2025,7,July,4,3,0,1
C05447,2025,12,December,5,4,0,1
C05448,2024,7,July,1,1,1,0
C05448,2025,10,October,2,2,0,1
C05448,2025,12,December,3,3,0,1
C05450,2025,3,March,1,0,1,0
C05450,2025,12,December,2,1,0,0
C05451,2025,3,March,1,2,0,1
C05451,2025,4,April,3,3,0,1
C05451,2025,9,September,4,4,0,1
C05451,2025,11,November,5,5,0,1
C05452,2024,7,July,1,0,1,0
C05452,2024,10,October,2,1,0,0
C05452,2024,11,November,3,4,0,1
C05452,2025,2,February,6,5,0,1
C05452,2025,6,June,7,6,0,1
C05452,2025,8,August,8,8,0,1
C05452,2025,9,September,10,8,0,1
C05452,2025,10,October,11,9,0,1
C05452,2025,12,December,12,10,0,1
C05453,2024,12,December,1,1,1,0
C05453,2025,3,March,2,1,0,0
C05453,2025,4,April,3,2,0,1
C05454,2024,8,August,1,2,0,1
C05454,2024,12,December,3,3,0,1
C05454,2025,3,March,4,5,0,1
C05454,2025,7,July,6,6,0,1
C05454,2025,10,October,7,7,0,1
C05455,2024,10,October,1,2,0,1
C05455,2025,5,May,3,3,0,1
C05455,2025,10,October,4,4,0,1
C05455,2025,12,December,5,5,0,1
C05456,2024,11,November,1,0,1,0
C05456,2025,2,February,2,1,0,0
C05456,2025,8,August,3,2,0,1
C05456,2025,9,September,4,3,0,1
C05456,2025,11,November,5,4,0,1
C05457,2024,11,November,1,0,1,0
C05457,2025,4,April,2,2,0,1
C05457,2025,11,November,4,3,0,1
C05458,2024,12,December,1,1,1,0
C05458,2025,10,October,2,3,0,1
C05459,2024,8,August,1,0,1,0
C05459,2025,7,July,2,1,0,0
C05459,2025,9,September,3,1,0,0
C05459,2025,10,October,4,1,0,0
C05459,2025,11,November,5,1,0,0
C05459,2025,12,December,6,2,0,1
C05460,2024,12,December,1,1,1,0
C05460,2025,3,March,2,2,0,1
C05460,2025,5,May,4,3,0,1
C05460,2025,10,October,5,4,0,1
C05460,2025,11,November,6,5,0,1
C05460,2025,12,December,7,7,0,1
C05461,2024,7,July,1,1,1,0
C05461,2025,2,February,3,1,0,0
C05461,2025,9,September,4,2,0,1
C05462,2024,11,November,1,1,1,0
C05462,2025,6,June,2,1,0,0
C05463,2024,7,July,1,1,1,0
C05463,2024,10,October,2,2,0,1
C05463,2025,2,February,3,4,0,1
C05464,2024,12,December,1,1,1,0
C05464,2025,4,April,2,1,0,0
C05464,2025,9,September,3,2,0,1
C05465,2025,1,January,1,1,1,0
C05465,2025,3,March,2,3,0,1
C05465,2025,8,August,4,5,0,1
C05466,2024,7,July,1,0,1,0
C05466,2024,12,December,2,0,0,0
C05466,2025,3,March,3,1,0,0
C05466,2025,7,July,4,1,0,0
C05466,2025,9,September,5,2,0,1
C05467,2024,8,August,1,0,1,0
C05467,2024,10,October,2,1,0,0
C05467,2025,8,August,3,2,0,1
C05467,2025,9,September,4,2,0,1
C05468,2024,11,November,1,0,1,0
C05468,2025,4,April,2,1,0,0
C05468,2025,9,September,3,2,0,1
C05469,2024,9,September,1,1,1,0
C05469,2025,1,January,2,1,0,0
C05470,2024,7,July,1,1,1,0
C05470,2024,11,November,2,2,0,1
C05470,2025,2,February,3,4,0,1
C05470,2025,5,May,5,5,0,1
C05470,2025,9,September,6,6,0,1
C05470,2025,10,October,7,7,0,1
C05471,2024,8,August,1,0,1,0
C05471,2024,9,September,2,1,0,0
C05472,2025,4,April,1,0,1,0
C05472,2025,7,July,2,1,0,0
C05472,2025,11,November,3,2,0,1
C05473,2024,8,August,1,1,1,0
C05473,2024,10,October,2,2,0,1
C05473,2025,10,October,3,3,0,1
C05474,2024,7,July,1,1,1,0
C05474,2024,10,October,2,2,0,1
C05474,2025,4,April,3,2,0,1
C05474,2025,9,September,4,3,0,1
C05475,2024,7,July,1,1,1,0
C05475,2024,8,August,2,1,0,0
C05475,2024,12,December,3,2,0,1
C05475,2025,1,January,4,3,0,1
C05475,2025,2,February,5,6,0,1
C05475,2025,10,October,8,7,0,1
C05475,2025,12,December,9,8,0,1
C05476,2024,7,July,1,1,1,0
C05476,2024,10,October,3,1,0,0
C05476,2025,11,November,4,1,0,0
C05476,2025,12,December,5,2,0,1
C05477,2024,7,July,1,1,1,0
C05477,2024,8,August,2,3,0,1
C05477,2024,9,September,4,4,0,1
C05477,2024,11,November,5,5,0,1
C05477,2025,1,January,6,5,0,1
C05477,2025,5,May,7,6,0,1
C05477,2025,6,June,8,7,0,1
C05477,2025,7,July,9,8,0,1
C05477,2025,8,August,10,9,0,1
C05477,2025,9,September,11,10,0,1
C05478,2024,7,July,1,1,1,0
C05478,2025,6,June,2,2,0,1
C05479,2024,10,October,1,1,1,0
C05479,2025,6,June,2,1,0,0
C05480,2025,1,January,1,1,1,0
C05481,2024,8,August,1,1,1,0
C05481,2024,11,November,2,2,0,1
C05481,2025,7,July,3,3,0,1
C05481,2025,12,December,4,4,0,1
C05482,2024,12,December,1,1,1,0
C05482,2025,4,April,2,2,0,1
C05482,2025,10,October,3,3,0,1
C05483,2024,10,October,1,1,1,0
C05483,2025,4,April,2,2,0,1
C05483,2025,7,July,3,4,0,1
C05484,2024,9,September,1,1,1,0
C05484,2024,10,October,2,3,0,1
C05484,2025,6,June,4,3,0,1
C05484,2025,11,November,5,3,0,1
C05485,2025,3,March,1,0,1,0
C05485,2025,12,December,2,1,0,0
C05486,2024,11,November,1,1,1,0
C05486,2025,7,July,2,2,0,1
C05486,2025,11,November,3,3,0,1
C05487,2024,10,October,1,0,1,0
C05487,2025,5,May,2,1,0,0
C05487,2025,10,October,3,2,0,1
C05487,2025,12,December,4,2,0,1
C05489,2024,10,October,1,1,1,0
C05489,2025,2,February,3,1,0,0
C05490,2025,3,March,1,1,1,0
C05490,2025,9,September,2,2,0,1
C05491,2025,12,December,1,0,1,0
C05492,2024,8,August,1,1,1,0
C05492,2024,11,November,2,2,0,1
C05492,2024,12,December,3,3,0,1
C05492,2025,2,February,4,4,0,1
C05492,2025,12,December,5,5,0,1
C05493,2024,7,July,1,1,1,0
C05493,2025,5,May,2,2,0,1
C05493,2025,7,July,3,3,0,1
C05493,2025,10,October,4,4,0,1
C05495,2025,1,January,1,1,1,0
C05495,2025,10,October,2,3,0,1
C05495,2025,12,December,4,4,0,1
C05496,2025,10,October,1,1,1,0
C05497,2024,8,August,1,1,1,0
C05497,2024,9,September,2,2,0,1
C05497,2024,11,November,3,3,0,1
C05497,2025,1,January,4,4,0,1
C05497,2025,3,March,5,5,0,1
C05497,2025,4,April,6,6,0,1
C05497,2025,10,October,7,7,0,1
C05499,2025,4,April,1,1,1,0
C05500,2024,9,September,1,1,1,0
C05500,2024,11,November,2,2,0,1
C05500,2024,12,December,3,3,0,1
C05500,2025,6,June,4,4,0,1
C05500,2025,8,August,5,4,0,1
C05501,2024,8,August,1,3,0,1
C05501,2024,9,September,4,4,0,1
C05501,2025,1,January,5,5,0,1
C05501,2025,5,May,7,6,0,1
C05501,2025,8,August,8,7,0,1
C05501,2025,11,November,9,7,0,1
C05501,2025,12,December,10,7,0,1
C05503,2024,10,October,1,1,1,0
C05503,2025,1,January,2,2,0,1
C05503,2025,4,April,3,3,0,1
C05504,2024,8,August,1,1,1,0
C05504,2024,12,December,2,1,0,0
C05504,2025,2,February,3,2,0,1
C05504,2025,5,May,4,3,0,1
C05504,2025,10,October,5,5,0,1
C05505,2024,9,September,1,1,1,0
C05505,2025,3,March,2,2,0,1
C05506,2024,12,December,1,1,1,0
C05506,2025,4,April,2,2,0,1
C05506,2025,5,May,3,3,0,1
C05506,2025,6,June,4,3,0,1
C05506,2025,8,August,5,3,0,1
C05506,2025,11,November,6,4,0,1
C05507,2025,1,January,1,1,1,0
C05508,2025,2,February,1,1,1,0
C05508,2025,9,September,2,2,0,1
C05508,2025,10,October,3,2,0,1
C05508,2025,11,November,4,2,0,1
C05508,2025,12,December,5,2,0,1
C05509,2024,11,November,1,1,1,0
C05509,2025,8,August,2,2,0,1
C05510,2024,12,December,1,0,1,0
C05510,2025,3,March,2,1,0,0
C05510,2025,11,November,3,3,0,1
C05510,2025,12,December,5,4,0,1
C05511,2024,11,November,1,1,1,0
C05511,2025,1,January,2,1,0,0
C05511,2025,7,July,3,2,0,1
C05512,2024,10,October,1,0,1,0
C05512,2025,3,March,2,1,0,0
C05512,2025,9,September,3,2,0,1
C05512,2025,10,October,4,3,0,1
C05512,2025,11,November,5,4,0,1
C05513,2024,10,October,1,1,1,0
C05515,2024,7,July,1,1,1,0
C05515,2024,10,October,2,3,0,1
C05515,2024,11,November,4,3,0,1
C05516,2025,5,May,1,1,1,0
C05516,2025,8,August,2,1,0,0
C05516,2025,9,September,3,2,0,1
C05517,2024,11,November,1,1,1,0
C05517,2025,3,March,2,2,0,1
C05518,2024,9,September,1,1,1,0
C05518,2025,1,January,2,3,0,1
C05518,2025,3,March,4,4,0,1
C05518,2025,5,May,5,5,0,1
C05518,2025,7,July,6,6,0,1
C05518,2025,9,September,7,7,0,1
C05518,2025,10,October,8,8,0,1
C05519,2025,9,September,1,0,1,0
C05521,2025,2,February,1,1,1,0
C05522,2024,8,August,1,1,1,0
C05522,2025,3,March,2,1,0,0
C05522,2025,7,July,3,1,0,0
C05522,2025,11,November,4,2,0,1
C05523,2025,9,September,1,0,1,0
C05524,2024,7,July,1,1,1,0
C05524,2024,12,December,2,2,0,1
C05524,2025,1,January,3,4,0,1
C05524,2025,11,November,5,5,0,1
C05525,2024,9,September,1,1,1,0
C05525,2025,2,February,2,2,0,1
C05525,2025,5,May,3,3,0,1
C05525,2025,6,June,4,4,0,1
C05525,2025,10,October,5,5,0,1
C05526,2024,9,September,1,0,1,0
C05526,2024,11,November,2,0,0,0
C05526,2024,12,December,3,1,0,0
C05526,2025,9,September,4,2,0,1
C05527,2025,5,May,1,1,1,0
C05528,2025,1,January,1,1,1,0
C05529,2024,7,July,1,1,1,0
C05529,2025,6,June,2,2,0,1
C05529,2025,8,August,3,3,0,1
C05529,2025,11,November,4,3,0,1
C05530,2025,1,January,1,1,1,0
C05531,2024,11,November,1,0,1,0
C05531,2025,4,April,2,1,0,0
C05531,2025,8,August,3,2,0,1
C05531,2025,9,September,4,3,0,1
C05532,2024,9,September,1,0,1,0
C05532,2025,8,August,2,2,0,1
C05533,2024,10,October,1,1,1,0
C05533,2024,12,December,2,2,0,1
C05533,2025,8,August,3,3,0,1
C05534,2025,2,February,1,1,1,0
C05534,2025,5,May,2,2,0,1
C05534,2025,10,October,3,3,0,1
C05535,2024,8,August,1,2,0,1
C05535,2024,11,November,3,2,0,1
C05535,2025,1,January,4,3,0,1
C05535,2025,3,March,5,4,0,1
C05535,2025,7,July,6,6,0,1
C05536,2025,3,March,1,1,1,0
C05536,2025,4,April,2,2,0,1
C05537,2025,7,July,1,0,1,0
C05537,2025,10,October,2,1,0,0
C05538,2024,7,July,1,1,1,0
C05538,2024,11,November,2,2,0,1
C05538,2025,1,January,3,3,0,1
C05539,2024,7,July,1,1,1,0
C05539,2024,8,August,2,2,0,1
C05539,2025,1,January,3,2,0,1
C05539,2025,2,February,4,3,0,1
C05539,2025,10,October,5,4,0,1
C05540,2024,8,August,1,0,1,0
C05540,2024,9,September,2,1,0,0
C05540,2024,12,December,3,2,0,1
C05540,2025,3,March,4,3,0,1
C05541,2025,8,August,1,0,1,0
C05541,2025,9,September,2,1,0,0
C05541,2025,10,October,3,2,0,1
C05541,2025,11,November,4,3,0,1
C05542,2025,4,April,1,2,0,1
C05542,2025,11,November,3,3,0,1
C05542,2025,12,December,4,4,0,1
C05543,2024,8,August,1,1,1,0
C05543,2025,1,January,2,2,0,1
C05543,2025,2,February,3,3,0,1
C05543,2025,3,March,4,4,0,1
C05543,2025,6,June,5,5,0,1
C05543,2025,9,September,6,6,0,1
C05543,2025,11,November,7,7,0,1
C05544,2024,7,July,1,1,1,0
C05544,2025,5,May,2,2,0,1
C05545,2024,7,July,1,1,1,0
C05545,2024,8,August,2,2,0,1
C05545,2024,9,September,3,3,0,1
C05545,2024,12,December,4,4,0,1
C05545,2025,1,January,5,5,0,1
C05545,2025,2,February,6,6,0,1
C05545,2025,4,April,7,7,0,1
C05545,2025,10,October,8,9,0,1
C05546,2025,1,January,1,1,1,0
C05546,2025,9,September,2,2,0,1
C05547,2024,12,December,1,1,1,0
C05547,2025,7,July,2,2,0,1
C05548,2024,9,September,1,1,1,0
C05548,2025,2,February,2,2,0,1
C05548,2025,5,May,3,4,0,1
C05548,2025,6,June,5,6,0,1
C05548,2025,7,July,7,8,0,1
C05548,2025,10,October,9,9,0,1
C05549,2025,11,November,1,2,0,1
C05550,2024,12,December,1,1,1,0
C05550,2025,7,July,2,2,0,1
C05551,2025,2,February,1,1,1,0
C05551,2025,10,October,2,1,0,0
C05551,2025,12,December,3,2,0,1
C05552,2024,7,July,1,0,1,0
C05552,2024,8,August,2,1,0,0
C05552,2024,11,November,3,1,0,0
C05552,2024,12,December,4,3,0,1
C05552,2025,8,August,6,5,0,1
C05552,2025,10,October,9,7,0,1
C05552,2025,11,November,11,8,0,1
C05552,2025,12,December,12,9,0,1
C05553,2025,2,February,1,1,1,0
C05553,2025,3,March,2,1,0,0
C05553,2025,10,October,3,2,0,1
C05553,2025,11,November,4,3,0,1
C05554,2024,9,September,1,1,1,0
C05554,2024,11,November,2,1,0,0
C05554,2024,12,December,3,2,0,1
C05554,2025,6,June,4,3,0,1
C05554,2025,11,November,5,4,0,1
C05555,2024,11,November,1,1,1,0
C05555,2025,10,October,2,1,0,0
C05556,2024,10,October,1,0,1,0
C05556,2024,11,November,2,1,0,0
C05556,2025,12,December,3,3,0,1
C05557,2024,10,October,1,1,1,0
C05557,2025,3,March,2,2,0,1
C05557,2025,4,April,3,3,0,1
C05557,2025,8,August,4,4,0,1
C05557,2025,11,November,5,5,0,1
C05557,2025,12,December,6,7,0,1
C05558,2025,7,July,1,0,1,0
C05558,2025,8,August,2,1,0,0
C05559,2024,9,September,1,1,1,0
C05559,2025,1,January,2,2,0,1
C05559,2025,6,June,3,3,0,1
C05559,2025,8,August,4,4,0,1
C05560,2024,9,September,1,0,1,0
C05560,2025,6,June,2,1,0,0
C05560,2025,8,August,3,2,0,1
C05560,2025,9,September,4,3,0,1
C05560,2025,11,November,5,4,0,1
C05560,2025,12,December,6,5,0,1
C05561,2024,7,July,1,0,1,0
C05561,2024,8,August,2,1,0,0
C05561,2024,9,September,3,1,0,0
C05561,2024,10,October,4,2,0,1
C05561,2024,11,November,5,3,0,1
C05561,2025,2,February,6,4,0,1
C05562,2025,8,August,1,0,1,0
C05563,2024,8,August,1,1,1,0
C05563,2024,10,October,2,3,0,1
C05563,2024,12,December,4,4,0,1
C05563,2025,2,February,5,5,0,1
C05563,2025,8,August,6,5,0,1
C05563,2025,9,September,7,6,0,1
C05563,2025,12,December,8,7,0,1
C05564,2024,9,September,1,2,0,1
C05564,2025,11,November,3,3,0,1
C05564,2025,12,December,4,4,0,1
C05565,2025,5,May,1,2,0,1
C05566,2024,12,December,1,1,1,0
C05566,2025,4,April,2,2,0,1
C05566,2025,8,August,3,3,0,1
C05566,2025,12,December,4,4,0,1
C05567,2024,11,November,1,1,1,0
C05567,2025,3,March,2,2,0,1
C05567,2025,5,May,3,3,0,1
C05567,2025,8,August,4,4,0,1
C05567,2025,9,September,5,5,0,1
C05567,2025,11,November,6,6,0,1
C05568,2024,8,August,1,0,1,0
C05569,2024,7,July,1,1,1,0
C05569,2024,11,November,2,4,0,1
C05569,2025,4,April,5,5,0,1
C05569,2025,5,May,6,6,0,1
C05569,2025,7,July,7,6,0,1
C05570,2024,7,July,1,0,1,0
C05570,2025,6,June,2,0,0,0
C05570,2025,7,July,3,1,0,0
C05570,2025,12,December,4,2,0,1
C05571,2024,8,August,1,1,1,0
C05571,2024,12,December,2,2,0,1
C05572,2024,7,July,1,1,1,0
C05572,2024,8,August,2,2,0,1
C05572,2025,1,January,3,3,0,1
C05573,2024,12,December,1,1,1,0
C05573,2025,2,February,2,1,0,0
C05573,2025,5,May,3,2,0,1
C05574,2024,11,November,1,0,1,0
C05574,2025,4,April,2,1,0,0
C05574,2025,9,September,3,3,0,1
C05575,2024,8,August,1,0,1,0
C05575,2025,4,April,2,1,0,0
C05575,2025,6,June,3,2,0,1
C05575,2025,7,July,4,3,0,1
C05575,2025,9,September,5,4,0,1
C05575,2025,12,December,6,5,0,1
C05576,2025,1,January,1,1,1,0
C05576,2025,6,June,2,2,0,1
C05576,2025,7,July,3,3,0,1
C05576,2025,11,November,4,4,0,1
C05577,2025,7,July,1,1,1,0
C05577,2025,10,October,2,2,0,1
C05577,2025,12,December,3,3,0,1
C05578,2025,1,January,1,1,1,0
C05578,2025,2,February,2,1,0,0
C05578,2025,5,May,3,2,0,1
C05579,2024,10,October,1,1,1,0
C05579,2024,11,November,2,2,0,1
C05579,2025,3,March,3,3,0,1
C05579,2025,4,April,4,4,0,1
C05579,2025,7,July,5,5,0,1
C05579,2025,9,September,6,6,0,1
C05579,2025,10,October,7,7,0,1
C05579,2025,11,November,8,8,0,1
C05580,2024,7,July,1,1,1,0
C05580,2025,4,April,2,1,0,0
C05580,2025,7,July,3,2,0,1
C05580,2025,11,November,4,3,0,1
C05581,2024,8,August,1,1,1,0
C05581,2024,10,October,3,2,0,1
C05581,2025,8,August,4,3,0,1
C05581,2025,10,October,5,4,0,1
C05582,2024,8,August,1,1,1,0
C05582,2024,9,September,2,2,0,1
C05582,2024,12,December,3,3,0,1
C05582,2025,6,June,4,3,0,1
C05582,2025,10,October,5,4,0,1
C05582,2025,11,November,6,5,0,1
C05583,2024,7,July,1,1,1,0
C05583,2025,1,January,2,1,0,0
C05583,2025,9,September,3,2,0,1
C05584,2025,2,February,1,1,1,0
C05584,2025,3,March,2,2,0,1
C05584,2025,4,April,3,3,0,1
C05585,2024,7,July,1,1,1,0
C05585,2024,10,October,2,2,0,1
C05585,2024,11,November,3,3,0,1
C05585,2024,12,December,4,3,0,1
C05585,2025,1,January,5,3,0,1
C05585,2025,2,February,6,4,0,1
C05585,2025,9,September,8,5,0,1
C05585,2025,12,December,9,6,0,1
C05586,2024,8,August,1,1,1,0
C05586,2025,10,October,2,2,0,1
C05587,2024,7,July,1,1,1,0
C05587,2025,1,January,2,1,0,0
C05587,2025,3,March,3,2,0,1
C05587,2025,6,June,4,3,0,1
C05588,2025,1,January,1,1,1,0
C05588,2025,2,February,2,1,0,0
C05588,2025,5,May,3,2,0,1
C05588,2025,6,June,4,2,0,1
C05588,2025,11,November,5,3,0,1
C05588,2025,12,December,6,4,0,1
C05589,2024,11,November,1,1,1,0
C05589,2025,1,January,2,2,0,1
C05589,2025,3,March,3,2,0,1
C05589,2025,6,June,4,3,0,1
C05589,2025,9,September,5,3,0,1
C05589,2025,11,November,6,3,0,1
C05589,2025,12,December,7,4,0,1
C05590,2024,7,July,1,1,1,0
C05590,2024,12,December,2,1,0,0
C05591,2024,7,July,1,1,1,0
C05591,2024,10,October,2,1,0,0
C05592,2024,7,July,1,1,1,0
C05592,2024,11,November,2,2,0,1
C05592,2025,5,May,3,2,0,1
C05592,2025,8,August,4,3,0,1
C05592,2025,12,December,5,4,0,1
C05593,2024,7,July,1,1,1,0
C05593,2025,5,May,2,2,0,1
C05594,2024,8,August,1,1,1,0
C05594,2024,12,December,2,2,0,1
C05594,2025,2,February,3,3,0,1
C05594,2025,9,September,4,4,0,1
C05594,2025,11,November,5,4,0,1
C05595,2024,10,October,1,1,1,0
C05595,2024,12,December,2,2,0,1
C05595,2025,2,February,3,3,0,1
C05596,2024,10,October,1,2,0,1
C05596,2025,5,May,3,3,0,1
C05597,2025,3,March,1,1,1,0
C05597,2025,6,June,2,2,0,1
C05598,2024,7,July,1,1,1,0
C05598,2024,12,December,2,2,0,1
C05598,2025,1,January,3,3,0,1
C05598,2025,2,February,4,4,0,1
C05599,2025,10,October,1,0,1,0
C05600,2025,12,December,1,1,1,0
C05601,2024,10,October,1,1,1,0
C05601,2025,2,February,2,2,0,1
C05601,2025,11,November,3,4,0,1
C05601,2025,12,December,5,5,0,1
C05602,2024,7,July,1,1,1,0
C05602,2024,10,October,2,2,0,1
C05602,2024,11,November,3,3,0,1
C05602,2025,5,May,4,3,0,1
C05602,2025,11,November,5,3,0,1
C05603,2024,9,September,1,1,1,0
C05603,2024,10,October,2,1,0,0
C05603,2024,11,November,3,3,0,1
C05603,2025,5,May,5,4,0,1
C05603,2025,8,August,6,5,0,1
C05603,2025,9,September,8,6,0,1
C05604,2024,8,August,1,1,1,0
C05604,2024,12,December,2,2,0,1
C05604,2025,3,March,3,3,0,1
C05604,2025,4,April,4,4,0,1
C05604,2025,6,June,5,5,0,1
C05605,2024,12,December,1,1,1,0
C05605,2025,4,April,2,1,0,0
C05605,2025,7,July,3,1,0,0
C05605,2025,8,August,4,2,0,1
C05606,2024,12,December,1,1,1,0
C05606,2025,3,March,2,2,0,1
C05606,2025,4,April,3,3,0,1
C05606,2025,9,September,4,4,0,1
C05606,2025,12,December,5,5,0,1
C05607,2024,9,September,1,2,0,1
C05607,2024,11,November,3,3,0,1
C05607,2024,12,December,4,3,0,1
C05607,2025,3,March,5,4,0,1
C05607,2025,7,July,6,5,0,1
C05607,2025,8,August,7,6,0,1
C05607,2025,11,November,8,9,0,1
C05608,2025,5,May,1,0,1,0
C05608,2025,8,August,2,1,0,0
C05609,2025,1,January,1,1,1,0
C05609,2025,7,July,2,2,0,1
C05609,2025,8,August,3,3,0,1
C05609,2025,10,October,4,4,0,1
C05610,2024,8,August,1,1,1,0
C05610,2025,2,February,2,1,0,0
C05610,2025,4,April,3,2,0,1
C05611,2024,8,August,1,1,1,0
C05611,2024,9,September,2,2,0,1
C05611,2025,1,January,3,3,0,1
C05611,2025,3,March,4,3,0,1
C05611,2025,6,June,5,4,0,1
C05611,2025,9,September,6,5,0,1
C05611,2025,10,October,7,6,0,1
C05611,2025,11,November,8,7,0,1
C05611,2025,12,December,9,8,0,1
C05612,2025,4,April,1,1,1,0
C05612,2025,5,May,2,2,0,1
C05612,2025,11,November,3,2,0,1
C05613,2025,11,November,1,2,0,1
C05614,2024,11,November,1,1,1,0
C05614,2024,12,December,2,2,0,1
C05614,2025,4,April,3,3,0,1
C05614,2025,9,September,4,4,0,1
C05614,2025,12,December,5,4,0,1
C05615,2024,12,December,1,1,1,0
C05615,2025,1,January,2,2,0,1
C05615,2025,3,March,3,3,0,1
C05615,2025,6,June,5,4,0,1
C05615,2025,7,July,6,5,0,1
C05615,2025,10,October,8,8,0,1
C05615,2025,11,November,11,9,0,1
C05616,2024,9,September,1,2,0,1
C05616,2024,10,October,3,4,0,1
C05616,2025,2,February,5,6,0,1
C05616,2025,5,May,7,6,0,1
C05616,2025,7,July,8,7,0,1
C05616,2025,8,August,9,8,0,1
C05616,2025,9,September,10,9,0,1
C05617,2024,8,August,1,1,1,0
C05617,2024,10,October,2,2,0,1
C05617,2024,11,November,3,3,0,1
C05617,2025,3,March,4,3,0,1
C05617,2025,5,May,5,4,0,1
C05617,2025,12,December,6,5,0,1
C05618,2025,7,July,1,0,1,0
C05618,2025,9,September,2,1,0,0
C05619,2025,7,July,1,1,1,0
C05620,2024,10,October,1,1,1,0
C05620,2025,8,August,2,2,0,1
C05620,2025,10,October,3,3,0,1
C05621,2024,7,July,1,1,1,0
C05621,2025,4,April,2,2,0,1
C05621,2025,11,November,3,3,0,1
C05622,2025,5,May,1,1,1,0
C05622,2025,11,November,2,2,0,1
C05622,2025,12,December,3,2,0,1
C05623,2024,7,July,1,1,1,0
C05623,2024,9,September,2,2,0,1
C05623,2025,3,March,3,3,0,1
C05623,2025,5,May,4,4,0,1
C05624,2024,12,December,1,2,0,1
C05624,2025,6,June,3,2,0,1
C05624,2025,12,December,4,3,0,1
C05625,2024,11,November,1,1,1,0
C05625,2025,4,April,2,2,0,1
C05625,2025,5,May,3,3,0,1
C05625,2025,10,October,4,4,0,1
C05625,2025,12,December,5,5,0,1
C05626,2025,7,July,1,1,1,0
C05626,2025,9,September,2,2,0,1
C05627,2025,5,May,1,1,1,0
C05628,2025,1,January,1,1,1,0
C05628,2025,4,April,2,2,0,1
C05628,2025,8,August,3,3,0,1
C05629,2024,7,July,1,1,1,0
C05629,2024,9,September,2,2,0,1
C05629,2025,3,March,3,3,0,1
C05629,2025,5,May,4,3,0,1
C05629,2025,8,August,5,4,0,1
C05629,2025,10,October,6,7,0,1
C05630,2024,10,October,1,1,1,0
C05630,2025,6,June,2,2,0,1
C05630,2025,11,November,3,2,0,1
C05631,2024,10,October,1,1,1,0
C05631,2025,9,September,2,2,0,1
C05631,2025,12,December,3,3,0,1
C05632,2024,7,July,1,1,1,0
C05632,2025,5,May,2,2,0,1
C05633,2024,8,August,1,1,1,0
C05633,2025,5,May,2,2,0,1
C05633,2025,6,June,3,4,0,1
C05634,2024,10,October,1,1,1,0
C05634,2024,11,November,2,1,0,0
C05634,2025,5,May,3,2,0,1
C05634,2025,11,November,4,3,0,1
C05635,2024,9,September,1,1,1,0
C05635,2024,10,October,2,2,0,1
C05635,2025,12,December,3,3,0,1
C05636,2024,11,November,1,1,1,0
C05636,2024,12,December,2,2,0,1
C05636,2025,5,May,3,3,0,1
C05636,2025,9,September,4,4,0,1
C05636,2025,11,November,5,5,0,1
C05636,2025,12,December,6,6,0,1
C05637,2024,8,August,1,1,1,0
C05637,2024,10,October,2,2,0,1
C05637,2024,11,November,3,3,0,1
C05637,2025,8,August,4,4,0,1
C05637,2025,10,October,5,4,0,1
C05638,2024,11,November,1,1,1,0
C05638,2025,1,January,2,2,0,1
C05638,2025,4,April,3,2,0,1
C05638,2025,10,October,4,2,0,1
C05638,2025,11,November,5,3,0,1
C05639,2024,7,July,1,1,1,0
C05639,2024,8,August,2,2,0,1
C05640,2024,9,September,1,0,1,0
C05641,2024,9,September,1,2,0,1
C05641,2025,4,April,3,2,0,1
C05641,2025,6,June,4,3,0,1
C05641,2025,10,October,5,4,0,1
C05642,2024,11,November,1,1,1,0
C05642,2025,8,August,2,2,0,1
C05643,2024,12,December,1,1,1,0
C05644,2024,7,July,1,1,1,0
C05644,2024,12,December,2,2,0,1
C05644,2025,3,March,3,3,0,1
C05644,2025,9,September,4,4,0,1
C05645,2024,12,December,1,1,1,0
C05645,2025,2,February,2,2,0,1
C05645,2025,6,June,3,3,0,1
C05645,2025,10,October,4,4,0,1
C05646,2024,12,December,1,1,1,0
C05646,2025,10,October,2,2,0,1
C05648,2024,10,October,1,1,1,0
C05648,2024,12,December,2,3,0,1
C05648,2025,1,January,4,4,0,1
C05648,2025,2,February,6,4,0,1
C05649,2025,3,March,1,1,1,0
C05650,2024,9,September,1,1,1,0
C05650,2024,12,December,2,2,0,1
C05650,2025,7,July,3,3,0,1
C05650,2025,8,August,4,4,0,1
C05650,2025,9,September,5,5,0,1
C05650,2025,10,October,6,6,0,1
C05651,2024,8,August,1,1,1,0
C05651,2024,12,December,2,2,0,1
C05651,2025,11,November,3,3,0,1
C05652,2024,10,October,1,2,0,1
C05652,2025,1,January,3,4,0,1
C05653,2024,8,August,1,1,1,0
C05654,2025,3,March,1,1,1,0
C05654,2025,6,June,2,2,0,1
C05655,2024,12,December,1,0,1,0
C05655,2025,4,April,2,0,0,0
C05655,2025,6,June,3,1,0,0
C05655,2025,10,October,4,2,0,1
C05655,2025,12,December,5,3,0,1
C05656,2025,4,April,1,0,1,0
C05656,2025,6,June,2,0,0,0
C05656,2025,7,July,3,1,0,0
C05657,2024,7,July,1,1,1,0
C05657,2025,2,February,2,2,0,1
C05657,2025,7,July,3,4,0,1
C05657,2025,12,December,5,4,0,1
C05658,2024,12,December,1,1,1,0
C05658,2025,5,May,2,2,0,1
C05658,2025,9,September,4,3,0,1
C05658,2025,10,October,5,4,0,1
C05659,2025,7,July,1,0,1,0
C05659,2025,10,October,2,1,0,0
C05660,2024,10,October,1,0,1,0
C05660,2025,6,June,2,1,0,0
C05661,2024,8,August,1,1,1,0
C05661,2024,11,November,2,2,0,1
C05661,2024,12,December,3,3,0,1
C05661,2025,1,January,4,4,0,1
C05661,2025,3,March,5,6,0,1
C05661,2025,4,April,7,8,0,1
C05661,2025,7,July,9,10,0,1
C05661,2025,9,September,11,10,0,1
C05661,2025,12,December,12,10,0,1
C05662,2024,8,August,1,0,1,0
C05662,2025,6,June,2,1,0,0
C05662,2025,7,July,3,1,0,0
C05662,2025,9,September,4,2,0,1
C05663,2025,1,January,1,1,1,0
C05663,2025,8,August,2,1,0,0
C05663,2025,10,October,3,2,0,1
C05663,2025,11,November,4,3,0,1
C05664,2024,7,July,1,1,1,0
C05664,2024,8,August,3,2,0,1
C05664,2024,11,November,4,3,0,1
C05664,2025,1,January,5,4,0,1
C05664,2025,3,March,6,5,0,1
C05664,2025,9,September,7,8,0,1
C05665,2024,9,September,1,1,1,0
C05665,2025,3,March,2,1,0,0
C05665,2025,6,June,3,2,0,1
C05665,2025,7,July,4,3,0,1
C05666,2024,7,July,1,0,1,0
C05666,2024,8,August,2,1,0,0
C05666,2024,10,October,3,2,0,1
C05666,2024,12,December,4,3,0,1
C05666,2025,1,January,5,4,0,1
C05666,2025,3,March,6,5,0,1
C05666,2025,6,June,8,6,0,1
C05666,2025,10,October,9,7,0,1
C05666,2025,11,November,10,8,0,1
C05667,2024,11,November,1,1,1,0
C05667,2025,10,October,2,2,0,1
C05668,2025,7,July,1,1,1,0
C05668,2025,11,November,2,1,0,0
C05669,2025,5,May,1,1,1,0
C05669,2025,9,September,2,2,0,1
C05669,2025,12,December,3,3,0,1
C05670,2024,11,November,1,1,1,0
C05670,2024,12,December,2,2,0,1
C05670,2025,12,December,3,3,0,1
C05671,2025,7,July,1,0,1,0
C05671,2025,11,November,2,1,0,0
C05672,2024,9,September,1,0,1,0
C05672,2025,2,February,2,0,0,0
C05672,2025,5,May,3,1,0,0
C05672,2025,11,November,4,2,0,1
C05673,2024,9,September,1,1,1,0
C05673,2025,5,May,2,2,0,1
C05673,2025,8,August,3,2,0,1
C05673,2025,10,October,4,3,0,1
C05674,2024,7,July,1,1,1,0
C05674,2025,4,April,2,3,0,1
C05674,2025,5,May,4,4,0,1
C05674,2025,9,September,5,5,0,1
C05675,2024,10,October,1,1,1,0
C05675,2025,6,June,2,2,0,1
C05676,2024,10,October,1,0,1,0
C05676,2025,3,March,2,1,0,0
C05676,2025,4,April,3,1,0,0
C05676,2025,8,August,4,2,0,1
C05676,2025,10,October,5,3,0,1
C05677,2025,1,January,1,1,1,0
C05677,2025,4,April,2,2,0,1
C05678,2024,7,July,1,1,1,0
C05678,2024,9,September,2,2,0,1
C05678,2024,11,November,3,3,0,1
C05679,2024,11,November,1,1,1,0
C05679,2025,1,January,2,2,0,1
C05679,2025,7,July,3,2,0,1
C05679,2025,8,August,4,2,0,1
C05679,2025,11,November,5,3,0,1
C05680,2025,4,April,1,1,1,0
C05680,2025,6,June,2,2,0,1
C05681,2024,12,December,1,1,1,0
C05681,2025,3,March,2,2,0,1
C05682,2024,7,July,1,1,1,0
C05682,2024,12,December,2,2,0,1
C05682,2025,12,December,3,3,0,1
C05683,2024,8,August,1,0,1,0
C05683,2024,12,December,2,1,0,0
C05683,2025,5,May,3,2,0,1
C05683,2025,6,June,4,2,0,1
C05683,2025,10,October,5,3,0,1
C05683,2025,12,December,6,4,0,1
C05684,2025,9,September,1,1,1,0
C05684,2025,10,October,2,1,0,0
C05685,2024,7,July,1,1,1,0
C05685,2024,9,September,2,2,0,1
C05686,2024,8,August,1,1,1,0
C05686,2024,9,September,2,3,0,1
C05686,2024,11,November,4,5,0,1
C05686,2024,12,December,6,6,0,1
C05686,2025,1,January,7,8,0,1
C05686,2025,2,February,9,10,0,1
C05686,2025,3,March,11,12,0,1
C05686,2025,9,September,13,13,0,1
C05686,2025,10,October,14,14,0,1
C05686,2025,11,November,15,15,0,1
C05687,2024,7,July,1,2,0,1
C05687,2024,11,November,3,3,0,1
C05687,2024,12,December,4,4,0,1
C05687,2025,1,January,5,4,0,1
C05687,2025,2,February,6,7,0,1
C05687,2025,9,September,9,8,0,1
C05687,2025,10,October,10,9,0,1
C05687,2025,11,November,11,9,0,1
C05687,2025,12,December,12,9,0,1
C05688,2025,4,April,1,2,0,1
C05688,2025,11,November,3,2,0,1
C05689,2025,1,January,1,1,1,0
C05689,2025,3,March,2,2,0,1
C05689,2025,10,October,3,3,0,1
C05690,2024,10,October,1,1,1,0
C05690,2024,11,November,2,2,0,1
C05690,2025,10,October,3,2,0,1
C05690,2025,12,December,4,3,0,1
C05692,2025,9,September,1,0,1,0
C05692,2025,12,December,2,2,0,1
C05693,2024,9,September,1,1,1,0
C05693,2025,4,April,2,1,0,0
C05694,2025,1,January,1,0,1,0
C05694,2025,3,March,2,1,0,0
C05694,2025,4,April,3,2,0,1
C05694,2025,9,September,4,3,0,1
C05696,2025,5,May,1,0,1,0
C05696,2025,10,October,2,1,0,0
C05697,2024,9,September,1,1,1,0
C05697,2025,3,March,2,2,0,1
C05697,2025,12,December,3,3,0,1
C05698,2024,8,August,1,1,1,0
C05698,2025,4,April,2,2,0,1
C05698,2025,6,June,3,3,0,1
C05698,2025,12,December,4,4,0,1
C05699,2024,8,August,1,1,1,0
C05699,2024,9,September,2,1,0,0
C05700,2025,9,September,1,1,1,0
C05701,2024,7,July,1,1,1,0
C05701,2024,9,September,2,2,0,1
C05701,2024,12,December,3,3,0,1
C05701,2025,4,April,5,4,0,1
C05701,2025,5,May,6,5,0,1
C05701,2025,9,September,7,5,0,1
C05701,2025,10,October,8,6,0,1
C05701,2025,11,November,9,6,0,1
C05702,2024,7,July,1,0,1,0
C05702,2024,10,October,2,1,0,0
C05702,2024,11,November,3,1,0,0
C05702,2024,12,December,4,1,0,0
C05702,2025,2,February,5,2,0,1
C05702,2025,5,May,6,3,0,1
C05702,2025,8,August,7,3,0,1
C05702,2025,12,December,8,5,0,1
C05703,2025,5,May,1,0,1,0
C05703,2025,7,July,3,1,0,0
C05704,2025,4,April,1,0,1,0
C05705,2024,10,October,1,2,0,1
C05705,2024,12,December,3,3,0,1
C05705,2025,2,February,4,5,0,1
C05705,2025,4,April,6,6,0,1
C05705,2025,7,July,7,7,0,1
C05705,2025,9,September,8,8,0,1
C05705,2025,12,December,9,8,0,1
C05706,2024,8,August,1,1,1,0
C05706,2025,1,January,2,2,0,1
C05706,2025,2,February,3,3,0,1
C05706,2025,8,August,4,4,0,1
C05706,2025,11,November,5,5,0,1
C05706,2025,12,December,6,6,0,1
C05707,2024,7,July,1,1,1,0
C05707,2024,8,August,2,2,0,1
C05707,2025,11,November,3,3,0,1
C05708,2024,9,September,1,0,1,0
C05708,2024,10,October,2,1,0,0
C05708,2025,9,September,3,2,0,1
C05708,2025,11,November,4,3,0,1
C05709,2024,8,August,1,1,1,0
C05709,2024,11,November,2,1,0,0
C05709,2025,1,January,3,1,0,0
C05709,2025,6,June,4,1,0,0
C05709,2025,7,July,5,2,0,1
C05710,2024,7,July,1,1,1,0
C05710,2024,10,October,2,2,0,1
C05710,2025,3,March,3,3,0,1
C05710,2025,4,April,4,4,0,1
C05710,2025,9,September,5,5,0,1
C05710,2025,10,October,6,6,0,1
C05711,2024,9,September,1,1,1,0
C05711,2024,11,November,2,1,0,0
C05711,2025,1,January,3,2,0,1
C05711,2025,3,March,5,3,0,1
C05711,2025,5,May,6,4,0,1
C05711,2025,7,July,7,5,0,1
C05711,2025,11,November,8,7,0,1
C05711,2025,12,December,10,9,0,1
C05712,2024,7,July,1,1,1,0
C05712,2024,9,September,2,2,0,1
C05712,2025,3,March,3,3,0,1
C05712,2025,5,May,4,3,0,1
C05714,2025,4,April,1,1,1,0
C05714,2025,7,July,2,2,0,1
C05714,2025,11,November,3,3,0,1
C05715,2025,8,August,1,1,1,0
C05715,2025,10,October,2,2,0,1
C05716,2024,10,October,1,1,1,0
C05716,2024,11,November,2,2,0,1
C05716,2024,12,December,3,3,0,1
C05716,2025,12,December,4,4,0,1
C05717,2024,7,July,1,1,1,0
C05717,2024,10,October,2,2,0,1
C05717,2025,2,February,3,3,0,1
C05717,2025,3,March,5,4,0,1
C05717,2025,10,October,6,5,0,1
C05717,2025,12,December,7,6,0,1
C05718,2025,1,January,1,1,1,0
C05718,2025,2,February,2,2,0,1
C05718,2025,5,May,3,4,0,1
C05718,2025,11,November,5,5,0,1
C05719,2024,8,August,1,1,1,0
C05719,2024,9,September,2,3,0,1
C05719,2024,12,December,4,3,0,1
C05719,2025,3,March,5,5,0,1
C05719,2025,6,June,7,6,0,1
C05719,2025,8,August,8,7,0,1
C05719,2025,9,September,9,8,0,1
C05720,2024,8,August,1,1,1,0
C05720,2025,12,December,2,2,0,1
C05721,2024,7,July,1,1,1,0
C05721,2025,7,July,2,2,0,1
C05722,2024,10,October,1,1,1,0
C05722,2024,12,December,2,2,0,1
C05722,2025,5,May,3,3,0,1
C05722,2025,10,October,4,3,0,1
C05723,2024,8,August,1,1,1,0
C05723,2024,11,November,2,1,0,0
C05723,2025,3,March,3,2,0,1
C05723,2025,12,December,4,3,0,1
C05724,2025,7,July,1,1,1,0
C05724,2025,11,November,2,2,0,1
C05725,2024,11,November,1,1,1,0
C05725,2024,12,December,2,2,0,1
C05725,2025,4,April,3,3,0,1
C05725,2025,7,July,5,4,0,1
C05725,2025,10,October,6,5,0,1
C05726,2024,12,December,1,0,1,0
C05726,2025,7,July,2,1,0,0
C05727,2024,9,September,1,1,1,0
C05727,2025,9,September,2,2,0,1
C05727,2025,10,October,3,3,0,1
C05727,2025,11,November,4,4,0,1
C05727,2025,12,December,5,5,0,1
C05728,2025,2,February,1,1,1,0
C05728,2025,8,August,2,2,0,1
C05729,2024,8,August,1,1,1,0
C05729,2025,4,April,2,2,0,1
C05730,2024,8,August,1,1,1,0
C05730,2024,10,October,2,2,0,1
C05730,2024,11,November,3,3,0,1
C05730,2025,1,January,4,4,0,1
C05731,2025,5,May,1,1,1,0
C05731,2025,9,September,2,2,0,1
C05732,2024,11,November,1,1,1,0
C05732,2025,2,February,2,2,0,1
C05732,2025,8,August,3,3,0,1
C05733,2025,6,June,1,1,1,0
C05733,2025,7,July,2,2,0,1
C05733,2025,10,October,3,3,0,1
C05734,2024,8,August,1,1,1,0
C05734,2024,9,September,2,2,0,1
C05734,2025,6,June,3,3,0,1
C05734,2025,7,July,4,4,0,1
C05734,2025,12,December,5,5,0,1
C05735,2024,8,August,1,0,1,0
C05735,2024,9,September,2,1,0,0
C05735,2025,8,August,3,2,0,1
C05735,2025,9,September,4,2,0,1
C05735,2025,11,November,5,3,0,1
C05735,2025,12,December,6,4,0,1
C05736,2025,4,April,1,1,1,0
C05737,2024,8,August,1,1,1,0
C05737,2024,10,October,2,2,0,1
C05737,2025,1,January,3,3,0,1
C05737,2025,5,May,4,6,0,1
C05738,2024,12,December,1,1,1,0
C05738,2025,3,March,2,3,0,1
C05738,2025,12,December,4,4,0,1
C05739,2025,8,August,1,0,1,0
C05740,2024,12,December,1,2,0,1
C05740,2025,2,February,3,3,0,1
C05740,2025,3,March,4,4,0,1
C05740,2025,8,August,5,4,0,1
C05741,2024,12,December,1,1,1,0
C05742,2024,8,August,1,0,1,0
C05742,2024,10,October,2,0,0,0
C05742,2024,11,November,4,1,0,0
C05742,2024,12,December,5,1,0,0
C05742,2025,7,July,7,2,0,1
C05742,2025,8,August,8,3,0,1
C05742,2025,10,October,9,4,0,1
C05742,2025,11,November,10,5,0,1
C05743,2024,9,September,1,1,1,0
C05743,2025,3,March,2,2,0,1
C05743,2025,5,May,3,3,0,1
C05743,2025,11,November,4,4,0,1
C05744,2024,11,November,1,1,1,0
C05744,2025,8,August,2,2,0,1
C05744,2025,12,December,3,3,0,1
C05745,2024,8,August,1,1,1,0
C05745,2024,12,December,2,2,0,1
C05745,2025,9,September,3,3,0,1
C05746,2024,7,July,1,1,1,0
C05746,2024,8,August,2,2,0,1
C05746,2025,1,January,3,3,0,1
C05746,2025,2,February,4,4,0,1
C05746,2025,10,October,5,5,0,1
C05747,2024,12,December,1,1,1,0
C05747,2025,2,February,2,2,0,1
C05747,2025,4,April,3,3,0,1
C05747,2025,9,September,4,4,0,1
C05748,2024,9,September,1,0,1,0
C05749,2024,10,October,1,1,1,0
C05749,2025,4,April,2,2,0,1
C05749,2025,11,November,3,3,0,1
C05750,2024,8,August,1,1,1,0
C05750,2024,12,December,2,2,0,1
C05750,2025,5,May,3,2,0,1
C05750,2025,9,September,4,3,0,1
C05751,2024,12,December,1,1,1,0
C05751,2025,1,January,2,2,0,1
C05751,2025,3,March,3,3,0,1
C05751,2025,10,October,4,4,0,1
C05752,2025,6,June,1,0,1,0
C05752,2025,11,November,2,1,0,0
C05753,2024,8,August,1,1,1,0
C05753,2025,1,January,2,2,0,1
C05753,2025,10,October,3,3,0,1
C05754,2024,7,July,1,1,1,0
C05754,2024,9,September,2,2,0,1
C05755,2025,1,January,1,0,1,0
C05755,2025,7,July,2,1,0,0
C05756,2024,10,October,1,0,1,0
C05756,2024,11,November,2,2,0,1
C05756,2025,4,April,4,3,0,1
C05756,2025,9,September,6,4,0,1
C05756,2025,11,November,7,4,0,1
C05757,2024,7,July,1,1,1,0
C05757,2025,1,January,2,2,0,1
C05758,2024,8,August,1,0,1,0
C05758,2024,11,November,2,1,0,0
C05758,2024,12,December,3,2,0,1
C05758,2025,1,January,4,3,0,1
C05758,2025,3,March,5,4,0,1
C05758,2025,10,October,6,6,0,1
C05759,2025,4,April,1,1,1,0
C05761,2024,10,October,1,1,1,0
C05761,2024,12,December,2,2,0,1
C05761,2025,3,March,3,4,0,1
C05761,2025,7,July,5,6,0,1
C05761,2025,12,December,7,7,0,1
C05762,2025,7,July,1,0,1,0
C05763,2025,1,January,1,1,1,0
C05763,2025,11,November,2,3,0,1
C05764,2025,1,January,1,1,1,0
C05764,2025,5,May,2,2,0,1
C05764,2025,12,December,3,3,0,1
C05765,2024,9,September,1,2,0,1
C05765,2025,4,April,3,3,0,1
C05765,2025,7,July,4,4,0,1
C05765,2025,10,October,5,5,0,1
C05766,2024,11,November,1,1,1,0
C05766,2025,4,April,2,2,0,1
C05766,2025,9,September,4,3,0,1
C05766,2025,10,October,5,5,0,1
C05766,2025,11,November,7,6,0,1
C05767,2025,1,January,1,0,1,0
C05768,2025,4,April,1,1,1,0
C05768,2025,8,August,2,2,0,1
C05769,2025,7,July,1,1,1,0
C05770,2024,12,December,1,1,1,0
C05770,2025,5,May,2,2,0,1
C05771,2024,8,August,1,1,1,0
C05771,2025,1,January,2,2,0,1
C05771,2025,5,May,3,2,0,1
C05771,2025,9,September,4,3,0,1
C05772,2024,7,July,1,1,1,0
C05772,2024,8,August,2,2,0,1
C05772,2024,10,October,3,3,0,1
C05772,2025,4,April,4,4,0,1
C05772,2025,6,June,5,5,0,1
C05772,2025,7,July,6,6,0,1
C05772,2025,10,October,7,7,0,1
C05773,2024,7,July,1,0,1,0
C05773,2025,2,February,2,1,0,0
C05773,2025,6,June,3,2,0,1
C05774,2024,8,August,1,1,1,0
C05774,2025,7,July,2,2,0,1
C05775,2024,8,August,1,1,1,0
C05775,2024,9,September,2,1,0,0
C05775,2024,11,November,3,2,0,1
C05775,2025,5,May,4,3,0,1
C05775,2025,7,July,5,4,0,1
C05775,2025,11,November,6,5,0,1
C05776,2024,7,July,1,1,1,0
C05776,2025,1,January,2,2,0,1
C05776,2025,8,August,3,3,0,1
C05776,2025,10,October,4,3,0,1
C05777,2025,8,August,1,0,1,0
C05778,2024,10,October,1,1,1,0
C05778,2024,12,December,2,1,0,0
C05779,2024,7,July,1,1,1,0
C05779,2024,10,October,2,2,0,1
C05779,2024,11,November,3,4,0,1
C05779,2025,1,January,5,6,0,1
C05779,2025,2,February,7,7,0,1
C05779,2025,7,July,8,8,0,1
C05779,2025,8,August,9,8,0,1
C05779,2025,9,September,10,8,0,1
C05779,2025,12,December,11,9,0,1
C05780,2024,9,September,1,1,1,0
C05780,2025,6,June,2,2,0,1
C05780,2025,11,November,3,3,0,1
C05781,2025,3,March,1,1,1,0
C05782,2024,9,September,1,1,1,0
C05782,2024,10,October,2,2,0,1
C05782,2025,2,February,3,3,0,1
C05782,2025,5,May,4,4,0,1
C05782,2025,12,December,5,5,0,1
C05784,2025,2,February,1,1,1,0
C05784,2025,4,April,2,2,0,1
C05785,2025,5,May,1,1,1,0
C05785,2025,9,September,2,2,0,1
C05785,2025,12,December,3,2,0,1
C05786,2025,4,April,1,1,1,0
C05786,2025,8,August,2,2,0,1
C05787,2025,4,April,1,0,1,0
C05788,2024,8,August,1,1,1,0
C05788,2025,3,March,2,2,0,1
C05788,2025,8,August,3,4,0,1
C05789,2024,9,September,1,1,1,0
C05789,2024,12,December,2,2,0,1
C05789,2025,3,March,3,4,0,1
C05789,2025,8,August,5,5,0,1
C05790,2024,8,August,1,2,0,1
C05790,2024,9,September,4,3,0,1
C05790,2024,10,October,5,6,0,1
C05790,2024,11,November,8,8,0,1
C05790,2024,12,December,10,9,0,1
C05790,2025,3,March,11,10,0,1
C05790,2025,5,May,12,11,0,1
C05791,2024,10,October,1,1,1,0
C05791,2025,7,July,2,2,0,1
C05792,2024,10,October,1,0,1,0
C05792,2024,11,November,2,2,0,1
C05792,2024,12,December,4,3,0,1
C05792,2025,1,January,5,4,0,1
C05792,2025,9,September,6,5,0,1
C05792,2025,10,October,7,5,0,1
C05792,2025,11,November,8,6,0,1
C05793,2024,11,November,1,2,0,1
C05793,2025,4,April,3,3,0,1
C05794,2024,9,September,1,3,0,1
C05794,2024,10,October,4,4,0,1
C05794,2025,3,March,5,5,0,1
C05794,2025,4,April,6,6,0,1
C05794,2025,8,August,7,7,0,1
C05795,2024,7,July,1,1,1,0
C05795,2024,8,August,2,2,0,1
C05795,2025,5,May,3,2,0,1
C05795,2025,7,July,4,2,0,1
C05795,2025,11,November,5,3,0,1
C05796,2024,10,October,1,1,1,0
C05796,2024,12,December,2,2,0,1
C05796,2025,1,January,3,3,0,1
C05796,2025,8,August,4,4,0,1
C05798,2024,8,August,1,1,1,0
C05798,2025,1,January,2,2,0,1
C05798,2025,4,April,3,3,0,1
C05799,2025,4,April,1,1,1,0
C05799,2025,6,June,3,2,0,1
C05799,2025,12,December,4,3,0,1
C05800,2024,9,September,1,1,1,0
C05800,2024,10,October,2,2,0,1
C05800,2025,6,June,3,4,0,1
C05800,2025,8,August,5,5,0,1
C05801,2025,1,January,1,1,1,0
C05801,2025,8,August,2,2,0,1
C05801,2025,9,September,3,3,0,1
C05801,2025,12,December,4,4,0,1
C05802,2025,2,February,1,1,1,0
C05802,2025,5,May,2,3,0,1
C05802,2025,8,August,4,4,0,1
C05803,2024,11,November,1,0,1,0
C05804,2024,12,December,1,1,1,0
C05804,2025,5,May,2,2,0,1
C05805,2024,11,November,1,1,1,0
C05805,2025,6,June,2,2,0,1
C05805,2025,7,July,3,2,0,1
C05805,2025,9,September,4,3,0,1
C05807,2024,9,September,1,2,0,1
C05807,2024,12,December,3,4,0,1
C05807,2025,3,March,5,5,0,1
C05807,2025,7,July,6,5,0,1
C05807,2025,9,September,7,6,0,1
C05807,2025,11,November,8,6,0,1
C05807,2025,12,December,9,7,0,1
C05808,2025,2,February,1,0,1,0
C05809,2024,11,November,1,1,1,0
C05809,2025,1,January,2,2,0,1
C05809,2025,4,April,3,3,0,1
C05809,2025,8,August,4,5,0,1
C05809,2025,9,September,6,6,0,1
C05810,2024,9,September,1,1,1,0
C05810,2024,10,October,2,2,0,1
C05810,2025,9,September,3,4,0,1
C05811,2024,12,December,1,1,1,0
C05811,2025,9,September,2,1,0,0
C05812,2024,10,October,1,1,1,0
C05812,2024,11,November,2,2,0,1
C05812,2025,3,March,3,3,0,1
C05812,2025,6,June,4,4,0,1
C05812,2025,9,September,5,4,0,1
C05813,2025,1,January,1,2,0,1
C05814,2025,7,July,1,0,1,0
C05815,2024,9,September,1,1,1,0
C05815,2024,10,October,2,2,0,1
C05815,2025,3,March,3,3,0,1
C05815,2025,4,April,4,4,0,1
C05815,2025,5,May,5,5,0,1
C05815,2025,6,June,6,5,0,1
C05815,2025,8,August,7,5,0,1
C05815,2025,9,September,8,6,0,1
C05815,2025,10,October,10,7,0,1
C05815,2025,11,November,11,8,0,1
C05816,2025,2,February,1,0,1,0
C05817,2024,9,September,1,1,1,0
C05817,2024,10,October,2,2,0,1
C05817,2024,11,November,3,2,0,1
C05817,2024,12,December,4,3,0,1
C05817,2025,2,February,5,4,0,1
C05818,2024,11,November,1,1,1,0
C05818,2025,1,January,2,2,0,1
C05818,2025,2,February,3,3,0,1
C05818,2025,6,June,4,4,0,1
C05818,2025,7,July,5,5,0,1
C05818,2025,10,October,6,6,0,1
C05819,2025,7,July,1,1,1,0
C05819,2025,12,December,2,2,0,1
C05820,2024,11,November,1,1,1,0
C05820,2025,4,April,2,2,0,1
C05820,2025,5,May,3,2,0,1
C05820,2025,7,July,4,3,0,1
C05821,2024,7,July,1,0,1,0
C05821,2025,12,December,2,1,0,0
C05822,2024,8,August,1,1,1,0
C05822,2025,9,September,2,2,0,1
C05822,2025,10,October,3,4,0,1
C05823,2024,11,November,1,1,1,0
C05824,2024,11,November,1,1,1,0
C05824,2024,12,December,2,2,0,1
C05824,2025,1,January,3,3,0,1
C05824,2025,5,May,4,4,0,1
C05824,2025,8,August,5,4,0,1
C05824,2025,11,November,6,5,0,1
C05825,2024,12,December,1,1,1,0
C05825,2025,1,January,2,2,0,1
C05825,2025,2,February,3,3,0,1
C05825,2025,3,March,4,4,0,1
C05825,2025,4,April,5,5,0,1
C05825,2025,10,October,6,6,0,1
C05826,2025,6,June,1,1,1,0
C05827,2024,8,August,1,0,1,0
C05827,2024,10,October,2,1,0,0
C05827,2025,11,November,3,1,0,0
C05828,2024,7,July,1,1,1,0
C05828,2024,8,August,2,1,0,0
C05828,2025,1,January,3,2,0,1
C05828,2025,3,March,5,3,0,1
C05828,2025,5,May,6,4,0,1
C05828,2025,6,June,7,5,0,1
C05828,2025,11,November,8,6,0,1
C05828,2025,12,December,9,7,0,1
C05829,2025,7,July,1,1,1,0
C05829,2025,10,October,2,1,0,0
C05830,2024,9,September,1,1,1,0
C05830,2024,11,November,2,2,0,1
C05830,2025,1,January,3,2,0,1
C05830,2025,6,June,4,3,0,1
C05830,2025,7,July,5,4,0,1
C05831,2024,8,August,1,2,0,1
C05831,2024,9,September,3,3,0,1
C05831,2024,12,December,4,4,0,1
C05831,2025,7,July,6,5,0,1
C05831,2025,9,September,7,5,0,1
C05833,2024,10,October,1,1,1,0
C05833,2024,11,November,2,3,0,1
C05833,2024,12,December,4,4,0,1
C05833,2025,2,February,5,5,0,1
C05833,2025,5,May,6,6,0,1
C05833,2025,9,September,7,7,0,1
C05833,2025,11,November,8,8,0,1
C05834,2025,10,October,1,1,1,0
C05835,2024,10,October,1,1,1,0
C05835,2024,11,November,2,2,0,1
C05835,2024,12,December,3,3,0,1
C05835,2025,2,February,4,4,0,1
C05835,2025,5,May,5,6,0,1
C05835,2025,6,June,7,6,0,1
C05835,2025,10,October,8,7,0,1
C05835,2025,12,December,9,7,0,1
C05836,2024,10,October,1,2,0,1
C05836,2025,4,April,3,3,0,1
C05836,2025,5,May,4,4,0,1
C05837,2024,11,November,1,1,1,0
C05838,2024,8,August,1,1,1,0
C05838,2024,10,October,2,3,0,1
C05838,2024,12,December,4,4,0,1
C05838,2025,5,May,5,5,0,1
C05838,2025,7,July,6,6,0,1
C05838,2025,8,August,7,7,0,1
C05839,2024,9,September,1,2,0,1
C05839,2025,9,September,3,3,0,1
C05839,2025,11,November,4,4,0,1
C05840,2025,6,June,1,1,1,0
C05840,2025,7,July,2,1,0,0
C05840,2025,8,August,3,2,0,1
C05840,2025,11,November,4,3,0,1
C05840,2025,12,December,5,3,0,1
C05841,2024,8,August,1,1,1,0
C05841,2024,11,November,2,3,0,1
C05842,2024,10,October,1,1,1,0
C05842,2024,12,December,2,2,0,1
C05842,2025,11,November,3,3,0,1
C05843,2025,5,May,1,1,1,0
C05843,2025,10,October,2,2,0,1
C05844,2025,7,July,1,0,1,0
C05845,2024,9,September,1,0,1,0
C05845,2025,3,March,2,1,0,0
C05845,2025,5,May,3,2,0,1
C05845,2025,10,October,4,3,0,1
C05845,2025,11,November,5,4,0,1
C05846,2024,12,December,1,1,1,0
C05847,2024,7,July,1,1,1,0
C05847,2025,11,November,2,2,0,1
C05848,2025,1,January,1,1,1,0
C05848,2025,3,March,2,2,0,1
C05849,2024,10,October,1,1,1,0
C05849,2025,7,July,2,1,0,0
C05850,2024,9,September,1,1,1,0
C05850,2025,4,April,2,2,0,1
C05850,2025,5,May,3,3,0,1
C05850,2025,12,December,4,4,0,1
C05851,2025,1,January,1,1,1,0
C05851,2025,4,April,2,2,0,1
C05851,2025,6,June,3,3,0,1
C05851,2025,7,July,4,3,0,1
C05851,2025,8,August,5,4,0,1
C05852,2024,7,July,1,1,1,0
C05852,2024,11,November,2,2,0,1
C05853,2024,10,October,1,1,1,0
C05853,2025,2,February,2,2,0,1
C05853,2025,5,May,3,3,0,1
C05853,2025,6,June,4,5,0,1
C05853,2025,7,July,6,5,0,1
C05853,2025,8,August,7,6,0,1
C05854,2025,5,May,1,1,1,0
C05855,2024,10,October,1,0,1,0
C05855,2025,2,February,2,1,0,0
C05855,2025,6,June,3,2,0,1
C05855,2025,7,July,4,3,0,1
C05855,2025,8,August,5,3,0,1
C05856,2024,11,November,1,0,1,0
C05856,2025,5,May,2,0,0,0
C05856,2025,8,August,3,1,0,0
C05856,2025,11,November,4,2,0,1
C05856,2025,12,December,5,3,0,1
C05857,2024,11,November,1,1,1,0
C05857,2025,10,October,2,2,0,1
C05857,2025,12,December,3,4,0,1
C05858,2024,8,August,1,1,1,0
C05858,2025,9,September,2,2,0,1
C05858,2025,12,December,3,3,0,1
C05859,2025,9,September,1,1,1,0
C05860,2024,10,October,1,0,1,0
C05860,2025,1,January,2,1,0,0
C05860,2025,9,September,3,1,0,0
C05861,2024,9,September,1,1,1,0
C05861,2025,8,August,3,3,0,1
C05862,2024,7,July,1,1,1,0
C05862,2024,10,October,2,2,0,1
C05862,2024,11,November,3,3,0,1
C05862,2025,2,February,4,4,0,1
C05863,2024,10,October,1,1,1,0
C05864,2024,12,December,1,1,1,0
C05865,2025,3,March,1,1,1,0
C05866,2025,7,July,1,1,1,0
C05867,2025,1,January,1,1,1,0
C05867,2025,7,July,2,2,0,1
C05869,2024,9,September,1,1,1,0
C05869,2025,3,March,2,2,0,1
C05870,2025,4,April,1,1,1,0
C05871,2024,11,November,1,1,1,0
C05871,2025,9,September,2,1,0,0
C05871,2025,11,November,3,1,0,0
C05872,2025,7,July,1,1,1,0
C05872,2025,9,September,2,1,0,0
C05873,2024,9,September,1,1,1,0
C05873,2024,11,November,2,1,0,0
C05873,2025,10,October,3,1,0,0
C05874,2025,4,April,1,1,1,0
C05874,2025,5,May,2,2,0,1
C05874,2025,12,December,3,3,0,1
C05875,2024,8,August,1,0,1,0
C05875,2024,9,September,2,1,0,0
C05875,2024,11,November,3,1,0,0
C05875,2025,4,April,4,1,0,0
C05877,2024,7,July,1,1,1,0
C05877,2024,10,October,2,1,0,0
C05877,2025,3,March,3,2,0,1
C05877,2025,4,April,4,3,0,1
C05877,2025,8,August,5,4,0,1
C05877,2025,10,October,6,5,0,1
C05877,2025,11,November,7,6,0,1
C05877,2025,12,December,8,7,0,1
C05878,2024,7,July,1,2,0,1
C05878,2025,4,April,3,3,0,1
C05878,2025,7,July,4,4,0,1
C05879,2024,11,November,1,0,1,0
C05879,2025,2,February,2,1,0,0
C05879,2025,3,March,3,2,0,1
C05879,2025,7,July,4,3,0,1
C05879,2025,10,October,5,5,0,1
C05879,2025,11,November,7,6,0,1
C05879,2025,12,December,8,6,0,1
C05880,2024,7,July,1,1,1,0
C05880,2024,8,August,2,1,0,0
C05880,2024,11,November,3,2,0,1
C05880,2025,3,March,4,4,0,1
C05880,2025,8,August,6,5,0,1
C05880,2025,11,November,8,6,0,1
C05881,2024,10,October,1,1,1,0
C05881,2024,11,November,2,1,0,0
C05881,2025,5,May,3,1,0,0
C05881,2025,8,August,4,2,0,1
C05881,2025,10,October,5,3,0,1
C05882,2024,7,July,1,1,1,0
C05882,2024,11,November,2,2,0,1
C05882,2025,2,February,3,2,0,1
C05882,2025,4,April,4,3,0,1
C05882,2025,6,June,5,4,0,1
C05882,2025,7,July,6,5,0,1
C05882,2025,11,November,7,7,0,1
C05883,2025,3,March,1,1,1,0
C05883,2025,8,August,2,1,0,0
C05883,2025,10,October,3,2,0,1
C05884,2025,1,January,1,1,1,0
C05884,2025,2,February,2,2,0,1
C05885,2024,10,October,1,1,1,0
C05885,2025,2,February,2,1,0,0
C05885,2025,5,May,3,2,0,1
C05885,2025,6,June,4,3,0,1
C05886,2024,9,September,1,1,1,0
C05886,2024,11,November,2,3,0,1
C05886,2025,9,September,4,4,0,1
C05887,2024,8,August,1,1,1,0
C05887,2024,9,September,2,2,0,1
C05887,2024,10,October,3,3,0,1
C05887,2024,11,November,4,4,0,1
C05887,2024,12,December,5,6,0,1
C05887,2025,7,July,7,7,0,1
C05887,2025,8,August,8,8,0,1
C05887,2025,9,September,9,8,0,1
C05887,2025,10,October,10,9,0,1
C05887,2025,11,November,11,11,0,1
C05887,2025,12,December,13,11,0,1
C05888,2024,7,July,1,0,1,0
C05888,2024,12,December,2,1,0,0
C05888,2025,2,February,3,3,0,1
C05888,2025,5,May,5,4,0,1
C05888,2025,7,July,6,5,0,1
C05888,2025,9,September,7,6,0,1
C05888,2025,11,November,8,8,0,1
C05889,2024,7,July,1,0,1,0
C05889,2024,12,December,2,0,0,0
C05889,2025,5,May,3,1,0,0
C05889,2025,11,November,4,2,0,1
C05890,2025,2,February,1,1,1,0
C05890,2025,5,May,2,2,0,1
C05890,2025,6,June,3,3,0,1
C05891,2024,7,July,1,1,1,0
C05891,2025,2,February,2,2,0,1
C05891,2025,8,August,3,3,0,1
C05892,2025,5,May,1,1,1,0
C05892,2025,6,June,2,2,0,1
C05892,2025,9,September,3,3,0,1
C05893,2024,11,November,1,1,1,0
C05893,2025,1,January,2,3,0,1
C05893,2025,3,March,4,4,0,1
C05893,2025,4,April,5,5,0,1
C05893,2025,10,October,6,6,0,1
C05894,2024,8,August,1,1,1,0
C05894,2024,12,December,3,2,0,1
C05894,2025,9,September,4,3,0,1
C05894,2025,11,November,5,4,0,1
C05895,2024,11,November,1,1,1,0
C05895,2025,1,January,2,2,0,1
C05895,2025,7,July,3,3,0,1
C05895,2025,8,August,4,4,0,1
C05896,2024,7,July,1,1,1,0
C05896,2024,9,September,2,3,0,1
C05896,2024,10,October,4,4,0,1
C05896,2024,11,November,5,4,0,1
C05896,2024,12,December,6,5,0,1
C05896,2025,2,February,7,6,0,1
C05896,2025,3,March,8,7,0,1
C05896,2025,4,April,9,8,0,1
C05896,2025,7,July,10,10,0,1
C05896,2025,11,November,12,11,0,1
C05896,2025,12,December,13,12,0,1
C05897,2025,1,January,1,1,1,0
C05897,2025,4,April,2,2,0,1
C05897,2025,11,November,3,3,0,1
C05898,2025,9,September,1,1,1,0
C05899,2025,3,March,1,1,1,0
C05899,2025,8,August,2,2,0,1
C05899,2025,12,December,3,3,0,1
C05900,2025,2,February,1,1,1,0
C05900,2025,3,March,2,3,0,1
C05900,2025,7,July,4,4,0,1
C05900,2025,9,September,5,6,0,1
C05901,2024,7,July,1,2,0,1
C05901,2024,8,August,3,2,0,1
C05901,2024,9,September,4,3,0,1
C05901,2025,4,April,5,5,0,1
C05901,2025,10,October,8,6,0,1
C05901,2025,11,November,9,7,0,1
C05901,2025,12,December,10,8,0,1
C05902,2024,11,November,1,1,1,0
C05902,2025,1,January,2,2,0,1
C05902,2025,10,October,3,3,0,1
C05903,2025,3,March,1,1,1,0
C05903,2025,7,July,2,2,0,1
C05903,2025,8,August,3,3,0,1
C05903,2025,11,November,4,4,0,1
C05904,2024,7,July,1,1,1,0
C05904,2024,9,September,2,2,0,1
C05904,2025,5,May,3,3,0,1
C05904,2025,7,July,4,4,0,1
C05904,2025,8,August,5,5,0,1
C05904,2025,10,October,6,6,0,1
C05904,2025,12,December,7,6,0,1
C05905,2024,7,July,1,2,0,1
C05905,2024,10,October,3,4,0,1
C05905,2025,2,February,5,4,0,1
C05905,2025,3,March,6,5,0,1
C05905,2025,6,June,8,6,0,1
C05905,2025,7,July,9,7,0,1
C05905,2025,9,September,11,9,0,1
C05905,2025,12,December,14,10,0,1
C05906,2024,12,December,1,1,1,0
C05906,2025,2,February,2,1,0,0
C05906,2025,8,August,4,3,0,1
C05907,2024,11,November,1,1,1,0
C05907,2025,8,August,2,1,0,0
C05908,2024,9,September,1,0,1,0
C05908,2025,2,February,2,1,0,0
C05908,2025,4,April,3,1,0,0
C05908,2025,9,September,4,1,0,0
C05909,2024,11,November,1,1,1,0
C05909,2025,8,August,2,1,0,0
C05910,2024,7,July,1,1,1,0
C05910,2024,8,August,2,2,0,1
C05910,2024,10,October,3,3,0,1
C05910,2024,12,December,4,3,0,1
C05910,2025,4,April,5,3,0,1
C05910,2025,6,June,6,4,0,1
C05911,2024,7,July,1,1,1,0
C05911,2025,7,July,2,2,0,1
C05912,2024,8,August,1,1,1,0
C05912,2024,11,November,2,2,0,1
C05912,2024,12,December,3,4,0,1
C05912,2025,11,November,5,5,0,1
C05913,2024,7,July,1,1,1,0
C05913,2024,10,October,3,2,0,1
C05913,2025,1,January,5,3,0,1
C05913,2025,3,March,6,4,0,1
C05913,2025,5,May,7,6,0,1
C05913,2025,7,July,9,7,0,1
C05914,2024,9,September,1,1,1,0
C05914,2025,3,March,2,2,0,1
C05914,2025,4,April,3,3,0,1
C05914,2025,6,June,4,3,0,1
C05914,2025,7,July,5,3,0,1
C05914,2025,10,October,6,4,0,1
C05915,2024,10,October,1,1,1,0
C05915,2024,11,November,2,1,0,0
C05915,2024,12,December,3,2,0,1
C05915,2025,6,June,4,3,0,1
C05915,2025,9,September,5,5,0,1
C05915,2025,11,November,7,6,0,1
C05915,2025,12,December,8,7,0,1
C05916,2024,11,November,1,0,1,0
C05916,2024,12,December,2,1,0,0
C05916,2025,5,May,3,2,0,1
C05916,2025,9,September,4,3,0,1
C05917,2024,10,October,1,1,1,0
C05917,2025,3,March,2,2,0,1
C05917,2025,5,May,3,3,0,1
C05917,2025,12,December,4,4,0,1
C05918,2024,7,July,1,1,1,0
C05918,2024,8,August,2,2,0,1
C05918,2025,4,April,3,2,0,1
C05918,2025,8,August,4,3,0,1
C05918,2025,10,October,5,4,0,1
C05918,2025,11,November,6,5,0,1
C05919,2025,11,November,1,0,1,0
C05920,2024,9,September,1,1,1,0
C05920,2024,10,October,2,1,0,0
C05920,2024,11,November,3,3,0,1
C05920,2024,12,December,5,4,0,1
C05920,2025,5,May,6,5,0,1
C05920,2025,8,August,7,7,0,1
C05920,2025,11,November,9,9,0,1
C05921,2024,9,September,1,0,1,0
C05921,2025,4,April,2,1,0,0
C05921,2025,11,November,3,2,0,1
C05922,2024,7,July,1,0,1,0
C05922,2024,8,August,2,1,0,0
C05922,2025,1,January,3,2,0,1
C05923,2025,6,June,1,1,1,0
C05923,2025,7,July,2,1,0,0
C05923,2025,8,August,3,2,0,1
C05923,2025,10,October,4,3,0,1
C05924,2024,11,November,1,1,1,0
C05924,2025,4,April,2,2,0,1
C05924,2025,11,November,3,2,0,1
C05925,2024,8,August,1,1,1,0
C05925,2024,10,October,2,2,0,1
C05925,2025,1,January,3,3,0,1
C05925,2025,2,February,4,4,0,1
C05925,2025,5,May,5,4,0,1
C05925,2025,12,December,6,5,0,1
C05926,2025,3,March,1,1,1,0
C05926,2025,7,July,3,2,0,1
C05927,2024,7,July,1,1,1,0
C05927,2024,9,September,2,2,0,1
C05927,2024,10,October,4,5,0,1
C05927,2025,8,August,7,6,0,1
C05927,2025,9,September,8,7,0,1
C05927,2025,11,November,9,8,0,1
C05928,2024,12,December,1,1,1,0
C05928,2025,3,March,3,2,0,1
C05928,2025,7,July,4,3,0,1
C05928,2025,11,November,5,3,0,1
C05928,2025,12,December,6,4,0,1
C05929,2025,3,March,1,1,1,0
C05929,2025,5,May,2,2,0,1
C05929,2025,8,August,3,3,0,1
C05930,2024,9,September,1,1,1,0
C05930,2024,11,November,2,2,0,1
C05930,2025,1,January,3,3,0,1
C05930,2025,11,November,4,4,0,1
C05931,2024,9,September,1,1,1,0
C05931,2024,11,November,2,1,0,0
C05931,2025,5,May,3,2,0,1
C05932,2024,7,July,1,1,1,0
C05932,2024,9,September,2,2,0,1
C05933,2024,8,August,1,1,1,0
C05933,2025,2,February,2,3,0,1
C05933,2025,5,May,4,4,0,1
C05933,2025,9,September,5,4,0,1
C05933,2025,12,December,6,4,0,1
C05934,2024,7,July,1,1,1,0
C05934,2024,11,November,2,2,0,1
C05934,2025,10,October,3,3,0,1
C05935,2024,9,September,1,0,1,0
C05935,2025,3,March,2,1,0,0
C05935,2025,6,June,3,2,0,1
C05935,2025,8,August,4,3,0,1
C05936,2025,10,October,1,1,1,0
C05937,2024,7,July,1,1,1,0
C05937,2025,5,May,2,2,0,1
C05937,2025,10,October,3,3,0,1
C05937,2025,12,December,4,4,0,1
C05938,2024,9,September,1,1,1,0
C05938,2024,12,December,2,2,0,1
C05938,2025,2,February,4,2,0,1
C05938,2025,3,March,5,2,0,1
C05938,2025,7,July,6,3,0,1
C05938,2025,11,November,7,6,0,1
C05939,2025,2,February,1,1,1,0
C05939,2025,4,April,2,2,0,1
C05939,2025,5,May,3,3,0,1
C05939,2025,7,July,4,4,0,1
C05939,2025,11,November,5,5,0,1
C05939,2025,12,December,6,6,0,1
C05940,2025,3,March,1,2,0,1
C05941,2024,9,September,1,1,1,0
C05941,2025,1,January,2,3,0,1
C05941,2025,5,May,4,3,0,1
C05941,2025,8,August,5,4,0,1
C05941,2025,10,October,6,4,0,1
C05941,2025,11,November,7,5,0,1
C05942,2025,11,November,1,0,1,0
C05943,2024,11,November,1,1,1,0
C05943,2025,1,January,2,2,0,1
C05943,2025,3,March,4,3,0,1
C05943,2025,5,May,5,4,0,1
C05943,2025,6,June,6,5,0,1
C05943,2025,9,September,7,6,0,1
C05944,2024,7,July,1,1,1,0
C05944,2024,11,November,3,1,0,0
C05944,2025,2,February,4,2,0,1
C05944,2025,3,March,5,5,0,1
C05944,2025,9,September,8,5,0,1
C05944,2025,10,October,10,6,0,1
C05945,2025,8,August,1,1,1,0
C05945,2025,10,October,2,2,0,1
C05946,2025,1,January,1,1,1,0
C05946,2025,4,April,2,2,0,1
C05946,2025,7,July,4,3,0,1
C05946,2025,9,September,5,3,0,1
C05947,2025,7,July,1,1,1,0
C05948,2025,9,September,1,1,1,0
C05949,2025,5,May,1,0,1,0
C05949,2025,9,September,2,2,0,1
C05950,2025,10,October,1,1,1,0
C05951,2024,12,December,1,1,1,0
C05951,2025,3,March,2,2,0,1
C05951,2025,7,July,3,3,0,1
C05951,2025,10,October,4,3,0,1
C05953,2024,10,October,1,1,1,0
C05953,2024,12,December,2,2,0,1
C05953,2025,9,September,3,3,0,1
C05954,2024,10,October,1,1,1,0
C05954,2025,8,August,2,2,0,1
C05955,2024,9,September,1,1,1,0
C05955,2024,10,October,2,2,0,1
C05955,2025,7,July,3,3,0,1
C05956,2024,10,October,1,0,1,0
C05956,2025,9,September,2,1,0,0
C05957,2025,6,June,1,1,1,0
C05958,2024,7,July,1,1,1,0
C05958,2025,3,March,2,2,0,1
C05959,2024,7,July,1,1,1,0
C05959,2024,9,September,2,2,0,1
C05959,2024,10,October,3,3,0,1
C05960,2024,10,October,1,0,1,0
C05960,2024,12,December,2,0,0,0
C05960,2025,2,February,3,1,0,0
C05960,2025,3,March,4,2,0,1
C05960,2025,4,April,5,3,0,1
C05960,2025,5,May,6,3,0,1
C05960,2025,10,October,7,4,0,1
C05961,2024,9,September,1,1,1,0
C05961,2024,11,November,2,2,0,1
C05961,2024,12,December,3,3,0,1
C05961,2025,7,July,4,3,0,1
C05961,2025,8,August,5,4,0,1
C05961,2025,10,October,6,6,0,1
C05962,2024,7,July,1,1,1,0
C05962,2024,12,December,2,2,0,1
C05962,2025,1,January,4,3,0,1
C05962,2025,8,August,5,3,0,1
C05962,2025,11,November,6,4,0,1
C05963,2025,2,February,1,0,1,0
C05964,2024,7,July,1,1,1,0
C05964,2025,9,September,2,1,0,0
C05964,2025,10,October,3,2,0,1
C05966,2024,8,August,1,1,1,0
C05966,2024,12,December,3,2,0,1
C05966,2025,4,April,4,3,0,1
C05966,2025,5,May,5,4,0,1
C05966,2025,6,June,6,7,0,1
C05966,2025,7,July,9,8,0,1
C05966,2025,10,October,10,8,0,1
C05966,2025,11,November,11,9,0,1
C05967,2025,8,August,1,1,1,0
C05968,2025,11,November,1,1,1,0
C05969,2025,2,February,1,0,1,0
C05969,2025,3,March,2,1,0,0
C05969,2025,8,August,3,2,0,1
C05970,2025,2,February,1,0,1,0
C05970,2025,10,October,2,1,0,0
C05972,2024,10,October,1,1,1,0
C05972,2025,7,July,2,2,0,1
C05973,2024,7,July,1,2,0,1
C05973,2025,2,February,3,3,0,1
C05973,2025,6,June,4,3,0,1
C05974,2025,7,July,1,1,1,0
C05974,2025,9,September,2,2,0,1
C05974,2025,10,October,3,3,0,1
C05975,2024,8,August,1,1,1,0
C05975,2024,9,September,2,2,0,1
C05975,2025,5,May,3,3,0,1
C05975,2025,7,July,4,4,0,1
C05975,2025,9,September,5,4,0,1
C05976,2024,10,October,1,1,1,0
C05976,2025,4,April,2,2,0,1
C05977,2024,7,July,1,1,1,0
C05978,2024,7,July,1,1,1,0
C05978,2024,11,November,2,2,0,1
C05978,2025,2,February,4,3,0,1
C05978,2025,4,April,6,4,0,1
C05978,2025,6,June,7,5,0,1
C05978,2025,8,August,8,6,0,1
C05978,2025,10,October,9,6,0,1
C05979,2024,7,July,1,1,1,0
C05979,2024,12,December,2,2,0,1
C05980,2024,10,October,1,1,1,0
C05980,2025,10,October,2,2,0,1
C05980,2025,11,November,3,3,0,1
C05981,2025,2,February,1,1,1,0
C05981,2025,3,March,2,2,0,1
C05981,2025,6,June,3,3,0,1
C05981,2025,10,October,4,4,0,1
C05981,2025,11,November,5,5,0,1
C05982,2024,10,October,1,1,1,0
C05982,2024,12,December,2,2,0,1
C05982,2025,1,January,3,3,0,1
C05982,2025,3,March,4,4,0,1
C05982,2025,5,May,5,5,0,1
C05982,2025,6,June,7,6,0,1
C05982,2025,7,July,8,7,0,1
C05982,2025,10,October,9,8,0,1
C05983,2024,12,December,1,1,1,0
C05983,2025,7,July,2,2,0,1
C05984,2025,1,January,1,1,1,0
C05984,2025,4,April,2,1,0,0
C05984,2025,11,November,3,1,0,0
C05984,2025,12,December,4,3,0,1
C05985,2024,9,September,1,1,1,0
C05985,2025,1,January,2,2,0,1
C05986,2024,9,September,1,2,0,1
C05987,2024,9,September,1,1,1,0
C05988,2024,8,August,1,1,1,0
C05989,2024,8,August,1,1,1,0
C05989,2024,11,November,2,2,0,1
C05989,2024,12,December,3,3,0,1
C05989,2025,5,May,4,4,0,1
C05989,2025,11,November,5,5,0,1
C05990,2024,7,July,1,1,1,0
C05990,2024,10,October,2,2,0,1
C05990,2025,1,January,3,4,0,1
C05990,2025,7,July,6,4,0,1
C05991,2024,7,July,1,1,1,0
C05991,2025,9,September,2,1,0,0
C05992,2024,7,July,1,2,0,1
C05992,2024,8,August,5,4,0,1
C05992,2025,3,March,7,6,0,1
C05992,2025,5,May,9,7,0,1
C05992,2025,9,September,10,8,0,1
C05992,2025,12,December,11,9,0,1
C05993,2024,9,September,1,1,1,0
C05993,2025,9,September,2,2,0,1
C05993,2025,10,October,3,4,0,1
C05993,2025,11,November,5,5,0,1
C05993,2025,12,December,6,6,0,1
C05994,2024,8,August,1,1,1,0
C05994,2024,9,September,2,2,0,1
C05994,2024,10,October,3,3,0,1
C05994,2025,3,March,4,4,0,1
C05994,2025,8,August,5,5,0,1
C05995,2024,7,July,1,1,1,0
C05995,2024,10,October,2,2,0,1
C05995,2025,6,June,3,3,0,1
C05995,2025,8,August,4,4,0,1
C05995,2025,10,October,5,5,0,1
C05995,2025,11,November,6,6,0,1
C05995,2025,12,December,7,7,0,1
C05996,2024,7,July,1,1,1,0
C05996,2025,3,March,2,2,0,1
C05996,2025,4,April,3,3,0,1
C05996,2025,11,November,4,4,0,1
C05997,2024,10,October,1,1,1,0
C05998,2024,11,November,1,1,1,0
C05998,2024,12,December,2,2,0,1
C05998,2025,4,April,3,3,0,1
C05998,2025,6,June,4,4,0,1
C05998,2025,9,September,5,5,0,1
C05998,2025,10,October,7,5,0,1
C05999,2024,7,July,1,1,1,0
C05999,2025,4,April,2,2,0,1
C05999,2025,5,May,3,3,0,1
C05999,2025,10,October,4,3,0,1
C06000,2025,4,April,1,1,1,0
C06000,2025,5,May,2,2,0,1
C06000,2025,11,November,3,4,0,1
C06000,2025,12,December,6,5,0,1
C06001,2024,7,July,1,1,1,0
C06001,2025,1,January,2,2,0,1
C06001,2025,4,April,3,3,0,1
C06002,2025,11,November,1,1,1,0
C06003,2024,8,August,1,1,1,0
C06003,2025,5,May,2,2,0,1
C06003,2025,12,December,3,3,0,1
C06004,2025,3,March,1,1,1,0
C06004,2025,11,November,2,2,0,1
C06005,2024,8,August,1,1,1,0
C06005,2024,12,December,2,2,0,1
C06005,2025,5,May,3,3,0,1
C06006,2025,1,January,1,1,1,0
C06007,2024,10,October,1,1,1,0
C06007,2025,5,May,2,1,0,0
C06008,2024,8,August,1,1,1,0
C06009,2024,8,August,1,1,1,0
C06009,2024,11,November,2,2,0,1
C06009,2024,12,December,3,2,0,1
C06009,2025,3,March,4,3,0,1
C06009,2025,4,April,5,3,0,1
C06009,2025,7,July,6,5,0,1
C06009,2025,8,August,8,6,0,1
C06009,2025,10,October,9,6,0,1
C06010,2024,12,December,1,1,1,0
C06010,2025,2,February,2,2,0,1
C06010,2025,4,April,3,3,0,1
C06011,2024,8,August,1,2,0,1
C06011,2024,10,October,3,3,0,1
C06011,2024,11,November,4,4,0,1
C06011,2025,4,April,5,5,0,1
C06011,2025,6,June,6,6,0,1
C06011,2025,10,October,7,7,0,1
C06011,2025,11,November,8,8,0,1
C06012,2025,1,January,1,1,1,0
C06012,2025,3,March,2,1,0,0
C06012,2025,4,April,3,1,0,0
C06013,2024,7,July,1,0,1,0
C06013,2025,3,March,2,1,0,0
C06013,2025,10,October,3,2,0,1
C06014,2024,9,September,1,1,1,0
C06014,2024,12,December,2,2,0,1
C06014,2025,12,December,3,3,0,1
C06015,2025,3,March,1,0,1,0
C06015,2025,6,June,2,1,0,0
C06016,2024,9,September,1,1,1,0
C06016,2024,10,October,2,1,0,0
C06016,2024,12,December,3,2,0,1
C06016,2025,4,April,4,4,0,1
C06017,2024,9,September,1,1,1,0
C06018,2024,7,July,1,1,1,0
C06018,2024,10,October,2,2,0,1
C06018,2025,11,November,3,2,0,1
C06019,2024,11,November,1,0,1,0
C06019,2025,5,May,2,1,0,0
C06019,2025,6,June,3,2,0,1
C06020,2024,7,July,1,1,1,0
C06020,2024,8,August,2,2,0,1
C06020,2025,1,January,3,3,0,1
C06020,2025,2,February,4,4,0,1
C06020,2025,3,March,5,5,0,1
C06020,2025,5,May,6,6,0,1
C06020,2025,6,June,7,6,0,1
C06020,2025,7,July,8,7,0,1
C06020,2025,9,September,9,9,0,1
C06020,2025,12,December,11,10,0,1
C06021,2025,9,September,1,1,1,0
C06022,2025,1,January,1,1,1,0
C06022,2025,8,August,2,2,0,1
C06023,2024,7,July,1,1,1,0
C06023,2024,8,August,2,2,0,1
C06023,2025,6,June,3,3,0,1
C06024,2024,7,July,1,1,1,0
C06024,2024,11,November,2,2,0,1
C06024,2024,12,December,3,2,0,1
C06024,2025,2,February,4,4,0,1
C06024,2025,4,April,6,6,0,1
C06024,2025,6,June,8,7,0,1
C06024,2025,7,July,9,8,0,1
C06024,2025,9,September,10,9,0,1
C06024,2025,11,November,11,10,0,1
C06025,2024,9,September,1,2,0,1
C06025,2024,12,December,3,3,0,1
C06025,2025,1,January,4,5,0,1
C06025,2025,2,February,6,6,0,1
C06025,2025,4,April,7,8,0,1
C06025,2025,8,August,9,9,0,1
C06025,2025,11,November,10,10,0,1
C06025,2025,12,December,11,12,0,1
C06026,2024,7,July,1,1,1,0
C06026,2024,8,August,2,2,0,1
C06026,2024,9,September,3,3,0,1
C06026,2024,11,November,5,4,0,1
C06026,2024,12,December,6,5,0,1
C06026,2025,2,February,7,6,0,1
C06026,2025,3,March,8,6,0,1
C06026,2025,5,May,9,7,0,1
C06026,2025,6,June,10,8,0,1
C06026,2025,7,July,11,9,0,1
C06026,2025,8,August,12,10,0,1
C06026,2025,9,September,14,11,0,1
C06027,2025,5,May,1,0,1,0
C06028,2024,7,July,1,0,1,0
C06028,2024,10,October,2,0,0,0
C06028,2024,11,November,3,1,0,0
C06028,2025,1,January,4,2,0,1
C06028,2025,3,March,5,3,0,1
C06028,2025,7,July,6,3,0,1
C06028,2025,12,December,7,4,0,1
C06029,2024,8,August,1,1,1,0
C06029,2025,10,October,2,2,0,1
C06029,2025,11,November,3,3,0,1
C06030,2024,8,August,1,0,1,0
C06030,2024,9,September,2,1,0,0
C06030,2024,12,December,4,2,0,1
C06030,2025,1,January,5,5,0,1
C06030,2025,2,February,8,6,0,1
C06030,2025,4,April,9,7,0,1
C06030,2025,5,May,10,7,0,1
C06030,2025,9,September,11,7,0,1
C06031,2024,7,July,1,1,1,0
C06031,2025,7,July,2,3,0,1
C06032,2024,10,October,1,1,1,0
C06032,2025,3,March,2,2,0,1
C06032,2025,6,June,3,3,0,1
C06032,2025,7,July,4,4,0,1
C06032,2025,10,October,5,4,0,1
C06033,2024,9,September,1,1,1,0
C06033,2024,12,December,2,3,0,1
C06033,2025,11,November,4,4,0,1
C06034,2025,4,April,1,1,1,0
C06034,2025,10,October,2,2,0,1
C06035,2025,3,March,1,1,1,0
C06035,2025,7,July,2,1,0,0
C06035,2025,8,August,3,1,0,0
C06035,2025,11,November,4,2,0,1
C06036,2024,7,July,1,0,1,0
C06036,2024,11,November,2,1,0,0
C06036,2024,12,December,3,2,0,1
C06036,2025,2,February,4,3,0,1
C06036,2025,7,July,5,3,0,1
C06036,2025,10,October,6,4,0,1
C06037,2025,2,February,1,1,1,0
C06037,2025,4,April,2,2,0,1
C06037,2025,10,October,3,2,0,1
C06037,2025,12,December,5,3,0,1
C06038,2024,8,August,1,1,1,0
C06038,2024,9,September,2,2,0,1
C06038,2025,10,October,3,3,0,1
C06039,2025,7,July,1,1,1,0
C06039,2025,11,November,2,2,0,1
C06040,2024,12,December,1,1,1,0
C06040,2025,8,August,2,2,0,1
C06041,2025,11,November,1,1,1,0
C06041,2025,12,December,2,1,0,0
C06042,2024,10,October,1,1,1,0
C06042,2024,11,November,2,2,0,1
C06042,2025,1,January,3,3,0,1
C06042,2025,7,July,4,4,0,1
C06043,2025,3,March,1,0,1,0
C06043,2025,10,October,2,1,0,0
C06043,2025,12,December,4,3,0,1
C06044,2025,1,January,1,0,1,0
C06044,2025,3,March,2,1,0,0
C06044,2025,8,August,3,2,0,1
C06044,2025,9,September,4,3,0,1
C06045,2024,11,November,1,0,1,0
C06045,2025,9,September,2,1,0,0
C06046,2024,8,August,1,1,1,0
C06046,2024,12,December,2,2,0,1
C06046,2025,6,June,3,3,0,1
C06046,2025,11,November,5,4,0,1
C06047,2024,11,November,1,0,1,0
C06047,2025,1,January,2,1,0,0
C06047,2025,6,June,3,2,0,1
C06047,2025,9,September,4,3,0,1
C06048,2024,9,September,1,1,1,0
C06048,2024,10,October,2,2,0,1
C06049,2025,1,January,1,1,1,0
C06049,2025,2,February,2,2,0,1
C06049,2025,5,May,3,3,0,1
C06050,2024,7,July,1,1,1,0
C06050,2024,9,September,2,2,0,1
C06050,2024,10,October,3,3,0,1
C06050,2025,1,January,4,4,0,1
C06050,2025,2,February,5,5,0,1
C06050,2025,4,April,6,5,0,1
C06050,2025,11,November,7,6,0,1
C06051,2025,1,January,1,1,1,0
C06051,2025,11,November,2,1,0,0
C06052,2025,11,November,1,1,1,0
C06053,2024,8,August,1,0,1,0
C06053,2024,9,September,2,1,0,0
C06053,2024,12,December,4,2,0,1
C06053,2025,3,March,5,3,0,1
C06053,2025,4,April,6,3,0,1
C06053,2025,5,May,7,4,0,1
C06053,2025,9,September,8,5,0,1
C06053,2025,10,October,10,6,0,1
C06053,2025,11,November,11,6,0,1
C06054,2024,12,December,1,0,1,0
C06054,2025,10,October,2,0,0,0
C06055,2024,10,October,1,1,1,0
C06055,2024,12,December,2,1,0,0
C06055,2025,1,January,3,2,0,1
C06055,2025,8,August,4,3,0,1
C06056,2024,8,August,1,1,1,0
C06056,2024,12,December,2,2,0,1
C06056,2025,5,May,3,3,0,1
C06057,2024,11,November,1,1,1,0
C06057,2024,12,December,2,2,0,1
C06057,2025,8,August,3,3,0,1
C06057,2025,11,November,4,4,0,1
C06057,2025,12,December,5,5,0,1
C06058,2024,10,October,1,1,1,0
C06058,2025,6,June,2,2,0,1
C06059,2025,7,July,1,1,1,0
C06060,2024,11,November,1,0,1,0
C06061,2024,7,July,1,2,0,1
C06061,2024,10,October,3,2,0,1
C06061,2025,1,January,4,4,0,1
C06061,2025,2,February,6,5,0,1
C06061,2025,12,December,7,6,0,1
C06062,2024,9,September,1,1,1,0
C06062,2024,11,November,2,2,0,1
C06062,2024,12,December,3,3,0,1
C06062,2025,6,June,4,4,0,1
C06062,2025,7,July,5,5,0,1
C06063,2025,3,March,1,1,1,0
C06063,2025,8,August,2,2,0,1
C06064,2025,8,August,1,1,1,0
C06065,2024,8,August,1,0,1,0
C06065,2024,10,October,2,1,0,0
C06065,2024,11,November,3,3,0,1
C06065,2025,4,April,6,4,0,1
C06065,2025,6,June,7,6,0,1
C06065,2025,11,November,9,7,0,1
C06066,2024,10,October,1,1,1,0
C06066,2024,12,December,2,2,0,1
C06066,2025,1,January,4,3,0,1
C06066,2025,9,September,5,4,0,1
C06067,2025,5,May,1,1,1,0
C06067,2025,12,December,3,2,0,1
C06068,2024,7,July,1,1,1,0
C06068,2024,8,August,2,2,0,1
C06068,2024,12,December,3,2,0,1
C06068,2025,1,January,4,3,0,1
C06068,2025,2,February,5,3,0,1
C06068,2025,3,March,6,4,0,1
C06068,2025,5,May,7,5,0,1
C06068,2025,6,June,8,6,0,1
C06068,2025,8,August,9,7,0,1
C06068,2025,10,October,10,8,0,1
C06069,2024,10,October,1,2,0,1
C06069,2025,1,January,3,3,0,1
C06069,2025,3,March,4,3,0,1
C06069,2025,8,August,5,5,0,1
C06069,2025,9,September,7,7,0,1
C06070,2024,11,November,1,0,1,0
C06070,2025,3,March,2,0,0,0
C06070,2025,8,August,3,2,0,1
C06071,2025,4,April,1,0,1,0
C06072,2024,7,July,1,1,1,0
C06072,2024,12,December,2,3,0,1
C06072,2025,4,April,4,4,0,1
C06072,2025,8,August,5,5,0,1
C06073,2024,9,September,1,1,1,0
C06074,2025,1,January,1,1,1,0
C06074,2025,11,November,2,2,0,1
C06075,2024,9,September,1,1,1,0
C06075,2024,10,October,2,2,0,1
C06075,2024,11,November,3,3,0,1
C06075,2025,10,October,4,4,0,1
C06076,2025,10,October,1,1,1,0
C06077,2024,7,July,1,1,1,0
C06077,2025,2,February,2,1,0,0
C06077,2025,7,July,3,2,0,1
C06078,2024,8,August,1,2,0,1
C06078,2024,9,September,3,3,0,1
C06078,2024,10,October,4,4,0,1
C06078,2024,11,November,5,6,0,1
C06078,2025,3,March,7,7,0,1
C06078,2025,4,April,8,8,0,1
C06078,2025,5,May,9,10,0,1
C06078,2025,6,June,11,11,0,1
C06078,2025,8,August,12,12,0,1
C06078,2025,11,November,13,13,0,1
C06079,2025,3,March,1,1,1,0
C06079,2025,6,June,2,2,0,1
C06079,2025,7,July,3,3,0,1
C06079,2025,9,September,4,3,0,1
C06080,2024,8,August,1,1,1,0
C06080,2024,10,October,2,2,0,1
C06080,2025,2,February,3,3,0,1
C06080,2025,6,June,4,4,0,1
C06080,2025,8,August,6,5,0,1
C06081,2024,12,December,1,2,0,1
C06081,2025,1,January,3,3,0,1
C06081,2025,2,February,4,3,0,1
C06081,2025,5,May,5,4,0,1
C06081,2025,8,August,7,5,0,1
C06081,2025,9,September,8,6,0,1
C06081,2025,11,November,9,7,0,1
C06081,2025,12,December,10,8,0,1
C06082,2025,10,October,1,0,1,0
C06083,2024,11,November,1,0,1,0
C06083,2025,1,January,2,0,0,0
C06083,2025,9,September,3,1,0,0
C06084,2024,10,October,1,1,1,0
C06084,2025,8,August,2,2,0,1
C06084,2025,9,September,3,3,0,1
C06085,2025,1,January,1,1,1,0
C06085,2025,2,February,2,1,0,0
C06086,2025,9,September,1,0,1,0
C06086,2025,11,November,2,1,0,0
C06087,2024,9,September,1,0,1,0
C06087,2025,1,January,2,1,0,0
C06087,2025,2,February,3,2,0,1
C06087,2025,8,August,4,3,0,1
C06087,2025,9,September,5,4,0,1
C06088,2024,11,November,1,0,1,0
C06089,2024,8,August,1,1,1,0
C06089,2024,11,November,2,2,0,1
C06089,2025,2,February,3,3,0,1
C06089,2025,8,August,4,4,0,1
C06089,2025,10,October,5,4,0,1
C06090,2024,9,September,1,0,1,0
C06090,2024,11,November,2,1,0,0
C06090,2025,8,August,3,2,0,1
C06090,2025,9,September,4,4,0,1
C06091,2024,7,July,1,1,1,0
C06091,2025,12,December,2,1,0,0
C06092,2025,3,March,1,1,1,0
C06092,2025,8,August,2,2,0,1
C06092,2025,9,September,3,2,0,1
C06093,2024,7,July,1,1,1,0
C06093,2025,3,March,2,2,0,1
C06093,2025,6,June,3,3,0,1
C06093,2025,11,November,4,4,0,1
C06094,2024,8,August,1,1,1,0
C06094,2024,12,December,2,2,0,1
C06094,2025,3,March,3,3,0,1
C06095,2024,10,October,1,1,1,0
C06095,2025,1,January,2,2,0,1
C06095,2025,2,February,3,4,0,1
C06095,2025,3,March,5,5,0,1
C06095,2025,4,April,6,6,0,1
C06095,2025,5,May,7,7,0,1
C06095,2025,6,June,8,7,0,1
C06095,2025,7,July,9,7,0,1
C06095,2025,8,August,10,7,0,1
C06095,2025,12,December,11,7,0,1
C06096,2024,12,December,1,1,1,0
C06096,2025,1,January,2,2,0,1
C06096,2025,2,February,3,3,0,1
C06096,2025,3,March,4,4,0,1
C06097,2024,7,July,1,0,1,0
C06097,2024,9,September,2,1,0,0
C06097,2025,4,April,3,2,0,1
C06097,2025,7,July,4,3,0,1
C06097,2025,9,September,5,5,0,1
C06097,2025,10,October,7,5,0,1
C06098,2024,12,December,1,1,1,0
C06098,2025,1,January,2,2,0,1
C06099,2024,8,August,1,0,1,0
C06099,2024,12,December,2,1,0,0
C06099,2025,1,January,3,2,0,1
C06099,2025,2,February,4,4,0,1
C06099,2025,8,August,6,5,0,1
C06100,2024,7,July,1,1,1,0
C06100,2024,10,October,2,3,0,1
C06100,2024,12,December,4,3,0,1
C06100,2025,4,April,5,3,0,1
C06101,2024,7,July,1,1,1,0
C06101,2024,12,December,2,3,0,1
C06101,2025,6,June,4,4,0,1
C06102,2024,7,July,1,0,1,0
C06102,2025,3,March,3,0,0,0
C06102,2025,4,April,4,1,0,0
C06102,2025,8,August,5,2,0,1
C06102,2025,9,September,6,3,0,1
C06102,2025,12,December,7,4,0,1
C06103,2025,2,February,1,1,1,0
C06103,2025,11,November,2,2,0,1
C06104,2024,9,September,1,1,1,0
C06104,2024,11,November,2,2,0,1
C06104,2024,12,December,4,3,0,1
C06104,2025,2,February,5,4,0,1
C06104,2025,5,May,6,4,0,1
C06104,2025,6,June,7,6,0,1
C06104,2025,7,July,9,7,0,1
C06104,2025,8,August,10,8,0,1
C06104,2025,11,November,11,10,0,1
C06105,2024,8,August,1,1,1,0
C06105,2024,11,November,2,2,0,1
C06105,2024,12,December,3,3,0,1
C06105,2025,1,January,4,4,0,1
C06105,2025,5,May,5,5,0,1
C06105,2025,9,September,6,6,0,1
C06106,2024,7,July,1,0,1,0
C06106,2024,10,October,2,1,0,0
C06106,2024,11,November,3,2,0,1
C06106,2025,1,January,4,3,0,1
C06106,2025,2,February,5,4,0,1
C06106,2025,6,June,6,5,0,1
C06106,2025,9,September,7,5,0,1
C06107,2024,7,July,1,0,1,0
C06107,2024,8,August,2,1,0,0
C06107,2025,1,January,3,2,0,1
C06107,2025,2,February,4,3,0,1
C06107,2025,4,April,5,5,0,1
C06107,2025,8,August,7,6,0,1
C06107,2025,12,December,8,7,0,1
C06108,2025,4,April,1,1,1,0
C06108,2025,6,June,2,2,0,1
C06108,2025,8,August,3,3,0,1
C06109,2024,9,September,1,1,1,0
C06109,2025,7,July,2,2,0,1
C06109,2025,9,September,3,3,0,1
C06109,2025,12,December,4,5,0,1
C06110,2024,7,July,1,1,1,0
C06110,2024,9,September,2,1,0,0
C06110,2024,10,October,3,2,0,1
C06110,2024,11,November,4,3,0,1
C06110,2025,1,January,5,4,0,1
C06110,2025,2,February,6,6,0,1
C06110,2025,3,March,8,7,0,1
C06110,2025,4,April,9,8,0,1
C06110,2025,9,September,10,9,0,1
C06110,2025,10,October,11,10,0,1
C06111,2024,11,November,1,2,0,1
C06111,2024,12,December,3,2,0,1
C06111,2025,8,August,4,3,0,1
C06112,2024,10,October,1,1,1,0
C06112,2025,1,January,2,1,0,0
C06112,2025,2,February,4,2,0,1
C06112,2025,4,April,5,3,0,1
C06112,2025,6,June,6,4,0,1
C06112,2025,10,October,7,6,0,1
C06113,2025,3,March,1,1,1,0
C06113,2025,8,August,2,2,0,1
C06114,2024,11,November,1,0,1,0
C06114,2025,4,April,2,1,0,0
C06115,2024,10,October,1,1,1,0
C06115,2025,1,January,2,2,0,1
C06115,2025,6,June,3,3,0,1
C06115,2025,9,September,4,3,0,1
C06115,2025,11,November,5,4,0,1
C06116,2024,12,December,1,1,1,0
C06116,2025,1,January,2,2,0,1
C06116,2025,5,May,3,4,0,1
C06116,2025,6,June,5,5,0,1
C06116,2025,8,August,6,6,0,1
C06116,2025,9,September,8,7,0,1
C06117,2025,12,December,1,1,1,0
C06118,2024,11,November,1,1,1,0
C06118,2025,6,June,2,2,0,1
C06118,2025,10,October,3,3,0,1
C06118,2025,12,December,4,5,0,1
C06119,2025,5,May,1,1,1,0
C06119,2025,9,September,2,2,0,1
C06119,2025,10,October,3,3,0,1
C06119,2025,11,November,4,4,0,1
C06119,2025,12,December,6,6,0,1
C06120,2025,1,January,1,1,1,0
C06120,2025,3,March,2,2,0,1
C06120,2025,9,September,3,3,0,1
C06120,2025,11,November,4,4,0,1
C06121,2024,9,September,1,1,1,0
C06121,2024,12,December,2,2,0,1
C06121,2025,9,September,3,3,0,1
C06121,2025,12,December,4,4,0,1
C06122,2024,8,August,1,1,1,0
C06123,2025,2,February,1,2,0,1
C06123,2025,7,July,3,3,0,1
C06124,2025,1,January,1,1,1,0
C06124,2025,5,May,2,1,0,0
C06124,2025,8,August,3,2,0,1
C06125,2025,6,June,1,1,1,0
C06126,2024,12,December,1,1,1,0
C06126,2025,3,March,2,2,0,1
C06126,2025,10,October,3,3,0,1
C06127,2024,7,July,1,1,1,0
C06127,2024,11,November,2,2,0,1
C06127,2025,4,April,3,3,0,1
C06127,2025,7,July,4,4,0,1
C06127,2025,10,October,5,5,0,1
C06127,2025,11,November,6,5,0,1
C06127,2025,12,December,7,6,0,1
C06129,2024,8,August,1,1,1,0
C06129,2025,7,July,2,2,0,1
C06129,2025,11,November,3,2,0,1
C06130,2024,10,October,1,1,1,0
C06130,2025,1,January,2,2,0,1
C06130,2025,4,April,3,3,0,1
C06130,2025,6,June,4,4,0,1
C06130,2025,8,August,5,4,0,1
C06130,2025,9,September,6,5,0,1
C06130,2025,10,October,7,6,0,1
C06130,2025,12,December,8,8,0,1
C06131,2025,1,January,1,1,1,0
C06132,2024,12,December,1,0,1,0
C06132,2025,5,May,2,2,0,1
C06132,2025,9,September,4,3,0,1
C06132,2025,10,October,5,4,0,1
C06132,2025,12,December,6,5,0,1
C06133,2024,11,November,1,1,1,0
C06133,2025,11,November,2,2,0,1
C06134,2024,10,October,1,1,1,0
C06134,2025,4,April,2,2,0,1
C06134,2025,7,July,3,3,0,1
C06134,2025,11,November,4,4,0,1
C06135,2024,8,August,1,0,1,0
C06135,2024,10,October,2,1,0,0
C06136,2024,7,July,1,1,1,0
C06136,2024,11,November,2,2,0,1
C06136,2024,12,December,3,4,0,1
C06136,2025,5,May,5,5,0,1
C06136,2025,7,July,6,6,0,1
C06136,2025,10,October,7,7,0,1
C06138,2024,8,August,1,1,1,0
C06138,2025,4,April,2,2,0,1
C06138,2025,6,June,3,3,0,1
C06138,2025,12,December,4,4,0,1
C06140,2024,9,September,1,1,1,0
C06140,2025,1,January,2,1,0,0
C06140,2025,3,March,3,2,0,1
C06140,2025,12,December,4,4,0,1
C06141,2024,7,July,1,1,1,0
C06141,2024,10,October,2,2,0,1
C06141,2024,11,November,3,3,0,1
C06141,2025,7,July,4,4,0,1
C06141,2025,11,November,5,5,0,1
C06142,2025,2,February,1,0,1,0
C06142,2025,5,May,2,1,0,0
C06142,2025,11,November,3,2,0,1
C06143,2024,7,July,1,1,1,0
C06143,2024,10,October,2,2,0,1
C06143,2025,1,January,4,3,0,1
C06143,2025,7,July,5,4,0,1
C06143,2025,8,August,6,5,0,1
C06143,2025,9,September,8,6,0,1
C06145,2024,8,August,1,0,1,0
C06145,2025,1,January,2,1,0,0
C06145,2025,8,August,3,2,0,1
C06145,2025,10,October,4,3,0,1
C06146,2025,8,August,1,0,1,0
C06146,2025,11,November,2,1,0,0
C06147,2024,7,July,1,1,1,0
C06147,2024,9,September,2,2,0,1
C06147,2025,2,February,3,3,0,1
C06147,2025,8,August,4,4,0,1
C06147,2025,11,November,5,6,0,1
C06148,2024,7,July,1,1,1,0
C06148,2025,1,January,2,3,0,1
C06148,2025,2,February,4,4,0,1
C06148,2025,3,March,5,5,0,1
C06148,2025,11,November,6,6,0,1
C06148,2025,12,December,7,7,0,1
C06149,2024,8,August,1,1,1,0
C06149,2024,11,November,2,2,0,1
C06150,2024,7,July,1,1,1,0
C06150,2025,3,March,2,2,0,1
C06150,2025,4,April,3,3,0,1
C06150,2025,8,August,4,4,0,1
C06151,2024,10,October,1,1,1,0
C06151,2024,11,November,2,2,0,1
C06151,2025,3,March,3,3,0,1
C06152,2024,7,July,1,1,1,0
C06152,2024,9,September,2,2,0,1
C06152,2025,5,May,3,3,0,1
C06152,2025,6,June,4,4,0,1
C06152,2025,8,August,5,4,0,1
C06153,2024,8,August,1,1,1,0
C06153,2024,9,September,2,1,0,0
C06153,2025,4,April,3,2,0,1
C06153,2025,9,September,4,3,0,1
C06154,2025,1,January,1,1,1,0
C06154,2025,5,May,2,2,0,1
C06154,2025,10,October,3,3,0,1
C06155,2024,8,August,1,1,1,0
C06155,2024,9,September,2,2,0,1
C06155,2024,11,November,3,3,0,1
C06155,2025,12,December,4,4,0,1
C06156,2025,1,January,1,2,0,1
C06156,2025,5,May,3,4,0,1
C06157,2024,7,July,1,1,1,0
C06157,2024,10,October,3,1,0,0
C06157,2025,5,May,4,1,0,0
C06157,2025,8,August,5,2,0,1
C06158,2024,8,August,1,1,1,0
C06158,2024,10,October,2,2,0,1
C06158,2025,3,March,3,3,0,1
C06158,2025,4,April,4,4,0,1
C06159,2024,12,December,1,1,1,0
C06159,2025,1,January,2,2,0,1
C06159,2025,3,March,3,3,0,1
C06159,2025,5,May,4,3,0,1
C06159,2025,6,June,5,4,0,1
C06159,2025,10,October,6,4,0,1
C06160,2025,12,December,1,1,1,0
C06162,2024,7,July,1,2,0,1
C06162,2024,9,September,3,4,0,1
C06162,2024,10,October,5,5,0,1
C06162,2024,12,December,6,6,0,1
C06162,2025,4,April,7,7,0,1
C06163,2024,7,July,1,1,1,0
C06163,2025,8,August,2,2,0,1
C06163,2025,11,November,3,4,0,1
C06165,2024,12,December,1,2,0,1
C06165,2025,3,March,3,3,0,1
C06165,2025,5,May,4,3,0,1
C06165,2025,9,September,5,4,0,1
C06165,2025,11,November,6,5,0,1
C06166,2025,3,March,1,1,1,0
C06166,2025,4,April,2,2,0,1
C06166,2025,8,August,3,3,0,1
C06167,2025,2,February,1,0,1,0
C06167,2025,8,August,2,0,0,0
C06168,2024,9,September,1,1,1,0
C06169,2024,7,July,1,1,1,0
C06169,2024,11,November,2,1,0,0
C06169,2025,2,February,3,2,0,1
C06169,2025,5,May,4,3,0,1
C06169,2025,7,July,5,4,0,1
C06169,2025,9,September,6,5,0,1
C06169,2025,11,November,7,6,0,1
C06170,2024,12,December,1,0,1,0
C06170,2025,1,January,2,1,0,0
C06170,2025,9,September,3,2,0,1
C06171,2025,5,May,1,1,1,0
C06171,2025,10,October,2,2,0,1
C06172,2024,8,August,1,2,0,1
C06172,2024,11,November,3,3,0,1
C06172,2024,12,December,4,4,0,1
C06172,2025,2,February,5,5,0,1
C06172,2025,4,April,6,6,0,1
C06172,2025,7,July,7,7,0,1
C06172,2025,9,September,8,9,0,1
C06172,2025,10,October,10,9,0,1
C06173,2024,8,August,1,0,1,0
C06173,2024,9,September,2,1,0,0
C06173,2024,12,December,3,2,0,1
C06173,2025,8,August,4,3,0,1
C06174,2024,7,July,1,1,1,0
C06174,2024,12,December,2,2,0,1
C06174,2025,2,February,3,3,0,1
C06174,2025,8,August,4,4,0,1
C06174,2025,10,October,5,5,0,1
C06174,2025,11,November,6,6,0,1
C06174,2025,12,December,7,7,0,1
C06175,2025,11,November,1,1,1,0
C06176,2025,7,July,1,1,1,0
C06177,2024,7,July,1,1,1,0
C06177,2025,3,March,2,2,0,1
C06179,2024,7,July,1,0,1,0
C06179,2025,4,April,2,1,0,0
C06179,2025,8,August,3,2,0,1
C06180,2024,10,October,1,1,1,0
C06180,2024,11,November,2,2,0,1
C06181,2024,9,September,1,1,1,0
C06182,2024,11,November,1,0,1,0
C06182,2025,10,October,2,1,0,0
C06182,2025,12,December,3,1,0,0
C06183,2024,12,December,1,1,1,0
C06183,2025,2,February,2,2,0,1
C06183,2025,7,July,3,3,0,1
C06184,2024,12,December,1,1,1,0
C06184,2025,5,May,2,2,0,1
C06185,2025,5,May,1,1,1,0
C06185,2025,8,August,2,2,0,1
C06186,2024,8,August,1,0,1,0
C06186,2024,10,October,2,1,0,0
C06186,2025,6,June,3,2,0,1
C06186,2025,9,September,4,3,0,1
C06187,2024,7,July,1,1,1,0
C06187,2024,9,September,2,2,0,1
C06187,2024,10,October,3,3,0,1
C06187,2025,2,February,4,3,0,1
C06187,2025,3,March,5,4,0,1
C06187,2025,4,April,6,5,0,1
C06187,2025,10,October,7,5,0,1
C06187,2025,11,November,8,6,0,1
C06188,2024,7,July,1,1,1,0
C06188,2024,10,October,3,2,0,1
C06188,2024,12,December,5,3,0,1
C06188,2025,10,October,6,4,0,1
C06188,2025,11,November,7,4,0,1
C06188,2025,12,December,8,6,0,1
C06189,2024,12,December,1,0,1,0
C06189,2025,2,February,2,1,0,0
C06189,2025,3,March,3,2,0,1
C06189,2025,11,November,4,4,0,1
C06190,2024,11,November,1,0,1,0
C06190,2025,6,June,2,1,0,0
C06190,2025,12,December,3,2,0,1
C06191,2024,9,September,1,1,1,0
C06191,2024,10,October,2,2,0,1
C06191,2024,11,November,3,2,0,1
C06191,2024,12,December,4,3,0,1
C06192,2024,9,September,1,1,1,0
C06192,2025,6,June,2,2,0,1
C06193,2025,1,January,1,1,1,0
C06193,2025,3,March,2,2,0,1
C06193,2025,6,June,3,3,0,1
C06193,2025,7,July,4,4,0,1
C06193,2025,8,August,5,6,0,1
C06193,2025,12,December,7,7,0,1
C06194,2024,7,July,1,1,1,0
C06194,2024,8,August,2,2,0,1
C06194,2025,9,September,3,3,0,1
C06195,2025,3,March,1,1,1,0
C06196,2025,9,September,1,1,1,0
C06196,2025,11,November,2,2,0,1
C06197,2024,12,December,1,3,0,1
C06197,2025,7,July,4,4,0,1
C06197,2025,9,September,5,4,0,1
C06198,2024,9,September,1,1,1,0
C06198,2024,10,October,2,2,0,1
C06198,2025,1,January,3,3,0,1
C06198,2025,7,July,5,4,0,1
C06198,2025,9,September,6,4,0,1
C06198,2025,10,October,7,5,0,1
C06199,2024,7,July,1,1,1,0
C06199,2024,12,December,2,2,0,1
C06199,2025,3,March,3,3,0,1
C06199,2025,12,December,4,4,0,1
C06200,2024,7,July,1,1,1,0
C06200,2024,10,October,2,2,0,1
C06200,2024,11,November,3,3,0,1
C06200,2024,12,December,4,3,0,1
C06200,2025,1,January,5,4,0,1
C06200,2025,4,April,6,5,0,1
C06200,2025,9,September,7,6,0,1
C06200,2025,10,October,8,6,0,1
C06201,2025,2,February,1,0,1,0
C06201,2025,3,March,2,1,0,0
C06201,2025,6,June,3,2,0,1
C06202,2025,2,February,1,1,1,0
C06203,2024,12,December,1,1,1,0
C06203,2025,2,February,2,2,0,1
C06203,2025,3,March,3,4,0,1
C06203,2025,4,April,5,4,0,1
C06203,2025,5,May,6,5,0,1
C06203,2025,6,June,7,5,0,1
C06203,2025,9,September,8,6,0,1
C06204,2024,10,October,1,1,1,0
C06204,2025,1,January,2,2,0,1
C06204,2025,2,February,3,2,0,1
C06204,2025,4,April,4,3,0,1
C06204,2025,6,June,5,6,0,1
C06205,2024,7,July,1,2,0,1
C06205,2024,8,August,3,3,0,1
C06205,2025,2,February,4,4,0,1
C06205,2025,4,April,5,5,0,1
C06206,2024,9,September,1,1,1,0
C06206,2024,10,October,2,2,0,1
C06206,2024,11,November,3,3,0,1
C06206,2025,1,January,4,3,0,1
C06206,2025,9,September,5,3,0,1
C06206,2025,12,December,6,4,0,1
C06207,2024,12,December,1,1,1,0
C06207,2025,4,April,2,2,0,1
C06207,2025,6,June,3,3,0,1
C06207,2025,7,July,4,4,0,1
C06207,2025,11,November,5,4,0,1
C06208,2024,11,November,1,1,1,0
C06208,2024,12,December,2,2,0,1
C06208,2025,2,February,3,3,0,1
C06208,2025,3,March,4,4,0,1
C06208,2025,7,July,5,4,0,1
C06208,2025,8,August,6,5,0,1
C06209,2024,10,October,1,1,1,0
C06209,2024,12,December,2,2,0,1
C06209,2025,2,February,3,3,0,1
C06209,2025,8,August,4,4,0,1
C06209,2025,12,December,5,5,0,1
C06210,2025,3,March,1,1,1,0
C06210,2025,5,May,2,2,0,1
C06211,2024,8,August,1,1,1,0
C06211,2025,1,January,2,1,0,0
C06211,2025,3,March,3,2,0,1
C06211,2025,4,April,4,3,0,1
C06211,2025,12,December,5,4,0,1
C06212,2024,9,September,1,1,1,0
C06212,2024,10,October,2,1,0,0
C06212,2025,3,March,3,2,0,1
C06213,2024,7,July,1,1,1,0
C06213,2025,4,April,2,1,0,0
C06214,2025,3,March,1,0,1,0
C06214,2025,9,September,2,1,0,0
C06214,2025,12,December,3,2,0,1
C06215,2024,8,August,1,1,1,0
C06215,2025,6,June,2,2,0,1
C06215,2025,9,September,3,2,0,1
C06217,2024,9,September,1,1,1,0
C06217,2024,12,December,2,2,0,1
C06217,2025,10,October,3,3,0,1
C06217,2025,11,November,4,4,0,1
C06218,2024,7,July,1,1,1,0
C06218,2024,9,September,2,2,0,1
C06218,2025,7,July,3,3,0,1
C06218,2025,8,August,4,4,0,1
C06219,2024,8,August,1,0,1,0
C06219,2025,3,March,2,0,0,0
C06220,2025,1,January,1,2,0,1
C06220,2025,2,February,3,3,0,1
C06221,2024,9,September,1,1,1,0
C06221,2025,2,February,2,2,0,1
C06221,2025,10,October,3,3,0,1
C06222,2024,7,July,1,1,1,0
C06222,2024,9,September,2,2,0,1
C06222,2025,11,November,3,2,0,1
C06223,2024,8,August,1,0,1,0
C06223,2024,12,December,2,1,0,0
C06223,2025,2,February,3,2,0,1
C06223,2025,3,March,4,3,0,1
C06223,2025,4,April,5,5,0,1
C06223,2025,5,May,7,6,0,1
C06223,2025,6,June,8,8,0,1
C06223,2025,7,July,10,8,0,1
C06223,2025,11,November,11,10,0,1
C06223,2025,12,December,13,11,0,1
C06224,2024,7,July,1,1,1,0
C06224,2025,1,January,2,2,0,1
C06225,2025,6,June,1,1,1,0
C06227,2025,1,January,1,1,1,0
C06227,2025,2,February,2,2,0,1
C06227,2025,6,June,3,2,0,1
C06227,2025,7,July,4,3,0,1
C06228,2025,1,January,1,1,1,0
C06229,2024,8,August,1,1,1,0
C06229,2024,9,September,2,2,0,1
C06229,2024,10,October,3,3,0,1
C06229,2024,11,November,4,4,0,1
C06229,2024,12,December,5,5,0,1
C06229,2025,8,August,6,6,0,1
C06229,2025,9,September,7,7,0,1
C06229,2025,11,November,8,8,0,1
C06230,2024,7,July,1,2,0,1
C06230,2024,9,September,3,3,0,1
C06230,2024,10,October,4,3,0,1
C06230,2025,10,October,5,4,0,1
C06231,2025,5,May,1,1,1,0
C06231,2025,7,July,2,2,0,1
C06232,2025,11,November,1,1,1,0
C06232,2025,12,December,2,2,0,1
C06233,2025,3,March,1,1,1,0
C06233,2025,6,June,2,2,0,1
C06234,2024,9,September,1,1,1,0
C06234,2025,3,March,2,2,0,1
C06234,2025,6,June,3,3,0,1
C06234,2025,7,July,4,4,0,1
C06234,2025,11,November,5,5,0,1
C06235,2024,12,December,1,1,1,0
C06235,2025,6,June,2,2,0,1
C06236,2024,9,September,1,1,1,0
C06236,2025,5,May,2,2,0,1
C06236,2025,8,August,3,3,0,1
C06236,2025,10,October,4,4,0,1
C06237,2024,7,July,1,1,1,0
C06237,2024,9,September,2,2,0,1
C06237,2025,3,March,3,3,0,1
C06237,2025,4,April,4,3,0,1
C06237,2025,6,June,5,3,0,1
C06237,2025,9,September,6,4,0,1
C06238,2024,7,July,1,1,1,0
C06240,2025,2,February,1,1,1,0
C06240,2025,6,June,2,1,0,0
C06240,2025,9,September,3,1,0,0
C06240,2025,12,December,4,2,0,1
C06241,2024,9,September,1,1,1,0
C06241,2025,4,April,2,3,0,1
C06242,2024,8,August,1,1,1,0
C06242,2024,9,September,3,2,0,1
C06242,2025,12,December,4,3,0,1
C06243,2024,7,July,1,1,1,0
C06243,2025,3,March,2,2,0,1
C06243,2025,5,May,3,3,0,1
C06244,2025,2,February,1,2,0,1
C06244,2025,4,April,3,3,0,1
C06244,2025,7,July,4,4,0,1
C06244,2025,9,September,5,5,0,1
C06244,2025,10,October,6,6,0,1
C06245,2024,7,July,1,1,1,0
C06245,2025,2,February,2,2,0,1
C06245,2025,8,August,3,3,0,1
C06245,2025,10,October,5,4,0,1
C06246,2024,8,August,1,1,1,0
C06246,2024,10,October,2,2,0,1
C06246,2025,3,March,3,2,0,1
C06246,2025,4,April,4,2,0,1
C06246,2025,10,October,5,2,0,1
C06247,2024,12,December,1,2,0,1
C06247,2025,1,January,3,3,0,1
C06247,2025,3,March,4,3,0,1
C06247,2025,5,May,5,4,0,1
C06247,2025,6,June,6,5,0,1
C06248,2025,1,January,1,0,1,0
C06248,2025,3,March,2,1,0,0
C06248,2025,7,July,4,2,0,1
C06248,2025,11,November,5,3,0,1
C06250,2024,7,July,1,1,1,0
C06250,2024,11,November,2,1,0,0
C06250,2025,1,January,3,1,0,0
C06250,2025,9,September,4,2,0,1
C06251,2024,7,July,1,0,1,0
C06251,2025,5,May,2,1,0,0
C06251,2025,7,July,3,2,0,1
C06251,2025,8,August,4,3,0,1
C06252,2024,10,October,1,1,1,0
C06252,2025,7,July,2,2,0,1
C06253,2025,1,January,1,1,1,0
C06253,2025,6,June,2,1,0,0
C06253,2025,9,September,3,1,0,0
C06254,2025,6,June,1,1,1,0
C06254,2025,9,September,2,1,0,0
C06254,2025,11,November,3,3,0,1
C06254,2025,12,December,5,4,0,1
C06255,2024,12,December,1,1,1,0
C06255,2025,3,March,2,2,0,1
C06255,2025,4,April,3,3,0,1
C06255,2025,5,May,4,4,0,1
C06255,2025,8,August,5,5,0,1
C06255,2025,10,October,6,5,0,1
C06255,2025,12,December,7,6,0,1
C06257,2024,11,November,1,0,1,0
C06257,2024,12,December,2,1,0,0
C06257,2025,1,January,3,2,0,1
C06257,2025,8,August,4,2,0,1
C06257,2025,10,October,5,3,0,1
C06258,2024,10,October,1,1,1,0
C06258,2025,9,September,2,2,0,1
C06259,2024,8,August,1,0,1,0
C06259,2025,3,March,2,1,0,0
C06259,2025,7,July,3,2,0,1
C06259,2025,8,August,4,2,0,1
C06260,2024,10,October,1,1,1,0
C06260,2024,12,December,2,2,0,1
C06260,2025,7,July,3,3,0,1
C06260,2025,11,November,4,3,0,1
C06261,2024,7,July,1,1,1,0
C06261,2024,11,November,2,3,0,1
C06261,2025,9,September,4,4,0,1
C06262,2024,8,August,1,1,1,0
C06262,2024,12,December,2,2,0,1
C06262,2025,5,May,3,2,0,1
C06262,2025,7,July,4,3,0,1
C06262,2025,8,August,5,4,0,1
C06262,2025,9,September,6,5,0,1
C06262,2025,12,December,7,5,0,1
C06263,2024,9,September,1,1,1,0
C06263,2025,6,June,2,2,0,1
C06264,2024,8,August,1,1,1,0
C06264,2024,9,September,2,1,0,0
C06264,2025,10,October,3,3,0,1
C06264,2025,11,November,5,3,0,1
C06265,2024,8,August,1,1,1,0
C06265,2024,10,October,2,2,0,1
C06265,2024,11,November,3,3,0,1
C06265,2024,12,December,4,4,0,1
C06265,2025,3,March,5,5,0,1
C06265,2025,5,May,6,7,0,1
C06265,2025,9,September,8,8,0,1
C06266,2024,9,September,1,0,1,0
C06266,2024,10,October,2,1,0,0
C06266,2024,11,November,3,2,0,1
C06266,2025,1,January,4,2,0,1
C06266,2025,2,February,5,3,0,1
C06266,2025,8,August,6,4,0,1
C06266,2025,9,September,7,5,0,1
C06267,2024,8,August,1,1,1,0
C06267,2024,10,October,2,2,0,1
C06267,2025,2,February,5,3,0,1
C06267,2025,5,May,6,4,0,1
C06268,2024,7,July,1,1,1,0
C06268,2024,9,September,2,1,0,0
C06268,2024,11,November,3,1,0,0
C06268,2025,1,January,4,1,0,0
C06268,2025,8,August,5,2,0,1
C06269,2024,7,July,1,0,1,0
C06269,2024,9,September,2,2,0,1
C06269,2024,10,October,4,4,0,1
C06269,2024,11,November,6,5,0,1
C06269,2025,4,April,8,6,0,1
C06270,2025,2,February,1,1,1,0
C06271,2025,1,January,1,1,1,0
C06271,2025,4,April,2,2,0,1
C06271,2025,6,June,3,3,0,1
C06272,2024,12,December,1,1,1,0
C06272,2025,9,September,2,2,0,1
C06273,2024,10,October,1,1,1,0
C06273,2025,1,January,2,2,0,1
C06273,2025,4,April,3,3,0,1
C06273,2025,6,June,4,4,0,1
C06273,2025,7,July,5,5,0,1
C06273,2025,9,September,6,5,0,1
C06273,2025,12,December,7,6,0,1
C06274,2024,7,July,1,1,1,0
C06274,2024,8,August,2,2,0,1
C06274,2024,9,September,3,3,0,1
C06274,2024,12,December,4,4,0,1
C06274,2025,1,January,5,5,0,1
C06274,2025,9,September,6,6,0,1
C06274,2025,10,October,7,6,0,1
C06275,2024,8,August,1,0,1,0
C06275,2024,9,September,2,1,0,0
C06275,2024,10,October,3,2,0,1
C06275,2024,12,December,4,4,0,1
C06275,2025,2,February,6,6,0,1
C06275,2025,5,May,8,6,0,1
C06275,2025,8,August,9,7,0,1
C06275,2025,9,September,10,8,0,1
C06275,2025,10,October,11,9,0,1
C06275,2025,11,November,12,10,0,1
C06276,2024,8,August,1,1,1,0
C06276,2024,11,November,2,2,0,1
C06276,2024,12,December,5,2,0,1
C06276,2025,1,January,6,3,0,1
C06276,2025,2,February,8,4,0,1
C06276,2025,4,April,9,5,0,1
C06276,2025,5,May,10,6,0,1
C06276,2025,6,June,11,7,0,1
C06276,2025,7,July,12,8,0,1
C06276,2025,9,September,13,9,0,1
C06278,2024,7,July,1,2,0,1
C06278,2024,11,November,3,4,0,1
C06278,2024,12,December,5,4,0,1
C06278,2025,2,February,6,5,0,1
C06278,2025,6,June,7,6,0,1
C06278,2025,10,October,9,7,0,1
C06278,2025,12,December,10,9,0,1
C06279,2024,7,July,1,1,1,0
C06279,2024,8,August,2,2,0,1
C06279,2024,9,September,3,3,0,1
C06279,2025,2,February,4,4,0,1
C06280,2024,7,July,1,1,1,0
C06280,2024,12,December,2,2,0,1
C06280,2025,1,January,3,4,0,1
C06280,2025,5,May,5,5,0,1
C06280,2025,7,July,6,6,0,1
C06280,2025,8,August,7,7,0,1
C06280,2025,9,September,8,8,0,1
C06281,2024,8,August,1,1,1,0
C06281,2025,5,May,2,1,0,0
C06282,2024,7,July,1,1,1,0
C06282,2024,8,August,2,2,0,1
C06282,2025,9,September,3,3,0,1
C06282,2025,12,December,4,4,0,1
C06283,2024,8,August,1,1,1,0
C06283,2024,9,September,2,2,0,1
C06284,2024,11,November,1,1,1,0
C06284,2025,8,August,2,2,0,1
C06284,2025,9,September,3,3,0,1
C06284,2025,10,October,4,4,0,1
C06285,2025,7,July,1,1,1,0
C06286,2024,7,July,1,1,1,0
C06286,2024,9,September,2,2,0,1
C06286,2025,4,April,3,3,0,1
C06287,2024,7,July,1,1,1,0
C06287,2025,3,March,2,1,0,0
C06287,2025,12,December,3,2,0,1
C06288,2024,10,October,1,1,1,0
C06288,2024,12,December,2,2,0,1
C06288,2025,3,March,3,3,0,1
C06288,2025,7,July,4,3,0,1
C06288,2025,12,December,5,5,0,1
C06289,2024,7,July,1,2,0,1
C06289,2025,8,August,3,3,0,1
C06290,2025,1,January,1,0,1,0
C06291,2024,9,September,1,1,1,0
C06291,2024,10,October,2,2,0,1
C06291,2025,2,February,3,3,0,1
C06292,2024,9,September,1,1,1,0
C06292,2024,12,December,2,3,0,1
C06292,2025,5,May,4,3,0,1
C06292,2025,6,June,6,4,0,1
C06293,2024,11,November,1,0,1,0
C06293,2025,1,January,2,1,0,0
C06293,2025,2,February,3,1,0,0
C06293,2025,4,April,4,2,0,1
C06293,2025,5,May,5,3,0,1
C06293,2025,12,December,6,4,0,1
C06294,2025,7,July,1,1,1,0
C06294,2025,8,August,2,1,0,0
C06294,2025,9,September,3,2,0,1
C06294,2025,10,October,4,3,0,1
C06295,2024,10,October,1,1,1,0
C06295,2025,1,January,2,2,0,1
C06296,2024,9,September,1,1,1,0
C06296,2025,7,July,2,1,0,0
C06296,2025,9,September,3,2,0,1
C06296,2025,11,November,4,3,0,1
C06297,2025,2,February,1,1,1,0
C06297,2025,8,August,2,2,0,1
C06297,2025,10,October,3,3,0,1
C06298,2025,12,December,1,1,1,0
C06299,2025,11,November,1,0,1,0
C06300,2024,11,November,1,1,1,0
C06301,2024,10,October,1,0,1,0
C06302,2024,9,September,1,1,1,0
C06302,2024,12,December,2,2,0,1
C06302,2025,1,January,3,3,0,1
C06302,2025,2,February,4,4,0,1
C06302,2025,5,May,6,5,0,1
C06302,2025,7,July,7,6,0,1
C06302,2025,8,August,9,7,0,1
C06302,2025,11,November,10,8,0,1
C06303,2024,7,July,1,3,0,1
C06303,2024,8,August,4,4,0,1
C06303,2025,10,October,5,4,0,1
C06304,2024,10,October,1,0,1,0
C06304,2024,11,November,2,2,0,1
C06304,2025,5,May,4,3,0,1
C06304,2025,7,July,5,4,0,1
C06304,2025,8,August,6,4,0,1
C06304,2025,11,November,7,5,0,1
C06306,2025,6,June,1,1,1,0
C06307,2025,3,March,1,1,1,0
C06308,2024,8,August,1,1,1,0
C06308,2024,10,October,2,2,0,1
C06308,2024,11,November,3,2,0,1
C06308,2025,6,June,4,2,0,1
C06308,2025,8,August,5,4,0,1
C06308,2025,9,September,7,5,0,1
C06309,2024,7,July,1,0,1,0
C06309,2025,7,July,2,0,0,0
C06310,2024,9,September,1,1,1,0
C06310,2024,10,October,2,2,0,1
C06310,2024,12,December,3,3,0,1
C06310,2025,10,October,4,4,0,1
C06310,2025,11,November,5,5,0,1
C06311,2024,10,October,1,0,1,0
C06311,2024,11,November,2,1,0,0
C06311,2025,4,April,3,2,0,1
C06311,2025,5,May,4,3,0,1
C06311,2025,6,June,5,3,0,1
C06311,2025,10,October,6,4,0,1
C06312,2024,10,October,1,1,1,0
C06312,2024,12,December,2,3,0,1
C06312,2025,2,February,4,3,0,1
C06312,2025,3,March,5,4,0,1
C06312,2025,8,August,6,5,0,1
C06312,2025,10,October,7,6,0,1
C06312,2025,11,November,8,7,0,1
C06312,2025,12,December,9,7,0,1
C06313,2024,12,December,1,0,1,0
C06313,2025,1,January,2,0,0,0
C06313,2025,3,March,3,1,0,0
C06315,2024,8,August,1,1,1,0
C06315,2024,10,October,2,1,0,0
C06315,2025,2,February,3,2,0,1
C06315,2025,4,April,5,3,0,1
C06315,2025,5,May,6,3,0,1
C06315,2025,9,September,7,4,0,1
C06316,2024,8,August,1,1,1,0
C06316,2025,5,May,2,2,0,1
C06317,2024,10,October,1,1,1,0
C06317,2024,11,November,2,2,0,1
C06317,2025,1,January,3,3,0,1
C06317,2025,2,February,4,4,0,1
C06317,2025,11,November,5,5,0,1
C06318,2024,9,September,1,1,1,0
C06318,2024,12,December,2,1,0,0
C06318,2025,3,March,3,2,0,1
C06318,2025,6,June,4,3,0,1
C06318,2025,10,October,5,4,0,1
C06319,2024,12,December,1,0,1,0
C06319,2025,5,May,2,1,0,0
C06319,2025,7,July,3,2,0,1
C06319,2025,10,October,4,3,0,1
C06320,2024,8,August,1,1,1,0
C06320,2025,5,May,2,2,0,1
C06321,2025,7,July,1,1,1,0
C06322,2024,10,October,1,1,1,0
C06322,2025,5,May,3,2,0,1
C06322,2025,12,December,5,3,0,1
C06323,2025,1,January,1,1,1,0
C06323,2025,3,March,2,3,0,1
C06323,2025,4,April,4,4,0,1
C06323,2025,5,May,5,4,0,1
C06323,2025,10,October,6,5,0,1
C06324,2024,11,November,1,1,1,0
C06325,2024,10,October,1,1,1,0
C06325,2024,11,November,2,2,0,1
C06325,2025,1,January,3,3,0,1
C06325,2025,3,March,4,4,0,1
C06325,2025,5,May,5,5,0,1
C06326,2024,9,September,1,1,1,0
C06326,2024,12,December,2,2,0,1
C06326,2025,2,February,4,3,0,1
C06326,2025,3,March,5,4,0,1
C06326,2025,6,June,6,5,0,1
C06326,2025,9,September,7,6,0,1
C06327,2024,9,September,1,1,1,0
C06328,2024,7,July,1,0,1,0
C06328,2025,1,January,2,1,0,0
C06328,2025,11,November,3,1,0,0
C06329,2024,12,December,1,1,1,0
C06329,2025,5,May,2,2,0,1
C06330,2025,11,November,1,1,1,0
C06331,2025,1,January,1,1,1,0
C06331,2025,9,September,2,2,0,1
C06332,2025,5,May,1,1,1,0
C06332,2025,6,June,2,2,0,1
C06332,2025,7,July,3,3,0,1
C06332,2025,11,November,4,4,0,1
C06333,2024,9,September,1,1,1,0
C06333,2025,11,November,2,2,0,1
C06334,2024,11,November,1,1,1,0
C06334,2025,3,March,2,2,0,1
C06334,2025,12,December,3,3,0,1
C06335,2024,11,November,1,0,1,0
C06336,2024,8,August,1,1,1,0
C06336,2024,9,September,2,2,0,1
C06336,2024,10,October,3,4,0,1
C06336,2025,4,April,5,5,0,1
C06337,2024,9,September,1,1,1,0
C06338,2025,4,April,1,1,1,0
C06339,2024,7,July,1,0,1,0
C06339,2024,9,September,2,1,0,0
C06339,2024,11,November,3,2,0,1
C06339,2025,2,February,4,3,0,1
C06339,2025,10,October,5,4,0,1
C06340,2025,8,August,1,0,1,0
C06341,2024,9,September,1,1,1,0
C06341,2025,3,March,2,3,0,1
C06341,2025,7,July,4,4,0,1
C06341,2025,9,September,5,5,0,1
C06342,2024,7,July,1,0,1,0
C06342,2025,3,March,2,1,0,0
C06342,2025,12,December,3,2,0,1
C06343,2024,9,September,1,1,1,0
C06343,2025,4,April,2,2,0,1
C06343,2025,5,May,3,4,0,1
C06343,2025,8,August,5,5,0,1
C06344,2024,9,September,1,0,1,0
C06345,2024,10,October,1,1,1,0
C06345,2025,5,May,2,2,0,1
C06345,2025,10,October,3,3,0,1
C06345,2025,12,December,4,4,0,1
C06346,2024,7,July,1,1,1,0
C06346,2024,9,September,2,2,0,1
C06346,2025,6,June,3,3,0,1
C06347,2024,10,October,1,1,1,0
C06347,2024,11,November,2,2,0,1
C06347,2025,4,April,3,3,0,1
C06348,2025,1,January,1,1,1,0
C06349,2024,10,October,1,1,1,0
C06349,2025,1,January,2,2,0,1
C06349,2025,12,December,3,3,0,1
C06350,2024,9,September,1,1,1,0
C06350,2025,4,April,2,2,0,1
C06351,2024,8,August,1,1,1,0
C06351,2025,3,March,2,2,0,1
C06351,2025,9,September,3,3,0,1
C06351,2025,11,November,4,4,0,1
C06352,2024,9,September,1,0,1,0
C06352,2024,10,October,2,1,0,0
C06352,2024,11,November,3,2,0,1
C06352,2025,1,January,4,4,0,1
C06352,2025,3,March,6,5,0,1
C06352,2025,7,July,7,5,0,1
C06352,2025,8,August,8,6,0,1
C06352,2025,9,September,9,8,0,1
C06352,2025,11,November,11,8,0,1
C06353,2024,8,August,1,1,1,0
C06353,2024,12,December,2,1,0,0
C06353,2025,9,September,3,1,0,0
C06353,2025,10,October,4,2,0,1
C06354,2024,8,August,1,1,1,0
C06354,2025,7,July,2,2,0,1
C06354,2025,9,September,3,3,0,1
C06354,2025,10,October,4,4,0,1
C06355,2024,9,September,1,1,1,0
C06355,2025,3,March,2,2,0,1
C06356,2024,9,September,1,0,1,0
C06356,2024,11,November,2,1,0,0
C06356,2024,12,December,3,2,0,1
C06356,2025,1,January,4,2,0,1
C06356,2025,4,April,5,3,0,1
C06356,2025,7,July,6,4,0,1
C06356,2025,9,September,7,5,0,1
C06356,2025,12,December,8,6,0,1
C06357,2025,8,August,1,1,1,0
C06358,2024,11,November,1,1,1,0
C06358,2025,10,October,2,2,0,1
C06359,2024,7,July,1,1,1,0
C06359,2024,10,October,2,2,0,1
C06359,2025,11,November,3,3,0,1
C06360,2024,7,July,1,1,1,0
C06360,2025,9,September,2,2,0,1
C06361,2024,7,July,1,1,1,0
C06361,2024,10,October,2,2,0,1
C06361,2025,5,May,3,3,0,1
C06361,2025,8,August,4,4,0,1
C06361,2025,9,September,5,5,0,1
C06361,2025,12,December,6,6,0,1
C06362,2025,1,January,1,1,1,0
C06362,2025,3,March,2,2,0,1
C06362,2025,6,June,3,3,0,1
C06362,2025,11,November,4,6,0,1
C06363,2024,11,November,1,2,0,1
C06363,2025,4,April,3,3,0,1
C06363,2025,9,September,4,4,0,1
C06363,2025,10,October,5,5,0,1
C06363,2025,11,November,6,6,0,1
C06364,2024,9,September,1,2,0,1
C06364,2024,10,October,4,2,0,1
C06364,2025,2,February,5,5,0,1
C06364,2025,5,May,8,6,0,1
C06364,2025,11,November,9,7,0,1
C06365,2024,10,October,1,1,1,0
C06365,2025,5,May,2,1,0,0
C06366,2024,7,July,1,2,0,1
C06366,2024,12,December,3,4,0,1
C06366,2025,2,February,5,5,0,1
C06366,2025,6,June,6,6,0,1
C06367,2024,7,July,1,3,0,1
C06367,2024,12,December,4,4,0,1
C06367,2025,9,September,5,5,0,1
C06367,2025,10,October,6,6,0,1
C06367,2025,11,November,7,6,0,1
C06368,2024,11,November,1,1,1,0
C06368,2025,7,July,2,2,0,1
C06368,2025,11,November,3,2,0,1
C06369,2024,9,September,1,0,1,0
C06369,2024,12,December,2,1,0,0
C06369,2025,10,October,3,2,0,1
C06370,2024,9,September,1,1,1,0
C06371,2025,3,March,1,0,1,0
C06372,2024,8,August,1,0,1,0
C06372,2024,10,October,2,0,0,0
C06372,2024,11,November,3,1,0,0
C06372,2024,12,December,4,3,0,1
C06372,2025,1,January,6,4,0,1
C06372,2025,7,July,7,5,0,1
C06372,2025,8,August,8,6,0,1
C06372,2025,10,October,9,8,0,1
C06373,2025,3,March,1,1,1,0
C06373,2025,4,April,2,2,0,1
C06374,2024,12,December,1,1,1,0
C06374,2025,3,March,2,2,0,1
C06375,2024,7,July,1,1,1,0
C06375,2025,7,July,2,1,0,0
C06375,2025,9,September,3,2,0,1
C06376,2025,3,March,1,1,1,0
C06376,2025,7,July,2,3,0,1
C06376,2025,8,August,4,5,0,1
C06376,2025,10,October,6,6,0,1
C06377,2024,12,December,1,1,1,0
C06377,2025,2,February,2,1,0,0
C06377,2025,3,March,3,1,0,0
C06377,2025,11,November,4,3,0,1
C06378,2025,6,June,1,1,1,0
C06378,2025,7,July,2,3,0,1
C06378,2025,10,October,4,4,0,1
C06379,2024,11,November,1,1,1,0
C06380,2024,11,November,1,1,1,0
C06380,2025,5,May,2,2,0,1
C06381,2024,7,July,1,1,1,0
C06381,2024,9,September,2,2,0,1
C06381,2025,2,February,3,3,0,1
C06381,2025,5,May,4,5,0,1
C06381,2025,6,June,6,6,0,1
C06381,2025,8,August,7,6,0,1
C06381,2025,12,December,8,7,0,1
C06382,2024,11,November,1,1,1,0
C06382,2024,12,December,2,2,0,1
C06382,2025,6,June,3,3,0,1
C06382,2025,7,July,4,4,0,1
C06382,2025,9,September,5,5,0,1
C06382,2025,10,October,6,7,0,1
C06384,2024,9,September,1,1,1,0
C06384,2024,10,October,2,2,0,1
C06385,2024,11,November,1,1,1,0
C06385,2024,12,December,2,2,0,1
C06385,2025,1,January,3,3,0,1
C06386,2024,8,August,1,1,1,0
C06386,2024,11,November,2,2,0,1
C06386,2025,2,February,3,3,0,1
C06386,2025,6,June,4,5,0,1
C06386,2025,7,July,6,6,0,1
C06386,2025,8,August,7,7,0,1
C06386,2025,10,October,8,8,0,1
C06387,2024,9,September,1,1,1,0
C06387,2025,1,January,3,2,0,1
C06387,2025,3,March,4,3,0,1
C06387,2025,5,May,5,4,0,1
C06387,2025,6,June,6,5,0,1
C06387,2025,7,July,7,6,0,1
C06387,2025,8,August,8,8,0,1
C06388,2024,12,December,1,1,1,0
C06388,2025,2,February,2,2,0,1
C06388,2025,9,September,3,4,0,1
C06388,2025,10,October,6,5,0,1
C06389,2024,7,July,1,1,1,0
C06389,2024,10,October,2,2,0,1
C06389,2024,11,November,3,3,0,1
C06389,2025,1,January,4,4,0,1
C06389,2025,10,October,6,4,0,1
C06390,2024,8,August,1,1,1,0
C06390,2024,9,September,2,2,0,1
C06390,2024,10,October,3,3,0,1
C06390,2024,12,December,4,4,0,1
C06390,2025,8,August,5,5,0,1
C06391,2024,10,October,1,1,1,0
C06391,2025,4,April,2,2,0,1
C06391,2025,5,May,3,3,0,1
C06392,2024,9,September,1,1,1,0
C06392,2024,10,October,2,2,0,1
C06392,2025,5,May,3,2,0,1
C06392,2025,6,June,4,2,0,1
C06392,2025,7,July,5,3,0,1
C06393,2024,9,September,1,0,1,0
C06393,2024,10,October,2,2,0,1
C06393,2024,12,December,4,4,0,1
C06393,2025,12,December,6,5,0,1
C06394,2024,12,December,1,1,1,0
C06394,2025,1,January,2,3,0,1
C06394,2025,3,March,4,4,0,1
C06394,2025,11,November,5,5,0,1
C06395,2024,7,July,1,1,1,0
C06395,2024,11,November,2,2,0,1
C06395,2024,12,December,3,3,0,1
C06395,2025,9,September,4,5,0,1
C06396,2024,10,October,1,1,1,0
C06396,2024,11,November,2,3,0,1
C06396,2025,2,February,4,3,0,1
C06396,2025,3,March,5,4,0,1
C06396,2025,6,June,6,5,0,1
C06396,2025,7,July,7,6,0,1
C06396,2025,10,October,8,7,0,1
C06396,2025,12,December,9,7,0,1
C06397,2025,5,May,1,1,1,0
C06397,2025,9,September,2,2,0,1
C06398,2025,6,June,1,1,1,0
C06398,2025,8,August,2,2,0,1
C06399,2024,8,August,1,1,1,0
C06399,2025,12,December,2,2,0,1
C06400,2024,8,August,1,0,1,0
C06400,2024,9,September,2,1,0,0
C06400,2024,12,December,3,1,0,0
C06400,2025,7,July,4,1,0,0
C06400,2025,8,August,5,2,0,1
C06401,2025,2,February,1,0,1,0
C06401,2025,3,March,2,1,0,0
C06401,2025,4,April,3,1,0,0
C06401,2025,7,July,4,2,0,1
C06401,2025,12,December,5,3,0,1
C06402,2024,9,September,1,1,1,0
C06402,2025,2,February,2,2,0,1
C06402,2025,3,March,3,3,0,1
C06402,2025,7,July,4,3,0,1
C06403,2024,10,October,1,2,0,1
C06403,2024,12,December,3,3,0,1
C06403,2025,2,February,4,5,0,1
C06403,2025,4,April,6,6,0,1
C06403,2025,9,September,7,7,0,1
C06403,2025,12,December,8,9,0,1
C06404,2024,9,September,1,1,1,0
C06405,2024,7,July,1,1,1,0
C06405,2024,9,September,2,2,0,1
C06405,2024,12,December,3,2,0,1
C06405,2025,2,February,4,3,0,1
C06405,2025,3,March,5,4,0,1
C06405,2025,6,June,6,5,0,1
C06405,2025,7,July,7,5,0,1
C06405,2025,9,September,8,6,0,1
C06405,2025,11,November,9,7,0,1
C06406,2024,11,November,1,2,0,1
C06406,2025,6,June,3,3,0,1
C06406,2025,9,September,4,4,0,1
C06406,2025,11,November,5,5,0,1
C06408,2024,7,July,1,1,1,0
C06408,2024,9,September,2,2,0,1
C06408,2024,10,October,3,3,0,1
C06408,2025,4,April,4,4,0,1
C06408,2025,5,May,5,4,0,1
C06408,2025,6,June,6,5,0,1
C06409,2024,8,August,1,1,1,0
C06409,2024,9,September,3,2,0,1
C06409,2024,10,October,4,3,0,1
C06409,2025,1,January,6,5,0,1
C06409,2025,3,March,8,6,0,1
C06409,2025,5,May,9,7,0,1
C06409,2025,6,June,10,7,0,1
C06409,2025,8,August,11,9,0,1
C06409,2025,10,October,13,10,0,1
C06409,2025,11,November,15,11,0,1
C06410,2025,1,January,1,1,1,0
C06410,2025,3,March,2,2,0,1
C06410,2025,4,April,3,3,0,1
C06410,2025,8,August,4,4,0,1
C06411,2024,11,November,1,1,1,0
C06411,2024,12,December,2,2,0,1
C06411,2025,2,February,3,3,0,1
C06411,2025,9,September,4,6,0,1
C06412,2024,8,August,1,1,1,0
C06412,2025,7,July,2,2,0,1
C06414,2025,6,June,1,1,1,0
C06414,2025,7,July,2,2,0,1
C06414,2025,8,August,3,4,0,1
C06415,2024,9,September,1,1,1,0
C06415,2024,10,October,2,1,0,0
C06415,2024,12,December,3,2,0,1
C06415,2025,6,June,4,2,0,1
C06415,2025,7,July,5,3,0,1
C06415,2025,10,October,6,4,0,1
C06415,2025,11,November,7,5,0,1
C06416,2024,7,July,1,1,1,0
C06416,2024,8,August,2,3,0,1
C06416,2025,2,February,4,5,0,1
C06416,2025,4,April,6,6,0,1
C06416,2025,12,December,7,7,0,1
C06417,2024,9,September,1,1,1,0
C06417,2025,6,June,2,2,0,1
C06417,2025,8,August,3,3,0,1
C06417,2025,10,October,4,4,0,1
C06417,2025,12,December,5,5,0,1
C06418,2024,8,August,1,2,0,1
C06418,2024,11,November,3,3,0,1
C06418,2025,8,August,4,4,0,1
C06418,2025,10,October,5,5,0,1
C06418,2025,11,November,6,6,0,1
C06418,2025,12,December,7,6,0,1
C06419,2024,7,July,1,1,1,0
C06419,2024,8,August,2,2,0,1
C06419,2024,9,September,4,3,0,1
C06419,2024,11,November,5,4,0,1
C06420,2024,10,October,1,1,1,0
C06420,2025,2,February,2,2,0,1
C06420,2025,4,April,3,3,0,1
C06420,2025,7,July,4,4,0,1
C06421,2025,6,June,1,1,1,0
C06422,2024,12,December,1,0,1,0
C06422,2025,4,April,2,1,0,0
C06422,2025,8,August,3,2,0,1
C06423,2025,6,June,1,1,1,0
C06423,2025,8,August,2,2,0,1
C06424,2024,8,August,1,0,1,0
C06424,2025,1,January,2,2,0,1
C06424,2025,3,March,4,2,0,1
C06424,2025,4,April,5,3,0,1
C06424,2025,7,July,6,4,0,1
C06425,2024,8,August,1,1,1,0
C06425,2024,9,September,2,2,0,1
C06425,2024,11,November,3,3,0,1
C06425,2024,12,December,4,5,0,1
C06425,2025,11,November,6,5,0,1
C06425,2025,12,December,7,6,0,1
C06426,2025,1,January,1,2,0,1
C06427,2024,7,July,1,1,1,0
C06427,2024,8,August,2,2,0,1
C06427,2024,9,September,3,3,0,1
C06427,2024,10,October,4,4,0,1
C06427,2024,11,November,5,5,0,1
C06427,2025,1,January,6,6,0,1
C06427,2025,2,February,7,6,0,1
C06427,2025,4,April,8,7,0,1
C06427,2025,8,August,10,8,0,1
C06427,2025,9,September,11,9,0,1
C06427,2025,11,November,12,10,0,1
C06428,2025,1,January,1,1,1,0
C06428,2025,4,April,2,2,0,1
C06428,2025,11,November,3,3,0,1
C06429,2025,1,January,1,2,0,1
C06429,2025,2,February,3,3,0,1
C06429,2025,3,March,4,6,0,1
C06429,2025,9,September,7,7,0,1
C06429,2025,12,December,8,9,0,1
C06430,2024,7,July,1,0,1,0
C06430,2024,11,November,2,1,0,0
C06430,2025,1,January,3,2,0,1
C06430,2025,11,November,4,3,0,1
C06431,2025,6,June,1,1,1,0
C06432,2024,10,October,1,1,1,0
C06432,2024,12,December,2,2,0,1
C06432,2025,6,June,3,3,0,1
C06432,2025,9,September,4,4,0,1
C06433,2024,9,September,1,1,1,0
C06433,2025,6,June,2,2,0,1
C06434,2024,7,July,1,1,1,0
C06434,2024,8,August,2,1,0,0
C06434,2025,1,January,3,2,0,1
C06434,2025,6,June,4,3,0,1
C06435,2025,1,January,1,1,1,0
C06435,2025,9,September,2,2,0,1
C06435,2025,12,December,3,3,0,1
C06436,2024,9,September,1,1,1,0
C06436,2025,6,June,2,1,0,0
C06436,2025,7,July,3,2,0,1
C06436,2025,12,December,4,2,0,1
C06437,2024,8,August,1,0,1,0
C06437,2024,10,October,2,1,0,0
C06437,2025,3,March,3,1,0,0
C06437,2025,6,June,4,2,0,1
C06438,2024,10,October,1,1,1,0
C06438,2025,6,June,2,2,0,1
C06439,2024,9,September,1,1,1,0
C06439,2024,10,October,2,2,0,1
C06439,2025,4,April,3,3,0,1
C06439,2025,11,November,5,3,0,1
C06440,2025,8,August,1,1,1,0
C06441,2024,8,August,1,1,1,0
C06441,2024,10,October,2,1,0,0
C06441,2025,2,February,3,2,0,1
C06442,2025,6,June,1,2,0,1
C06442,2025,10,October,3,3,0,1
C06442,2025,11,November,4,4,0,1
C06443,2024,10,October,1,1,1,0
C06443,2025,5,May,2,2,0,1
C06443,2025,7,July,3,4,0,1
C06443,2025,11,November,5,5,0,1
C06445,2024,8,August,1,0,1,0
C06445,2025,8,August,2,1,0,0
C06446,2024,10,October,1,2,0,1
C06446,2024,12,December,3,2,0,1
C06446,2025,6,June,4,3,0,1
C06446,2025,11,November,5,4,0,1
C06447,2024,11,November,1,2,0,1
C06447,2025,1,January,3,4,0,1
C06448,2024,7,July,1,0,1,0
C06448,2024,9,September,2,1,0,0
C06448,2024,11,November,3,2,0,1
C06448,2024,12,December,4,4,0,1
C06448,2025,2,February,6,5,0,1
C06448,2025,9,September,7,6,0,1
C06448,2025,10,October,8,7,0,1
C06448,2025,11,November,9,8,0,1
C06450,2024,7,July,1,1,1,0
C06450,2025,9,September,2,2,0,1
C06451,2024,10,October,1,1,1,0
C06451,2024,12,December,2,4,0,1
C06451,2025,2,February,5,5,0,1
C06451,2025,10,October,6,6,0,1
C06452,2024,9,September,1,1,1,0
C06452,2025,2,February,2,2,0,1
C06452,2025,4,April,3,3,0,1
C06452,2025,11,November,4,3,0,1
C06452,2025,12,December,5,4,0,1
C06453,2024,9,September,1,0,1,0
C06453,2024,10,October,2,0,0,0
C06453,2025,3,March,3,1,0,0
C06454,2025,4,April,1,1,1,0
C06454,2025,6,June,2,2,0,1
C06454,2025,9,September,3,3,0,1
C06455,2025,5,May,1,0,1,0
C06455,2025,10,October,2,1,0,0
C06456,2024,7,July,1,1,1,0
C06456,2024,12,December,2,2,0,1
C06456,2025,5,May,3,3,0,1
C06457,2025,1,January,1,1,1,0
C06457,2025,2,February,2,1,0,0
C06457,2025,4,April,3,2,0,1
C06457,2025,11,November,4,4,0,1
C06458,2024,9,September,1,2,0,1
C06458,2024,11,November,3,4,0,1
C06458,2025,9,September,5,5,0,1
C06458,2025,10,October,6,6,0,1
C06459,2024,10,October,1,1,1,0
C06460,2025,10,October,1,1,1,0
C06461,2024,9,September,1,0,1,0
C06461,2024,12,December,2,1,0,0
C06461,2025,3,March,3,2,0,1
C06461,2025,4,April,4,3,0,1
C06462,2024,10,October,1,1,1,0
C06462,2025,9,September,2,2,0,1
C06463,2024,9,September,1,2,0,1
C06463,2024,11,November,3,3,0,1
C06463,2025,2,February,4,4,0,1
C06463,2025,4,April,5,5,0,1
C06463,2025,6,June,6,6,0,1
C06463,2025,7,July,7,7,0,1
C06464,2025,9,September,1,0,1,0
C06464,2025,11,November,2,1,0,0
C06465,2024,9,September,1,1,1,0
C06465,2024,10,October,2,2,0,1
C06465,2024,11,November,3,3,0,1
C06465,2024,12,December,4,4,0,1
C06465,2025,1,January,5,5,0,1
C06465,2025,7,July,6,6,0,1
C06465,2025,9,September,7,7,0,1
C06465,2025,11,November,8,9,0,1
C06466,2024,10,October,1,1,1,0
C06466,2024,12,December,2,2,0,1
C06466,2025,11,November,3,2,0,1
C06467,2024,8,August,1,1,1,0
C06467,2024,12,December,2,2,0,1
C06467,2025,2,February,3,3,0,1
C06467,2025,5,May,4,4,0,1
C06467,2025,8,August,5,5,0,1
C06467,2025,9,September,6,6,0,1
C06468,2024,7,July,1,1,1,0
C06468,2024,10,October,2,1,0,0
C06468,2025,4,April,3,2,0,1
C06468,2025,9,September,4,3,0,1
C06468,2025,12,December,5,5,0,1
C06469,2024,7,July,1,2,0,1
C06469,2024,8,August,3,3,0,1
C06469,2025,12,December,4,4,0,1
C06470,2025,9,September,1,1,1,0
C06470,2025,10,October,2,2,0,1
C06470,2025,12,December,3,3,0,1
C06471,2024,11,November,1,1,1,0
C06472,2024,9,September,1,1,1,0
C06472,2025,1,January,2,1,0,0
C06472,2025,2,February,3,1,0,0
C06472,2025,3,March,4,2,0,1
C06472,2025,4,April,5,3,0,1
C06472,2025,12,December,6,4,0,1
C06473,2024,10,October,1,1,1,0
C06473,2024,12,December,2,2,0,1
C06473,2025,1,January,3,3,0,1
C06473,2025,8,August,4,5,0,1
C06474,2024,8,August,1,1,1,0
C06474,2024,9,September,3,2,0,1
C06474,2024,10,October,4,3,0,1
C06474,2025,4,April,5,3,0,1
C06474,2025,5,May,6,4,0,1
C06474,2025,8,August,7,5,0,1
C06474,2025,10,October,8,6,0,1
C06474,2025,12,December,10,7,0,1
C06475,2024,7,July,1,1,1,0
C06475,2025,1,January,2,1,0,0
C06475,2025,2,February,3,2,0,1
C06476,2025,4,April,1,2,0,1
C06477,2024,7,July,1,1,1,0
C06477,2024,11,November,2,2,0,1
C06477,2025,2,February,3,3,0,1
C06478,2024,9,September,1,0,1,0
C06478,2024,11,November,2,1,0,0
C06478,2025,2,February,3,1,0,0
C06478,2025,9,September,4,2,0,1
C06479,2024,11,November,1,1,1,0
C06479,2025,2,February,2,2,0,1
C06479,2025,4,April,3,3,0,1
C06479,2025,10,October,4,4,0,1
C06480,2024,8,August,1,1,1,0
C06480,2024,9,September,2,1,0,0
C06480,2024,11,November,3,2,0,1
C06480,2024,12,December,4,3,0,1
C06480,2025,3,March,5,4,0,1
C06480,2025,4,April,6,4,0,1
C06480,2025,7,July,7,5,0,1
C06480,2025,10,October,8,6,0,1
C06480,2025,12,December,9,7,0,1
C06481,2024,9,September,1,1,1,0
C06481,2024,10,October,2,2,0,1
C06481,2025,2,February,3,4,0,1
C06482,2024,8,August,1,1,1,0
C06482,2025,1,January,2,1,0,0
C06482,2025,9,September,3,2,0,1
C06482,2025,11,November,4,3,0,1
C06483,2024,8,August,1,1,1,0
C06483,2024,11,November,2,1,0,0
C06483,2025,2,February,3,1,0,0
C06484,2024,10,October,1,1,1,0
C06484,2025,1,January,2,1,0,0
C06484,2025,4,April,3,2,0,1
C06484,2025,5,May,4,3,0,1
C06484,2025,7,July,5,3,0,1
C06484,2025,9,September,6,4,0,1
C06485,2025,6,June,1,1,1,0
C06486,2024,12,December,1,0,1,0
C06486,2025,8,August,2,1,0,0
C06487,2024,7,July,1,1,1,0
C06487,2024,9,September,2,2,0,1
C06487,2024,10,October,3,3,0,1
C06487,2024,12,December,4,3,0,1
C06487,2025,9,September,5,3,0,1
C06487,2025,12,December,6,4,0,1
C06488,2024,10,October,1,1,1,0
C06488,2024,12,December,2,2,0,1
C06488,2025,7,July,3,3,0,1
C06488,2025,9,September,4,4,0,1
C06489,2024,9,September,1,1,1,0
C06489,2024,10,October,2,2,0,1
C06489,2025,3,March,4,5,0,1
C06489,2025,12,December,7,6,0,1
C06490,2025,11,November,1,1,1,0
C06491,2024,7,July,1,1,1,0
C06491,2024,12,December,2,2,0,1
C06491,2025,7,July,3,3,0,1
C06492,2024,9,September,1,1,1,0
C06492,2024,12,December,2,2,0,1
C06492,2025,1,January,3,3,0,1
C06492,2025,3,March,4,4,0,1
C06492,2025,6,June,5,5,0,1
C06492,2025,9,September,6,5,0,1
C06493,2024,8,August,1,1,1,0
C06494,2024,7,July,1,1,1,0
C06494,2024,12,December,2,2,0,1
C06494,2025,2,February,3,3,0,1
C06494,2025,5,May,4,4,0,1
C06494,2025,8,August,5,5,0,1
C06496,2024,7,July,1,1,1,0
C06496,2024,8,August,2,2,0,1
C06496,2024,10,October,3,3,0,1
C06496,2024,12,December,4,4,0,1
C06496,2025,1,January,5,5,0,1
C06496,2025,3,March,6,6,0,1
C06496,2025,6,June,7,7,0,1
C06496,2025,10,October,8,8,0,1
C06497,2024,8,August,1,1,1,0
C06497,2025,4,April,2,1,0,0
C06497,2025,11,November,3,2,0,1
C06498,2024,7,July,1,1,1,0
C06498,2025,1,January,2,2,0,1
C06498,2025,3,March,3,3,0,1
C06498,2025,5,May,4,5,0,1
C06498,2025,11,November,6,6,0,1
C06499,2024,8,August,1,1,1,0
C06499,2024,10,October,2,2,0,1
C06499,2025,4,April,3,2,0,1
C06500,2024,7,July,1,0,1,0
C06500,2025,6,June,2,1,0,0
C06501,2024,12,December,1,1,1,0
C06501,2025,2,February,2,1,0,0
C06501,2025,5,May,3,1,0,0
C06501,2025,8,August,4,2,0,1
C06502,2024,11,November,1,2,0,1
C06502,2025,1,January,3,3,0,1
C06502,2025,2,February,4,4,0,1
C06502,2025,4,April,6,6,0,1
C06502,2025,5,May,8,7,0,1
C06502,2025,6,June,9,8,0,1
C06502,2025,7,July,10,9,0,1
C06503,2024,7,July,1,1,1,0
C06505,2024,7,July,1,2,0,1
C06505,2024,8,August,3,3,0,1
C06505,2024,10,October,4,4,0,1
C06505,2024,12,December,5,5,0,1
C06505,2025,2,February,6,7,0,1
C06505,2025,4,April,8,9,0,1
C06505,2025,5,May,10,10,0,1
C06505,2025,7,July,12,10,0,1
C06505,2025,11,November,13,11,0,1
C06506,2025,3,March,1,1,1,0
C06506,2025,6,June,2,2,0,1
C06506,2025,8,August,3,3,0,1
C06506,2025,11,November,4,4,0,1
C06506,2025,12,December,5,4,0,1
C06507,2025,1,January,1,1,1,0
C06507,2025,3,March,2,2,0,1
C06507,2025,10,October,3,3,0,1
C06508,2024,10,October,1,1,1,0
C06508,2025,4,April,2,2,0,1
C06508,2025,5,May,3,2,0,1
C06509,2024,7,July,1,1,1,0
C06509,2024,10,October,2,2,0,1
C06509,2024,12,December,3,3,0,1
C06509,2025,7,July,4,4,0,1
C06509,2025,9,September,5,6,0,1
C06509,2025,11,November,7,7,0,1
C06510,2025,1,January,1,1,1,0
C06510,2025,11,November,2,3,0,1
C06511,2024,8,August,1,1,1,0
C06511,2024,10,October,2,2,0,1
C06511,2025,1,January,3,3,0,1
C06511,2025,7,July,4,4,0,1
C06511,2025,10,October,5,5,0,1
C06512,2024,9,September,1,1,1,0
C06512,2025,4,April,2,2,0,1
C06512,2025,5,May,3,2,0,1
C06512,2025,7,July,4,3,0,1
C06512,2025,10,October,5,4,0,1
C06513,2024,9,September,1,1,1,0
C06513,2024,11,November,2,1,0,0
C06513,2025,7,July,3,2,0,1
C06514,2024,8,August,1,1,1,0
C06514,2024,11,November,2,2,0,1
C06514,2025,1,January,3,3,0,1
C06514,2025,3,March,4,4,0,1
C06514,2025,4,April,5,4,0,1
C06514,2025,9,September,6,5,0,1
C06515,2024,12,December,1,1,1,0
C06515,2025,1,January,2,2,0,1
C06515,2025,2,February,3,3,0,1
C06515,2025,11,November,4,4,0,1
C06516,2024,9,September,1,1,1,0
C06517,2024,7,July,1,1,1,0
C06517,2024,11,November,2,2,0,1
C06517,2024,12,December,3,3,0,1
C06517,2025,1,January,4,4,0,1
C06517,2025,4,April,5,5,0,1
C06517,2025,5,May,6,6,0,1
C06517,2025,10,October,7,8,0,1
C06517,2025,12,December,9,9,0,1
C06518,2024,12,December,1,1,1,0
C06518,2025,4,April,2,2,0,1
C06518,2025,8,August,3,3,0,1
C06519,2024,7,July,1,1,1,0
C06519,2025,2,February,2,1,0,0
C06520,2024,8,August,1,1,1,0
C06520,2024,10,October,2,2,0,1
C06521,2024,8,August,1,1,1,0
C06521,2025,5,May,2,2,0,1
C06521,2025,8,August,3,3,0,1
C06521,2025,12,December,4,4,0,1
C06522,2024,10,October,1,1,1,0
C06522,2025,11,November,2,1,0,0
C06523,2024,12,December,1,2,0,1
C06524,2024,8,August,1,1,1,0
C06524,2024,11,November,2,2,0,1
C06524,2025,3,March,3,3,0,1
C06524,2025,6,June,4,4,0,1
C06524,2025,7,July,5,5,0,1
C06524,2025,9,September,6,6,0,1
C06525,2025,1,January,1,1,1,0
C06525,2025,8,August,2,1,0,0
C06526,2024,7,July,1,2,0,1
C06526,2024,10,October,3,3,0,1
C06526,2024,12,December,4,4,0,1
C06526,2025,3,March,5,5,0,1
C06526,2025,4,April,6,5,0,1
C06526,2025,9,September,7,7,0,1
C06526,2025,10,October,10,9,0,1
C06526,2025,12,December,12,11,0,1
C06527,2024,8,August,1,1,1,0
C06527,2024,9,September,2,2,0,1
C06527,2025,9,September,3,3,0,1
C06527,2025,10,October,4,4,0,1
C06527,2025,11,November,5,6,0,1
C06528,2025,4,April,1,1,1,0
C06529,2025,9,September,1,0,1,0
C06529,2025,11,November,2,1,0,0
C06530,2024,11,November,1,1,1,0
C06530,2025,5,May,2,2,0,1
C06530,2025,6,June,3,3,0,1
C06530,2025,10,October,4,4,0,1
C06531,2024,8,August,1,0,1,0
C06531,2025,2,February,2,0,0,0
C06531,2025,7,July,3,2,0,1
C06531,2025,8,August,5,3,0,1
C06531,2025,9,September,6,4,0,1
C06531,2025,10,October,7,5,0,1
C06532,2024,11,November,1,1,1,0
C06532,2025,4,April,2,2,0,1
C06532,2025,12,December,4,3,0,1
C06533,2024,11,November,1,0,1,0
C06533,2025,9,September,2,1,0,0
C06534,2025,6,June,1,1,1,0
C06534,2025,8,August,2,2,0,1
C06534,2025,10,October,3,3,0,1
C06535,2024,11,November,1,0,1,0
C06535,2025,2,February,2,1,0,0
C06535,2025,6,June,4,1,0,0
C06535,2025,12,December,5,2,0,1
C06536,2025,3,March,1,0,1,0
C06536,2025,9,September,2,1,0,0
C06536,2025,10,October,3,2,0,1
C06537,2024,12,December,1,2,0,1
C06537,2025,6,June,3,3,0,1
C06538,2024,11,November,1,1,1,0
C06538,2025,1,January,2,2,0,1
C06538,2025,4,April,4,3,0,1
C06538,2025,9,September,5,4,0,1
C06538,2025,12,December,6,5,0,1
C06539,2025,5,May,1,1,1,0
C06539,2025,12,December,2,2,0,1
C06540,2024,9,September,1,1,1,0
C06541,2024,12,December,1,1,1,0
C06541,2025,4,April,2,2,0,1
C06541,2025,11,November,3,4,0,1
C06542,2024,10,October,1,1,1,0
C06542,2025,5,May,2,2,0,1
C06542,2025,12,December,3,3,0,1
C06543,2024,8,August,1,1,1,0
C06543,2024,10,October,2,2,0,1
C06543,2025,1,January,3,3,0,1
C06543,2025,3,March,4,4,0,1
C06544,2024,10,October,1,1,1,0
C06544,2024,11,November,2,2,0,1
C06544,2024,12,December,3,3,0,1
C06544,2025,1,January,4,4,0,1
C06544,2025,7,July,5,6,0,1
C06545,2024,8,August,1,1,1,0
C06545,2025,6,June,2,2,0,1
C06545,2025,10,October,3,3,0,1
C06546,2024,12,December,1,1,1,0
C06546,2025,1,January,2,2,0,1
C06546,2025,2,February,3,3,0,1
C06547,2025,12,December,1,1,1,0
C06548,2024,7,July,1,1,1,0
C06548,2025,6,June,2,1,0,0
C06548,2025,7,July,3,4,0,1
C06548,2025,8,August,6,5,0,1
C06548,2025,9,September,8,6,0,1
C06548,2025,11,November,9,7,0,1
C06548,2025,12,December,10,7,0,1
C06549,2024,9,September,1,1,1,0
C06549,2024,10,October,2,2,0,1
C06549,2025,1,January,3,3,0,1
C06549,2025,4,April,5,4,0,1
C06549,2025,5,May,6,4,0,1
C06549,2025,6,June,7,5,0,1
C06549,2025,7,July,8,6,0,1
C06549,2025,8,August,9,7,0,1
C06550,2024,8,August,1,0,1,0
C06550,2025,3,March,2,1,0,0
C06550,2025,4,April,3,2,0,1
C06551,2024,8,August,1,3,0,1
C06551,2024,9,September,4,4,0,1
C06551,2024,10,October,5,5,0,1
C06551,2025,1,January,6,6,0,1
C06551,2025,7,July,7,8,0,1
C06551,2025,8,August,9,9,0,1
C06551,2025,10,October,10,10,0,1
C06551,2025,11,November,12,12,0,1
C06552,2024,11,November,1,0,1,0
C06552,2024,12,December,2,1,0,0
C06553,2024,7,July,1,1,1,0
C06553,2025,1,January,2,2,0,1
C06554,2024,10,October,1,1,1,0
C06556,2024,7,July,1,0,1,0
C06556,2024,9,September,2,1,0,0
C06556,2024,11,November,3,2,0,1
C06556,2025,2,February,4,2,0,1
C06556,2025,8,August,5,2,0,1
C06557,2024,10,October,1,1,1,0
C06557,2025,1,January,2,2,0,1
C06557,2025,2,February,3,3,0,1
C06557,2025,10,October,4,4,0,1
C06557,2025,12,December,5,5,0,1
C06558,2025,8,August,1,0,1,0
C06558,2025,11,November,2,1,0,0
C06559,2024,7,July,1,1,1,0
C06559,2024,11,November,2,1,0,0
C06559,2025,2,February,3,2,0,1
C06559,2025,10,October,4,3,0,1
C06559,2025,12,December,5,4,0,1
C06560,2024,10,October,1,1,1,0
C06560,2025,1,January,2,2,0,1
C06560,2025,10,October,3,3,0,1
C06560,2025,12,December,4,4,0,1
C06561,2024,7,July,1,1,1,0
C06561,2025,2,February,2,2,0,1
C06561,2025,3,March,3,3,0,1
C06562,2025,6,June,1,0,1,0
C06563,2025,8,August,1,0,1,0
C06563,2025,12,December,2,1,0,0
C06564,2024,10,October,1,2,0,1
C06564,2024,11,November,3,3,0,1
C06564,2025,2,February,4,5,0,1
C06564,2025,3,March,6,6,0,1
C06564,2025,6,June,7,7,0,1
C06564,2025,7,July,8,8,0,1
C06564,2025,9,September,9,9,0,1
C06565,2024,9,September,1,1,1,0
C06565,2024,11,November,2,2,0,1
C06565,2025,6,June,3,2,0,1
C06565,2025,9,September,4,3,0,1
C06565,2025,10,October,5,3,0,1
C06566,2024,11,November,1,1,1,0
C06566,2025,11,November,2,2,0,1
C06567,2025,3,March,1,1,1,0
C06567,2025,12,December,2,2,0,1
C06568,2025,7,July,1,1,1,0
C06568,2025,11,November,2,2,0,1
C06568,2025,12,December,3,2,0,1
C06569,2024,7,July,1,3,0,1
C06569,2024,10,October,4,3,0,1
C06569,2024,11,November,5,4,0,1
C06569,2025,3,March,6,5,0,1
C06569,2025,6,June,7,6,0,1
C06569,2025,7,July,8,7,0,1
C06569,2025,8,August,9,8,0,1
C06569,2025,10,October,10,9,0,1
C06570,2024,12,December,1,1,1,0
C06570,2025,2,February,2,2,0,1
C06570,2025,3,March,3,3,0,1
C06570,2025,4,April,4,4,0,1
C06571,2024,8,August,1,1,1,0
C06571,2025,1,January,2,2,0,1
C06571,2025,7,July,3,3,0,1
C06571,2025,10,October,4,4,0,1
C06571,2025,12,December,5,6,0,1
C06572,2024,8,August,1,1,1,0
C06572,2024,10,October,2,1,0,0
C06572,2024,12,December,3,2,0,1
C06572,2025,1,January,4,3,0,1
C06572,2025,5,May,5,3,0,1
C06573,2024,8,August,1,1,1,0
C06573,2025,4,April,2,2,0,1
C06573,2025,12,December,3,3,0,1
C06574,2025,5,May,1,1,1,0
C06574,2025,7,July,2,2,0,1
C06574,2025,8,August,3,3,0,1
C06575,2024,9,September,1,2,0,1
C06575,2024,11,November,3,3,0,1
C06575,2025,1,January,4,4,0,1
C06575,2025,6,June,5,5,0,1
C06575,2025,9,September,6,7,0,1
C06575,2025,12,December,8,8,0,1
C06576,2024,8,August,1,1,1,0
C06576,2024,9,September,2,2,0,1
C06576,2025,1,January,3,4,0,1
C06577,2024,9,September,1,2,0,1
C06577,2025,11,November,3,4,0,1
C06578,2024,9,September,1,1,1,0
C06578,2025,2,February,3,2,0,1
C06578,2025,3,March,4,3,0,1
C06578,2025,8,August,5,4,0,1
C06578,2025,9,September,6,5,0,1
C06579,2024,7,July,1,1,1,0
C06579,2024,8,August,2,2,0,1
C06579,2024,10,October,3,3,0,1
C06579,2024,11,November,4,5,0,1
C06580,2024,7,July,1,1,1,0
C06580,2024,11,November,2,2,0,1
C06580,2024,12,December,3,3,0,1
C06580,2025,5,May,5,4,0,1
C06580,2025,9,September,6,5,0,1
C06580,2025,11,November,7,6,0,1
C06581,2024,10,October,1,1,1,0
C06581,2025,3,March,2,2,0,1
C06581,2025,4,April,3,3,0,1
C06581,2025,11,November,4,5,0,1
C06582,2024,10,October,1,1,1,0
C06582,2024,12,December,2,2,0,1
C06582,2025,2,February,3,3,0,1
C06582,2025,5,May,4,4,0,1
C06582,2025,11,November,5,5,0,1
C06583,2025,11,November,1,1,1,0
C06583,2025,12,December,2,1,0,0
C06584,2025,5,May,1,1,1,0
C06584,2025,8,August,2,2,0,1
C06585,2024,8,August,1,1,1,0
C06585,2024,9,September,2,3,0,1
C06585,2024,12,December,4,4,0,1
C06585,2025,2,February,5,5,0,1
C06585,2025,10,October,6,6,0,1
C06587,2024,11,November,1,1,1,0
C06587,2025,1,January,2,2,0,1
C06588,2024,7,July,1,1,1,0
C06588,2024,8,August,3,2,0,1
C06588,2024,12,December,4,3,0,1
C06588,2025,2,February,5,4,0,1
C06588,2025,6,June,6,4,0,1
C06588,2025,7,July,7,5,0,1
C06588,2025,9,September,8,6,0,1
C06588,2025,10,October,9,6,0,1
C06588,2025,12,December,10,7,0,1
C06589,2024,9,September,1,1,1,0
C06589,2025,9,September,2,2,0,1
C06590,2024,10,October,1,1,1,0
C06590,2024,12,December,2,2,0,1
C06590,2025,1,January,3,3,0,1
C06590,2025,4,April,4,3,0,1
C06590,2025,6,June,5,4,0,1
C06590,2025,10,October,6,5,0,1
C06590,2025,12,December,7,6,0,1
C06591,2024,11,November,1,1,1,0
C06591,2025,2,February,2,2,0,1
C06591,2025,5,May,3,3,0,1
C06591,2025,7,July,4,5,0,1
C06591,2025,8,August,6,6,0,1
C06591,2025,11,November,7,7,0,1
C06592,2024,7,July,1,1,1,0
C06592,2024,8,August,3,2,0,1
C06592,2025,3,March,4,3,0,1
C06592,2025,6,June,5,3,0,1
C06593,2024,10,October,1,1,1,0
C06593,2025,4,April,2,2,0,1
C06593,2025,10,October,3,3,0,1
C06594,2024,8,August,1,1,1,0
C06594,2025,5,May,2,1,0,0
C06595,2024,8,August,1,1,1,0
C06595,2024,9,September,2,1,0,0
C06595,2024,10,October,3,1,0,0
C06595,2024,12,December,4,1,0,0
C06595,2025,3,March,5,2,0,1
C06595,2025,7,July,6,3,0,1
C06595,2025,9,September,7,4,0,1
C06595,2025,10,October,8,5,0,1
C06596,2024,8,August,1,1,1,0
C06596,2024,9,September,2,1,0,0
C06596,2024,10,October,3,1,0,0
C06596,2024,11,November,4,2,0,1
C06596,2025,1,January,6,3,0,1
C06596,2025,2,February,7,4,0,1
C06596,2025,9,September,8,5,0,1
C06597,2024,11,November,1,1,1,0
C06598,2025,4,April,1,1,1,0
C06598,2025,8,August,2,2,0,1
C06598,2025,12,December,3,3,0,1
C06599,2024,7,July,1,1,1,0
C06599,2025,1,January,2,2,0,1
C06599,2025,4,April,3,2,0,1
C06599,2025,12,December,4,3,0,1
C06600,2024,11,November,1,1,1,0
C06600,2025,9,September,2,2,0,1
C06601,2025,3,March,1,1,1,0
C06602,2025,4,April,1,1,1,0
C06602,2025,6,June,2,1,0,0
C06602,2025,8,August,3,1,0,0
C06602,2025,11,November,4,2,0,1
C06602,2025,12,December,5,3,0,1
C06603,2025,2,February,1,1,1,0
C06604,2024,7,July,1,1,1,0
C06604,2025,3,March,2,3,0,1
C06604,2025,6,June,4,4,0,1
C06605,2024,9,September,1,1,1,0
C06605,2024,11,November,2,2,0,1
C06605,2025,6,June,3,3,0,1
C06605,2025,7,July,5,4,0,1
C06605,2025,9,September,6,4,0,1
C06605,2025,12,December,7,5,0,1
C06606,2024,10,October,1,0,1,0
C06606,2024,11,November,2,1,0,0
C06606,2025,1,January,3,4,0,1
C06606,2025,3,March,6,6,0,1
C06606,2025,5,May,8,7,0,1
C06606,2025,10,October,9,8,0,1
C06606,2025,12,December,10,8,0,1
C06608,2025,2,February,1,1,1,0
C06608,2025,4,April,2,2,0,1
C06608,2025,11,November,3,3,0,1
C06609,2024,10,October,1,1,1,0
C06609,2025,9,September,2,2,0,1
C06610,2024,7,July,1,1,1,0
C06610,2024,9,September,2,2,0,1
C06610,2025,12,December,3,3,0,1
C06612,2024,7,July,1,1,1,0
C06613,2025,1,January,1,1,1,0
C06613,2025,10,October,2,2,0,1
C06613,2025,11,November,3,3,0,1
C06613,2025,12,December,4,4,0,1
C06614,2025,6,June,1,0,1,0
C06614,2025,8,August,2,0,0,0
C06614,2025,10,October,3,1,0,0
C06614,2025,11,November,4,2,0,1
C06615,2024,9,September,1,1,1,0
C06615,2024,11,November,2,2,0,1
C06615,2025,1,January,3,3,0,1
C06615,2025,3,March,4,4,0,1
C06615,2025,4,April,5,4,0,1
C06615,2025,5,May,6,5,0,1
C06615,2025,10,October,7,6,0,1
C06616,2024,11,November,1,1,1,0
C06616,2025,11,November,2,1,0,0
C06617,2024,12,December,1,1,1,0
C06617,2025,4,April,2,2,0,1
C06617,2025,7,July,3,3,0,1
C06618,2024,8,August,1,1,1,0
C06618,2025,12,December,2,2,0,1
C06619,2025,2,February,1,1,1,0
C06620,2024,10,October,1,1,1,0
C06620,2024,11,November,2,2,0,1
C06620,2025,2,February,3,3,0,1
C06620,2025,4,April,4,4,0,1
C06621,2024,7,July,1,2,0,1
C06621,2025,2,February,3,3,0,1
C06621,2025,6,June,4,4,0,1
C06621,2025,12,December,5,5,0,1
C06622,2024,8,August,1,1,1,0
C06622,2024,12,December,2,2,0,1
C06622,2025,2,February,4,3,0,1
C06622,2025,5,May,5,4,0,1
C06622,2025,6,June,6,4,0,1
C06622,2025,8,August,7,5,0,1
C06622,2025,9,September,8,6,0,1
C06622,2025,11,November,9,7,0,1
C06623,2024,7,July,1,1,1,0
C06623,2024,9,September,2,2,0,1
C06623,2025,8,August,3,3,0,1
C06623,2025,10,October,4,4,0,1
C06624,2025,1,January,1,1,1,0
C06624,2025,8,August,2,2,0,1
C06625,2024,9,September,1,1,1,0
C06625,2024,11,November,2,2,0,1
C06625,2024,12,December,3,3,0,1
C06625,2025,2,February,4,4,0,1
C06625,2025,4,April,5,5,0,1
C06625,2025,5,May,6,6,0,1
C06625,2025,10,October,7,8,0,1
C06625,2025,11,November,9,9,0,1
C06625,2025,12,December,10,10,0,1
C06626,2025,5,May,1,0,1,0
C06626,2025,7,July,2,0,0,0
C06626,2025,8,August,3,1,0,0
C06626,2025,10,October,4,2,0,1
C06627,2025,5,May,1,1,1,0
C06627,2025,11,November,2,1,0,0
C06628,2024,10,October,1,1,1,0
C06628,2025,1,January,2,2,0,1
C06628,2025,5,May,3,2,0,1
C06628,2025,7,July,4,3,0,1
C06629,2024,9,September,1,0,1,0
C06629,2024,10,October,2,0,0,0
C06629,2025,3,March,3,1,0,0
C06629,2025,8,August,4,1,0,0
C06630,2024,9,September,1,1,1,0
C06630,2025,9,September,2,2,0,1
C06631,2024,7,July,1,1,1,0
C06631,2025,5,May,2,2,0,1
C06631,2025,6,June,3,2,0,1
C06631,2025,9,September,4,3,0,1
C06632,2024,9,September,1,0,1,0
C06632,2024,10,October,2,1,0,0
C06632,2024,11,November,3,2,0,1
C06632,2025,6,June,4,3,0,1
C06633,2024,8,August,1,1,1,0
C06633,2024,9,September,2,2,0,1
C06633,2024,12,December,3,4,0,1
C06633,2025,4,April,5,5,0,1
C06633,2025,10,October,6,6,0,1
C06634,2024,9,September,1,0,1,0
C06634,2024,12,December,2,0,0,0
C06634,2025,7,July,3,1,0,0
C06634,2025,8,August,4,1,0,0
C06634,2025,10,October,5,1,0,0
C06635,2024,10,October,1,1,1,0
C06635,2025,2,February,2,1,0,0
C06635,2025,4,April,3,3,0,1
C06635,2025,8,August,5,4,0,1
C06635,2025,9,September,6,5,0,1
C06635,2025,10,October,7,7,0,1
C06635,2025,11,November,10,8,0,1
C06636,2024,8,August,1,1,1,0
C06636,2024,10,October,2,2,0,1
C06636,2024,11,November,3,3,0,1
C06636,2025,8,August,4,4,0,1
C06637,2024,7,July,1,1,1,0
C06637,2025,6,June,2,2,0,1
C06637,2025,7,July,3,3,0,1
C06637,2025,10,October,4,4,0,1
C06638,2024,8,August,1,1,1,0
C06638,2025,6,June,2,2,0,1
C06639,2024,12,December,1,1,1,0
C06639,2025,3,March,2,1,0,0
C06639,2025,5,May,3,2,0,1
C06640,2024,8,August,1,0,1,0
C06640,2024,10,October,2,1,0,0
C06640,2025,2,February,3,2,0,1
C06640,2025,4,April,4,3,0,1
C06641,2024,7,July,1,0,1,0
C06641,2024,8,August,2,1,0,0
C06641,2024,12,December,4,2,0,1
C06641,2025,1,January,5,2,0,1
C06641,2025,6,June,6,2,0,1
C06641,2025,10,October,7,3,0,1
C06641,2025,11,November,8,5,0,1
C06642,2025,4,April,1,0,1,0
C06642,2025,5,May,2,0,0,0
C06642,2025,11,November,3,0,0,0
C06643,2025,4,April,1,1,1,0
C06643,2025,12,December,2,2,0,1
C06644,2024,7,July,1,1,1,0
C06644,2024,8,August,3,2,0,1
C06644,2024,9,September,4,3,0,1
C06644,2024,10,October,5,4,0,1
C06644,2025,2,February,6,5,0,1
C06644,2025,4,April,7,6,0,1
C06644,2025,6,June,8,7,0,1
C06644,2025,7,July,9,8,0,1
C06644,2025,11,November,10,9,0,1
C06644,2025,12,December,11,11,0,1
C06645,2025,4,April,1,2,0,1
C06645,2025,8,August,3,3,0,1
C06646,2024,10,October,1,1,1,0
C06647,2024,9,September,1,1,1,0
C06647,2025,9,September,2,2,0,1
C06647,2025,12,December,3,4,0,1
C06648,2024,9,September,1,0,1,0
C06648,2024,10,October,2,1,0,0
C06648,2024,11,November,3,2,0,1
C06648,2025,7,July,4,2,0,1
C06648,2025,8,August,5,3,0,1
C06648,2025,10,October,6,4,0,1
C06648,2025,12,December,7,5,0,1
C06649,2024,12,December,1,1,1,0
C06649,2025,3,March,2,2,0,1
C06649,2025,11,November,3,3,0,1
C06650,2024,9,September,1,1,1,0
C06650,2025,11,November,2,2,0,1
C06651,2024,11,November,1,1,1,0
C06651,2025,4,April,2,2,0,1
C06651,2025,5,May,3,3,0,1
C06651,2025,7,July,4,4,0,1
C06651,2025,10,October,5,5,0,1
C06651,2025,12,December,6,6,0,1
C06652,2025,5,May,1,2,0,1
C06653,2024,8,August,1,1,1,0
C06653,2024,10,October,2,2,0,1
C06653,2025,11,November,3,3,0,1
C06654,2024,10,October,1,0,1,0
C06654,2024,11,November,2,1,0,0
C06654,2025,1,January,3,2,0,1
C06654,2025,2,February,4,3,0,1
C06654,2025,3,March,5,3,0,1
C06654,2025,5,May,6,4,0,1
C06654,2025,11,November,7,5,0,1
C06655,2025,1,January,1,1,1,0
C06655,2025,6,June,2,2,0,1
C06655,2025,8,August,3,3,0,1
C06655,2025,10,October,4,4,0,1
C06656,2024,7,July,1,1,1,0
C06656,2024,8,August,2,2,0,1
C06656,2025,10,October,3,3,0,1
C06657,2025,1,January,1,1,1,0
C06657,2025,3,March,2,2,0,1
C06658,2024,9,September,1,0,1,0
C06658,2025,4,April,2,1,0,0
C06658,2025,5,May,3,2,0,1
C06658,2025,11,November,4,3,0,1
C06659,2025,5,May,1,1,1,0
C06660,2025,4,April,1,1,1,0
C06661,2025,5,May,1,1,1,0
C06661,2025,11,November,2,2,0,1
C06662,2024,8,August,1,1,1,0
C06662,2025,4,April,2,3,0,1
C06663,2024,7,July,1,1,1,0
C06663,2025,1,January,2,2,0,1
C06663,2025,8,August,3,2,0,1
C06664,2025,12,December,1,1,1,0
C06665,2025,1,January,1,2,0,1
C06665,2025,3,March,4,3,0,1
C06665,2025,7,July,5,4,0,1
C06665,2025,11,November,6,6,0,1
C06665,2025,12,December,8,8,0,1
C06666,2024,12,December,1,1,1,0
C06666,2025,2,February,2,2,0,1
C06666,2025,7,July,3,3,0,1
C06667,2025,3,March,1,3,0,1
C06668,2024,8,August,1,1,1,0
C06668,2024,9,September,2,2,0,1
C06668,2024,10,October,3,3,0,1
C06668,2024,11,November,4,4,0,1
C06668,2024,12,December,5,4,0,1
C06668,2025,6,June,6,4,0,1
C06669,2024,12,December,1,1,1,0
C06669,2025,8,August,2,2,0,1
C06669,2025,9,September,3,3,0,1
C06670,2024,10,October,1,1,1,0
C06670,2024,12,December,2,2,0,1
C06670,2025,1,January,3,3,0,1
C06670,2025,7,July,4,3,0,1
C06670,2025,9,September,6,3,0,1
C06671,2025,7,July,1,1,1,0
C06671,2025,8,August,2,2,0,1
C06671,2025,9,September,3,2,0,1
C06672,2024,9,September,1,1,1,0
C06672,2025,3,March,2,2,0,1
C06672,2025,8,August,3,2,0,1
C06672,2025,11,November,5,3,0,1
C06672,2025,12,December,6,5,0,1
C06673,2024,7,July,1,1,1,0
C06673,2024,9,September,2,2,0,1
C06673,2025,2,February,3,3,0,1
C06674,2024,7,July,1,0,1,0
C06674,2024,9,September,2,0,0,0
C06674,2025,11,November,3,0,0,0
C06675,2024,8,August,1,1,1,0
C06675,2024,9,September,2,2,0,1
C06675,2025,5,May,3,4,0,1
C06675,2025,8,August,5,5,0,1
C06675,2025,9,September,6,6,0,1
C06676,2024,7,July,1,1,1,0
C06676,2024,8,August,2,2,0,1
C06676,2025,2,February,4,3,0,1
C06676,2025,3,March,5,5,0,1
C06676,2025,5,May,7,6,0,1
C06676,2025,6,June,8,7,0,1
C06676,2025,8,August,9,8,0,1
C06676,2025,10,October,11,8,0,1
C06677,2024,9,September,1,0,1,0
C06677,2025,4,April,2,1,0,0
C06678,2024,8,August,1,3,0,1
C06678,2024,10,October,4,4,0,1
C06678,2024,11,November,5,5,0,1
C06678,2025,6,June,6,5,0,1
C06678,2025,10,October,7,6,0,1
C06679,2024,8,August,1,1,1,0
C06679,2025,1,January,2,1,0,0
C06679,2025,7,July,3,2,0,1
C06679,2025,8,August,4,3,0,1
C06679,2025,9,September,5,4,0,1
C06679,2025,11,November,6,5,0,1
C06680,2024,7,July,1,1,1,0
C06680,2024,11,November,2,2,0,1
C06680,2025,5,May,3,2,0,1
C06680,2025,7,July,4,3,0,1
C06680,2025,11,November,5,3,0,1
C06681,2025,1,January,1,0,1,0
C06681,2025,3,March,2,1,0,0
C06681,2025,4,April,3,2,0,1
C06682,2024,11,November,1,1,1,0
C06682,2025,2,February,2,2,0,1
C06682,2025,12,December,3,3,0,1
C06683,2025,1,January,1,1,1,0
C06683,2025,3,March,2,1,0,0
C06683,2025,4,April,3,1,0,0
C06683,2025,8,August,4,2,0,1
C06683,2025,11,November,5,4,0,1
C06683,2025,12,December,7,5,0,1
C06684,2024,8,August,1,0,1,0
C06684,2024,12,December,2,1,0,0
C06684,2025,7,July,3,1,0,0
C06684,2025,10,October,4,2,0,1
C06685,2024,7,July,1,1,1,0
C06685,2024,12,December,2,2,0,1
C06685,2025,4,April,3,4,0,1
C06686,2024,9,September,1,1,1,0
C06686,2025,3,March,2,2,0,1
C06686,2025,5,May,3,3,0,1
C06687,2025,6,June,1,1,1,0
C06687,2025,9,September,2,2,0,1
C06687,2025,12,December,3,3,0,1
C06689,2024,7,July,1,1,1,0
C06690,2024,12,December,1,1,1,0
C06690,2025,9,September,2,2,0,1
C06691,2024,11,November,1,1,1,0
C06692,2024,8,August,1,0,1,0
C06692,2024,9,September,2,0,0,0
C06693,2025,11,November,1,0,1,0
C06694,2024,8,August,1,1,1,0
C06694,2024,9,September,2,2,0,1
C06694,2025,6,June,3,3,0,1
C06695,2024,12,December,1,1,1,0
C06696,2024,12,December,1,1,1,0
C06697,2024,8,August,1,1,1,0
C06697,2025,3,March,2,2,0,1
C06697,2025,6,June,3,3,0,1
C06698,2024,12,December,1,1,1,0
C06698,2025,1,January,2,3,0,1
C06698,2025,2,February,4,4,0,1
C06698,2025,5,May,5,6,0,1
C06698,2025,6,June,7,9,0,1
C06698,2025,7,July,10,10,0,1
C06698,2025,9,September,11,11,0,1
C06698,2025,10,October,12,12,0,1
C06699,2025,5,May,1,0,1,0
C06699,2025,9,September,2,1,0,0
C06700,2025,1,January,1,1,1,0
C06700,2025,2,February,2,2,0,1
C06700,2025,5,May,3,4,0,1
C06700,2025,6,June,6,5,0,1
C06700,2025,7,July,7,6,0,1
C06700,2025,10,October,8,6,0,1
C06701,2024,8,August,1,1,1,0
C06701,2025,8,August,2,2,0,1
C06702,2024,10,October,1,1,1,0
C06702,2025,5,May,2,2,0,1
C06703,2025,4,April,1,1,1,0
C06703,2025,5,May,2,2,0,1
C06703,2025,9,September,3,3,0,1
C06704,2025,1,January,1,1,1,0
C06705,2025,11,November,1,1,1,0
C06706,2024,11,November,1,1,1,0
C06706,2024,12,December,3,2,0,1
C06706,2025,8,August,4,3,0,1
C06706,2025,10,October,5,4,0,1
C06706,2025,12,December,6,5,0,1
C06707,2024,11,November,1,0,1,0
C06707,2025,9,September,2,1,0,0
C06708,2024,12,December,1,1,1,0
C06708,2025,9,September,2,2,0,1
C06709,2024,7,July,1,1,1,0
C06709,2024,12,December,2,2,0,1
C06709,2025,5,May,3,2,0,1
C06710,2025,2,February,1,1,1,0
C06710,2025,8,August,2,2,0,1
C06711,2024,7,July,1,1,1,0
C06711,2025,12,December,2,3,0,1
C06712,2024,10,October,1,1,1,0
C06712,2025,1,January,2,3,0,1
C06712,2025,3,March,4,4,0,1
C06712,2025,4,April,5,5,0,1
C06712,2025,5,May,6,6,0,1
C06712,2025,7,July,7,7,0,1
C06712,2025,8,August,8,8,0,1
C06712,2025,9,September,10,9,0,1
C06713,2024,7,July,1,0,1,0
C06713,2025,1,January,2,1,0,0
C06714,2025,4,April,1,1,1,0
C06715,2025,1,January,1,0,1,0
C06715,2025,7,July,2,0,0,0
C06716,2025,4,April,1,1,1,0
C06716,2025,11,November,2,2,0,1
C06717,2024,9,September,1,0,1,0
C06718,2025,3,March,1,1,1,0
C06718,2025,8,August,2,2,0,1
C06719,2024,10,October,1,1,1,0
C06719,2025,8,August,2,2,0,1
C06719,2025,11,November,3,2,0,1
C06720,2025,3,March,1,1,1,0
C06720,2025,12,December,2,1,0,0
C06721,2024,9,September,1,1,1,0
C06721,2024,12,December,2,2,0,1
C06721,2025,6,June,3,3,0,1
C06721,2025,7,July,4,3,0,1
C06721,2025,8,August,5,4,0,1
C06721,2025,9,September,6,5,0,1
C06722,2024,7,July,1,1,1,0
C06722,2024,8,August,2,2,0,1
C06722,2024,9,September,3,4,0,1
C06722,2025,2,February,5,5,0,1
C06722,2025,4,April,6,6,0,1
C06722,2025,12,December,7,7,0,1
C06723,2025,4,April,1,1,1,0
C06723,2025,6,June,2,2,0,1
C06723,2025,7,July,3,3,0,1
C06724,2025,10,October,1,1,1,0
C06724,2025,11,November,2,2,0,1
C06725,2024,12,December,1,1,1,0
C06725,2025,5,May,2,2,0,1
C06725,2025,6,June,3,2,0,1
C06725,2025,12,December,4,3,0,1
C06726,2024,8,August,1,1,1,0
C06726,2024,11,November,2,2,0,1
C06726,2024,12,December,3,2,0,1
C06727,2025,2,February,1,1,1,0
C06727,2025,3,March,2,2,0,1
C06728,2025,7,July,1,1,1,0
C06728,2025,9,September,2,2,0,1
C06728,2025,12,December,3,3,0,1
C06729,2024,8,August,1,1,1,0
C06729,2024,10,October,2,2,0,1
C06729,2024,11,November,3,3,0,1
C06729,2025,3,March,4,4,0,1
C06729,2025,4,April,5,6,0,1
C06729,2025,5,May,7,7,0,1
C06729,2025,8,August,8,9,0,1
C06730,2025,2,February,1,0,1,0
C06731,2025,7,July,1,2,0,1
C06732,2025,2,February,1,1,1,0
C06732,2025,11,November,2,2,0,1
C06733,2025,2,February,1,0,1,0
C06733,2025,3,March,2,0,0,0
C06733,2025,7,July,3,1,0,0
C06734,2024,7,July,1,1,1,0
C06734,2025,6,June,2,4,0,1
C06734,2025,7,July,6,6,0,1
C06734,2025,10,October,9,7,0,1
C06734,2025,11,November,10,8,0,1
C06734,2025,12,December,11,9,0,1
C06735,2024,8,August,1,1,1,0
C06735,2024,10,October,2,3,0,1
C06735,2024,11,November,4,5,0,1
C06735,2025,1,January,6,7,0,1
C06735,2025,3,March,8,8,0,1
C06735,2025,4,April,10,9,0,1
C06735,2025,8,August,11,10,0,1
C06735,2025,11,November,12,11,0,1
C06736,2024,8,August,1,1,1,0
C06736,2024,9,September,2,1,0,0
C06736,2025,1,January,3,2,0,1
C06736,2025,2,February,4,3,0,1
C06736,2025,7,July,5,4,0,1
C06736,2025,10,October,6,5,0,1
C06737,2024,9,September,1,1,1,0
C06737,2024,12,December,2,1,0,0
C06737,2025,1,January,3,3,0,1
C06737,2025,5,May,5,4,0,1
C06737,2025,7,July,6,5,0,1
C06737,2025,8,August,7,6,0,1
C06737,2025,10,October,9,7,0,1
C06737,2025,11,November,10,8,0,1
C06738,2025,7,July,1,1,1,0
C06739,2024,9,September,1,1,1,0
C06740,2025,4,April,1,1,1,0
C06740,2025,12,December,2,2,0,1
C06741,2024,7,July,1,1,1,0
C06741,2025,8,August,2,2,0,1
C06741,2025,11,November,3,3,0,1
C06742,2024,8,August,1,1,1,0
C06742,2024,12,December,2,2,0,1
C06742,2025,7,July,3,3,0,1
C06742,2025,9,September,4,4,0,1
C06743,2024,8,August,1,1,1,0
C06743,2025,2,February,2,2,0,1
C06743,2025,11,November,3,3,0,1
C06744,2024,8,August,1,1,1,0
C06744,2024,11,November,2,3,0,1
C06744,2025,1,January,4,4,0,1
C06744,2025,2,February,5,5,0,1
C06744,2025,6,June,6,5,0,1
C06744,2025,8,August,7,6,0,1
C06744,2025,10,October,8,7,0,1
C06744,2025,11,November,9,8,0,1
C06744,2025,12,December,10,9,0,1
C06745,2024,7,July,1,2,0,1
C06745,2024,11,November,3,3,0,1
C06745,2025,7,July,4,4,0,1
C06745,2025,9,September,5,5,0,1
C06746,2024,8,August,1,0,1,0
C06746,2024,10,October,2,1,0,0
C06746,2025,3,March,3,2,0,1
C06746,2025,4,April,4,3,0,1
C06746,2025,5,May,5,4,0,1
C06746,2025,6,June,6,5,0,1
C06746,2025,10,October,7,7,0,1
C06746,2025,12,December,9,9,0,1
C06747,2025,1,January,1,1,1,0
C06747,2025,3,March,2,2,0,1
C06748,2025,2,February,1,1,1,0
C06748,2025,3,March,2,1,0,0
C06748,2025,4,April,3,2,0,1
C06748,2025,11,November,4,3,0,1
C06749,2024,11,November,1,1,1,0
C06749,2025,1,January,2,2,0,1
C06749,2025,2,February,3,3,0,1
C06749,2025,5,May,5,4,0,1
C06750,2024,10,October,1,1,1,0
C06750,2024,11,November,2,3,0,1
C06750,2025,1,January,4,4,0,1
C06750,2025,7,July,5,5,0,1
C06750,2025,8,August,6,6,0,1
C06750,2025,12,December,7,7,0,1
C06751,2025,1,January,1,1,1,0
C06752,2024,7,July,1,1,1,0
C06752,2025,2,February,2,1,0,0
C06752,2025,3,March,3,2,0,1
C06752,2025,8,August,4,2,0,1
C06752,2025,9,September,5,3,0,1
C06752,2025,12,December,6,4,0,1
C06753,2024,9,September,1,1,1,0
C06753,2025,2,February,2,2,0,1
C06753,2025,4,April,3,3,0,1
C06753,2025,5,May,4,4,0,1
C06753,2025,8,August,5,5,0,1
C06754,2024,8,August,1,2,0,1
C06754,2024,12,December,3,3,0,1
C06754,2025,2,February,5,4,0,1
C06754,2025,4,April,6,5,0,1
C06754,2025,5,May,7,6,0,1
C06754,2025,7,July,8,6,0,1
C06754,2025,10,October,9,8,0,1
C06755,2024,7,July,1,1,1,0
C06755,2025,1,January,2,2,0,1
C06756,2024,12,December,1,1,1,0
C06756,2025,6,June,2,2,0,1
C06756,2025,9,September,3,3,0,1
C06757,2024,7,July,1,1,1,0
C06757,2024,9,September,2,2,0,1
C06757,2025,2,February,3,3,0,1
C06758,2024,11,November,1,0,1,0
C06758,2024,12,December,2,1,0,0
C06758,2025,2,February,3,2,0,1
C06759,2024,11,November,1,1,1,0
C06759,2025,5,May,2,2,0,1
C06759,2025,8,August,4,2,0,1
C06760,2024,7,July,1,1,1,0
C06760,2024,11,November,3,2,0,1
C06760,2024,12,December,4,3,0,1
C06760,2025,1,January,5,5,0,1
C06760,2025,4,April,7,6,0,1
C06760,2025,5,May,8,7,0,1
C06760,2025,9,September,9,9,0,1
C06760,2025,10,October,11,10,0,1
C06761,2024,7,July,1,1,1,0
C06761,2024,9,September,2,1,0,0
C06761,2024,10,October,3,2,0,1
C06761,2025,3,March,4,3,0,1
C06761,2025,5,May,5,5,0,1
C06761,2025,6,June,7,6,0,1
C06761,2025,7,July,8,7,0,1
C06762,2024,7,July,1,0,1,0
C06762,2024,12,December,2,0,0,0
C06762,2025,3,March,3,1,0,0
C06762,2025,7,July,5,3,0,1
C06762,2025,8,August,7,4,0,1
C06762,2025,9,September,8,5,0,1
C06762,2025,10,October,9,6,0,1
C06762,2025,11,November,10,7,0,1
C06763,2024,10,October,1,1,1,0
C06763,2025,8,August,2,1,0,0
C06763,2025,10,October,3,2,0,1
C06764,2024,8,August,1,1,1,0
C06764,2024,12,December,2,1,0,0
C06764,2025,2,February,3,2,0,1
C06764,2025,5,May,5,4,0,1
C06764,2025,7,July,8,4,0,1
C06764,2025,8,August,9,5,0,1
C06765,2025,1,January,1,1,1,0
C06765,2025,9,September,2,2,0,1
C06765,2025,11,November,3,2,0,1
C06766,2024,10,October,1,0,1,0
C06766,2025,6,June,2,1,0,0
C06766,2025,7,July,3,2,0,1
C06767,2024,7,July,1,1,1,0
C06767,2024,10,October,2,2,0,1
C06767,2025,11,November,3,3,0,1
C06768,2024,9,September,1,1,1,0
C06768,2025,7,July,2,2,0,1
C06769,2025,3,March,1,0,1,0
C06769,2025,4,April,2,1,0,0
C06770,2025,1,January,1,1,1,0
C06770,2025,7,July,2,2,0,1
C06770,2025,8,August,3,3,0,1
C06771,2024,10,October,1,1,1,0
C06771,2025,2,February,2,1,0,0
C06771,2025,3,March,3,2,0,1
C06771,2025,5,May,4,3,0,1
C06771,2025,10,October,5,3,0,1
C06771,2025,12,December,6,4,0,1
C06772,2024,9,September,1,1,1,0
C06772,2024,10,October,2,2,0,1
C06772,2024,12,December,3,2,0,1
C06773,2025,4,April,1,1,1,0
C06773,2025,6,June,3,2,0,1
C06773,2025,8,August,4,3,0,1
C06774,2024,9,September,1,1,1,0
C06774,2024,12,December,2,2,0,1
C06774,2025,8,August,3,2,0,1
C06774,2025,10,October,4,3,0,1
C06775,2024,7,July,1,1,1,0
C06775,2024,11,November,2,2,0,1
C06775,2024,12,December,3,4,0,1
C06775,2025,5,May,5,5,0,1
C06775,2025,6,June,6,6,0,1
C06775,2025,7,July,7,7,0,1
C06776,2025,2,February,1,1,1,0
C06776,2025,5,May,2,2,0,1
C06777,2024,7,July,1,0,1,0
C06777,2025,1,January,2,1,0,0
C06778,2024,8,August,1,1,1,0
C06778,2025,9,September,2,2,0,1
C06779,2024,8,August,1,1,1,0
C06779,2024,10,October,2,1,0,0
C06779,2024,11,November,3,2,0,1
C06779,2025,1,January,4,3,0,1
C06779,2025,2,February,5,4,0,1
C06780,2024,9,September,1,1,1,0
C06780,2024,11,November,2,1,0,0
C06780,2024,12,December,3,2,0,1
C06780,2025,2,February,4,3,0,1
C06780,2025,5,May,5,4,0,1
C06781,2024,9,September,1,0,1,0
C06781,2024,10,October,2,1,0,0
C06781,2024,12,December,3,1,0,0
C06781,2025,4,April,4,1,0,0
C06781,2025,5,May,5,2,0,1
C06781,2025,10,October,6,3,0,1
C06781,2025,11,November,7,4,0,1
C06782,2025,9,September,1,1,1,0
C06783,2024,12,December,1,0,1,0
C06783,2025,1,January,2,0,0,0
C06783,2025,11,November,3,1,0,0
C06784,2024,11,November,1,1,1,0
C06784,2025,2,February,2,2,0,1
C06784,2025,11,November,3,2,0,1
C06785,2024,8,August,1,1,1,0
C06785,2024,10,October,2,2,0,1
C06785,2024,11,November,3,3,0,1
C06785,2025,4,April,4,4,0,1
C06786,2024,9,September,1,0,1,0
C06786,2024,11,November,2,1,0,0
C06786,2025,2,February,3,2,0,1
C06786,2025,7,July,4,3,0,1
C06786,2025,12,December,5,3,0,1
C06787,2024,7,July,1,1,1,0
C06787,2024,12,December,2,2,0,1
C06787,2025,5,May,3,3,0,1
C06787,2025,6,June,4,4,0,1
C06787,2025,7,July,5,5,0,1
C06787,2025,8,August,6,6,0,1
C06787,2025,9,September,7,7,0,1
C06788,2024,9,September,1,1,1,0
C06788,2025,4,April,2,2,0,1
C06789,2024,9,September,1,1,1,0
C06789,2024,10,October,2,2,0,1
C06789,2024,11,November,3,4,0,1
C06789,2025,6,June,5,5,0,1
C06789,2025,7,July,7,6,0,1
C06790,2025,7,July,1,1,1,0
C06790,2025,10,October,2,1,0,0
C06790,2025,12,December,3,2,0,1
C06791,2024,12,December,1,1,1,0
C06791,2025,3,March,2,2,0,1
C06792,2024,8,August,1,1,1,0
C06792,2024,11,November,2,2,0,1
C06792,2025,1,January,3,3,0,1
C06792,2025,2,February,4,3,0,1
C06792,2025,9,September,5,3,0,1
C06794,2024,10,October,1,1,1,0
C06794,2025,9,September,2,2,0,1
C06795,2024,7,July,1,1,1,0
C06795,2024,8,August,2,2,0,1
C06795,2024,11,November,3,3,0,1
C06795,2024,12,December,4,4,0,1
C06795,2025,3,March,5,5,0,1
C06795,2025,10,October,6,6,0,1
C06796,2025,7,July,1,0,1,0
C06796,2025,8,August,2,2,0,1
C06796,2025,11,November,4,3,0,1
C06796,2025,12,December,5,4,0,1
C06797,2024,12,December,1,1,1,0
C06797,2025,1,January,2,2,0,1
C06797,2025,2,February,3,5,0,1
C06797,2025,4,April,6,7,0,1
C06798,2025,7,July,1,1,1,0
C06798,2025,8,August,2,2,0,1
C06798,2025,12,December,3,3,0,1
C06799,2024,9,September,1,1,1,0
C06799,2025,11,November,2,2,0,1
C06800,2024,7,July,1,1,1,0
C06800,2025,1,January,2,2,0,1
C06800,2025,3,March,3,3,0,1
C06800,2025,4,April,4,4,0,1
C06800,2025,5,May,5,5,0,1
C06800,2025,8,August,6,6,0,1
C06800,2025,9,September,7,7,0,1
C06800,2025,12,December,8,8,0,1
C06801,2024,7,July,1,1,1,0
C06801,2025,1,January,2,2,0,1
C06801,2025,2,February,3,3,0,1
C06801,2025,3,March,4,4,0,1
C06801,2025,9,September,5,4,0,1
C06802,2024,11,November,1,1,1,0
C06802,2025,2,February,2,2,0,1
C06802,2025,9,September,3,3,0,1
C06803,2025,5,May,1,1,1,0
C06804,2024,9,September,1,1,1,0
C06804,2025,3,March,2,2,0,1
C06804,2025,9,September,3,3,0,1
C06805,2025,5,May,1,2,0,1
C06805,2025,9,September,3,2,0,1
C06806,2025,7,July,1,1,1,0
C06806,2025,10,October,2,2,0,1
C06807,2024,7,July,1,0,1,0
C06807,2024,12,December,2,0,0,0
C06807,2025,4,April,3,1,0,0
C06807,2025,5,May,4,2,0,1
C06807,2025,6,June,5,2,0,1
C06808,2024,9,September,1,1,1,0
C06808,2024,10,October,2,2,0,1
C06808,2024,12,December,3,3,0,1
C06808,2025,2,February,4,4,0,1
C06808,2025,3,March,5,4,0,1
C06808,2025,6,June,6,4,0,1
C06808,2025,7,July,7,5,0,1
C06808,2025,11,November,8,6,0,1
C06809,2024,7,July,1,1,1,0
C06809,2025,5,May,2,2,0,1
C06809,2025,8,August,3,3,0,1
C06809,2025,9,September,4,5,0,1
C06809,2025,11,November,6,6,0,1
C06809,2025,12,December,7,6,0,1
C06810,2024,10,October,1,1,1,0
C06810,2025,12,December,2,1,0,0
C06811,2024,9,September,1,1,1,0
C06812,2024,9,September,1,1,1,0
C06812,2025,12,December,2,3,0,1
C06813,2024,11,November,1,1,1,0
C06813,2025,6,June,2,2,0,1
C06814,2024,8,August,1,1,1,0
C06814,2024,10,October,2,2,0,1
C06814,2025,4,April,3,3,0,1
C06814,2025,10,October,5,4,0,1
C06815,2024,7,July,1,1,1,0
C06815,2024,8,August,2,3,0,1
C06815,2024,9,September,5,4,0,1
C06815,2025,1,January,6,5,0,1
C06815,2025,2,February,8,8,0,1
C06815,2025,4,April,11,9,0,1
C06815,2025,8,August,12,10,0,1
C06816,2024,10,October,1,1,1,0
C06816,2025,10,October,2,3,0,1
C06817,2024,8,August,1,2,0,1
C06817,2025,7,July,3,3,0,1
C06817,2025,11,November,4,4,0,1
C06818,2024,7,July,1,1,1,0
C06818,2024,10,October,2,2,0,1
C06818,2025,2,February,4,3,0,1
C06818,2025,6,June,6,4,0,1
C06818,2025,7,July,7,5,0,1
C06818,2025,8,August,8,6,0,1
C06818,2025,11,November,9,7,0,1
C06819,2024,10,October,1,1,1,0
C06819,2025,1,January,2,2,0,1
C06819,2025,3,March,3,3,0,1
C06819,2025,6,June,4,4,0,1
C06819,2025,10,October,5,5,0,1
C06820,2024,12,December,1,0,1,0
C06820,2025,7,July,2,1,0,0
C06820,2025,9,September,3,2,0,1
C06821,2024,9,September,1,0,1,0
C06821,2024,12,December,2,1,0,0
C06822,2025,2,February,1,0,1,0
C06822,2025,3,March,2,0,0,0
C06822,2025,4,April,3,1,0,0
C06822,2025,12,December,4,3,0,1
C06823,2024,10,October,1,1,1,0
C06823,2025,8,August,2,2,0,1
C06823,2025,11,November,3,3,0,1
C06823,2025,12,December,4,4,0,1
C06824,2024,8,August,1,0,1,0
C06824,2025,4,April,2,3,0,1
C06824,2025,6,June,5,4,0,1
C06824,2025,7,July,6,5,0,1
C06824,2025,10,October,7,6,0,1
C06825,2025,2,February,1,0,1,0
C06825,2025,4,April,2,1,0,0
C06826,2025,5,May,1,1,1,0
C06826,2025,10,October,2,2,0,1
C06827,2024,7,July,1,1,1,0
C06827,2024,11,November,2,2,0,1
C06827,2025,10,October,3,3,0,1
C06828,2025,12,December,1,1,1,0
C06829,2024,12,December,1,1,1,0
C06830,2024,10,October,1,1,1,0
C06830,2025,1,January,2,1,0,0
C06830,2025,4,April,3,2,0,1
C06830,2025,7,July,4,3,0,1
C06831,2024,9,September,1,1,1,0
C06832,2024,9,September,1,0,1,0
C06832,2025,4,April,2,1,0,0
C06833,2024,12,December,1,1,1,0
C06833,2025,8,August,2,2,0,1
C06833,2025,10,October,3,3,0,1
C06834,2024,11,November,1,1,1,0
C06834,2025,3,March,2,2,0,1
C06834,2025,7,July,3,3,0,1
C06834,2025,9,September,4,3,0,1
C06835,2025,1,January,1,0,1,0
C06835,2025,3,March,2,0,0,0
C06835,2025,5,May,3,1,0,0
C06835,2025,9,September,4,2,0,1
C06835,2025,11,November,5,2,0,1
C06836,2024,8,August,1,0,1,0
C06836,2024,9,September,2,1,0,0
C06836,2025,7,July,3,3,0,1
C06837,2025,2,February,1,1,1,0
C06837,2025,3,March,2,2,0,1
C06837,2025,6,June,3,3,0,1
C06837,2025,12,December,4,4,0,1
C06838,2025,2,February,1,1,1,0
C06838,2025,6,June,2,3,0,1
C06839,2024,10,October,1,1,1,0
C06839,2025,1,January,2,2,0,1
C06839,2025,4,April,3,3,0,1
C06839,2025,10,October,4,3,0,1
C06840,2025,4,April,1,1,1,0
C06841,2024,7,July,1,1,1,0
C06841,2024,12,December,2,2,0,1
C06841,2025,8,August,3,3,0,1
C06842,2025,3,March,1,1,1,0
C06843,2024,11,November,1,1,1,0
C06843,2025,6,June,2,3,0,1
C06843,2025,10,October,4,4,0,1
C06843,2025,11,November,5,5,0,1
C06844,2025,12,December,1,1,1,0
C06845,2024,12,December,1,0,1,0
C06845,2025,4,April,2,0,0,0
C06845,2025,5,May,3,1,0,0
C06845,2025,8,August,4,2,0,1
C06846,2024,8,August,1,0,1,0
C06846,2024,9,September,2,1,0,0
C06846,2025,6,June,3,2,0,1
C06846,2025,11,November,4,3,0,1
C06847,2025,4,April,1,1,1,0
C06847,2025,11,November,2,2,0,1
C06848,2025,1,January,1,1,1,0
C06848,2025,12,December,2,2,0,1
C06849,2024,12,December,1,1,1,0
C06849,2025,1,January,2,2,0,1
C06850,2024,9,September,1,1,1,0
C06850,2024,12,December,2,2,0,1
C06850,2025,4,April,3,3,0,1
C06850,2025,12,December,4,4,0,1
C06851,2024,9,September,1,1,1,0
C06851,2024,10,October,2,2,0,1
C06851,2025,1,January,3,3,0,1
C06851,2025,3,March,4,4,0,1
C06851,2025,5,May,6,5,0,1
C06851,2025,9,September,7,6,0,1
C06851,2025,11,November,8,7,0,1
C06852,2024,9,September,1,0,1,0
C06852,2024,11,November,2,1,0,0
C06852,2025,7,July,3,1,0,0
C06852,2025,8,August,4,2,0,1
C06852,2025,10,October,5,3,0,1
C06853,2024,8,August,1,0,1,0
C06853,2025,10,October,2,1,0,0
C06853,2025,11,November,3,2,0,1
C06854,2025,3,March,1,1,1,0
C06854,2025,10,October,2,2,0,1
C06855,2024,9,September,1,1,1,0
C06855,2024,11,November,2,3,0,1
C06855,2024,12,December,4,4,0,1
C06855,2025,8,August,5,5,0,1
C06855,2025,9,September,6,6,0,1
C06855,2025,11,November,7,7,0,1
C06855,2025,12,December,8,7,0,1
C06856,2024,7,July,1,0,1,0
C06856,2024,8,August,2,1,0,0
C06856,2025,5,May,3,2,0,1
C06856,2025,7,July,4,3,0,1
C06857,2024,9,September,1,0,1,0
C06857,2025,5,May,3,1,0,0
C06857,2025,6,June,4,1,0,0
C06858,2024,7,July,1,1,1,0
C06858,2024,8,August,2,2,0,1
C06858,2025,3,March,3,3,0,1
C06858,2025,4,April,4,4,0,1
C06858,2025,11,November,5,4,0,1
C06858,2025,12,December,6,6,0,1
C06860,2024,7,July,1,1,1,0
C06860,2024,8,August,2,2,0,1
C06860,2024,9,September,3,3,0,1
C06860,2025,2,February,4,4,0,1
C06860,2025,3,March,5,4,0,1
C06860,2025,5,May,6,6,0,1
C06860,2025,7,July,8,7,0,1
C06860,2025,8,August,9,8,0,1
C06861,2024,7,July,1,1,1,0
C06861,2024,9,September,2,2,0,1
C06861,2025,10,October,3,3,0,1
C06862,2024,7,July,1,0,1,0
C06862,2024,10,October,2,1,0,0
C06862,2024,11,November,3,1,0,0
C06863,2024,9,September,1,3,0,1
C06863,2025,7,July,4,4,0,1
C06863,2025,12,December,5,5,0,1
C06864,2024,11,November,1,1,1,0
C06864,2025,1,January,2,2,0,1
C06864,2025,4,April,3,3,0,1
C06865,2024,12,December,1,1,1,0
C06865,2025,2,February,2,2,0,1
C06865,2025,4,April,3,3,0,1
C06865,2025,5,May,4,4,0,1
C06865,2025,12,December,5,5,0,1
C06866,2024,7,July,1,1,1,0
C06866,2024,9,September,2,2,0,1
C06866,2025,4,April,3,3,0,1
C06866,2025,6,June,4,4,0,1
C06866,2025,10,October,5,6,0,1
C06866,2025,12,December,7,7,0,1
C06867,2024,10,October,1,1,1,0
C06867,2025,1,January,2,2,0,1
C06867,2025,4,April,3,3,0,1
C06867,2025,7,July,5,4,0,1
C06867,2025,8,August,6,5,0,1
C06868,2024,9,September,1,3,0,1
C06868,2024,11,November,4,4,0,1
C06868,2025,4,April,5,5,0,1
C06868,2025,6,June,6,6,0,1
C06868,2025,8,August,7,7,0,1
C06870,2024,8,August,1,2,0,1
C06870,2024,9,September,3,3,0,1
C06870,2025,2,February,4,4,0,1
C06870,2025,4,April,5,5,0,1
C06870,2025,9,September,6,6,0,1
C06870,2025,12,December,7,6,0,1
C06871,2025,6,June,1,1,1,0
C06872,2024,9,September,1,1,1,0
C06872,2024,10,October,2,2,0,1
C06872,2025,6,June,3,3,0,1
C06872,2025,7,July,4,5,0,1
C06872,2025,10,October,6,6,0,1
C06872,2025,11,November,7,8,0,1
C06873,2024,7,July,1,1,1,0
C06873,2024,9,September,2,2,0,1
C06873,2024,11,November,4,3,0,1
C06873,2025,2,February,5,4,0,1
C06873,2025,4,April,7,5,0,1
C06873,2025,6,June,8,6,0,1
C06873,2025,8,August,10,7,0,1
C06873,2025,11,November,12,7,0,1
C06874,2025,8,August,1,1,1,0
C06875,2024,8,August,1,1,1,0
C06875,2025,5,May,3,2,0,1
C06876,2025,2,February,1,1,1,0
C06876,2025,3,March,2,2,0,1
C06876,2025,5,May,3,3,0,1
C06876,2025,7,July,4,4,0,1
C06876,2025,10,October,5,5,0,1
C06877,2024,8,August,1,1,1,0
C06877,2024,10,October,2,2,0,1
C06877,2025,3,March,3,3,0,1
C06877,2025,10,October,4,4,0,1
C06878,2025,11,November,1,0,1,0
C06879,2025,5,May,1,1,1,0
C06879,2025,8,August,2,2,0,1
C06879,2025,12,December,3,3,0,1
C06880,2025,7,July,1,1,1,0
C06881,2025,1,January,1,1,1,0
C06881,2025,2,February,2,2,0,1
C06881,2025,8,August,3,3,0,1
C06881,2025,10,October,4,4,0,1
C06882,2024,9,September,1,1,1,0
C06882,2025,3,March,2,2,0,1
C06882,2025,5,May,3,3,0,1
C06883,2025,7,July,1,1,1,0
C06884,2024,7,July,1,1,1,0
C06884,2024,8,August,2,2,0,1
C06884,2024,10,October,3,3,0,1
C06884,2024,12,December,4,5,0,1
C06884,2025,2,February,6,6,0,1
C06884,2025,3,March,7,7,0,1
C06884,2025,4,April,8,8,0,1
C06884,2025,9,September,9,9,0,1
C06884,2025,12,December,10,11,0,1
C06885,2025,4,April,1,1,1,0
C06885,2025,5,May,2,2,0,1
C06885,2025,10,October,3,3,0,1
C06886,2024,7,July,1,1,1,0
C06886,2024,10,October,2,2,0,1
C06886,2025,5,May,3,3,0,1
C06886,2025,6,June,4,4,0,1
C06887,2024,11,November,1,1,1,0
C06887,2025,1,January,2,2,0,1
C06888,2024,8,August,1,1,1,0
C06888,2025,5,May,2,2,0,1
C06889,2025,1,January,1,1,1,0
C06890,2024,12,December,1,1,1,0
C06890,2025,2,February,2,2,0,1
C06890,2025,5,May,3,3,0,1
C06890,2025,6,June,4,4,0,1
C06890,2025,9,September,5,5,0,1
C06890,2025,10,October,6,6,0,1
C06890,2025,11,November,7,8,0,1
C06891,2024,12,December,1,1,1,0
C06891,2025,6,June,2,1,0,0
C06891,2025,10,October,3,2,0,1
C06892,2025,2,February,1,0,1,0
C06893,2025,1,January,1,1,1,0
C06893,2025,2,February,2,2,0,1
C06893,2025,8,August,3,3,0,1
C06894,2025,1,January,1,1,1,0
C06894,2025,3,March,4,3,0,1
C06894,2025,4,April,6,4,0,1
C06894,2025,6,June,7,4,0,1
C06894,2025,11,November,8,6,0,1
C06894,2025,12,December,10,7,0,1
C06895,2024,8,August,1,0,1,0
C06895,2024,11,November,2,0,0,0
C06895,2025,1,January,3,1,0,0
C06895,2025,2,February,4,2,0,1
C06895,2025,10,October,5,3,0,1
C06895,2025,11,November,6,5,0,1
C06896,2024,9,September,1,0,1,0
C06896,2025,3,March,2,1,0,0
C06896,2025,4,April,3,2,0,1
C06896,2025,6,June,4,2,0,1
C06897,2024,9,September,1,0,1,0
C06897,2025,4,April,2,1,0,0
C06897,2025,6,June,3,2,0,1
C06898,2025,2,February,1,1,1,0
C06898,2025,3,March,2,1,0,0
C06898,2025,4,April,3,3,0,1
C06898,2025,8,August,5,4,0,1
C06899,2024,7,July,1,1,1,0
C06899,2024,10,October,2,2,0,1
C06900,2024,10,October,1,1,1,0
C06900,2024,12,December,2,2,0,1
C06900,2025,2,February,3,3,0,1
C06900,2025,4,April,4,4,0,1
C06900,2025,7,July,5,7,0,1
C06900,2025,8,August,8,8,0,1
C06900,2025,10,October,9,9,0,1
C06901,2025,4,April,1,1,1,0
C06902,2024,12,December,1,1,1,0
C06902,2025,6,June,2,2,0,1
C06902,2025,11,November,3,3,0,1
C06902,2025,12,December,4,4,0,1
C06903,2025,1,January,1,2,0,1
C06903,2025,6,June,3,4,0,1
C06903,2025,8,August,5,4,0,1
C06904,2024,11,November,1,1,1,0
C06904,2025,2,February,2,3,0,1
C06904,2025,5,May,4,5,0,1
C06904,2025,7,July,6,6,0,1
C06904,2025,9,September,7,7,0,1
C06905,2024,7,July,1,1,1,0
C06905,2025,2,February,2,2,0,1
C06905,2025,6,June,3,3,0,1
C06905,2025,11,November,4,4,0,1
C06906,2024,9,September,1,1,1,0
C06906,2024,11,November,2,2,0,1
C06906,2024,12,December,3,3,0,1
C06907,2024,7,July,1,1,1,0
C06907,2024,12,December,2,1,0,0
C06907,2025,1,January,3,1,0,0
C06907,2025,5,May,4,2,0,1
C06907,2025,6,June,5,3,0,1
C06907,2025,7,July,6,5,0,1
C06907,2025,9,September,8,6,0,1
C06907,2025,10,October,9,7,0,1
C06908,2024,8,August,1,1,1,0
C06908,2024,9,September,2,2,0,1
C06908,2025,1,January,3,3,0,1
C06908,2025,2,February,4,3,0,1
C06909,2024,9,September,1,1,1,0
C06909,2024,10,October,2,2,0,1
C06909,2025,1,January,3,3,0,1
C06909,2025,9,September,4,4,0,1
C06910,2024,11,November,1,1,1,0
C06910,2024,12,December,2,2,0,1
C06910,2025,1,January,3,3,0,1
C06910,2025,2,February,4,3,0,1
C06910,2025,3,March,5,4,0,1
C06910,2025,8,August,6,4,0,1
C06910,2025,10,October,7,5,0,1
C06911,2024,9,September,1,1,1,0
C06911,2024,11,November,2,2,0,1
C06911,2025,10,October,3,3,0,1
C06912,2024,11,November,1,0,1,0
C06912,2025,3,March,2,0,0,0
C06912,2025,4,April,3,0,0,0
C06912,2025,6,June,4,1,0,0
C06912,2025,12,December,5,2,0,1
C06913,2024,7,July,1,1,1,0
C06913,2025,6,June,2,2,0,1
C06913,2025,12,December,4,3,0,1
C06914,2024,8,August,1,1,1,0
C06914,2025,12,December,2,2,0,1
C06915,2025,7,July,1,0,1,0
C06915,2025,8,August,2,1,0,0
C06915,2025,10,October,3,2,0,1
C06916,2024,9,September,1,1,1,0
C06917,2024,12,December,1,1,1,0
C06917,2025,3,March,2,2,0,1
C06917,2025,5,May,3,2,0,1
C06917,2025,6,June,4,3,0,1
C06918,2024,10,October,1,1,1,0
C06918,2024,12,December,2,1,0,0
C06918,2025,4,April,3,2,0,1
C06918,2025,7,July,4,2,0,1
C06918,2025,11,November,5,2,0,1
C06920,2024,11,November,1,1,1,0
C06920,2025,1,January,4,2,0,1
C06920,2025,3,March,5,4,0,1
C06920,2025,6,June,7,5,0,1
C06920,2025,7,July,8,7,0,1
C06920,2025,11,November,10,7,0,1
C06921,2025,7,July,1,0,1,0
C06922,2025,7,July,1,1,1,0
C06922,2025,10,October,2,2,0,1
C06923,2025,5,May,1,1,1,0
C06923,2025,10,October,2,2,0,1
C06923,2025,11,November,3,4,0,1
C06923,2025,12,December,5,4,0,1
C06924,2025,1,January,1,1,1,0
C06925,2025,1,January,1,0,1,0
C06925,2025,11,November,2,1,0,0
C06925,2025,12,December,3,2,0,1
C06926,2024,11,November,1,1,1,0
C06926,2024,12,December,2,2,0,1
C06927,2024,7,July,1,1,1,0
C06927,2025,12,December,2,1,0,0
C06928,2024,7,July,1,1,1,0
C06928,2024,10,October,2,2,0,1
C06928,2025,1,January,3,3,0,1
C06928,2025,3,March,4,4,0,1
C06928,2025,7,July,5,5,0,1
C06928,2025,8,August,7,7,0,1
C06928,2025,9,September,9,8,0,1
C06928,2025,12,December,10,10,0,1
C06929,2025,5,May,1,1,1,0
C06929,2025,7,July,2,2,0,1
C06930,2024,11,November,1,1,1,0
C06930,2025,2,February,2,2,0,1
C06930,2025,3,March,3,3,0,1
C06930,2025,5,May,4,4,0,1
C06931,2025,12,December,1,1,1,0
C06932,2024,8,August,1,1,1,0
C06932,2025,9,September,2,1,0,0
C06932,2025,10,October,3,2,0,1
C06933,2025,10,October,1,1,1,0
C06934,2024,9,September,1,1,1,0
C06934,2024,10,October,2,2,0,1
C06934,2024,11,November,3,3,0,1
C06934,2025,2,February,4,4,0,1
C06934,2025,9,September,5,4,0,1
C06935,2024,8,August,1,1,1,0
C06935,2024,9,September,2,3,0,1
C06935,2024,10,October,4,3,0,1
C06935,2025,1,January,5,4,0,1
C06935,2025,2,February,6,4,0,1
C06935,2025,4,April,7,5,0,1
C06935,2025,5,May,8,6,0,1
C06935,2025,6,June,9,7,0,1
C06935,2025,7,July,10,7,0,1
C06935,2025,9,September,11,7,0,1
C06936,2024,10,October,1,1,1,0
C06936,2025,1,January,3,2,0,1
C06936,2025,5,May,4,2,0,1
C06936,2025,8,August,5,3,0,1
C06936,2025,11,November,6,4,0,1
C06937,2024,7,July,1,1,1,0
C06937,2024,8,August,2,3,0,1
C06937,2024,9,September,4,4,0,1
C06937,2024,12,December,5,5,0,1
C06937,2025,4,April,6,6,0,1
C06937,2025,6,June,7,7,0,1
C06937,2025,7,July,8,8,0,1
C06937,2025,8,August,9,8,0,1
C06937,2025,9,September,10,8,0,1
C06937,2025,10,October,11,9,0,1
C06938,2024,8,August,1,0,1,0
C06938,2025,1,January,2,1,0,0
C06938,2025,2,February,3,1,0,0
C06938,2025,3,March,4,2,0,1
C06938,2025,4,April,5,3,0,1
C06938,2025,8,August,6,4,0,1
C06938,2025,9,September,7,4,0,1
C06938,2025,12,December,8,5,0,1
C06939,2024,7,July,1,2,0,1
C06939,2025,3,March,3,3,0,1
C06939,2025,4,April,4,4,0,1
C06939,2025,6,June,5,5,0,1
C06939,2025,12,December,6,6,0,1
C06940,2024,7,July,1,2,0,1
C06940,2024,10,October,3,3,0,1
C06940,2024,12,December,4,4,0,1
C06940,2025,5,May,5,5,0,1
C06940,2025,6,June,6,6,0,1
C06942,2024,9,September,1,1,1,0
C06942,2024,10,October,2,2,0,1
C06942,2024,12,December,3,3,0,1
C06942,2025,2,February,4,4,0,1
C06942,2025,4,April,5,6,0,1
C06942,2025,6,June,7,7,0,1
C06942,2025,7,July,8,8,0,1
C06942,2025,8,August,9,9,0,1
C06942,2025,9,September,10,10,0,1
C06943,2025,3,March,1,1,1,0
C06943,2025,12,December,2,2,0,1
C06944,2025,11,November,1,1,1,0
C06945,2025,9,September,1,1,1,0
C06946,2025,4,April,1,1,1,0
C06946,2025,5,May,2,2,0,1
C06946,2025,11,November,3,3,0,1
C06947,2024,8,August,1,1,1,0
C06947,2024,9,September,2,3,0,1
C06947,2025,3,March,4,4,0,1
C06948,2024,10,October,1,1,1,0
C06948,2025,6,June,2,2,0,1
C06949,2024,11,November,1,1,1,0
C06949,2025,3,March,2,2,0,1
C06949,2025,6,June,3,3,0,1
C06950,2024,8,August,1,1,1,0
C06950,2024,10,October,2,2,0,1
C06950,2025,4,April,3,3,0,1
C06950,2025,11,November,4,3,0,1
C06951,2025,2,February,1,1,1,0
C06951,2025,4,April,2,1,0,0
C06951,2025,8,August,3,2,0,1
C06951,2025,9,September,4,3,0,1
C06952,2025,8,August,1,1,1,0
C06953,2025,2,February,1,1,1,0
C06953,2025,4,April,2,1,0,0
C06953,2025,7,July,3,3,0,1
C06954,2024,8,August,1,1,1,0
C06954,2024,12,December,2,3,0,1
C06954,2025,3,March,4,4,0,1
C06954,2025,4,April,5,5,0,1
C06954,2025,7,July,6,5,0,1
C06955,2025,2,February,1,1,1,0
C06955,2025,5,May,2,2,0,1
C06955,2025,10,October,3,3,0,1
C06956,2025,4,April,1,1,1,0
C06956,2025,8,August,2,1,0,0
C06957,2024,9,September,1,2,0,1
C06957,2025,2,February,3,3,0,1
C06957,2025,10,October,4,4,0,1
C06957,2025,11,November,5,5,0,1
C06957,2025,12,December,6,6,0,1
C06958,2024,8,August,1,1,1,0
C06958,2025,12,December,2,2,0,1
C06959,2024,12,December,1,2,0,1
C06959,2025,1,January,3,3,0,1
C06959,2025,7,July,4,4,0,1
C06960,2024,9,September,1,1,1,0
C06960,2025,7,July,2,2,0,1
C06960,2025,10,October,3,3,0,1
C06961,2024,9,September,1,1,1,0
C06961,2024,10,October,2,2,0,1
C06961,2024,12,December,3,3,0,1
C06961,2025,5,May,4,3,0,1
C06961,2025,6,June,5,5,0,1
C06961,2025,8,August,7,6,0,1
C06962,2024,8,August,1,1,1,0
C06962,2024,10,October,2,2,0,1
C06962,2024,11,November,3,2,0,1
C06962,2025,5,May,4,4,0,1
C06962,2025,6,June,6,5,0,1
C06962,2025,7,July,7,6,0,1
C06962,2025,9,September,8,7,0,1
C06962,2025,10,October,9,8,0,1
C06962,2025,12,December,10,9,0,1
C06963,2024,7,July,1,1,1,0
C06963,2024,9,September,2,2,0,1
C06964,2024,7,July,1,0,1,0
C06964,2024,10,October,2,1,0,0
C06964,2025,1,January,3,3,0,1
C06964,2025,3,March,5,4,0,1
C06964,2025,6,June,6,5,0,1
C06965,2025,4,April,1,1,1,0
C06965,2025,7,July,2,2,0,1
C06965,2025,9,September,4,3,0,1
C06965,2025,11,November,5,4,0,1
C06966,2024,10,October,1,1,1,0
C06966,2025,2,February,2,2,0,1
C06966,2025,4,April,3,3,0,1
C06968,2024,7,July,1,2,0,1
C06968,2024,8,August,3,3,0,1
C06968,2024,9,September,4,4,0,1
C06968,2024,10,October,5,5,0,1
C06968,2025,1,January,6,6,0,1
C06968,2025,5,May,7,8,0,1
C06968,2025,6,June,9,9,0,1
C06968,2025,7,July,10,10,0,1
C06968,2025,8,August,12,11,0,1
C06968,2025,12,December,13,12,0,1
C06969,2024,9,September,1,1,1,0
C06969,2025,6,June,2,2,0,1
C06969,2025,7,July,4,4,0,1
C06969,2025,8,August,6,5,0,1
C06969,2025,11,November,7,6,0,1
C06969,2025,12,December,8,7,0,1
C06970,2024,10,October,1,1,1,0
C06971,2024,7,July,1,1,1,0
C06971,2024,11,November,2,3,0,1
C06971,2025,4,April,4,4,0,1
C06971,2025,5,May,5,5,0,1
C06971,2025,6,June,7,6,0,1
C06971,2025,7,July,8,7,0,1
C06971,2025,10,October,9,8,0,1
C06972,2024,8,August,1,1,1,0
C06972,2025,3,March,2,2,0,1
C06972,2025,7,July,3,3,0,1
C06973,2024,10,October,1,2,0,1
C06974,2024,11,November,1,1,1,0
C06974,2025,2,February,2,2,0,1
C06974,2025,7,July,3,2,0,1
C06974,2025,9,September,4,3,0,1
C06974,2025,10,October,5,4,0,1
C06974,2025,11,November,6,5,0,1
C06974,2025,12,December,7,6,0,1
C06975,2024,12,December,1,1,1,0
C06975,2025,7,July,2,1,0,0
C06975,2025,9,September,3,3,0,1
C06975,2025,10,October,5,4,0,1
C06975,2025,12,December,6,4,0,1
C06976,2025,2,February,1,1,1,0
C06976,2025,8,August,2,2,0,1
C06977,2024,8,August,1,1,1,0
C06977,2024,12,December,2,2,0,1
C06977,2025,6,June,4,3,0,1
C06977,2025,12,December,5,4,0,1
C06978,2025,5,May,1,1,1,0
C06978,2025,12,December,2,2,0,1
C06979,2024,7,July,1,1,1,0
C06979,2024,8,August,2,1,0,0
C06979,2024,10,October,3,2,0,1
C06979,2024,12,December,4,2,0,1
C06979,2025,1,January,5,3,0,1
C06979,2025,8,August,6,3,0,1
C06979,2025,9,September,7,4,0,1
C06979,2025,12,December,8,5,0,1
C06980,2024,7,July,1,2,0,1
C06980,2024,11,November,3,2,0,1
C06980,2025,5,May,4,3,0,1
C06980,2025,6,June,5,3,0,1
C06980,2025,10,October,6,4,0,1
C06981,2024,10,October,1,1,1,0
C06981,2024,11,November,2,2,0,1
C06981,2024,12,December,3,3,0,1
C06981,2025,2,February,4,4,0,1
C06982,2025,2,February,1,0,1,0
C06982,2025,9,September,2,1,0,0
C06982,2025,10,October,3,2,0,1
C06983,2024,7,July,1,0,1,0
C06983,2024,12,December,2,1,0,0
C06983,2025,4,April,3,2,0,1
C06983,2025,9,September,4,3,0,1
C06983,2025,11,November,5,6,0,1
C06984,2024,7,July,1,2,0,1
C06984,2024,8,August,3,2,0,1
C06984,2025,9,September,4,3,0,1
C06985,2024,12,December,1,1,1,0
C06985,2025,3,March,2,2,0,1
C06985,2025,5,May,3,3,0,1
C06986,2024,8,August,1,1,1,0
C06986,2025,2,February,2,2,0,1
C06986,2025,4,April,3,3,0,1
C06986,2025,10,October,4,5,0,1
C06986,2025,12,December,6,6,0,1
C06987,2024,7,July,1,0,1,0
C06987,2024,12,December,2,0,0,0
C06987,2025,2,February,3,0,0,0
C06987,2025,4,April,4,2,0,1
C06987,2025,5,May,6,3,0,1
C06987,2025,6,June,7,4,0,1
C06987,2025,7,July,8,6,0,1
C06987,2025,9,September,10,6,0,1
C06987,2025,12,December,11,7,0,1
C06988,2024,7,July,1,0,1,0
C06988,2024,8,August,2,2,0,1
C06988,2024,9,September,4,3,0,1
C06988,2024,11,November,5,5,0,1
C06988,2024,12,December,7,6,0,1
C06988,2025,1,January,8,7,0,1
C06988,2025,2,February,9,8,0,1
C06988,2025,3,March,11,8,0,1
C06988,2025,12,December,12,10,0,1
C06989,2024,7,July,1,1,1,0
C06990,2024,12,December,1,0,1,0
C06990,2025,6,June,2,1,0,0
C06990,2025,12,December,3,1,0,0
C06991,2024,12,December,1,1,1,0
C06991,2025,1,January,3,2,0,1
C06991,2025,2,February,4,3,0,1
C06991,2025,5,May,5,4,0,1
C06992,2024,7,July,1,1,1,0
C06992,2024,8,August,2,2,0,1
C06992,2025,2,February,3,3,0,1
C06992,2025,9,September,4,4,0,1
C06993,2024,7,July,1,1,1,0
C06993,2025,6,June,2,2,0,1
C06993,2025,9,September,3,2,0,1
C06993,2025,11,November,4,3,0,1
C06994,2024,7,July,1,1,1,0
C06994,2024,8,August,2,1,0,0
C06994,2024,12,December,3,2,0,1
C06994,2025,1,January,4,3,0,1
C06994,2025,2,February,5,4,0,1
C06994,2025,6,June,6,5,0,1
C06995,2025,8,August,1,1,1,0
C06995,2025,11,November,2,2,0,1
C06996,2025,3,March,1,1,1,0
C06996,2025,9,September,2,1,0,0
C06997,2024,8,August,1,1,1,0
C06997,2024,9,September,3,2,0,1
C06997,2025,1,January,5,3,0,1
C06997,2025,3,March,6,4,0,1
C06997,2025,4,April,7,4,0,1
C06997,2025,7,July,8,4,0,1
C06997,2025,8,August,9,6,0,1
C06997,2025,10,October,11,8,0,1
C06997,2025,12,December,13,10,0,1
C06998,2024,9,September,1,1,1,0
C06998,2024,10,October,2,2,0,1
C06998,2024,11,November,3,2,0,1
C06998,2025,4,April,4,3,0,1
C06998,2025,12,December,5,4,0,1
C06999,2025,10,October,1,1,1,0
C07000,2024,8,August,1,1,1,0
C07000,2025,2,February,2,2,0,1
C07000,2025,9,September,3,3,0,1
C07001,2024,8,August,1,1,1,0
C07001,2024,12,December,2,2,0,1
C07001,2025,12,December,3,4,0,1
C07002,2024,8,August,1,0,1,0
C07002,2025,12,December,2,1,0,0
C07003,2025,3,March,1,1,1,0
C07004,2024,11,November,1,1,1,0
C07004,2025,1,January,2,2,0,1
C07005,2024,10,October,1,2,0,1
C07005,2024,11,November,3,3,0,1
C07005,2025,3,March,4,4,0,1
C07005,2025,7,July,6,5,0,1
C07005,2025,8,August,7,5,0,1
C07005,2025,9,September,8,6,0,1
C07005,2025,10,October,9,7,0,1
C07005,2025,11,November,11,7,0,1
C07006,2024,7,July,1,1,1,0
C07006,2024,10,October,2,2,0,1
C07006,2024,12,December,3,3,0,1
C07006,2025,6,June,4,4,0,1
C07006,2025,12,December,5,6,0,1
C07007,2024,7,July,1,0,1,0
C07008,2024,7,July,1,0,1,0
C07008,2024,9,September,2,1,0,0
C07008,2024,10,October,3,2,0,1
C07008,2025,2,February,4,3,0,1
C07008,2025,6,June,5,4,0,1
C07008,2025,9,September,6,5,0,1
C07008,2025,10,October,8,6,0,1
C07009,2024,8,August,1,0,1,0
C07009,2024,9,September,2,1,0,0
C07009,2024,11,November,3,2,0,1
C07009,2025,1,January,4,4,0,1
C07009,2025,2,February,6,5,0,1
C07009,2025,5,May,7,5,0,1
C07009,2025,6,June,8,6,0,1
C07009,2025,10,October,9,6,0,1
C07009,2025,11,November,10,7,0,1
C07009,2025,12,December,11,7,0,1
C07010,2024,7,July,1,1,1,0
C07010,2025,8,August,2,3,0,1
C07010,2025,11,November,4,4,0,1
C07011,2025,10,October,1,1,1,0
C07011,2025,12,December,2,3,0,1
C07012,2025,5,May,1,0,1,0
C07012,2025,8,August,2,1,0,0
C07013,2024,11,November,1,0,1,0
C07013,2025,11,November,2,1,0,0
C07014,2025,1,January,1,2,0,1
C07014,2025,6,June,3,3,0,1
C07014,2025,7,July,5,4,0,1
C07014,2025,12,December,6,5,0,1
C07015,2025,6,June,1,1,1,0
C07016,2024,8,August,1,1,1,0
C07016,2025,1,January,2,2,0,1
C07017,2024,8,August,1,1,1,0
C07017,2024,11,November,2,2,0,1
C07017,2025,3,March,3,2,0,1
C07017,2025,5,May,4,3,0,1
C07017,2025,6,June,5,3,0,1
C07017,2025,9,September,6,5,0,1
C07017,2025,10,October,8,6,0,1
C07017,2025,11,November,9,7,0,1
C07018,2024,9,September,1,0,1,0
C07018,2024,12,December,2,1,0,0
C07018,2025,1,January,3,2,0,1
C07018,2025,2,February,4,3,0,1
C07018,2025,5,May,5,5,0,1
C07018,2025,9,September,7,5,0,1
C07019,2024,11,November,1,1,1,0
C07019,2024,12,December,2,2,0,1
C07019,2025,3,March,4,3,0,1
C07019,2025,4,April,5,3,0,1
C07019,2025,6,June,6,5,0,1
C07019,2025,10,October,8,6,0,1
C07020,2024,9,September,1,1,1,0
C07020,2025,6,June,2,2,0,1
C07021,2024,7,July,1,1,1,0
C07021,2025,6,June,2,2,0,1
C07022,2024,8,August,1,1,1,0
C07022,2024,10,October,2,2,0,1
C07023,2024,12,December,1,1,1,0
C07023,2025,9,September,2,2,0,1
C07023,2025,10,October,3,3,0,1
C07024,2025,1,January,1,1,1,0
C07024,2025,7,July,2,2,0,1
C07025,2024,7,July,1,1,1,0
C07025,2025,1,January,2,2,0,1
C07025,2025,3,March,3,3,0,1
C07026,2025,1,January,1,1,1,0
C07026,2025,6,June,2,1,0,0
C07026,2025,9,September,3,2,0,1
C07026,2025,12,December,4,3,0,1
C07028,2024,8,August,1,1,1,0
C07028,2025,5,May,2,2,0,1
C07028,2025,8,August,3,3,0,1
C07029,2024,9,September,1,1,1,0
C07029,2024,10,October,2,2,0,1
C07029,2025,6,June,3,3,0,1
C07029,2025,8,August,4,5,0,1
C07029,2025,9,September,6,6,0,1
C07030,2024,10,October,1,1,1,0
C07030,2024,11,November,2,2,0,1
C07030,2025,6,June,3,4,0,1
C07030,2025,11,November,5,5,0,1
C07030,2025,12,December,6,7,0,1
C07031,2024,8,August,1,1,1,0
C07031,2024,10,October,2,2,0,1
C07032,2024,11,November,1,1,1,0
C07032,2024,12,December,2,2,0,1
C07032,2025,1,January,3,2,0,1
C07032,2025,5,May,4,3,0,1
C07032,2025,6,June,5,4,0,1
C07033,2024,11,November,1,1,1,0
C07033,2025,1,January,2,2,0,1
C07033,2025,3,March,3,2,0,1
C07033,2025,11,November,4,3,0,1
C07033,2025,12,December,5,4,0,1
C07034,2024,7,July,1,0,1,0
C07034,2024,9,September,2,1,0,0
C07034,2024,11,November,3,3,0,1
C07034,2025,10,October,5,3,0,1
C07035,2024,7,July,1,1,1,0
C07035,2024,8,August,2,3,0,1
C07035,2025,3,March,4,5,0,1
C07035,2025,9,September,6,6,0,1
C07035,2025,11,November,7,7,0,1
C07035,2025,12,December,8,8,0,1
C07036,2024,10,October,1,1,1,0
C07036,2024,12,December,2,2,0,1
C07036,2025,6,June,3,3,0,1
C07038,2025,1,January,1,1,1,0
C07038,2025,2,February,2,2,0,1
C07039,2024,10,October,1,0,1,0
C07039,2025,4,April,2,1,0,0
C07039,2025,7,July,3,2,0,1
C07039,2025,9,September,4,3,0,1
C07040,2025,3,March,1,0,1,0
C07042,2024,8,August,1,1,1,0
C07042,2024,9,September,2,2,0,1
C07042,2025,2,February,3,3,0,1
C07042,2025,6,June,4,4,0,1
C07042,2025,9,September,5,5,0,1
C07043,2025,4,April,1,1,1,0
C07043,2025,7,July,2,2,0,1
C07043,2025,11,November,3,3,0,1
C07044,2024,10,October,1,1,1,0
C07044,2025,3,March,2,2,0,1
C07044,2025,8,August,3,3,0,1
C07044,2025,9,September,4,4,0,1
C07044,2025,10,October,5,5,0,1
C07044,2025,12,December,6,6,0,1
C07045,2025,1,January,1,1,1,0
C07045,2025,3,March,2,2,0,1
C07045,2025,7,July,3,3,0,1
C07045,2025,10,October,4,4,0,1
C07045,2025,12,December,6,5,0,1
C07046,2024,7,July,1,1,1,0
C07046,2024,9,September,2,2,0,1
C07046,2024,10,October,3,3,0,1
C07046,2025,6,June,4,4,0,1
C07046,2025,12,December,5,5,0,1
C07047,2025,4,April,1,1,1,0
C07047,2025,6,June,2,1,0,0
C07047,2025,8,August,3,2,0,1
C07048,2025,1,January,1,1,1,0
C07048,2025,6,June,3,2,0,1
C07048,2025,8,August,4,3,0,1
C07049,2024,9,September,1,0,1,0
C07049,2024,10,October,2,0,0,0
C07049,2024,11,November,3,1,0,0
C07049,2025,3,March,4,2,0,1
C07049,2025,7,July,5,4,0,1
C07049,2025,9,September,7,5,0,1
C07050,2024,8,August,1,1,1,0
C07050,2025,11,November,2,2,0,1
C07051,2024,10,October,1,0,1,0
C07051,2025,3,March,2,1,0,0
C07051,2025,9,September,3,2,0,1
C07052,2024,10,October,1,1,1,0
C07052,2025,2,February,2,2,0,1
C07052,2025,4,April,3,3,0,1
C07052,2025,10,October,4,4,0,1
C07052,2025,11,November,5,4,0,1
C07053,2024,10,October,1,0,1,0
C07053,2025,1,January,2,1,0,0
C07053,2025,3,March,3,2,0,1
C07054,2024,10,October,1,1,1,0
C07054,2025,1,January,2,1,0,0
C07055,2024,8,August,1,1,1,0
C07056,2024,7,July,1,0,1,0
C07056,2024,9,September,2,1,0,0
C07056,2025,3,March,3,2,0,1
C07056,2025,4,April,4,3,0,1
C07058,2025,2,February,1,1,1,0
C07058,2025,7,July,2,3,0,1
C07058,2025,11,November,4,5,0,1
C07059,2024,10,October,1,2,0,1
C07059,2024,11,November,3,3,0,1
C07059,2024,12,December,4,4,0,1
C07059,2025,4,April,5,6,0,1
C07059,2025,7,July,7,7,0,1
C07060,2025,1,January,1,0,1,0
C07061,2024,9,September,1,1,1,0
C07061,2024,10,October,2,3,0,1
C07061,2025,1,January,4,4,0,1
C07061,2025,8,August,5,5,0,1
C07062,2024,8,August,1,1,1,0
C07062,2025,4,April,2,1,0,0
C07062,2025,11,November,3,2,0,1
C07063,2025,6,June,1,1,1,0
C07063,2025,8,August,2,2,0,1
C07063,2025,10,October,3,3,0,1
C07063,2025,12,December,4,4,0,1
C07064,2024,8,August,1,1,1,0
C07064,2025,3,March,2,2,0,1
C07064,2025,11,November,3,3,0,1
C07065,2025,1,January,1,0,1,0
C07066,2024,10,October,1,1,1,0
C07066,2025,12,December,2,2,0,1
C07067,2025,3,March,1,1,1,0
C07067,2025,4,April,2,2,0,1
C07067,2025,6,June,3,3,0,1
C07068,2024,9,September,1,1,1,0
C07068,2025,5,May,2,1,0,0
C07068,2025,8,August,3,2,0,1
C07069,2024,12,December,1,1,1,0
C07069,2025,6,June,2,2,0,1
C07069,2025,12,December,3,2,0,1
C07070,2025,5,May,1,1,1,0
C07070,2025,7,July,2,2,0,1
C07071,2024,9,September,1,0,1,0
C07071,2025,11,November,2,1,0,0
C07073,2024,7,July,1,1,1,0
C07073,2025,2,February,2,2,0,1
C07073,2025,6,June,3,2,0,1
C07073,2025,8,August,4,2,0,1
C07073,2025,12,December,5,3,0,1
C07074,2024,9,September,1,1,1,0
C07074,2024,10,October,3,2,0,1
C07074,2025,1,January,4,2,0,1
C07074,2025,2,February,5,3,0,1
C07074,2025,3,March,6,3,0,1
C07074,2025,4,April,7,4,0,1
C07074,2025,8,August,8,5,0,1
C07074,2025,10,October,9,5,0,1
C07074,2025,11,November,10,6,0,1
C07075,2024,10,October,1,1,1,0
C07075,2025,12,December,2,1,0,0
C07076,2025,8,August,1,1,1,0
C07077,2024,11,November,1,1,1,0
C07077,2025,9,September,2,2,0,1
C07078,2024,8,August,1,1,1,0
C07078,2025,4,April,3,2,0,1
C07078,2025,7,July,4,5,0,1
C07078,2025,9,September,7,6,0,1
C07079,2025,5,May,1,1,1,0
C07080,2024,8,August,1,1,1,0
C07080,2025,2,February,2,2,0,1
C07080,2025,7,July,3,3,0,1
C07080,2025,8,August,4,4,0,1
C07081,2024,7,July,1,1,1,0
C07081,2024,9,September,2,2,0,1
C07081,2024,11,November,3,3,0,1
C07081,2025,2,February,4,4,0,1
C07081,2025,6,June,6,5,0,1
C07081,2025,8,August,7,5,0,1
C07081,2025,10,October,8,6,0,1
C07082,2024,7,July,1,1,1,0
C07082,2024,8,August,2,2,0,1
C07082,2024,10,October,3,3,0,1
C07082,2024,11,November,4,4,0,1
C07082,2025,4,April,5,6,0,1
C07082,2025,7,July,7,6,0,1
C07083,2024,12,December,1,1,1,0
C07084,2024,11,November,1,1,1,0
C07084,2025,10,October,2,2,0,1
C07085,2024,8,August,1,1,1,0
C07085,2025,11,November,2,2,0,1
C07086,2024,8,August,1,1,1,0
C07086,2024,12,December,2,1,0,0
C07086,2025,5,May,3,2,0,1
C07087,2025,4,April,1,1,1,0
C07088,2025,1,January,1,1,1,0
C07088,2025,3,March,2,2,0,1
C07089,2024,7,July,1,0,1,0
C07089,2024,8,August,2,0,0,0
C07089,2024,10,October,3,1,0,0
C07089,2025,1,January,4,2,0,1
C07089,2025,4,April,5,3,0,1
C07089,2025,6,June,6,4,0,1
C07089,2025,9,September,7,5,0,1
C07090,2024,7,July,1,1,1,0
C07090,2024,8,August,2,1,0,0
C07090,2025,8,August,3,1,0,0
C07090,2025,10,October,5,1,0,0
C07090,2025,11,November,6,3,0,1
C07090,2025,12,December,8,4,0,1
C07091,2024,8,August,1,0,1,0
C07091,2024,10,October,2,0,0,0
C07091,2024,12,December,3,0,0,0
C07091,2025,2,February,4,0,0,0
C07092,2024,10,October,1,1,1,0
C07092,2024,11,November,2,2,0,1
C07092,2024,12,December,3,3,0,1
C07092,2025,4,April,5,5,0,1
C07092,2025,5,May,7,6,0,1
C07092,2025,6,June,8,7,0,1
C07092,2025,10,October,9,8,0,1
C07093,2024,8,August,1,1,1,0
C07093,2024,11,November,2,3,0,1
C07093,2024,12,December,4,4,0,1
C07093,2025,2,February,5,5,0,1
C07093,2025,3,March,8,5,0,1
C07093,2025,5,May,9,6,0,1
C07093,2025,6,June,10,7,0,1
C07094,2025,2,February,1,1,1,0
C07094,2025,7,July,2,2,0,1
C07095,2024,7,July,1,1,1,0
C07095,2025,6,June,2,2,0,1
C07095,2025,9,September,3,2,0,1
C07096,2024,7,July,1,0,1,0
C07096,2024,8,August,2,1,0,0
C07096,2024,12,December,3,2,0,1
C07096,2025,3,March,4,4,0,1
C07096,2025,12,December,6,4,0,1
C07097,2024,11,November,1,0,1,0
C07097,2025,9,September,2,1,0,0
C07098,2024,11,November,1,1,1,0
C07098,2025,1,January,2,2,0,1
C07098,2025,11,November,3,4,0,1
C07098,2025,12,December,5,5,0,1
C07099,2024,9,September,1,1,1,0
C07099,2024,12,December,2,1,0,0
C07099,2025,10,October,3,2,0,1
C07100,2025,5,May,1,1,1,0
C07101,2024,7,July,1,1,1,0
C07101,2024,11,November,2,2,0,1
C07101,2024,12,December,3,4,0,1
C07101,2025,5,May,5,6,0,1
C07102,2024,12,December,1,2,0,1
C07102,2025,12,December,3,3,0,1
C07103,2024,12,December,1,1,1,0
C07103,2025,3,March,2,2,0,1
C07103,2025,12,December,3,4,0,1
C07104,2024,7,July,1,1,1,0
C07104,2025,5,May,2,2,0,1
C07105,2024,10,October,1,1,1,0
C07105,2025,6,June,2,2,0,1
C07106,2024,12,December,1,0,1,0
C07106,2025,9,September,2,1,0,0
C07106,2025,10,October,3,2,0,1
C07107,2024,7,July,1,1,1,0
C07107,2024,10,October,2,2,0,1
C07107,2025,3,March,3,3,0,1
C07108,2024,7,July,1,2,0,1
C07108,2024,9,September,3,3,0,1
C07108,2024,10,October,4,4,0,1
C07108,2024,12,December,5,6,0,1
C07108,2025,1,January,7,7,0,1
C07108,2025,2,February,8,7,0,1
C07108,2025,5,May,9,8,0,1
C07108,2025,8,August,10,9,0,1
C07108,2025,9,September,11,10,0,1
C07108,2025,10,October,12,11,0,1
C07108,2025,12,December,13,12,0,1
C07109,2024,8,August,1,1,1,0
C07109,2025,6,June,2,2,0,1
C07109,2025,7,July,3,3,0,1
C07109,2025,9,September,4,4,0,1
C07109,2025,12,December,5,5,0,1
C07110,2025,10,October,1,1,1,0
C07111,2025,11,November,1,1,1,0
C07112,2024,9,September,1,1,1,0
C07112,2024,12,December,2,2,0,1
C07112,2025,5,May,3,3,0,1
C07112,2025,9,September,4,4,0,1
C07112,2025,10,October,5,5,0,1
C07113,2024,10,October,1,0,1,0
C07113,2025,5,May,2,2,0,1
C07114,2024,7,July,1,1,1,0
C07114,2024,10,October,2,2,0,1
C07114,2025,3,March,3,2,0,1
C07114,2025,6,June,4,3,0,1
C07114,2025,8,August,5,4,0,1
C07115,2024,7,July,1,0,1,0
C07115,2025,1,January,2,2,0,1
C07115,2025,2,February,4,3,0,1
C07115,2025,5,May,5,4,0,1
C07115,2025,6,June,6,5,0,1
C07115,2025,8,August,7,7,0,1
C07116,2024,9,September,1,0,1,0
C07116,2024,10,October,2,1,0,0
C07116,2025,5,May,3,2,0,1
C07116,2025,7,July,4,4,0,1
C07116,2025,10,October,6,4,0,1
C07116,2025,11,November,7,5,0,1
C07117,2025,2,February,1,1,1,0
C07117,2025,4,April,2,2,0,1
C07118,2024,8,August,1,1,1,0
C07118,2024,11,November,2,2,0,1
C07118,2025,8,August,3,3,0,1
C07118,2025,10,October,4,4,0,1
C07119,2024,10,October,1,0,1,0
C07119,2025,5,May,2,1,0,0
C07119,2025,10,October,3,2,0,1
C07120,2024,10,October,1,1,1,0
C07120,2024,12,December,2,2,0,1
C07121,2024,9,September,1,1,1,0
C07121,2024,12,December,2,2,0,1
C07121,2025,2,February,3,3,0,1
C07121,2025,6,June,4,4,0,1
C07121,2025,11,November,5,4,0,1
C07122,2024,8,August,1,0,1,0
C07122,2025,7,July,2,1,0,0
C07122,2025,9,September,3,2,0,1
C07123,2025,1,January,1,1,1,0
C07123,2025,3,March,2,2,0,1
C07123,2025,11,November,3,3,0,1
C07124,2024,10,October,1,1,1,0
C07124,2025,4,April,2,2,0,1
C07124,2025,10,October,3,3,0,1
C07125,2024,10,October,1,1,1,0
C07125,2024,12,December,2,2,0,1
C07125,2025,1,January,3,3,0,1
C07125,2025,3,March,4,4,0,1
C07125,2025,6,June,5,5,0,1
C07125,2025,8,August,6,6,0,1
C07126,2024,7,July,1,2,0,1
C07126,2024,8,August,3,3,0,1
C07126,2024,11,November,5,4,0,1
C07126,2025,2,February,6,5,0,1
C07126,2025,7,July,7,6,0,1
C07126,2025,9,September,8,8,0,1
C07127,2025,4,April,1,1,1,0
C07127,2025,9,September,2,1,0,0
C07128,2025,2,February,1,1,1,0
C07129,2024,7,July,1,1,1,0
C07129,2024,11,November,2,2,0,1
C07129,2025,1,January,3,3,0,1
C07130,2025,1,January,1,1,1,0
C07130,2025,2,February,2,2,0,1
C07131,2024,12,December,1,0,1,0
C07131,2025,4,April,3,1,0,0
C07131,2025,11,November,4,1,0,0
C07132,2024,10,October,1,1,1,0
C07132,2024,11,November,2,2,0,1
C07132,2025,3,March,3,3,0,1
C07132,2025,5,May,4,4,0,1
C07132,2025,8,August,5,5,0,1
C07132,2025,11,November,6,5,0,1
C07133,2025,11,November,1,0,1,0
C07134,2025,5,May,1,1,1,0
C07134,2025,11,November,2,2,0,1
C07135,2025,1,January,1,1,1,0
C07135,2025,4,April,2,2,0,1
C07135,2025,5,May,3,3,0,1
C07136,2025,9,September,1,0,1,0
C07137,2025,6,June,1,1,1,0
C07137,2025,11,November,2,1,0,0
C07138,2024,8,August,1,1,1,0
C07138,2025,10,October,2,2,0,1
C07138,2025,12,December,3,3,0,1
C07139,2024,9,September,1,0,1,0
C07139,2025,5,May,3,2,0,1
C07139,2025,8,August,5,3,0,1
C07140,2025,1,January,1,0,1,0
C07140,2025,2,February,2,1,0,0
C07140,2025,3,March,3,2,0,1
C07140,2025,4,April,4,3,0,1
C07140,2025,5,May,5,4,0,1
C07140,2025,6,June,6,5,0,1
C07140,2025,11,November,7,6,0,1
C07141,2024,11,November,1,2,0,1
C07141,2025,2,February,3,3,0,1
C07141,2025,4,April,4,4,0,1
C07141,2025,6,June,5,5,0,1
C07141,2025,7,July,6,6,0,1
C07141,2025,10,October,7,7,0,1
C07142,2024,7,July,1,1,1,0
C07142,2024,9,September,2,2,0,1
C07142,2025,4,April,3,3,0,1
C07142,2025,6,June,4,3,0,1
C07142,2025,8,August,5,4,0,1
C07142,2025,10,October,6,6,0,1
C07142,2025,11,November,8,7,0,1
C07143,2025,4,April,1,1,1,0
C07143,2025,5,May,2,1,0,0
C07143,2025,7,July,3,2,0,1
C07144,2024,7,July,1,0,1,0
C07144,2024,9,September,2,1,0,0
C07144,2025,7,July,3,1,0,0
C07144,2025,8,August,4,2,0,1
C07145,2024,12,December,1,0,1,0
C07145,2025,3,March,2,1,0,0
C07145,2025,4,April,3,2,0,1
C07145,2025,7,July,4,2,0,1
C07145,2025,10,October,5,3,0,1
C07145,2025,12,December,6,4,0,1
C07146,2024,9,September,1,1,1,0
C07146,2024,10,October,3,2,0,1
C07146,2025,1,January,4,3,0,1
C07146,2025,3,March,5,4,0,1
C07146,2025,4,April,6,5,0,1
C07146,2025,7,July,7,6,0,1
C07146,2025,8,August,8,7,0,1
C07147,2024,8,August,1,1,1,0
C07147,2024,11,November,2,2,0,1
C07147,2025,2,February,3,4,0,1
C07147,2025,8,August,5,5,0,1
C07147,2025,12,December,6,6,0,1
C07148,2025,8,August,1,0,1,0
C07148,2025,12,December,2,0,0,0
C07149,2024,11,November,1,0,1,0
C07150,2024,10,October,1,1,1,0
C07150,2025,2,February,2,2,0,1
C07150,2025,3,March,3,3,0,1
C07150,2025,8,August,4,4,0,1
C07151,2025,2,February,1,1,1,0
C07152,2025,5,May,1,1,1,0
C07152,2025,7,July,2,2,0,1
C07152,2025,8,August,3,3,0,1
C07152,2025,9,September,4,3,0,1
C07154,2024,9,September,1,1,1,0
C07154,2024,11,November,2,2,0,1
C07154,2024,12,December,3,3,0,1
C07154,2025,3,March,4,4,0,1
C07154,2025,7,July,5,5,0,1
C07154,2025,10,October,7,6,0,1
C07154,2025,11,November,8,6,0,1
C07154,2025,12,December,9,7,0,1
C07155,2024,7,July,1,1,1,0
C07155,2025,7,July,2,2,0,1
C07155,2025,11,November,3,2,0,1
C07155,2025,12,December,4,2,0,1
C07156,2025,3,March,1,1,1,0
C07156,2025,7,July,2,2,0,1
C07156,2025,9,September,3,3,0,1
C07156,2025,10,October,4,4,0,1
C07156,2025,11,November,5,5,0,1
C07157,2024,10,October,1,1,1,0
C07157,2024,11,November,2,2,0,1
C07157,2025,1,January,3,3,0,1
C07158,2025,2,February,1,0,1,0
C07158,2025,11,November,2,1,0,0
C07159,2024,7,July,1,1,1,0
C07160,2025,6,June,1,0,1,0
C07160,2025,7,July,2,1,0,0
C07160,2025,9,September,3,2,0,1
C07161,2024,7,July,1,1,1,0
C07161,2025,4,April,2,1,0,0
C07161,2025,9,September,3,1,0,0
C07162,2024,7,July,1,1,1,0
C07162,2024,11,November,2,1,0,0
C07163,2024,9,September,1,0,1,0
C07163,2025,6,June,2,1,0,0
C07164,2024,12,December,1,1,1,0
C07164,2025,3,March,2,2,0,1
C07164,2025,4,April,3,3,0,1
C07164,2025,5,May,4,4,0,1
C07164,2025,6,June,5,5,0,1
C07164,2025,7,July,6,5,0,1
C07164,2025,12,December,8,5,0,1
C07165,2024,10,October,1,1,1,0
C07165,2024,11,November,2,1,0,0
C07165,2025,2,February,3,2,0,1
C07165,2025,3,March,4,3,0,1
C07165,2025,5,May,5,3,0,1
C07165,2025,8,August,6,4,0,1
C07166,2024,7,July,1,1,1,0
C07166,2024,11,November,3,2,0,1
C07166,2025,1,January,4,2,0,1
C07166,2025,6,June,5,3,0,1
C07167,2024,7,July,1,1,1,0
C07167,2025,3,March,2,2,0,1
C07168,2025,1,January,1,0,1,0
C07168,2025,5,May,2,1,0,0
C07169,2024,9,September,1,1,1,0
C07169,2024,11,November,2,2,0,1
C07169,2025,1,January,3,3,0,1
C07169,2025,3,March,4,4,0,1
C07169,2025,8,August,5,5,0,1
C07170,2024,10,October,1,1,1,0
C07170,2025,2,February,2,2,0,1
C07170,2025,11,November,3,4,0,1
C07171,2024,7,July,1,1,1,0
C07174,2024,11,November,1,1,1,0
C07174,2025,1,January,2,2,0,1
C07174,2025,2,February,3,3,0,1
C07174,2025,5,May,4,4,0,1
C07174,2025,9,September,5,5,0,1
C07174,2025,11,November,6,6,0,1
C07174,2025,12,December,7,7,0,1
C07175,2024,7,July,1,1,1,0
C07175,2025,2,February,2,2,0,1
C07175,2025,7,July,3,2,0,1
C07176,2024,11,November,1,1,1,0
C07176,2025,2,February,2,2,0,1
C07176,2025,3,March,3,3,0,1
C07176,2025,6,June,4,4,0,1
C07176,2025,11,November,5,5,0,1
C07177,2024,7,July,1,1,1,0
C07177,2024,8,August,2,2,0,1
C07177,2024,9,September,3,3,0,1
C07177,2024,12,December,5,4,0,1
C07177,2025,9,September,6,5,0,1
C07177,2025,11,November,7,6,0,1
C07177,2025,12,December,8,7,0,1
C07178,2024,8,August,1,1,1,0
C07178,2025,2,February,2,2,0,1
C07179,2024,8,August,1,1,1,0
C07180,2025,1,January,1,0,1,0
C07180,2025,6,June,3,1,0,0
C07181,2024,10,October,1,1,1,0
C07181,2025,7,July,2,2,0,1
C07181,2025,8,August,3,3,0,1
C07181,2025,11,November,4,3,0,1
C07182,2024,7,July,1,1,1,0
C07182,2024,9,September,2,2,0,1
C07182,2024,11,November,3,3,0,1
C07183,2024,10,October,1,1,1,0
C07184,2024,10,October,1,1,1,0
C07184,2024,12,December,2,2,0,1
C07184,2025,3,March,3,3,0,1
C07185,2024,9,September,1,1,1,0
C07185,2024,10,October,2,2,0,1
C07185,2025,1,January,3,3,0,1
C07185,2025,8,August,4,4,0,1
C07186,2024,9,September,1,0,1,0
C07186,2025,5,May,2,0,0,0
C07187,2024,7,July,1,1,1,0
C07187,2024,10,October,2,2,0,1
C07187,2025,2,February,3,3,0,1
C07187,2025,11,November,4,4,0,1
C07187,2025,12,December,5,5,0,1
C07188,2024,7,July,1,1,1,0
C07188,2024,9,September,2,3,0,1
C07188,2024,12,December,4,3,0,1
C07188,2025,1,January,5,4,0,1
C07188,2025,4,April,6,5,0,1
C07188,2025,5,May,7,6,0,1
C07188,2025,7,July,8,7,0,1
C07188,2025,8,August,9,8,0,1
C07190,2024,11,November,1,1,1,0
C07191,2025,6,June,1,1,1,0
C07192,2024,8,August,1,1,1,0
C07192,2025,3,March,2,2,0,1
C07192,2025,6,June,3,3,0,1
C07192,2025,7,July,4,3,0,1
C07193,2025,6,June,1,0,1,0
C07194,2024,10,October,1,1,1,0
C07194,2025,2,February,2,2,0,1
C07194,2025,3,March,3,3,0,1
C07195,2024,11,November,1,1,1,0
C07195,2024,12,December,2,1,0,0
C07195,2025,7,July,3,1,0,0
C07195,2025,8,August,4,2,0,1
C07197,2025,3,March,1,0,1,0
C07197,2025,10,October,2,1,0,0
C07197,2025,12,December,3,1,0,0
C07198,2024,12,December,1,1,1,0
C07198,2025,4,April,2,2,0,1
C07199,2024,11,November,1,1,1,0
C07199,2024,12,December,2,2,0,1
C07199,2025,5,May,3,3,0,1
C07200,2024,7,July,1,1,1,0
C07200,2024,11,November,2,2,0,1
C07200,2025,3,March,3,4,0,1
C07200,2025,9,September,5,5,0,1
C07200,2025,11,November,6,6,0,1
C07201,2024,7,July,1,2,0,1
C07201,2024,9,September,3,3,0,1
C07201,2025,4,April,4,4,0,1
C07202,2024,9,September,1,1,1,0
C07202,2024,12,December,2,2,0,1
C07202,2025,2,February,3,3,0,1
C07202,2025,4,April,4,4,0,1
C07202,2025,5,May,5,5,0,1
C07202,2025,11,November,6,6,0,1
C07203,2024,7,July,1,1,1,0
C07203,2024,8,August,2,2,0,1
C07203,2024,10,October,3,3,0,1
C07203,2025,1,January,4,4,0,1
C07203,2025,2,February,5,4,0,1
C07203,2025,5,May,6,6,0,1
C07203,2025,7,July,8,9,0,1
C07203,2025,11,November,11,11,0,1
C07204,2024,12,December,1,0,1,0
C07204,2025,1,January,2,1,0,0
C07204,2025,8,August,3,2,0,1
C07204,2025,12,December,4,2,0,1
C07205,2024,9,September,1,1,1,0
C07205,2024,11,November,2,2,0,1
C07206,2024,9,September,1,1,1,0
C07206,2024,10,October,3,2,0,1
C07206,2024,11,November,4,3,0,1
C07206,2025,3,March,5,4,0,1
C07206,2025,4,April,6,5,0,1
C07206,2025,9,September,7,6,0,1
C07207,2024,8,August,1,1,1,0
C07207,2024,10,October,2,2,0,1
C07207,2024,12,December,3,3,0,1
C07207,2025,4,April,4,4,0,1
C07207,2025,5,May,5,5,0,1
C07207,2025,7,July,6,6,0,1
C07207,2025,11,November,7,6,0,1
C07207,2025,12,December,8,7,0,1
C07208,2025,9,September,1,2,0,1
C07208,2025,12,December,3,4,0,1
C07210,2024,9,September,1,1,1,0
C07210,2025,4,April,2,1,0,0
C07212,2024,9,September,1,1,1,0
C07212,2024,11,November,2,2,0,1
C07212,2025,3,March,3,3,0,1
C07213,2024,7,July,1,1,1,0
C07213,2025,8,August,2,1,0,0
C07214,2024,10,October,1,1,1,0
C07214,2025,11,November,2,2,0,1
C07215,2024,8,August,1,0,1,0
C07215,2025,11,November,2,0,0,0
C07216,2024,7,July,1,1,1,0
C07216,2024,10,October,4,2,0,1
C07216,2024,12,December,5,3,0,1
C07216,2025,2,February,6,5,0,1
C07216,2025,4,April,8,5,0,1
C07216,2025,6,June,9,6,0,1
C07216,2025,10,October,10,8,0,1
C07216,2025,11,November,12,9,0,1
C07217,2025,1,January,1,1,1,0
C07217,2025,4,April,2,2,0,1
C07217,2025,9,September,3,2,0,1
C07217,2025,11,November,4,3,0,1
C07218,2024,8,August,1,1,1,0
C07218,2025,4,April,2,2,0,1
C07219,2024,9,September,1,1,1,0
C07219,2025,1,January,2,2,0,1
C07219,2025,3,March,3,3,0,1
C07219,2025,7,July,4,4,0,1
C07219,2025,9,September,5,4,0,1
C07219,2025,10,October,6,5,0,1
C07219,2025,11,November,7,5,0,1
C07221,2024,7,July,1,2,0,1
C07221,2024,9,September,3,4,0,1
C07221,2025,5,May,5,5,0,1
C07221,2025,7,July,6,6,0,1
C07221,2025,9,September,7,7,0,1
C07221,2025,10,October,8,8,0,1
C07221,2025,12,December,9,9,0,1
C07222,2024,7,July,1,0,1,0
C07222,2024,9,September,2,1,0,0
C07222,2025,8,August,3,2,0,1
C07222,2025,11,November,4,3,0,1
C07223,2025,1,January,1,1,1,0
C07223,2025,4,April,2,2,0,1
C07224,2025,3,March,1,1,1,0
C07224,2025,12,December,2,4,0,1
C07226,2024,11,November,1,1,1,0
C07226,2025,1,January,2,2,0,1
C07227,2024,9,September,1,1,1,0
C07228,2024,7,July,1,1,1,0
C07228,2025,4,April,2,2,0,1
C07228,2025,7,July,3,3,0,1
C07229,2024,9,September,1,1,1,0
C07231,2025,12,December,1,1,1,0
C07232,2024,10,October,1,1,1,0
C07232,2025,4,April,3,2,0,1
C07232,2025,12,December,4,3,0,1
C07233,2024,8,August,1,1,1,0
C07233,2025,7,July,2,2,0,1
C07233,2025,12,December,3,3,0,1
C07234,2025,5,May,1,1,1,0
C07234,2025,11,November,2,2,0,1
C07234,2025,12,December,3,2,0,1
C07235,2024,7,July,1,1,1,0
C07235,2025,4,April,2,2,0,1
C07235,2025,10,October,3,3,0,1
C07236,2025,1,January,1,1,1,0
C07237,2024,11,November,1,1,1,0
C07237,2025,4,April,2,2,0,1
C07238,2024,10,October,1,1,1,0
C07238,2025,7,July,2,2,0,1
C07239,2024,11,November,1,1,1,0
C07240,2024,7,July,1,1,1,0
C07240,2024,8,August,2,2,0,1
C07240,2025,4,April,3,3,0,1
C07240,2025,6,June,4,4,0,1
C07241,2024,12,December,1,1,1,0
C07241,2025,6,June,2,2,0,1
C07241,2025,9,September,3,3,0,1
C07241,2025,12,December,4,3,0,1
C07242,2025,8,August,1,1,1,0
C07243,2024,12,December,1,1,1,0
C07243,2025,6,June,2,2,0,1
C07243,2025,8,August,3,3,0,1
C07243,2025,11,November,4,4,0,1
C07244,2024,8,August,1,1,1,0
C07244,2024,9,September,2,2,0,1
C07244,2024,11,November,3,3,0,1
C07244,2025,1,January,4,4,0,1
C07244,2025,5,May,5,5,0,1
C07244,2025,10,October,6,6,0,1
C07246,2024,7,July,1,1,1,0
C07246,2025,4,April,2,2,0,1
C07246,2025,8,August,3,4,0,1
C07247,2024,7,July,1,1,1,0
C07247,2024,9,September,2,2,0,1
C07247,2024,10,October,3,4,0,1
C07247,2025,11,November,6,5,0,1
C07247,2025,12,December,7,6,0,1
C07248,2024,7,July,1,1,1,0
C07248,2025,7,July,2,2,0,1
C07248,2025,11,November,3,3,0,1
C07249,2024,9,September,1,0,1,0
C07249,2025,4,April,2,1,0,0
C07250,2024,10,October,1,1,1,0
C07250,2024,12,December,2,1,0,0
C07250,2025,3,March,3,2,0,1
C07251,2025,1,January,1,1,1,0
C07251,2025,4,April,2,2,0,1
C07251,2025,11,November,3,3,0,1
C07251,2025,12,December,4,3,0,1
C07252,2024,9,September,1,1,1,0
C07252,2024,10,October,2,2,0,1
C07252,2025,9,September,3,2,0,1
C07253,2024,12,December,1,1,1,0
C07253,2025,10,October,2,2,0,1
C07253,2025,11,November,3,3,0,1
C07254,2024,9,September,1,2,0,1
C07255,2024,12,December,1,0,1,0
C07255,2025,5,May,2,1,0,0
C07255,2025,9,September,4,2,0,1
C07255,2025,12,December,5,3,0,1
C07256,2024,10,October,1,1,1,0
C07256,2025,1,January,3,2,0,1
C07256,2025,2,February,4,3,0,1
C07256,2025,3,March,5,4,0,1
C07256,2025,7,July,7,5,0,1
C07256,2025,11,November,8,5,0,1
C07257,2024,11,November,1,1,1,0
C07257,2025,7,July,2,3,0,1
C07258,2025,1,January,1,1,1,0
C07258,2025,3,March,2,2,0,1
C07258,2025,7,July,3,3,0,1
C07259,2025,5,May,1,1,1,0
C07260,2024,7,July,1,0,1,0
C07260,2025,4,April,2,1,0,0
C07260,2025,7,July,3,2,0,1
C07260,2025,11,November,4,3,0,1
C07261,2024,9,September,1,0,1,0
C07261,2025,3,March,2,1,0,0
C07261,2025,6,June,3,2,0,1
C07261,2025,12,December,4,3,0,1
C07262,2024,11,November,1,2,0,1
C07262,2025,10,October,3,3,0,1
C07263,2024,7,July,1,1,1,0
C07263,2024,12,December,2,2,0,1
C07263,2025,5,May,3,4,0,1
C07263,2025,9,September,5,5,0,1
C07264,2025,5,May,1,1,1,0
C07264,2025,10,October,2,1,0,0
C07264,2025,11,November,3,2,0,1
C07264,2025,12,December,4,3,0,1
C07265,2024,11,November,1,1,1,0
C07265,2025,4,April,2,1,0,0
C07265,2025,8,August,3,3,0,1
C07266,2024,8,August,1,1,1,0
C07266,2025,7,July,2,2,0,1
C07266,2025,10,October,3,3,0,1
C07267,2024,9,September,1,1,1,0
C07267,2024,10,October,2,2,0,1
C07267,2025,3,March,3,3,0,1
C07267,2025,4,April,4,5,0,1
C07267,2025,5,May,6,6,0,1
C07267,2025,7,July,7,7,0,1
C07267,2025,10,October,8,9,0,1
C07267,2025,11,November,10,9,0,1
C07267,2025,12,December,11,9,0,1
C07268,2024,7,July,1,1,1,0
C07268,2024,8,August,2,2,0,1
C07268,2024,9,September,3,3,0,1
C07268,2025,7,July,4,4,0,1
C07268,2025,9,September,5,4,0,1
C07269,2024,7,July,1,1,1,0
C07269,2025,1,January,2,2,0,1
C07269,2025,10,October,3,3,0,1
C07270,2024,8,August,1,2,0,1
C07270,2024,10,October,3,3,0,1
C07270,2024,12,December,4,4,0,1
C07270,2025,3,March,5,5,0,1
C07270,2025,4,April,6,6,0,1
C07270,2025,6,June,7,6,0,1
C07270,2025,7,July,8,7,0,1
C07271,2024,11,November,1,1,1,0
C07271,2025,2,February,2,2,0,1
C07271,2025,6,June,3,3,0,1
C07271,2025,10,October,4,4,0,1
C07272,2025,1,January,1,1,1,0
C07272,2025,4,April,2,2,0,1
C07272,2025,11,November,3,3,0,1
C07273,2024,7,July,1,1,1,0
C07273,2024,9,September,2,2,0,1
C07273,2025,6,June,3,3,0,1
C07273,2025,12,December,4,4,0,1
C07274,2025,1,January,1,0,1,0
C07274,2025,9,September,2,1,0,0
C07275,2025,8,August,1,1,1,0
C07276,2024,7,July,1,1,1,0
C07276,2024,12,December,2,1,0,0
C07276,2025,6,June,3,2,0,1
C07277,2024,10,October,1,1,1,0
C07277,2024,12,December,2,2,0,1
C07277,2025,6,June,3,3,0,1
C07277,2025,11,November,4,4,0,1
C07278,2025,9,September,1,1,1,0
C07278,2025,10,October,2,2,0,1
C07279,2024,12,December,1,1,1,0
C07279,2025,6,June,2,1,0,0
C07280,2024,9,September,1,1,1,0
C07280,2025,3,March,2,2,0,1
C07281,2024,9,September,1,1,1,0
C07281,2025,8,August,2,1,0,0
C07281,2025,10,October,3,2,0,1
C07282,2024,12,December,1,1,1,0
C07282,2025,1,January,2,2,0,1
C07282,2025,12,December,3,3,0,1
C07283,2024,8,August,1,1,1,0
C07283,2025,8,August,2,1,0,0
C07283,2025,10,October,3,2,0,1
C07284,2024,8,August,1,1,1,0
C07284,2025,1,January,2,2,0,1
C07284,2025,3,March,3,4,0,1
C07284,2025,6,June,5,4,0,1
C07284,2025,10,October,6,5,0,1
C07285,2024,12,December,1,1,1,0
C07285,2025,3,March,2,2,0,1
C07285,2025,10,October,3,3,0,1
C07286,2024,12,December,1,1,1,0
C07286,2025,6,June,2,2,0,1
C07287,2025,2,February,1,1,1,0
C07287,2025,4,April,2,2,0,1
C07288,2024,9,September,1,1,1,0
C07288,2024,12,December,2,2,0,1
C07288,2025,7,July,3,3,0,1
C07289,2024,10,October,1,1,1,0
C07289,2025,6,June,2,2,0,1
C07289,2025,10,October,3,3,0,1
C07290,2024,9,September,1,1,1,0
C07290,2025,11,November,2,2,0,1
C07291,2024,8,August,1,1,1,0
C07291,2025,6,June,2,2,0,1
C07291,2025,8,August,3,3,0,1
C07291,2025,11,November,4,4,0,1
C07292,2024,11,November,1,0,1,0
C07292,2025,3,March,2,1,0,0
C07292,2025,6,June,3,2,0,1
C07292,2025,12,December,4,3,0,1
C07293,2024,7,July,1,0,1,0
C07293,2024,8,August,3,1,0,0
C07293,2024,9,September,4,2,0,1
C07293,2024,12,December,5,4,0,1
C07293,2025,2,February,7,5,0,1
C07293,2025,9,September,8,6,0,1
C07293,2025,11,November,9,7,0,1
C07293,2025,12,December,10,9,0,1
C07294,2025,1,January,1,1,1,0
C07295,2025,2,February,1,1,1,0
C07295,2025,6,June,2,2,0,1
C07295,2025,7,July,3,3,0,1
C07295,2025,11,November,4,4,0,1
C07297,2025,10,October,1,2,0,1
C07297,2025,11,November,3,3,0,1
C07298,2025,3,March,1,1,1,0
C07298,2025,7,July,2,2,0,1
C07298,2025,8,August,3,2,0,1
C07298,2025,10,October,4,3,0,1
C07299,2024,10,October,1,1,1,0
C07299,2025,3,March,2,2,0,1
C07299,2025,4,April,3,3,0,1
C07300,2024,9,September,1,1,1,0
C07301,2025,5,May,1,2,0,1
C07301,2025,12,December,3,3,0,1
C07302,2025,6,June,1,1,1,0
C07302,2025,12,December,2,2,0,1
C07303,2024,11,November,1,1,1,0
C07303,2025,1,January,2,2,0,1
C07303,2025,8,August,3,3,0,1
C07303,2025,12,December,4,4,0,1
C07304,2024,10,October,1,1,1,0
C07304,2025,1,January,2,2,0,1
C07304,2025,2,February,3,3,0,1
C07304,2025,10,October,4,4,0,1
C07305,2024,11,November,1,1,1,0
C07305,2025,6,June,2,1,0,0
C07305,2025,12,December,3,2,0,1
C07306,2025,9,September,1,1,1,0
C07306,2025,10,October,2,1,0,0
C07306,2025,12,December,3,2,0,1
C07307,2024,10,October,1,1,1,0
C07307,2025,4,April,2,2,0,1
C07307,2025,12,December,3,2,0,1
C07308,2024,8,August,1,1,1,0
C07308,2024,11,November,2,3,0,1
C07308,2024,12,December,4,3,0,1
C07308,2025,1,January,5,4,0,1
C07308,2025,4,April,6,5,0,1
C07308,2025,9,September,8,5,0,1
C07308,2025,10,October,9,6,0,1
C07308,2025,11,November,10,6,0,1
C07309,2024,9,September,1,1,1,0
C07309,2025,10,October,2,3,0,1
C07310,2024,8,August,1,1,1,0
C07310,2024,10,October,2,2,0,1
C07310,2024,12,December,3,3,0,1
C07310,2025,7,July,4,5,0,1
C07310,2025,8,August,6,6,0,1
C07310,2025,10,October,7,8,0,1
C07311,2025,7,July,1,0,1,0
C07311,2025,10,October,2,1,0,0
C07312,2024,10,October,1,2,0,1
C07312,2025,6,June,3,4,0,1
C07312,2025,9,September,5,7,0,1
C07312,2025,10,October,8,8,0,1
C07312,2025,11,November,9,9,0,1
C07313,2024,8,August,1,1,1,0
C07313,2025,3,March,2,2,0,1
C07313,2025,8,August,3,2,0,1
C07313,2025,12,December,4,4,0,1
C07314,2024,7,July,1,1,1,0
C07314,2024,8,August,2,2,0,1
C07314,2025,3,March,3,2,0,1
C07314,2025,5,May,4,3,0,1
C07314,2025,8,August,5,4,0,1
C07314,2025,9,September,6,5,0,1
C07317,2024,7,July,1,1,1,0
C07317,2025,2,February,2,2,0,1
C07317,2025,8,August,3,3,0,1
C07318,2025,2,February,1,1,1,0
C07319,2024,10,October,1,1,1,0
C07319,2025,8,August,2,2,0,1
C07319,2025,11,November,3,3,0,1
C07320,2025,1,January,1,1,1,0
C07320,2025,7,July,2,2,0,1
C07320,2025,11,November,3,3,0,1
C07321,2024,11,November,1,0,1,0
C07321,2025,2,February,2,1,0,0
C07321,2025,10,October,3,2,0,1
C07323,2024,10,October,1,0,1,0
C07323,2024,11,November,2,0,0,0
C07323,2024,12,December,4,1,0,0
C07323,2025,2,February,5,1,0,0
C07323,2025,3,March,6,3,0,1
C07323,2025,12,December,8,5,0,1
C07324,2024,11,November,1,1,1,0
C07324,2025,10,October,2,2,0,1
C07325,2024,7,July,1,0,1,0
C07325,2024,8,August,2,1,0,0
C07325,2025,2,February,3,2,0,1
C07325,2025,6,June,4,3,0,1
C07326,2024,8,August,1,0,1,0
C07326,2024,9,September,2,0,0,0
C07326,2025,3,March,3,1,0,0
C07326,2025,5,May,4,2,0,1
C07327,2024,10,October,1,1,1,0
C07327,2024,12,December,2,2,0,1
C07327,2025,3,March,3,3,0,1
C07328,2024,10,October,1,1,1,0
C07328,2024,11,November,2,2,0,1
C07328,2025,5,May,3,3,0,1
C07328,2025,7,July,4,4,0,1
C07329,2024,9,September,1,1,1,0
C07329,2024,10,October,2,1,0,0
C07329,2025,5,May,3,2,0,1
C07329,2025,8,August,4,4,0,1
C07329,2025,9,September,6,5,0,1
C07329,2025,10,October,7,6,0,1
C07330,2024,9,September,1,1,1,0
C07330,2024,10,October,2,2,0,1
C07330,2024,12,December,3,3,0,1
C07330,2025,7,July,4,4,0,1
C07331,2024,11,November,1,1,1,0
C07331,2025,1,January,2,2,0,1
C07331,2025,3,March,3,3,0,1
C07331,2025,6,June,4,4,0,1
C07331,2025,8,August,5,5,0,1
C07331,2025,9,September,6,5,0,1
C07331,2025,11,November,7,6,0,1
C07332,2024,8,August,1,1,1,0
C07332,2025,4,April,2,1,0,0
C07332,2025,9,September,3,2,0,1
C07332,2025,11,November,4,2,0,1
C07334,2024,12,December,1,1,1,0
C07334,2025,2,February,2,1,0,0
C07334,2025,3,March,3,2,0,1
C07334,2025,6,June,4,4,0,1
C07334,2025,7,July,7,5,0,1
C07334,2025,8,August,8,6,0,1
C07334,2025,10,October,9,7,0,1
C07335,2024,11,November,1,1,1,0
C07335,2024,12,December,2,1,0,0
C07335,2025,5,May,3,1,0,0
C07336,2024,7,July,1,2,0,1
C07336,2024,12,December,3,3,0,1
C07336,2025,1,January,4,4,0,1
C07336,2025,2,February,5,4,0,1
C07336,2025,7,July,6,5,0,1
C07336,2025,9,September,7,6,0,1
C07336,2025,10,October,8,6,0,1
C07337,2024,7,July,1,0,1,0
C07337,2024,8,August,2,1,0,0
C07337,2024,9,September,3,2,0,1
C07337,2024,10,October,4,3,0,1
C07337,2025,1,January,5,4,0,1
C07337,2025,4,April,6,5,0,1
C07337,2025,6,June,7,6,0,1
C07337,2025,9,September,8,7,0,1
C07337,2025,10,October,9,8,0,1
C07338,2024,7,July,1,1,1,0
C07338,2024,8,August,2,2,0,1
C07338,2024,9,September,4,3,0,1
C07338,2024,10,October,6,4,0,1
C07338,2024,12,December,7,4,0,1
C07338,2025,5,May,8,7,0,1
C07338,2025,7,July,11,8,0,1
C07338,2025,9,September,12,9,0,1
C07339,2024,9,September,1,1,1,0
C07339,2025,5,May,2,2,0,1
C07340,2025,9,September,1,1,1,0
C07341,2024,12,December,1,1,1,0
C07341,2025,1,January,2,2,0,1
C07341,2025,3,March,3,3,0,1
C07341,2025,7,July,4,4,0,1
C07342,2024,10,October,1,1,1,0
C07342,2025,2,February,2,2,0,1
C07343,2024,8,August,1,1,1,0
C07343,2024,10,October,2,2,0,1
C07343,2025,10,October,3,2,0,1
C07344,2025,4,April,1,0,1,0
C07345,2024,7,July,1,1,1,0
C07345,2024,9,September,2,2,0,1
C07345,2025,2,February,3,3,0,1
C07345,2025,6,June,4,3,0,1
C07346,2025,4,April,1,1,1,0
C07346,2025,8,August,2,2,0,1
C07347,2025,3,March,1,1,1,0
C07347,2025,6,June,2,2,0,1
C07349,2025,4,April,1,2,0,1
C07350,2025,7,July,1,1,1,0
C07350,2025,9,September,2,2,0,1
C07351,2024,7,July,1,1,1,0
C07351,2024,8,August,3,1,0,0
C07351,2025,3,March,4,2,0,1
C07351,2025,6,June,5,3,0,1
C07351,2025,7,July,6,4,0,1
C07352,2024,9,September,1,2,0,1
C07352,2024,10,October,3,3,0,1
C07352,2025,4,April,4,4,0,1
C07352,2025,9,September,5,5,0,1
C07353,2025,3,March,1,0,1,0
C07353,2025,4,April,2,1,0,0
C07353,2025,10,October,3,2,0,1
C07354,2024,12,December,1,1,1,0
C07354,2025,6,June,2,2,0,1
C07355,2025,6,June,1,1,1,0
C07355,2025,8,August,2,2,0,1
C07355,2025,9,September,3,2,0,1
C07356,2024,10,October,1,0,1,0
C07356,2025,7,July,2,1,0,0
C07356,2025,11,November,4,2,0,1
C07357,2024,9,September,1,1,1,0
C07357,2025,10,October,2,1,0,0
C07358,2024,12,December,1,1,1,0
C07358,2025,10,October,2,2,0,1
C07359,2024,7,July,1,1,1,0
C07359,2025,9,September,2,2,0,1
C07360,2024,7,July,1,1,1,0
C07360,2024,9,September,2,2,0,1
C07360,2024,11,November,3,3,0,1
C07360,2024,12,December,4,5,0,1
C07360,2025,3,March,7,6,0,1
C07360,2025,5,May,8,7,0,1
C07360,2025,7,July,9,8,0,1
C07360,2025,8,August,10,9,0,1
C07360,2025,11,November,11,12,0,1
C07360,2025,12,December,14,13,0,1
C07361,2024,7,July,1,1,1,0
C07361,2024,10,October,2,1,0,0
C07361,2024,11,November,3,1,0,0
C07361,2025,1,January,4,2,0,1
C07361,2025,2,February,5,3,0,1
C07361,2025,6,June,6,4,0,1
C07361,2025,9,September,7,5,0,1
C07361,2025,10,October,8,6,0,1
C07361,2025,11,November,9,7,0,1
C07362,2024,10,October,1,1,1,0
C07363,2025,2,February,1,0,1,0
C07364,2025,2,February,1,1,1,0
C07364,2025,6,June,2,2,0,1
C07365,2024,9,September,1,1,1,0
C07365,2025,4,April,2,2,0,1
C07365,2025,6,June,3,3,0,1
C07366,2025,4,April,1,1,1,0
C07366,2025,5,May,2,1,0,0
C07366,2025,9,September,3,2,0,1
C07366,2025,10,October,4,3,0,1
C07367,2024,9,September,1,0,1,0
C07367,2025,1,January,2,1,0,0
C07367,2025,2,February,3,2,0,1
C07367,2025,3,March,4,4,0,1
C07367,2025,6,June,6,5,0,1
C07367,2025,8,August,7,6,0,1
C07367,2025,10,October,8,7,0,1
C07367,2025,11,November,9,8,0,1
C07367,2025,12,December,10,9,0,1
C07368,2024,11,November,1,1,1,0
C07368,2024,12,December,3,2,0,1
C07368,2025,4,April,4,3,0,1
C07368,2025,5,May,6,5,0,1
C07368,2025,12,December,8,5,0,1
C07369,2024,8,August,1,1,1,0
C07369,2024,11,November,2,2,0,1
C07369,2025,7,July,3,2,0,1
C07370,2024,7,July,1,1,1,0
C07370,2024,8,August,2,3,0,1
C07370,2024,10,October,4,4,0,1
C07370,2024,11,November,5,5,0,1
C07370,2025,1,January,6,6,0,1
C07370,2025,4,April,7,7,0,1
C07370,2025,5,May,8,8,0,1
C07370,2025,6,June,9,9,0,1
C07370,2025,8,August,10,10,0,1
C07371,2025,1,January,1,1,1,0
C07371,2025,11,November,2,1,0,0
C07372,2024,10,October,1,1,1,0
C07372,2024,11,November,2,2,0,1
C07372,2025,4,April,3,3,0,1
C07373,2024,8,August,1,1,1,0
C07373,2024,11,November,2,1,0,0
C07373,2024,12,December,3,3,0,1
C07373,2025,2,February,5,5,0,1
C07373,2025,3,March,7,6,0,1
C07373,2025,4,April,8,7,0,1
C07373,2025,6,June,9,8,0,1
C07373,2025,9,September,10,10,0,1
C07373,2025,10,October,12,10,0,1
C07374,2025,12,December,1,1,1,0
C07375,2025,1,January,1,1,1,0
C07375,2025,2,February,2,1,0,0
C07375,2025,10,October,3,2,0,1
C07375,2025,12,December,4,3,0,1
C07377,2025,6,June,1,1,1,0
C07378,2024,11,November,1,0,1,0
C07378,2025,2,February,2,1,0,0
C07378,2025,11,November,3,2,0,1
C07379,2024,8,August,1,1,1,0
C07379,2025,3,March,2,2,0,1
C07379,2025,5,May,3,3,0,1
C07380,2025,1,January,1,1,1,0
C07380,2025,8,August,2,2,0,1
C07380,2025,10,October,3,3,0,1
C07381,2024,7,July,1,0,1,0
C07381,2024,8,August,2,1,0,0
C07381,2024,10,October,3,2,0,1
C07381,2025,5,May,4,3,0,1
C07381,2025,6,June,5,4,0,1
C07382,2024,7,July,1,1,1,0
C07382,2025,9,September,2,2,0,1
C07383,2024,12,December,1,1,1,0
C07384,2024,7,July,1,1,1,0
C07384,2024,8,August,2,1,0,0
C07384,2024,12,December,3,2,0,1
C07384,2025,3,March,4,2,0,1
C07384,2025,10,October,5,2,0,1
C07385,2024,10,October,1,1,1,0
C07385,2025,3,March,2,2,0,1
C07385,2025,4,April,3,3,0,1
C07385,2025,5,May,4,3,0,1
C07386,2024,7,July,1,1,1,0
C07386,2024,11,November,2,2,0,1
C07386,2025,10,October,3,3,0,1
C07387,2024,8,August,1,1,1,0
C07387,2024,9,September,3,2,0,1
C07387,2024,10,October,4,3,0,1
C07387,2025,1,January,5,5,0,1
C07387,2025,2,February,7,6,0,1
C07387,2025,3,March,9,7,0,1
C07387,2025,4,April,10,8,0,1
C07387,2025,6,June,11,9,0,1
C07387,2025,9,September,12,10,0,1
C07387,2025,10,October,13,11,0,1
C07389,2024,7,July,1,1,1,0
C07389,2024,8,August,2,3,0,1
C07389,2024,10,October,4,5,0,1
C07389,2024,11,November,6,7,0,1
C07389,2025,2,February,8,9,0,1
C07389,2025,8,August,10,10,0,1
C07389,2025,9,September,11,11,0,1
C07391,2024,12,December,1,1,1,0
C07391,2025,1,January,2,1,0,0
C07391,2025,2,February,3,2,0,1
C07392,2025,4,April,1,1,1,0
C07392,2025,10,October,2,3,0,1
C07393,2024,7,July,1,1,1,0
C07393,2024,11,November,2,2,0,1
C07393,2025,4,April,3,3,0,1
C07393,2025,5,May,4,4,0,1
C07393,2025,7,July,5,6,0,1
C07393,2025,8,August,7,7,0,1
C07393,2025,12,December,8,8,0,1
C07395,2024,10,October,1,0,1,0
C07395,2024,11,November,2,1,0,0
C07395,2025,1,January,3,3,0,1
C07395,2025,2,February,5,3,0,1
C07395,2025,3,March,6,4,0,1
C07395,2025,6,June,7,5,0,1
C07395,2025,7,July,8,6,0,1
C07395,2025,8,August,10,6,0,1
C07395,2025,11,November,11,7,0,1
C07395,2025,12,December,12,8,0,1
C07396,2025,4,April,1,1,1,0
C07397,2024,8,August,1,1,1,0
C07397,2024,10,October,2,2,0,1
C07397,2024,12,December,3,3,0,1
C07397,2025,2,February,4,4,0,1
C07397,2025,5,May,6,5,0,1
C07397,2025,6,June,7,6,0,1
C07397,2025,10,October,8,6,0,1
C07398,2025,3,March,1,1,1,0
C07398,2025,4,April,2,2,0,1
C07398,2025,9,September,3,3,0,1
C07399,2025,4,April,1,1,1,0
C07399,2025,9,September,2,2,0,1
C07399,2025,10,October,3,3,0,1
C07400,2024,9,September,1,1,1,0
C07400,2024,12,December,2,2,0,1
C07401,2025,5,May,1,1,1,0
C07401,2025,10,October,2,1,0,0
C07403,2025,4,April,1,1,1,0
C07404,2024,8,August,1,1,1,0
C07404,2024,10,October,2,2,0,1
C07404,2025,2,February,3,3,0,1
C07404,2025,6,June,4,4,0,1
C07404,2025,10,October,5,5,0,1
C07405,2025,6,June,1,1,1,0
C07405,2025,11,November,2,1,0,0
C07406,2024,10,October,1,2,0,1
C07406,2024,11,November,3,3,0,1
C07406,2024,12,December,4,3,0,1
C07406,2025,1,January,5,3,0,1
C07406,2025,3,March,6,4,0,1
C07406,2025,6,June,7,5,0,1
C07406,2025,10,October,8,6,0,1
C07406,2025,11,November,9,7,0,1
C07407,2024,7,July,1,1,1,0
C07407,2024,10,October,2,1,0,0
C07407,2025,5,May,3,2,0,1
C07407,2025,7,July,4,3,0,1
C07408,2024,8,August,1,1,1,0
C07408,2024,10,October,2,2,0,1
C07408,2025,7,July,3,3,0,1
C07408,2025,8,August,4,4,0,1
C07408,2025,10,October,5,6,0,1
C07408,2025,11,November,8,7,0,1
C07409,2024,11,November,1,1,1,0
C07409,2024,12,December,2,2,0,1
C07409,2025,1,January,3,3,0,1
C07409,2025,2,February,4,5,0,1
C07410,2024,7,July,1,1,1,0
C07410,2025,6,June,2,2,0,1
C07410,2025,8,August,3,3,0,1
C07410,2025,9,September,4,4,0,1
C07410,2025,10,October,5,4,0,1
C07411,2024,8,August,1,1,1,0
C07411,2025,2,February,2,2,0,1
C07411,2025,8,August,3,3,0,1
C07411,2025,9,September,4,4,0,1
C07411,2025,11,November,5,4,0,1
C07412,2025,1,January,1,0,1,0
C07412,2025,4,April,2,1,0,0
C07412,2025,5,May,3,2,0,1
C07412,2025,9,September,5,3,0,1
C07412,2025,12,December,6,3,0,1
C07413,2024,7,July,1,1,1,0
C07413,2024,9,September,2,2,0,1
C07413,2024,11,November,3,3,0,1
C07413,2024,12,December,4,4,0,1
C07413,2025,2,February,5,5,0,1
C07413,2025,10,October,6,5,0,1
C07414,2024,7,July,1,0,1,0
C07414,2024,8,August,2,1,0,0
C07414,2024,9,September,3,2,0,1
C07414,2025,1,January,4,4,0,1
C07414,2025,12,December,6,5,0,1
C07415,2024,8,August,1,1,1,0
C07415,2024,9,September,2,2,0,1
C07415,2024,10,October,3,2,0,1
C07415,2025,3,March,4,3,0,1
C07415,2025,4,April,5,4,0,1
C07415,2025,6,June,6,5,0,1
C07415,2025,9,September,7,6,0,1
C07415,2025,10,October,8,6,0,1
C07415,2025,11,November,9,8,0,1
C07416,2025,1,January,1,1,1,0
C07416,2025,5,May,2,2,0,1
C07416,2025,8,August,3,3,0,1
C07417,2025,3,March,1,1,1,0
C07417,2025,5,May,2,1,0,0
C07418,2025,10,October,1,1,1,0
C07419,2024,8,August,1,1,1,0
C07419,2024,10,October,2,3,0,1
C07419,2025,6,June,4,4,0,1
C07419,2025,8,August,5,4,0,1
C07419,2025,9,September,6,5,0,1
C07420,2024,11,November,1,1,1,0
C07421,2024,7,July,1,1,1,0
C07421,2024,12,December,2,2,0,1
C07421,2025,8,August,3,3,0,1
C07422,2025,3,March,1,1,1,0
C07422,2025,5,May,2,1,0,0
C07423,2025,2,February,1,1,1,0
C07424,2024,10,October,1,1,1,0
C07424,2024,12,December,2,4,0,1
C07424,2025,4,April,5,5,0,1
C07424,2025,6,June,6,7,0,1
C07424,2025,8,August,8,8,0,1
C07424,2025,10,October,9,9,0,1
C07426,2024,7,July,1,0,1,0
C07426,2024,8,August,2,1,0,0
C07426,2024,12,December,3,3,0,1
C07426,2025,4,April,5,4,0,1
C07426,2025,9,September,6,5,0,1
C07427,2024,8,August,1,1,1,0
C07427,2024,9,September,2,2,0,1
C07427,2024,11,November,4,3,0,1
C07427,2025,11,November,5,4,0,1
C07428,2024,7,July,1,0,1,0
C07428,2024,8,August,2,1,0,0
C07428,2025,5,May,3,2,0,1
C07429,2024,7,July,1,1,1,0
C07429,2024,8,August,2,2,0,1
C07429,2025,3,March,3,3,0,1
C07429,2025,5,May,4,4,0,1
C07429,2025,8,August,5,5,0,1
C07429,2025,9,September,6,8,0,1
C07429,2025,10,October,9,8,0,1
C07430,2024,7,July,1,1,1,0
C07430,2024,8,August,2,1,0,0
C07430,2025,11,November,3,2,0,1
C07431,2024,11,November,1,1,1,0
C07431,2025,6,June,2,2,0,1
C07431,2025,10,October,3,3,0,1
C07432,2024,10,October,1,1,1,0
C07432,2024,12,December,2,2,0,1
C07432,2025,3,March,3,2,0,1
C07433,2024,8,August,1,1,1,0
C07433,2025,4,April,2,2,0,1
C07433,2025,9,September,3,3,0,1
C07433,2025,12,December,4,4,0,1
C07434,2024,7,July,1,0,1,0
C07435,2024,10,October,1,1,1,0
C07435,2025,1,January,2,2,0,1
C07435,2025,11,November,3,3,0,1
C07436,2025,9,September,1,1,1,0
C07436,2025,10,October,2,3,0,1
C07437,2024,7,July,1,1,1,0
C07437,2024,8,August,2,2,0,1
C07437,2024,11,November,3,3,0,1
C07437,2025,4,April,4,4,0,1
C07437,2025,10,October,5,5,0,1
C07438,2024,11,November,1,1,1,0
C07438,2025,6,June,2,2,0,1
C07439,2024,10,October,1,0,1,0
C07439,2025,7,July,2,0,0,0
C07439,2025,8,August,3,3,0,1
C07439,2025,10,October,6,4,0,1
C07440,2024,11,November,1,1,1,0
C07441,2025,11,November,1,0,1,0
C07442,2024,8,August,1,1,1,0
C07442,2024,9,September,2,3,0,1
C07442,2024,12,December,4,4,0,1
C07442,2025,9,September,5,5,0,1
C07442,2025,11,November,6,6,0,1
C07443,2025,4,April,1,1,1,0
C07443,2025,11,November,2,2,0,1
C07444,2024,9,September,1,1,1,0
C07444,2025,2,February,2,2,0,1
C07444,2025,8,August,3,3,0,1
C07444,2025,9,September,4,4,0,1
C07444,2025,12,December,5,5,0,1
C07445,2024,12,December,1,0,1,0
C07445,2025,1,January,2,1,0,0
C07445,2025,3,March,3,2,0,1
C07445,2025,9,September,4,3,0,1
C07446,2025,9,September,1,1,1,0
C07446,2025,10,October,2,2,0,1
C07447,2024,12,December,1,1,1,0
C07447,2025,5,May,2,2,0,1
C07449,2024,8,August,1,0,1,0
C07449,2024,10,October,2,1,0,0
C07449,2025,2,February,3,2,0,1
C07450,2024,9,September,1,1,1,0
C07450,2025,1,January,2,2,0,1
C07450,2025,2,February,3,3,0,1
C07450,2025,3,March,4,4,0,1
C07450,2025,6,June,5,5,0,1
C07450,2025,7,July,7,6,0,1
C07450,2025,8,August,10,6,0,1
C07450,2025,9,September,11,6,0,1
C07451,2025,11,November,1,2,0,1
C07452,2024,7,July,1,0,1,0
C07452,2025,7,July,2,0,0,0
C07452,2025,11,November,3,1,0,0
C07453,2025,2,February,1,2,0,1
C07454,2025,7,July,1,1,1,0
C07455,2024,9,September,1,1,1,0
C07455,2024,12,December,2,2,0,1
C07455,2025,10,October,3,3,0,1
C07455,2025,11,November,4,4,0,1
C07455,2025,12,December,5,5,0,1
C07456,2025,4,April,1,0,1,0
C07457,2024,10,October,1,1,1,0
C07457,2024,11,November,2,1,0,0
C07457,2025,4,April,3,2,0,1
C07457,2025,8,August,4,3,0,1
C07458,2024,8,August,1,1,1,0
C07458,2024,11,November,2,3,0,1
C07458,2025,1,January,4,4,0,1
C07458,2025,5,May,5,5,0,1
C07458,2025,6,June,6,5,0,1
C07458,2025,10,October,7,6,0,1
C07458,2025,12,December,8,8,0,1
C07459,2024,11,November,1,1,1,0
C07459,2024,12,December,2,2,0,1
C07459,2025,1,January,3,2,0,1
C07459,2025,3,March,4,4,0,1
C07459,2025,12,December,6,6,0,1
C07461,2025,11,November,1,1,1,0
C07462,2024,10,October,1,1,1,0
C07462,2024,11,November,2,2,0,1
C07462,2025,9,September,3,3,0,1
C07463,2025,1,January,1,1,1,0
C07464,2024,7,July,1,1,1,0
C07464,2025,1,January,3,2,0,1
C07464,2025,4,April,4,2,0,1
C07465,2024,10,October,1,1,1,0
C07465,2024,11,November,2,2,0,1
C07465,2024,12,December,3,3,0,1
C07465,2025,5,May,4,3,0,1
C07465,2025,7,July,5,4,0,1
C07465,2025,8,August,6,6,0,1
C07465,2025,12,December,8,6,0,1
C07466,2024,8,August,1,1,1,0
C07466,2024,10,October,2,2,0,1
C07466,2024,12,December,3,3,0,1
C07466,2025,7,July,4,4,0,1
C07466,2025,9,September,5,4,0,1
C07466,2025,11,November,6,5,0,1
C07467,2025,2,February,1,1,1,0
C07467,2025,3,March,2,2,0,1
C07468,2025,2,February,1,1,1,0
C07468,2025,7,July,2,2,0,1
C07469,2024,10,October,1,1,1,0
C07470,2025,6,June,1,0,1,0
C07471,2024,11,November,1,1,1,0
C07471,2024,12,December,2,1,0,0
C07471,2025,5,May,3,2,0,1
C07472,2024,7,July,1,1,1,0
C07472,2025,1,January,2,1,0,0
C07472,2025,2,February,3,2,0,1
C07472,2025,8,August,4,2,0,1
C07472,2025,11,November,5,3,0,1
C07473,2025,4,April,1,1,1,0
C07474,2025,2,February,1,1,1,0
C07474,2025,6,June,2,2,0,1
C07474,2025,7,July,3,2,0,1
C07475,2024,7,July,1,1,1,0
C07475,2024,10,October,2,1,0,0
C07475,2024,12,December,3,2,0,1
C07475,2025,2,February,4,3,0,1
C07475,2025,3,March,5,4,0,1
C07475,2025,8,August,6,4,0,1
C07475,2025,10,October,7,5,0,1
C07475,2025,11,November,8,6,0,1
C07476,2025,1,January,1,1,1,0
C07476,2025,9,September,2,1,0,0
C07476,2025,11,November,3,2,0,1
C07478,2024,9,September,1,1,1,0
C07478,2025,5,May,2,2,0,1
C07478,2025,12,December,3,3,0,1
C07479,2024,9,September,1,1,1,0
C07479,2025,5,May,2,2,0,1
C07479,2025,7,July,3,5,0,1
C07479,2025,8,August,6,6,0,1
C07479,2025,11,November,7,7,0,1
C07480,2025,3,March,1,1,1,0
C07480,2025,8,August,2,2,0,1
C07481,2024,10,October,1,1,1,0
C07481,2024,11,November,2,2,0,1
C07481,2025,2,February,3,3,0,1
C07481,2025,11,November,4,4,0,1
C07482,2024,11,November,1,1,1,0
C07482,2024,12,December,2,2,0,1
C07482,2025,4,April,4,3,0,1
C07482,2025,5,May,5,4,0,1
C07482,2025,6,June,6,5,0,1
C07482,2025,7,July,7,5,0,1
C07482,2025,10,October,8,6,0,1
C07482,2025,12,December,9,6,0,1
C07483,2024,12,December,1,3,0,1
C07483,2025,4,April,4,3,0,1
C07483,2025,6,June,5,4,0,1
C07484,2024,8,August,1,1,1,0
C07484,2024,9,September,2,2,0,1
C07484,2024,11,November,3,3,0,1
C07484,2024,12,December,4,3,0,1
C07484,2025,2,February,5,4,0,1
C07484,2025,3,March,6,5,0,1
C07484,2025,5,May,7,6,0,1
C07484,2025,8,August,8,7,0,1
C07484,2025,9,September,9,8,0,1
C07484,2025,10,October,10,10,0,1
C07486,2024,8,August,1,1,1,0
C07486,2024,9,September,2,2,0,1
C07486,2025,2,February,3,3,0,1
C07486,2025,5,May,4,5,0,1
C07486,2025,12,December,6,6,0,1
C07487,2025,2,February,1,0,1,0
C07487,2025,7,July,2,1,0,0
C07487,2025,11,November,3,2,0,1
C07487,2025,12,December,4,2,0,1
C07488,2024,7,July,1,1,1,0
C07488,2024,11,November,2,2,0,1
C07488,2025,3,March,3,3,0,1
C07488,2025,5,May,4,4,0,1
C07488,2025,6,June,5,5,0,1
C07489,2025,8,August,1,1,1,0
C07489,2025,12,December,2,2,0,1
C07490,2024,12,December,1,1,1,0
C07491,2024,9,September,1,1,1,0
C07491,2024,10,October,2,2,0,1
C07491,2025,5,May,3,2,0,1
C07492,2024,8,August,1,2,0,1
C07492,2024,12,December,4,3,0,1
C07492,2025,4,April,5,4,0,1
C07492,2025,7,July,6,6,0,1
C07492,2025,11,November,8,7,0,1
C07493,2024,8,August,1,0,1,0
C07493,2025,2,February,2,0,0,0
C07493,2025,3,March,3,2,0,1
C07493,2025,4,April,6,2,0,1
C07493,2025,7,July,7,3,0,1
C07494,2025,6,June,1,1,1,0
C07495,2024,11,November,1,1,1,0
C07495,2025,2,February,2,2,0,1
C07495,2025,6,June,3,3,0,1
C07496,2024,8,August,1,1,1,0
C07496,2024,9,September,2,2,0,1
C07496,2025,2,February,3,3,0,1
C07496,2025,3,March,4,4,0,1
C07497,2025,1,January,1,1,1,0
C07498,2024,7,July,1,1,1,0
C07498,2024,8,August,2,2,0,1
C07498,2024,12,December,3,2,0,1
C07499,2024,10,October,1,1,1,0
C07499,2025,5,May,2,2,0,1
C07499,2025,8,August,3,3,0,1
C07499,2025,11,November,5,4,0,1
C07500,2024,9,September,1,1,1,0
C07500,2025,6,June,2,2,0,1
C07500,2025,12,December,3,3,0,1
C07501,2024,9,September,1,1,1,0
C07501,2025,3,March,2,2,0,1
C07501,2025,8,August,3,3,0,1
C07501,2025,9,September,4,4,0,1
C07502,2025,3,March,1,0,1,0
C07502,2025,9,September,2,1,0,0
C07503,2024,9,September,1,1,1,0
C07503,2024,10,October,2,2,0,1
C07503,2025,1,January,3,3,0,1
C07503,2025,4,April,4,4,0,1
C07503,2025,7,July,5,5,0,1
C07503,2025,9,September,6,6,0,1
C07504,2024,10,October,1,1,1,0
C07504,2025,8,August,2,3,0,1
C07505,2024,9,September,1,0,1,0
C07505,2025,5,May,2,1,0,0
C07505,2025,7,July,3,2,0,1
C07505,2025,8,August,4,3,0,1
C07505,2025,11,November,5,5,0,1
C07506,2025,1,January,1,0,1,0
C07506,2025,5,May,2,0,0,0
C07506,2025,6,June,3,1,0,0
C07506,2025,8,August,4,2,0,1
C07507,2024,8,August,1,0,1,0
C07507,2025,2,February,2,1,0,0
C07507,2025,8,August,3,2,0,1
C07507,2025,9,September,4,2,0,1
C07508,2024,10,October,1,1,1,0
C07508,2024,12,December,2,2,0,1
C07508,2025,2,February,3,3,0,1
C07508,2025,7,July,4,4,0,1
C07508,2025,8,August,5,5,0,1
C07508,2025,9,September,6,6,0,1
C07508,2025,10,October,7,7,0,1
C07509,2024,7,July,1,1,1,0
C07509,2025,6,June,2,2,0,1
C07510,2025,2,February,1,1,1,0
C07510,2025,10,October,2,2,0,1
C07511,2024,11,November,1,0,1,0
C07511,2025,2,February,2,1,0,0
C07511,2025,6,June,4,3,0,1
C07513,2024,11,November,1,1,1,0
C07513,2025,11,November,2,1,0,0
C07515,2024,9,September,1,1,1,0
C07515,2024,11,November,2,2,0,1
C07515,2024,12,December,3,3,0,1
C07515,2025,9,September,4,4,0,1
C07516,2024,8,August,1,1,1,0
C07516,2024,9,September,2,2,0,1
C07516,2024,11,November,3,3,0,1
C07516,2024,12,December,4,3,0,1
C07516,2025,9,September,5,4,0,1
C07516,2025,10,October,6,5,0,1
C07517,2024,7,July,1,2,0,1
C07517,2024,8,August,3,3,0,1
C07517,2024,9,September,4,4,0,1
C07517,2025,1,January,5,5,0,1
C07517,2025,2,February,6,6,0,1
C07517,2025,3,March,7,7,0,1
C07517,2025,4,April,8,7,0,1
C07517,2025,11,November,9,8,0,1
C07518,2025,5,May,1,1,1,0
C07518,2025,8,August,2,2,0,1
C07519,2024,12,December,1,0,1,0
C07519,2025,7,July,2,1,0,0
C07519,2025,9,September,3,1,0,0
C07519,2025,12,December,5,2,0,1
C07520,2024,11,November,1,0,1,0
C07520,2024,12,December,2,1,0,0
C07520,2025,1,January,3,2,0,1
C07520,2025,3,March,4,3,0,1
C07520,2025,4,April,5,4,0,1
C07520,2025,8,August,6,5,0,1
C07521,2024,11,November,1,1,1,0
C07521,2025,1,January,2,2,0,1
C07522,2024,7,July,1,1,1,0
C07522,2025,3,March,2,1,0,0
C07523,2024,9,September,1,1,1,0
C07523,2024,12,December,2,2,0,1
C07523,2025,3,March,3,2,0,1
C07523,2025,7,July,4,3,0,1
C07524,2024,10,October,1,1,1,0
C07524,2025,1,January,2,2,0,1
C07525,2024,11,November,1,1,1,0
C07525,2024,12,December,2,2,0,1
C07525,2025,1,January,3,3,0,1
C07525,2025,3,March,4,4,0,1
C07526,2024,9,September,1,1,1,0
C07526,2024,11,November,2,2,0,1
C07526,2024,12,December,3,3,0,1
C07526,2025,1,January,4,4,0,1
C07526,2025,4,April,5,5,0,1
C07526,2025,5,May,6,8,0,1
C07526,2025,6,June,9,9,0,1
C07526,2025,12,December,10,11,0,1
C07527,2024,8,August,1,0,1,0
C07527,2024,10,October,2,0,0,0
C07527,2024,11,November,3,1,0,0
C07527,2025,2,February,4,2,0,1
C07527,2025,5,May,5,3,0,1
C07527,2025,8,August,7,6,0,1
C07527,2025,11,November,10,7,0,1
C07528,2024,10,October,1,1,1,0
C07528,2025,3,March,2,2,0,1
C07528,2025,4,April,3,3,0,1
C07528,2025,7,July,4,4,0,1
C07529,2024,7,July,1,1,1,0
C07529,2024,10,October,2,2,0,1
C07530,2024,11,November,1,1,1,0
C07530,2025,6,June,2,2,0,1
C07531,2025,2,February,1,0,1,0
C07532,2024,9,September,1,1,1,0
C07532,2025,2,February,2,2,0,1
C07532,2025,6,June,3,2,0,1
C07532,2025,9,September,4,3,0,1
C07533,2024,10,October,1,1,1,0
C07533,2025,1,January,2,2,0,1
C07533,2025,4,April,3,3,0,1
C07533,2025,5,May,4,4,0,1
C07533,2025,8,August,5,5,0,1
C07533,2025,9,September,6,6,0,1
C07534,2024,10,October,1,1,1,0
C07534,2024,11,November,2,4,0,1
C07534,2025,2,February,5,5,0,1
C07534,2025,5,May,7,6,0,1
C07534,2025,10,October,8,8,0,1
C07535,2024,10,October,1,1,1,0
C07535,2025,10,October,2,2,0,1
C07535,2025,11,November,3,3,0,1
C07536,2024,8,August,1,1,1,0
C07536,2024,11,November,2,2,0,1
C07537,2025,1,January,1,0,1,0
C07537,2025,9,September,2,1,0,0
C07538,2025,10,October,1,1,1,0
C07539,2024,9,September,1,1,1,0
C07539,2025,2,February,2,2,0,1
C07539,2025,5,May,3,2,0,1
C07539,2025,6,June,4,4,0,1
C07539,2025,9,September,6,4,0,1
C07539,2025,10,October,7,5,0,1
C07539,2025,11,November,8,6,0,1
C07540,2024,7,July,1,1,1,0
C07540,2024,10,October,2,2,0,1
C07540,2024,11,November,3,4,0,1
C07540,2024,12,December,5,5,0,1
C07540,2025,8,August,6,6,0,1
C07540,2025,9,September,7,7,0,1
C07541,2024,9,September,1,1,1,0
C07541,2025,6,June,2,2,0,1
C07541,2025,8,August,3,2,0,1
C07542,2024,10,October,1,0,1,0
C07544,2024,7,July,1,3,0,1
C07544,2024,10,October,4,3,0,1
C07544,2024,12,December,5,4,0,1
C07544,2025,6,June,6,5,0,1
C07544,2025,9,September,7,6,0,1
C07545,2024,7,July,1,1,1,0
C07545,2025,1,January,2,2,0,1
C07547,2025,12,December,1,1,1,0
C07548,2024,8,August,1,1,1,0
C07548,2024,9,September,2,2,0,1
C07548,2024,11,November,3,3,0,1
C07548,2025,3,March,5,4,0,1
C07548,2025,4,April,6,5,0,1
C07549,2024,7,July,1,0,1,0
C07549,2024,10,October,2,0,0,0
C07549,2024,11,November,3,1,0,0
C07549,2025,6,June,4,2,0,1
C07549,2025,9,September,5,3,0,1
C07549,2025,11,November,6,4,0,1
C07550,2024,11,November,1,1,1,0
C07550,2025,6,June,2,2,0,1
C07550,2025,7,July,3,3,0,1
C07550,2025,8,August,4,4,0,1
C07550,2025,9,September,5,5,0,1
C07551,2024,9,September,1,1,1,0
C07551,2025,12,December,2,1,0,0
C07552,2024,12,December,1,0,1,0
C07552,2025,1,January,2,1,0,0
C07552,2025,5,May,3,1,0,0
C07552,2025,9,September,4,2,0,1
C07552,2025,12,December,5,3,0,1
C07553,2025,8,August,1,1,1,0
C07553,2025,10,October,2,2,0,1
C07554,2024,9,September,1,1,1,0
C07554,2025,1,January,2,2,0,1
C07554,2025,7,July,3,3,0,1
C07554,2025,9,September,4,4,0,1
C07554,2025,11,November,5,5,0,1
C07556,2024,12,December,1,1,1,0
C07556,2025,2,February,2,2,0,1
C07556,2025,4,April,3,3,0,1
C07556,2025,5,May,4,4,0,1
C07556,2025,7,July,5,4,0,1
C07556,2025,9,September,6,4,0,1
C07556,2025,11,November,7,5,0,1
C07557,2024,10,October,1,1,1,0
C07557,2025,5,May,2,2,0,1
C07557,2025,10,October,3,3,0,1
C07558,2025,1,January,1,1,1,0
C07558,2025,2,February,2,2,0,1
C07558,2025,6,June,3,4,0,1
C07558,2025,12,December,5,5,0,1
C07559,2024,12,December,1,1,1,0
C07559,2025,9,September,2,2,0,1
C07559,2025,10,October,3,3,0,1
C07560,2024,8,August,1,2,0,1
C07560,2024,11,November,3,3,0,1
C07560,2025,9,September,4,4,0,1
C07561,2024,11,November,1,1,1,0
C07561,2025,12,December,2,2,0,1
C07562,2024,7,July,1,1,1,0
C07562,2024,11,November,2,2,0,1
C07562,2024,12,December,3,3,0,1
C07562,2025,1,January,4,5,0,1
C07562,2025,4,April,6,6,0,1
C07562,2025,6,June,7,7,0,1
C07562,2025,9,September,8,7,0,1
C07563,2024,7,July,1,0,1,0
C07563,2024,10,October,2,1,0,0
C07563,2024,12,December,3,2,0,1
C07563,2025,2,February,4,2,0,1
C07563,2025,6,June,6,3,0,1
C07563,2025,9,September,7,3,0,1
C07564,2024,7,July,1,1,1,0
C07564,2024,8,August,2,2,0,1
C07564,2024,10,October,3,3,0,1
C07564,2025,3,March,4,4,0,1
C07564,2025,11,November,5,5,0,1
C07564,2025,12,December,6,5,0,1
C07565,2024,7,July,1,1,1,0
C07565,2025,1,January,2,3,0,1
C07565,2025,2,February,4,4,0,1
C07565,2025,4,April,5,5,0,1
C07565,2025,6,June,6,6,0,1
C07565,2025,7,July,7,7,0,1
C07565,2025,9,September,9,8,0,1
C07565,2025,11,November,10,8,0,1
C07566,2024,12,December,1,0,1,0
C07568,2024,11,November,1,1,1,0
C07568,2024,12,December,2,1,0,0
C07568,2025,7,July,3,2,0,1
C07568,2025,8,August,4,3,0,1
C07568,2025,11,November,5,4,0,1
C07569,2025,12,December,1,1,1,0
C07570,2024,11,November,1,1,1,0
C07570,2025,5,May,2,1,0,0
C07570,2025,10,October,3,3,0,1
C07570,2025,12,December,5,4,0,1
C07571,2024,7,July,1,2,0,1
C07571,2024,10,October,3,2,0,1
C07571,2025,10,October,4,3,0,1
C07571,2025,11,November,5,4,0,1
C07572,2024,12,December,1,1,1,0
C07572,2025,1,January,3,1,0,0
C07572,2025,5,May,4,1,0,0
C07572,2025,7,July,5,2,0,1
C07572,2025,8,August,6,3,0,1
C07573,2025,2,February,1,1,1,0
C07573,2025,3,March,2,1,0,0
C07573,2025,8,August,3,2,0,1
C07574,2024,9,September,1,1,1,0
C07574,2025,6,June,2,2,0,1
C07575,2024,8,August,1,0,1,0
C07575,2024,11,November,2,0,0,0
C07575,2025,5,May,3,1,0,0
C07576,2025,7,July,1,1,1,0
C07577,2024,10,October,1,1,1,0
C07577,2024,12,December,2,2,0,1
C07578,2024,9,September,1,1,1,0
C07578,2025,4,April,2,2,0,1
C07579,2025,3,March,1,0,1,0
C07579,2025,5,May,2,2,0,1
C07579,2025,10,October,4,3,0,1
C07580,2025,4,April,1,0,1,0
C07580,2025,11,November,2,1,0,0
C07581,2025,1,January,1,0,1,0
C07581,2025,4,April,2,0,0,0
C07581,2025,6,June,3,0,0,0
C07581,2025,9,September,4,2,0,1
C07581,2025,12,December,6,3,0,1
C07582,2024,7,July,1,0,1,0
C07582,2025,12,December,2,1,0,0
C07583,2024,8,August,1,1,1,0
C07584,2024,7,July,1,1,1,0
C07584,2024,12,December,2,3,0,1
C07584,2025,3,March,4,4,0,1
C07584,2025,4,April,5,5,0,1
C07584,2025,9,September,7,6,0,1
C07585,2024,10,October,1,1,1,0
C07586,2024,7,July,1,1,1,0
C07586,2025,12,December,2,3,0,1
C07587,2024,9,September,1,1,1,0
C07587,2024,11,November,2,2,0,1
C07587,2025,3,March,3,3,0,1
C07587,2025,6,June,4,3,0,1
C07587,2025,7,July,5,4,0,1
C07587,2025,8,August,6,4,0,1
C07588,2024,12,December,1,1,1,0
C07588,2025,2,February,2,3,0,1
C07588,2025,4,April,4,4,0,1
C07588,2025,8,August,5,6,0,1
C07589,2024,11,November,1,1,1,0
C07589,2025,7,July,2,3,0,1
C07590,2024,10,October,1,1,1,0
C07590,2025,2,February,2,2,0,1
C07590,2025,6,June,3,2,0,1
C07591,2024,10,October,1,0,1,0
C07591,2025,1,January,2,1,0,0
C07592,2025,5,May,1,1,1,0
C07593,2024,9,September,1,1,1,0
C07593,2024,12,December,2,1,0,0
C07593,2025,10,October,3,2,0,1
C07594,2024,8,August,1,1,1,0
C07594,2024,11,November,2,2,0,1
C07594,2025,4,April,3,3,0,1
C07594,2025,5,May,4,4,0,1
C07595,2025,9,September,1,1,1,0
C07596,2024,7,July,1,1,1,0
C07596,2024,11,November,2,2,0,1
C07596,2025,2,February,3,3,0,1
C07596,2025,3,March,4,4,0,1
C07596,2025,6,June,5,4,0,1
C07596,2025,7,July,6,6,0,1
C07596,2025,11,November,8,7,0,1
C07597,2025,2,February,1,1,1,0
C07597,2025,8,August,2,2,0,1
C07597,2025,12,December,3,2,0,1
C07598,2024,8,August,1,1,1,0
C07598,2024,11,November,3,1,0,0
C07598,2025,8,August,4,2,0,1
C07599,2024,7,July,1,1,1,0
C07599,2024,11,November,2,2,0,1
C07599,2025,7,July,3,3,0,1
C07599,2025,11,November,4,4,0,1
C07600,2024,11,November,1,2,0,1
C07600,2025,1,January,3,3,0,1
C07600,2025,9,September,4,4,0,1
C07601,2024,7,July,1,1,1,0
C07601,2024,12,December,2,2,0,1
C07601,2025,4,April,3,2,0,1
C07601,2025,5,May,4,3,0,1
C07601,2025,7,July,5,4,0,1
C07601,2025,11,November,6,5,0,1
C07601,2025,12,December,7,6,0,1
C07602,2024,12,December,1,0,1,0
C07602,2025,2,February,2,0,0,0
C07602,2025,4,April,3,1,0,0
C07602,2025,5,May,4,2,0,1
C07602,2025,8,August,5,3,0,1
C07602,2025,9,September,6,4,0,1
C07602,2025,10,October,7,5,0,1
C07603,2025,5,May,1,1,1,0
C07604,2024,11,November,1,1,1,0
C07605,2024,7,July,1,1,1,0
C07605,2024,8,August,2,2,0,1
C07605,2025,3,March,3,3,0,1
C07605,2025,5,May,4,4,0,1
C07605,2025,6,June,5,6,0,1
C07605,2025,8,August,8,7,0,1
C07605,2025,10,October,10,8,0,1
C07605,2025,11,November,11,8,0,1
C07606,2025,5,May,1,0,1,0
C07606,2025,8,August,2,1,0,0
C07607,2024,9,September,1,1,1,0
C07608,2024,7,July,1,1,1,0
C07608,2024,9,September,2,2,0,1
C07608,2024,12,December,3,3,0,1
C07608,2025,1,January,4,4,0,1
C07608,2025,4,April,5,5,0,1
C07609,2024,7,July,1,1,1,0
C07609,2024,12,December,2,3,0,1
C07609,2025,1,January,4,4,0,1
C07609,2025,4,April,5,4,0,1
C07609,2025,7,July,6,5,0,1
C07610,2024,8,August,1,0,1,0
C07610,2024,11,November,2,0,0,0
C07610,2025,3,March,3,1,0,0
C07610,2025,7,July,4,2,0,1
C07610,2025,11,November,5,3,0,1
C07611,2025,2,February,1,1,1,0
C07611,2025,8,August,2,2,0,1
C07611,2025,10,October,3,4,0,1
C07612,2024,11,November,1,1,1,0
C07613,2024,7,July,1,1,1,0
C07613,2024,11,November,2,2,0,1
C07613,2024,12,December,3,3,0,1
C07613,2025,1,January,4,4,0,1
C07613,2025,6,June,5,5,0,1
C07614,2024,9,September,1,1,1,0
C07614,2025,9,September,2,2,0,1
C07615,2025,3,March,1,1,1,0
C07616,2024,10,October,1,2,0,1
C07616,2025,2,February,3,3,0,1
C07616,2025,3,March,4,4,0,1
C07616,2025,5,May,5,5,0,1
C07617,2024,9,September,1,1,1,0
C07617,2025,4,April,2,2,0,1
C07617,2025,10,October,3,3,0,1
C07618,2024,11,November,1,1,1,0
C07618,2025,12,December,2,2,0,1
C07619,2025,1,January,1,0,1,0
C07619,2025,12,December,2,1,0,0
C07620,2024,8,August,1,1,1,0
C07620,2024,9,September,2,2,0,1
C07620,2024,10,October,4,3,0,1
C07620,2024,11,November,6,4,0,1
C07620,2025,1,January,7,5,0,1
C07620,2025,3,March,8,6,0,1
C07620,2025,9,September,9,7,0,1
C07620,2025,10,October,10,8,0,1
C07621,2024,8,August,1,1,1,0
C07621,2024,10,October,2,2,0,1
C07621,2025,2,February,3,3,0,1
C07621,2025,5,May,4,3,0,1
C07621,2025,9,September,5,3,0,1
C07622,2024,10,October,1,2,0,1
C07622,2025,1,January,4,3,0,1
C07622,2025,3,March,5,4,0,1
C07622,2025,4,April,6,5,0,1
C07622,2025,5,May,7,6,0,1
C07622,2025,7,July,8,7,0,1
C07622,2025,12,December,10,8,0,1
C07624,2024,11,November,1,1,1,0
C07624,2025,1,January,2,3,0,1
C07624,2025,2,February,4,3,0,1
C07624,2025,6,June,6,4,0,1
C07624,2025,7,July,7,5,0,1
C07624,2025,8,August,8,7,0,1
C07624,2025,11,November,10,8,0,1
C07625,2024,7,July,1,1,1,0
C07625,2024,9,September,2,2,0,1
C07625,2024,11,November,3,4,0,1
C07625,2025,1,January,5,5,0,1
C07625,2025,2,February,6,6,0,1
C07625,2025,4,April,7,8,0,1
C07625,2025,5,May,9,9,0,1
C07625,2025,6,June,10,9,0,1
C07625,2025,9,September,11,10,0,1
C07625,2025,10,October,12,11,0,1
C07625,2025,12,December,13,11,0,1
C07626,2024,9,September,1,1,1,0
C07627,2025,1,January,1,2,0,1
C07627,2025,10,October,3,4,0,1
C07628,2025,12,December,1,0,1,0
C07629,2024,10,October,1,0,1,0
C07630,2024,12,December,1,1,1,0
C07630,2025,8,August,2,2,0,1
C07630,2025,9,September,3,3,0,1
C07630,2025,10,October,4,4,0,1
C07631,2024,9,September,1,1,1,0
C07631,2024,11,November,2,2,0,1
C07631,2025,2,February,3,3,0,1
C07631,2025,7,July,4,4,0,1
C07632,2024,9,September,1,1,1,0
C07632,2025,8,August,2,2,0,1
C07632,2025,9,September,3,3,0,1
C07633,2024,12,December,1,1,1,0
C07633,2025,3,March,2,2,0,1
C07633,2025,4,April,3,3,0,1
C07633,2025,7,July,4,4,0,1
C07635,2024,8,August,1,0,1,0
C07635,2024,10,October,2,1,0,0
C07635,2024,12,December,3,2,0,1
C07636,2024,10,October,1,1,1,0
C07636,2025,2,February,2,2,0,1
C07636,2025,4,April,3,3,0,1
C07636,2025,5,May,4,3,0,1
C07636,2025,6,June,5,4,0,1
C07636,2025,12,December,6,5,0,1
C07637,2024,12,December,1,1,1,0
C07637,2025,5,May,2,1,0,0
C07637,2025,7,July,3,2,0,1
C07638,2024,9,September,1,1,1,0
C07638,2024,11,November,2,2,0,1
C07638,2025,5,May,3,3,0,1
C07638,2025,9,September,4,4,0,1
C07638,2025,10,October,5,5,0,1
C07639,2024,9,September,1,1,1,0
C07639,2025,1,January,2,2,0,1
C07639,2025,6,June,3,3,0,1
C07639,2025,9,September,4,4,0,1
C07639,2025,12,December,5,5,0,1
C07640,2024,10,October,1,0,1,0
C07640,2024,11,November,2,1,0,0
C07640,2025,3,March,4,2,0,1
C07640,2025,6,June,5,2,0,1
C07640,2025,9,September,6,3,0,1
C07640,2025,12,December,7,4,0,1
C07642,2024,10,October,1,1,1,0
C07642,2025,5,May,2,2,0,1
C07642,2025,7,July,3,3,0,1
C07643,2024,8,August,1,0,1,0
C07643,2024,11,November,2,2,0,1
C07643,2025,5,May,4,3,0,1
C07643,2025,6,June,6,4,0,1
C07643,2025,10,October,7,5,0,1
C07644,2024,7,July,1,1,1,0
C07644,2025,1,January,2,2,0,1
C07644,2025,2,February,3,3,0,1
C07645,2024,7,July,1,1,1,0
C07645,2025,6,June,2,2,0,1
C07645,2025,9,September,3,3,0,1
C07646,2024,10,October,1,1,1,0
C07646,2025,6,June,2,2,0,1
C07647,2025,3,March,1,1,1,0
C07647,2025,5,May,2,2,0,1
C07647,2025,7,July,3,3,0,1
C07648,2025,3,March,1,0,1,0
C07648,2025,12,December,2,1,0,0
C07649,2024,7,July,1,1,1,0
C07649,2024,9,September,2,1,0,0
C07649,2025,4,April,3,1,0,0
C07649,2025,9,September,4,3,0,1
C07650,2024,7,July,1,1,1,0
C07650,2024,8,August,2,3,0,1
C07650,2025,5,May,4,4,0,1
C07650,2025,8,August,5,5,0,1
C07651,2024,12,December,1,1,1,0
C07651,2025,3,March,2,1,0,0
C07651,2025,10,October,3,2,0,1
C07651,2025,11,November,4,3,0,1
C07652,2024,7,July,1,1,1,0
C07652,2025,1,January,2,1,0,0
C07653,2024,8,August,1,2,0,1
C07653,2024,9,September,3,3,0,1
C07654,2024,7,July,1,1,1,0
C07654,2024,8,August,3,2,0,1
C07654,2025,6,June,4,3,0,1
C07654,2025,10,October,5,4,0,1
C07655,2024,7,July,1,1,1,0
C07655,2024,9,September,2,2,0,1
C07655,2025,3,March,3,3,0,1
C07656,2024,7,July,1,2,0,1
C07656,2025,1,January,3,3,0,1
C07656,2025,3,March,4,4,0,1
C07656,2025,4,April,6,5,0,1
C07656,2025,7,July,7,6,0,1
C07656,2025,10,October,9,6,0,1
C07657,2024,7,July,1,1,1,0
C07657,2025,1,January,2,2,0,1
C07657,2025,4,April,3,3,0,1
C07657,2025,8,August,4,5,0,1
C07657,2025,9,September,6,6,0,1
C07658,2024,7,July,1,0,1,0
C07658,2025,1,January,2,1,0,0
C07658,2025,2,February,3,2,0,1
C07658,2025,8,August,4,4,0,1
C07659,2025,10,October,1,0,1,0
C07659,2025,11,November,3,1,0,0
C07660,2024,8,August,1,1,1,0
C07660,2025,10,October,2,2,0,1
C07661,2024,8,August,1,1,1,0
C07661,2024,12,December,2,2,0,1
C07662,2025,9,September,1,1,1,0
C07663,2025,9,September,1,1,1,0
C07664,2024,10,October,1,1,1,0
C07664,2025,3,March,2,2,0,1
C07664,2025,11,November,3,3,0,1
C07665,2025,11,November,1,1,1,0
C07666,2024,8,August,1,1,1,0
C07666,2024,10,October,2,3,0,1
C07666,2025,4,April,4,4,0,1
C07666,2025,7,July,5,5,0,1
C07667,2024,7,July,1,0,1,0
C07667,2024,8,August,2,1,0,0
C07667,2024,11,November,3,2,0,1
C07667,2024,12,December,4,3,0,1
C07667,2025,10,October,5,4,0,1
C07667,2025,11,November,6,5,0,1
C07668,2024,7,July,1,0,1,0
C07668,2024,11,November,2,2,0,1
C07668,2024,12,December,4,3,0,1
C07668,2025,2,February,5,4,0,1
C07668,2025,3,March,6,5,0,1
C07668,2025,6,June,7,6,0,1
C07668,2025,8,August,8,6,0,1
C07668,2025,11,November,9,7,0,1
C07668,2025,12,December,10,7,0,1
C07669,2025,3,March,1,1,1,0
C07669,2025,5,May,2,2,0,1
C07669,2025,10,October,3,3,0,1
C07670,2025,6,June,1,1,1,0
C07671,2025,1,January,1,1,1,0
C07671,2025,3,March,3,2,0,1
C07671,2025,10,October,4,2,0,1
C07672,2024,9,September,1,0,1,0
C07672,2025,3,March,2,0,0,0
C07672,2025,4,April,3,1,0,0
C07672,2025,5,May,4,2,0,1
C07672,2025,8,August,5,3,0,1
C07673,2024,7,July,1,2,0,1
C07673,2025,6,June,3,3,0,1
C07673,2025,7,July,4,4,0,1
C07674,2025,2,February,1,1,1,0
C07674,2025,4,April,2,2,0,1
C07674,2025,9,September,3,3,0,1
C07675,2024,7,July,1,0,1,0
C07675,2024,8,August,2,0,0,0
C07675,2024,10,October,3,1,0,0
C07675,2025,1,January,5,1,0,0
C07675,2025,6,June,6,2,0,1
C07675,2025,7,July,7,3,0,1
C07676,2024,7,July,1,2,0,1
C07676,2024,8,August,3,3,0,1
C07676,2024,11,November,4,4,0,1
C07676,2025,7,July,5,5,0,1
C07676,2025,9,September,6,5,0,1
C07677,2024,8,August,1,1,1,0
C07677,2024,9,September,2,2,0,1
C07677,2025,4,April,3,3,0,1
C07678,2025,7,July,1,1,1,0
C07679,2024,7,July,1,1,1,0
C07679,2024,8,August,2,1,0,0
C07679,2024,9,September,3,2,0,1
C07679,2024,12,December,4,3,0,1
C07679,2025,2,February,6,3,0,1
C07679,2025,5,May,7,5,0,1
C07679,2025,7,July,10,6,0,1
C07679,2025,10,October,11,6,0,1
C07679,2025,11,November,13,7,0,1
C07679,2025,12,December,14,8,0,1
C07680,2025,1,January,1,1,1,0
C07680,2025,5,May,2,2,0,1
C07680,2025,10,October,3,2,0,1
C07681,2025,4,April,1,0,1,0
C07681,2025,9,September,2,1,0,0
C07681,2025,11,November,3,1,0,0
C07682,2024,9,September,1,1,1,0
C07682,2024,10,October,2,2,0,1
C07682,2024,11,November,3,4,0,1
C07682,2024,12,December,5,5,0,1
C07682,2025,5,May,6,6,0,1
C07682,2025,8,August,7,7,0,1
C07682,2025,9,September,8,8,0,1
C07682,2025,11,November,9,9,0,1
C07683,2025,1,January,1,0,1,0
C07683,2025,5,May,2,1,0,0
C07683,2025,11,November,3,2,0,1
C07684,2025,1,January,1,1,1,0
C07685,2025,1,January,1,1,1,0
C07686,2024,7,July,1,1,1,0
C07686,2024,9,September,2,2,0,1
C07686,2024,10,October,3,2,0,1
C07686,2025,4,April,4,3,0,1
C07686,2025,6,June,5,4,0,1
C07687,2024,11,November,1,1,1,0
C07687,2025,7,July,2,2,0,1
C07687,2025,9,September,3,3,0,1
C07687,2025,12,December,4,4,0,1
C07688,2025,4,April,1,1,1,0
C07688,2025,10,October,2,3,0,1
C07689,2024,11,November,1,1,1,0
C07689,2025,7,July,2,2,0,1
C07689,2025,8,August,3,3,0,1
C07690,2024,9,September,1,0,1,0
C07690,2024,10,October,2,2,0,1
C07690,2025,4,April,4,3,0,1
C07690,2025,12,December,5,4,0,1
C07691,2025,2,February,1,1,1,0
C07692,2025,9,September,1,1,1,0
C07692,2025,11,November,2,2,0,1
C07692,2025,12,December,3,4,0,1
C07693,2024,10,October,1,0,1,0
C07693,2024,11,November,2,1,0,0
C07693,2024,12,December,3,3,0,1
C07693,2025,2,February,5,4,0,1
C07693,2025,5,May,6,5,0,1
C07693,2025,8,August,7,6,0,1
C07693,2025,9,September,8,6,0,1
C07694,2024,7,July,1,1,1,0
C07694,2024,10,October,2,1,0,0
C07695,2024,9,September,1,0,1,0
C07695,2025,1,January,2,1,0,0
C07695,2025,6,June,3,2,0,1
C07695,2025,7,July,4,3,0,1
C07695,2025,8,August,5,4,0,1
C07696,2024,12,December,1,1,1,0
C07696,2025,3,March,2,2,0,1
C07696,2025,9,September,4,2,0,1
C07696,2025,10,October,5,3,0,1
C07697,2025,8,August,1,1,1,0
C07698,2025,2,February,1,1,1,0
C07698,2025,6,June,2,1,0,0
C07698,2025,12,December,3,1,0,0
C07699,2024,8,August,1,1,1,0
C07700,2025,1,January,1,1,1,0
C07700,2025,6,June,2,2,0,1
C07700,2025,11,November,3,3,0,1
C07701,2024,7,July,1,0,1,0
C07701,2024,8,August,2,1,0,0
C07701,2024,10,October,3,2,0,1
C07702,2024,9,September,1,1,1,0
C07702,2024,12,December,2,2,0,1
C07702,2025,10,October,3,3,0,1
C07703,2024,10,October,1,1,1,0
C07703,2025,1,January,2,2,0,1
C07703,2025,5,May,3,2,0,1
C07703,2025,9,September,4,3,0,1
C07703,2025,11,November,5,4,0,1
C07704,2024,7,July,1,1,1,0
C07704,2024,9,September,2,3,0,1
C07706,2025,1,January,1,1,1,0
C07706,2025,2,February,2,2,0,1
C07706,2025,4,April,3,3,0,1
C07707,2025,3,March,1,0,1,0
C07707,2025,4,April,2,1,0,0
C07707,2025,10,October,3,2,0,1
C07707,2025,12,December,4,4,0,1
C07708,2024,8,August,1,1,1,0
C07708,2024,9,September,2,2,0,1
C07708,2024,11,November,3,4,0,1
C07708,2025,5,May,5,5,0,1
C07709,2024,11,November,1,1,1,0
C07710,2024,9,September,1,0,1,0
C07710,2025,1,January,3,1,0,0
C07710,2025,2,February,4,2,0,1
C07710,2025,4,April,5,3,0,1
C07710,2025,5,May,6,4,0,1
C07711,2024,8,August,1,1,1,0
C07711,2025,1,January,2,2,0,1
C07711,2025,2,February,3,3,0,1
C07711,2025,3,March,4,4,0,1
C07711,2025,5,May,5,5,0,1
C07711,2025,7,July,7,7,0,1
C07711,2025,10,October,9,8,0,1
C07711,2025,11,November,10,9,0,1
C07712,2024,9,September,1,1,1,0
C07712,2024,11,November,2,2,0,1
C07712,2025,11,November,3,2,0,1
C07713,2024,8,August,1,1,1,0
C07713,2024,9,September,2,2,0,1
C07713,2024,10,October,3,3,0,1
C07713,2025,5,May,4,4,0,1
C07713,2025,9,September,5,4,0,1
C07714,2024,10,October,1,1,1,0
C07714,2025,9,September,2,2,0,1
C07715,2025,4,April,1,0,1,0
C07715,2025,7,July,2,0,0,0
C07715,2025,12,December,3,1,0,0
C07716,2025,1,January,1,1,1,0
C07716,2025,2,February,2,1,0,0
C07716,2025,6,June,3,2,0,1
C07716,2025,11,November,4,2,0,1
C07717,2024,7,July,1,1,1,0
C07717,2024,9,September,2,2,0,1
C07717,2025,1,January,3,2,0,1
C07717,2025,2,February,4,2,0,1
C07717,2025,7,July,5,2,0,1
C07717,2025,9,September,6,2,0,1
C07717,2025,10,October,7,3,0,1
C07718,2024,12,December,1,1,1,0
C07718,2025,8,August,2,2,0,1
C07718,2025,12,December,3,3,0,1
C07719,2024,10,October,1,2,0,1
C07719,2024,11,November,3,2,0,1
C07719,2025,11,November,4,3,0,1
C07720,2024,8,August,1,1,1,0
C07720,2025,1,January,2,2,0,1
C07720,2025,3,March,3,3,0,1
C07720,2025,5,May,4,4,0,1
C07720,2025,8,August,5,5,0,1
C07721,2024,7,July,1,2,0,1
C07721,2024,9,September,3,2,0,1
C07721,2024,10,October,4,3,0,1
C07721,2025,3,March,5,4,0,1
C07721,2025,6,June,6,4,0,1
C07722,2025,3,March,1,0,1,0
C07722,2025,4,April,2,0,0,0
C07722,2025,5,May,3,0,0,0
C07722,2025,6,June,4,1,0,0
C07722,2025,7,July,5,2,0,1
C07724,2024,10,October,1,1,1,0
C07724,2025,2,February,2,1,0,0
C07725,2024,10,October,1,1,1,0
C07725,2024,11,November,2,2,0,1
C07725,2025,2,February,3,3,0,1
C07726,2025,4,April,1,1,1,0
C07727,2024,12,December,1,1,1,0
C07727,2025,1,January,2,2,0,1
C07727,2025,4,April,3,3,0,1
C07727,2025,6,June,4,5,0,1
C07728,2024,7,July,1,0,1,0
C07728,2024,12,December,2,0,0,0
C07728,2025,8,August,3,1,0,0
C07728,2025,9,September,4,2,0,1
C07729,2024,12,December,1,1,1,0
C07729,2025,2,February,2,2,0,1
C07730,2024,12,December,1,1,1,0
C07731,2024,10,October,1,1,1,0
C07731,2025,4,April,2,2,0,1
C07731,2025,8,August,3,3,0,1
C07732,2025,10,October,1,1,1,0
C07733,2025,4,April,1,0,1,0
C07733,2025,9,September,2,1,0,0
C07734,2025,7,July,1,1,1,0
C07734,2025,8,August,2,1,0,0
C07735,2024,7,July,1,1,1,0
C07735,2025,11,November,2,2,0,1
C07736,2024,12,December,1,1,1,0
C07736,2025,2,February,2,2,0,1
C07736,2025,3,March,3,3,0,1
C07736,2025,7,July,4,4,0,1
C07736,2025,8,August,5,5,0,1
C07736,2025,10,October,6,6,0,1
C07736,2025,11,November,7,7,0,1
C07737,2025,1,January,1,1,1,0
C07737,2025,3,March,2,1,0,0
C07737,2025,8,August,3,2,0,1
C07738,2024,12,December,1,0,1,0
C07738,2025,1,January,2,1,0,0
C07738,2025,3,March,3,1,0,0
C07738,2025,6,June,4,2,0,1
C07739,2024,10,October,1,1,1,0
C07739,2024,12,December,2,2,0,1
C07739,2025,1,January,3,3,0,1
C07739,2025,2,February,4,3,0,1
C07739,2025,4,April,5,5,0,1
C07739,2025,5,May,8,5,0,1
C07739,2025,7,July,9,6,0,1
C07740,2025,4,April,1,3,0,1
C07741,2024,8,August,1,1,1,0
C07741,2025,1,January,2,2,0,1
C07741,2025,5,May,3,2,0,1
C07741,2025,9,September,4,3,0,1
C07742,2024,8,August,1,1,1,0
C07742,2025,3,March,2,2,0,1
C07742,2025,11,November,3,3,0,1
C07743,2024,8,August,1,1,1,0
C07743,2024,10,October,2,2,0,1
C07743,2025,1,January,3,3,0,1
C07743,2025,10,October,4,4,0,1
C07744,2025,1,January,1,1,1,0
C07744,2025,2,February,2,2,0,1
C07744,2025,5,May,3,2,0,1
C07744,2025,10,October,4,2,0,1
C07745,2025,2,February,1,1,1,0
C07745,2025,6,June,2,2,0,1
C07746,2025,9,September,1,0,1,0
C07747,2024,10,October,1,0,1,0
C07748,2024,9,September,1,2,0,1
C07748,2025,1,January,3,3,0,1
C07748,2025,2,February,4,5,0,1
C07748,2025,4,April,6,6,0,1
C07748,2025,6,June,8,6,0,1
C07748,2025,7,July,9,7,0,1
C07748,2025,9,September,10,8,0,1
C07748,2025,11,November,11,9,0,1
C07750,2024,8,August,1,0,1,0
C07750,2025,9,September,2,1,0,0
C07752,2024,8,August,1,0,1,0
C07752,2024,11,November,2,1,0,0
C07752,2024,12,December,3,2,0,1
C07752,2025,1,January,4,3,0,1
C07752,2025,4,April,5,4,0,1
C07752,2025,6,June,6,5,0,1
C07752,2025,9,September,7,6,0,1
C07752,2025,11,November,8,7,0,1
C07753,2024,8,August,1,1,1,0
C07753,2024,9,September,2,2,0,1
C07753,2024,12,December,3,3,0,1
C07753,2025,8,August,4,4,0,1
C07753,2025,10,October,5,6,0,1
C07753,2025,11,November,7,7,0,1
C07754,2024,9,September,1,1,1,0
C07754,2024,10,October,2,3,0,1
C07754,2024,11,November,4,4,0,1
C07754,2025,2,February,5,5,0,1
C07754,2025,4,April,6,6,0,1
C07754,2025,8,August,7,7,0,1
C07754,2025,9,September,8,8,0,1
C07755,2024,8,August,1,1,1,0
C07755,2024,9,September,2,2,0,1
C07755,2024,12,December,3,3,0,1
C07755,2025,1,January,4,5,0,1
C07755,2025,4,April,6,6,0,1
C07755,2025,5,May,7,8,0,1
C07755,2025,12,December,10,8,0,1
C07756,2024,7,July,1,0,1,0
C07756,2025,8,August,2,1,0,0
C07756,2025,9,September,4,1,0,0
C07757,2024,8,August,1,1,1,0
C07757,2024,10,October,2,2,0,1
C07757,2024,12,December,3,3,0,1
C07757,2025,7,July,4,4,0,1
C07757,2025,9,September,5,5,0,1
C07757,2025,11,November,7,5,0,1
C07758,2025,1,January,1,1,1,0
C07758,2025,9,September,2,1,0,0
C07758,2025,10,October,3,2,0,1
C07758,2025,12,December,4,4,0,1
C07759,2024,7,July,1,0,1,0
C07759,2024,12,December,2,1,0,0
C07759,2025,2,February,3,2,0,1
C07759,2025,5,May,4,3,0,1
C07759,2025,9,September,5,4,0,1
C07759,2025,10,October,6,5,0,1
C07760,2024,8,August,1,1,1,0
C07760,2024,9,September,2,2,0,1
C07760,2025,7,July,3,3,0,1
C07760,2025,8,August,4,4,0,1
C07761,2025,4,April,1,1,1,0
C07762,2025,1,January,1,1,1,0
C07762,2025,12,December,2,2,0,1
C07763,2025,8,August,1,2,0,1
C07763,2025,11,November,3,3,0,1
C07764,2024,8,August,1,1,1,0
C07764,2025,5,May,2,2,0,1
C07764,2025,8,August,3,3,0,1
C07765,2024,10,October,1,0,1,0
C07765,2024,12,December,2,1,0,0
C07765,2025,1,January,3,2,0,1
C07765,2025,4,April,4,4,0,1
C07765,2025,8,August,6,5,0,1
C07766,2025,4,April,1,0,1,0
C07767,2025,1,January,1,1,1,0
C07767,2025,3,March,2,3,0,1
C07767,2025,5,May,4,4,0,1
C07768,2024,7,July,1,1,1,0
C07768,2024,11,November,2,2,0,1
C07768,2025,1,January,4,3,0,1
C07768,2025,4,April,5,4,0,1
C07768,2025,6,June,6,5,0,1
C07768,2025,11,November,7,5,0,1
C07769,2024,7,July,1,2,0,1
C07769,2024,8,August,3,2,0,1
C07769,2024,9,September,4,3,0,1
C07769,2024,11,November,6,4,0,1
C07769,2025,3,March,8,5,0,1
C07769,2025,4,April,9,6,0,1
C07769,2025,5,May,10,6,0,1
C07769,2025,7,July,11,7,0,1
C07769,2025,10,October,12,7,0,1
C07769,2025,11,November,13,8,0,1
C07770,2025,2,February,1,1,1,0
C07770,2025,8,August,3,2,0,1
C07771,2024,8,August,1,0,1,0
C07771,2024,9,September,2,2,0,1
C07771,2025,10,October,4,3,0,1
C07772,2024,8,August,1,1,1,0
C07772,2025,1,January,2,2,0,1
C07772,2025,11,November,3,3,0,1
C07773,2025,4,April,1,1,1,0
C07773,2025,5,May,2,2,0,1
C07774,2024,11,November,1,1,1,0
C07774,2025,9,September,2,2,0,1
C07774,2025,11,November,3,3,0,1
C07775,2024,8,August,1,1,1,0
C07775,2024,11,November,3,1,0,0
C07775,2024,12,December,4,2,0,1
C07775,2025,4,April,5,3,0,1
C07775,2025,6,June,7,4,0,1
C07775,2025,9,September,8,4,0,1
C07775,2025,10,October,9,5,0,1
C07776,2024,7,July,1,1,1,0
C07776,2024,9,September,2,1,0,0
C07776,2024,11,November,3,2,0,1
C07776,2025,11,November,4,3,0,1
C07777,2024,8,August,1,1,1,0
C07777,2025,1,January,2,1,0,0
C07777,2025,4,April,3,3,0,1
C07777,2025,5,May,5,3,0,1
C07777,2025,9,September,6,4,0,1
C07777,2025,12,December,7,5,0,1
C07778,2024,7,July,1,3,0,1
C07778,2024,11,November,4,4,0,1
C07778,2025,8,August,5,5,0,1
C07779,2024,9,September,1,1,1,0
C07779,2025,2,February,2,2,0,1
C07779,2025,9,September,3,2,0,1
C07779,2025,10,October,4,4,0,1
C07779,2025,11,November,6,5,0,1
C07780,2024,12,December,1,1,1,0
C07780,2025,3,March,2,2,0,1
C07780,2025,6,June,3,3,0,1
C07780,2025,8,August,4,4,0,1
C07782,2025,8,August,1,1,1,0
C07783,2025,9,September,1,1,1,0
C07784,2025,7,July,1,1,1,0
C07785,2025,1,January,1,1,1,0
C07785,2025,6,June,2,2,0,1
C07786,2024,8,August,1,1,1,0
C07786,2024,10,October,2,2,0,1
C07786,2024,12,December,3,3,0,1
C07786,2025,1,January,4,3,0,1
C07786,2025,10,October,5,3,0,1
C07787,2024,9,September,1,0,1,0
C07787,2025,1,January,2,1,0,0
C07788,2025,1,January,1,1,1,0
C07788,2025,6,June,2,2,0,1
C07789,2024,10,October,1,1,1,0
C07789,2025,1,January,2,2,0,1
C07790,2024,8,August,1,1,1,0
C07790,2024,12,December,2,3,0,1
C07790,2025,1,January,4,4,0,1
C07790,2025,3,March,5,5,0,1
C07790,2025,4,April,6,7,0,1
C07790,2025,6,June,9,8,0,1
C07790,2025,8,August,10,8,0,1
C07791,2024,8,August,1,1,1,0
C07791,2024,9,September,2,1,0,0
C07791,2025,3,March,3,2,0,1
C07792,2024,7,July,1,1,1,0
C07792,2025,5,May,2,2,0,1
C07792,2025,11,November,3,3,0,1
C07793,2024,11,November,1,0,1,0
C07793,2024,12,December,2,1,0,0
C07793,2025,3,March,3,2,0,1
C07793,2025,6,June,4,3,0,1
C07794,2024,7,July,1,1,1,0
C07794,2024,9,September,2,2,0,1
C07794,2024,10,October,3,3,0,1
C07794,2025,3,March,4,4,0,1
C07794,2025,4,April,5,5,0,1
C07794,2025,6,June,6,6,0,1
C07794,2025,9,September,7,6,0,1
C07794,2025,11,November,8,7,0,1
C07794,2025,12,December,9,8,0,1
C07795,2024,10,October,1,1,1,0
C07795,2024,12,December,2,2,0,1
C07795,2025,1,January,3,3,0,1
C07795,2025,2,February,4,4,0,1
C07795,2025,7,July,5,4,0,1
C07796,2024,12,December,1,2,0,1
C07796,2025,1,January,3,3,0,1
C07796,2025,2,February,5,4,0,1
C07796,2025,3,March,6,5,0,1
C07796,2025,6,June,7,5,0,1
C07797,2024,9,September,1,1,1,0
C07797,2024,11,November,2,2,0,1
C07797,2025,2,February,3,3,0,1
C07797,2025,5,May,4,4,0,1
C07797,2025,6,June,6,5,0,1
C07797,2025,10,October,7,5,0,1
C07798,2024,10,October,1,1,1,0
C07798,2024,12,December,2,2,0,1
C07798,2025,5,May,3,2,0,1
C07798,2025,11,November,4,2,0,1
C07798,2025,12,December,5,2,0,1
C07799,2024,8,August,1,2,0,1
C07799,2024,10,October,3,3,0,1
C07799,2025,3,March,4,4,0,1
C07800,2025,7,July,1,1,1,0
C07800,2025,8,August,2,2,0,1
C07802,2024,8,August,1,2,0,1
C07802,2024,9,September,3,3,0,1
C07802,2025,6,June,4,4,0,1
C07802,2025,8,August,5,5,0,1
C07802,2025,10,October,6,5,0,1
C07803,2025,7,July,1,1,1,0
C07804,2025,1,January,1,1,1,0
C07805,2024,9,September,1,1,1,0
C07805,2025,9,September,2,3,0,1
C07806,2024,11,November,1,1,1,0
C07806,2025,1,January,2,2,0,1
C07808,2024,10,October,1,0,1,0
C07808,2025,2,February,2,0,0,0
C07808,2025,7,July,3,1,0,0
C07809,2024,11,November,1,1,1,0
C07809,2025,1,January,2,2,0,1
C07809,2025,4,April,3,2,0,1
C07810,2025,2,February,1,1,1,0
C07810,2025,5,May,2,2,0,1
C07810,2025,10,October,4,3,0,1
C07811,2024,7,July,1,2,0,1
C07811,2025,3,March,3,3,0,1
C07811,2025,4,April,4,4,0,1
C07811,2025,5,May,5,4,0,1
C07811,2025,12,December,6,5,0,1
C07812,2024,12,December,1,1,1,0
C07812,2025,2,February,2,2,0,1
C07812,2025,9,September,3,3,0,1
C07813,2025,7,July,1,0,1,0
C07813,2025,10,October,2,1,0,0
C07814,2024,9,September,1,1,1,0
C07814,2024,10,October,2,2,0,1
C07814,2024,11,November,3,3,0,1
C07814,2025,1,January,5,4,0,1
C07814,2025,5,May,6,7,0,1
C07814,2025,9,September,9,8,0,1
C07814,2025,12,December,10,9,0,1
C07815,2024,9,September,1,1,1,0
C07815,2025,8,August,2,2,0,1
C07817,2025,5,May,1,1,1,0
C07818,2024,7,July,1,1,1,0
C07819,2024,7,July,1,1,1,0
C07819,2025,1,January,2,2,0,1
C07819,2025,5,May,3,3,0,1
C07819,2025,9,September,4,4,0,1
C07819,2025,11,November,6,4,0,1
C07820,2024,7,July,1,0,1,0
C07820,2024,9,September,2,2,0,1
C07820,2024,12,December,4,3,0,1
C07820,2025,2,February,5,4,0,1
C07820,2025,5,May,7,5,0,1
C07821,2024,9,September,1,1,1,0
C07821,2025,4,April,2,2,0,1
C07821,2025,9,September,3,3,0,1
C07822,2025,3,March,1,1,1,0
C07822,2025,8,August,2,2,0,1
C07823,2024,9,September,1,2,0,1
C07823,2025,2,February,3,3,0,1
C07823,2025,5,May,4,4,0,1
C07823,2025,10,October,5,5,0,1
C07824,2025,9,September,1,1,1,0
C07825,2024,11,November,1,1,1,0
C07825,2024,12,December,2,1,0,0
C07825,2025,3,March,3,2,0,1
C07825,2025,5,May,4,3,0,1
C07825,2025,7,July,5,4,0,1
C07825,2025,9,September,6,5,0,1
C07825,2025,11,November,7,6,0,1
C07826,2025,8,August,1,0,1,0
C07827,2024,10,October,1,1,1,0
C07827,2025,3,March,2,2,0,1
C07827,2025,10,October,3,3,0,1
C07828,2024,9,September,1,1,1,0
C07828,2024,10,October,2,2,0,1
C07828,2024,12,December,3,2,0,1
C07828,2025,3,March,4,3,0,1
C07828,2025,6,June,5,3,0,1
C07828,2025,8,August,6,4,0,1
C07828,2025,9,September,7,5,0,1
C07828,2025,10,October,8,5,0,1
C07829,2025,4,April,1,1,1,0
C07829,2025,8,August,2,3,0,1
C07829,2025,9,September,4,3,0,1
C07830,2024,9,September,1,0,1,0
C07830,2025,1,January,2,0,0,0
C07830,2025,7,July,3,1,0,0
C07831,2024,8,August,1,1,1,0
C07831,2025,2,February,2,2,0,1
C07832,2024,10,October,1,1,1,0
C07833,2024,10,October,1,1,1,0
C07833,2025,3,March,2,2,0,1
C07833,2025,9,September,3,3,0,1
C07833,2025,12,December,4,3,0,1
C07834,2024,7,July,1,1,1,0
C07834,2024,9,September,2,2,0,1
C07834,2024,11,November,3,3,0,1
C07834,2024,12,December,4,4,0,1
C07834,2025,4,April,5,5,0,1
C07834,2025,6,June,6,5,0,1
C07834,2025,9,September,7,5,0,1
C07834,2025,11,November,8,6,0,1
C07835,2024,7,July,1,1,1,0
C07835,2025,7,July,2,2,0,1
C07836,2025,1,January,1,2,0,1
C07836,2025,6,June,3,2,0,1
C07836,2025,8,August,4,3,0,1
C07837,2025,1,January,1,1,1,0
C07837,2025,8,August,2,1,0,0
C07839,2024,7,July,1,1,1,0
C07839,2025,5,May,2,2,0,1
C07840,2024,8,August,1,1,1,0
C07840,2024,9,September,2,2,0,1
C07840,2025,6,June,3,3,0,1
C07841,2024,12,December,1,1,1,0
C07842,2024,9,September,1,2,0,1
C07842,2024,12,December,3,3,0,1
C07842,2025,1,January,4,4,0,1
C07843,2025,1,January,1,1,1,0
C07843,2025,8,August,2,2,0,1
C07844,2024,7,July,1,1,1,0
C07844,2024,11,November,2,1,0,0
C07844,2025,10,October,3,1,0,0
C07844,2025,12,December,4,1,0,0
C07845,2024,7,July,1,1,1,0
C07845,2024,8,August,2,2,0,1
C07845,2024,11,November,3,2,0,1
C07845,2025,1,January,4,3,0,1
C07845,2025,2,February,6,4,0,1
C07845,2025,3,March,7,7,0,1
C07845,2025,4,April,12,8,0,1
C07845,2025,7,July,13,9,0,1
C07845,2025,8,August,14,10,0,1
C07845,2025,10,October,15,11,0,1
C07846,2024,8,August,1,0,1,0
C07846,2024,10,October,2,0,0,0
C07846,2025,1,January,3,1,0,0
C07846,2025,4,April,4,2,0,1
C07847,2025,1,January,1,0,1,0
C07847,2025,7,July,2,1,0,0
C07848,2024,8,August,1,1,1,0
C07848,2025,1,January,2,3,0,1
C07848,2025,2,February,4,4,0,1
C07848,2025,7,July,5,5,0,1
C07849,2024,9,September,1,1,1,0
C07849,2025,4,April,2,2,0,1
C07849,2025,6,June,3,3,0,1
C07849,2025,8,August,4,4,0,1
C07850,2025,1,January,1,1,1,0
C07850,2025,4,April,2,1,0,0
C07851,2024,9,September,1,1,1,0
C07851,2024,11,November,2,2,0,1
C07851,2024,12,December,3,3,0,1
C07851,2025,12,December,4,4,0,1
C07852,2024,10,October,1,0,1,0
C07852,2025,4,April,2,1,0,0
C07852,2025,6,June,3,3,0,1
C07852,2025,9,September,5,4,0,1
C07853,2024,8,August,1,2,0,1
C07853,2025,11,November,3,4,0,1
C07854,2024,9,September,1,0,1,0
C07854,2024,10,October,2,1,0,0
C07854,2025,2,February,3,2,0,1
C07854,2025,3,March,4,4,0,1
C07854,2025,4,April,7,5,0,1
C07854,2025,8,August,8,6,0,1
C07854,2025,10,October,9,9,0,1
C07855,2024,8,August,1,2,0,1
C07855,2024,9,September,3,3,0,1
C07855,2024,11,November,4,4,0,1
C07855,2025,1,January,5,6,0,1
C07855,2025,3,March,8,7,0,1
C07855,2025,6,June,9,8,0,1
C07855,2025,11,November,10,9,0,1
C07856,2024,8,August,1,1,1,0
C07856,2024,9,September,2,1,0,0
C07856,2024,11,November,4,2,0,1
C07856,2025,3,March,5,2,0,1
C07856,2025,6,June,6,3,0,1
C07856,2025,7,July,7,4,0,1
C07856,2025,12,December,8,5,0,1
C07857,2024,7,July,1,1,1,0
C07857,2025,8,August,2,3,0,1
C07858,2024,10,October,1,1,1,0
C07858,2024,11,November,2,2,0,1
C07858,2024,12,December,3,3,0,1
C07858,2025,3,March,4,4,0,1
C07859,2024,8,August,1,1,1,0
C07859,2024,11,November,2,2,0,1
C07859,2025,7,July,3,2,0,1
C07859,2025,9,September,4,3,0,1
C07860,2025,1,January,1,0,1,0
C07861,2024,9,September,1,1,1,0
C07861,2024,10,October,2,2,0,1
C07861,2024,12,December,3,3,0,1
C07861,2025,1,January,4,4,0,1
C07861,2025,3,March,5,4,0,1
C07861,2025,6,June,6,5,0,1
C07862,2024,10,October,1,0,1,0
C07862,2025,6,June,2,1,0,0
C07863,2025,12,December,1,1,1,0
C07865,2025,3,March,1,1,1,0
C07865,2025,4,April,2,2,0,1
C07865,2025,5,May,3,2,0,1
C07865,2025,10,October,4,3,0,1
C07865,2025,11,November,5,5,0,1
C07866,2025,7,July,1,1,1,0
C07866,2025,8,August,2,1,0,0
C07867,2024,11,November,1,1,1,0
C07867,2025,7,July,2,2,0,1
C07867,2025,10,October,3,2,0,1
C07868,2024,10,October,1,1,1,0
C07868,2024,12,December,3,2,0,1
C07868,2025,10,October,4,3,0,1
C07868,2025,12,December,5,4,0,1
C07869,2024,10,October,1,1,1,0
C07869,2025,1,January,2,1,0,0
C07869,2025,6,June,3,2,0,1
C07869,2025,11,November,4,3,0,1
C07869,2025,12,December,5,4,0,1
C07870,2024,7,July,1,0,1,0
C07870,2024,10,October,2,2,0,1
C07870,2024,11,November,4,3,0,1
C07870,2024,12,December,5,4,0,1
C07870,2025,6,June,6,5,0,1
C07870,2025,9,September,7,6,0,1
C07870,2025,11,November,8,7,0,1
C07871,2025,9,September,1,1,1,0
C07872,2024,10,October,1,1,1,0
C07872,2024,11,November,2,1,0,0
C07872,2025,2,February,3,2,0,1
C07872,2025,4,April,4,5,0,1
C07872,2025,5,May,7,6,0,1
C07872,2025,7,July,8,7,0,1
C07872,2025,11,November,9,8,0,1
C07872,2025,12,December,10,9,0,1
C07873,2025,3,March,1,1,1,0
C07873,2025,7,July,2,2,0,1
C07874,2024,7,July,1,0,1,0
C07874,2024,9,September,2,0,0,0
C07874,2025,5,May,3,1,0,0
C07874,2025,7,July,4,2,0,1
C07874,2025,10,October,5,3,0,1
C07875,2024,9,September,1,1,1,0
C07875,2024,11,November,2,1,0,0
C07875,2025,12,December,3,1,0,0
C07877,2025,7,July,1,1,1,0
C07877,2025,11,November,2,2,0,1
C07878,2025,12,December,1,1,1,0
C07879,2024,9,September,1,1,1,0
C07880,2024,11,November,1,0,1,0
C07880,2025,11,November,2,0,0,0
C07880,2025,12,December,3,0,0,0
C07882,2024,8,August,1,1,1,0
C07882,2024,12,December,2,2,0,1
C07883,2024,8,August,1,1,1,0
C07883,2024,9,September,2,2,0,1
C07883,2024,11,November,3,3,0,1
C07883,2025,4,April,4,3,0,1
C07883,2025,6,June,5,4,0,1
C07884,2024,7,July,1,1,1,0
C07884,2024,8,August,2,2,0,1
C07884,2025,5,May,3,3,0,1
C07884,2025,12,December,4,4,0,1
C07885,2024,7,July,1,1,1,0
C07885,2024,10,October,2,1,0,0
C07885,2025,1,January,3,1,0,0
C07886,2024,7,July,1,0,1,0
C07886,2024,10,October,2,0,0,0
C07886,2025,4,April,3,1,0,0
C07886,2025,7,July,4,2,0,1
C07887,2024,10,October,1,0,1,0
C07887,2025,6,June,2,1,0,0
C07888,2024,11,November,1,0,1,0
C07888,2024,12,December,2,1,0,0
C07889,2025,3,March,1,1,1,0
C07889,2025,8,August,2,2,0,1
C07890,2024,9,September,1,1,1,0
C07890,2025,3,March,2,2,0,1
C07890,2025,7,July,3,3,0,1
C07891,2024,9,September,1,0,1,0
C07891,2025,2,February,2,1,0,0
C07891,2025,10,October,3,2,0,1
C07892,2025,10,October,1,1,1,0
C07893,2024,7,July,1,1,1,0
C07893,2024,12,December,2,1,0,0
C07893,2025,1,January,3,3,0,1
C07893,2025,3,March,5,4,0,1
C07893,2025,6,June,6,5,0,1
C07893,2025,12,December,7,7,0,1
C07894,2024,11,November,1,1,1,0
C07894,2025,3,March,2,2,0,1
C07894,2025,10,October,3,4,0,1
C07894,2025,11,November,5,4,0,1
C07895,2025,1,January,1,1,1,0
C07895,2025,10,October,2,2,0,1
C07895,2025,12,December,3,2,0,1
C07896,2024,7,July,1,1,1,0
C07896,2024,9,September,2,1,0,0
C07896,2024,11,November,3,2,0,1
C07896,2025,8,August,4,2,0,1
C07897,2024,9,September,1,1,1,0
C07897,2024,12,December,2,2,0,1
C07897,2025,10,October,3,3,0,1
C07898,2024,8,August,1,1,1,0
C07898,2024,9,September,2,2,0,1
C07898,2024,12,December,3,2,0,1
C07898,2025,3,March,4,2,0,1
C07898,2025,5,May,5,3,0,1
C07898,2025,6,June,6,4,0,1
C07898,2025,10,October,7,6,0,1
C07898,2025,12,December,9,7,0,1
C07899,2024,8,August,1,1,1,0
C07899,2025,7,July,2,1,0,0
C07899,2025,8,August,3,3,0,1
C07899,2025,11,November,5,4,0,1
C07899,2025,12,December,6,5,0,1
C07900,2024,11,November,1,0,1,0
C07901,2025,9,September,1,1,1,0
C07902,2024,7,July,1,0,1,0
C07902,2024,9,September,2,1,0,0
C07902,2025,4,April,3,2,0,1
C07903,2024,7,July,1,1,1,0
C07903,2025,11,November,2,1,0,0
C07904,2024,11,November,1,1,1,0
C07904,2025,3,March,2,1,0,0
C07905,2024,11,November,1,1,1,0
C07905,2025,6,June,2,1,0,0
C07905,2025,9,September,3,2,0,1
C07906,2024,12,December,1,1,1,0
C07906,2025,4,April,2,2,0,1
C07906,2025,5,May,3,3,0,1
C07907,2024,8,August,1,1,1,0
C07907,2025,8,August,2,1,0,0
C07907,2025,11,November,3,2,0,1
C07908,2025,9,September,1,1,1,0
C07909,2024,11,November,1,1,1,0
C07909,2025,6,June,2,1,0,0
C07909,2025,9,September,3,2,0,1
C07909,2025,10,October,4,3,0,1
C07909,2025,12,December,5,4,0,1
C07910,2024,8,August,1,0,1,0
C07910,2025,4,April,2,1,0,0
C07910,2025,9,September,3,2,0,1
C07910,2025,10,October,4,2,0,1
C07910,2025,12,December,5,3,0,1
C07911,2024,10,October,1,1,1,0
C07911,2025,3,March,2,2,0,1
C07912,2024,9,September,1,1,1,0
C07912,2025,1,January,2,2,0,1
C07912,2025,5,May,3,3,0,1
C07913,2024,7,July,1,0,1,0
C07913,2024,8,August,2,1,0,0
C07913,2024,9,September,3,2,0,1
C07913,2024,12,December,4,4,0,1
C07913,2025,3,March,6,4,0,1
C07913,2025,11,November,7,5,0,1
C07914,2024,9,September,1,1,1,0
C07914,2024,12,December,3,2,0,1
C07914,2025,4,April,4,3,0,1
C07914,2025,6,June,5,4,0,1
C07915,2024,12,December,1,1,1,0
C07915,2025,6,June,2,2,0,1
C07916,2024,7,July,1,1,1,0
C07916,2024,12,December,2,2,0,1
C07916,2025,4,April,3,3,0,1
C07917,2024,12,December,1,0,1,0
C07918,2024,9,September,1,1,1,0
C07918,2024,11,November,2,2,0,1
C07918,2024,12,December,3,3,0,1
C07918,2025,3,March,4,4,0,1
C07918,2025,7,July,5,5,0,1
C07918,2025,11,November,6,6,0,1
C07919,2024,7,July,1,1,1,0
C07919,2024,9,September,2,1,0,0
C07919,2025,10,October,3,1,0,0
C07920,2025,9,September,1,0,1,0
C07921,2024,8,August,1,1,1,0
C07921,2024,9,September,2,1,0,0
C07921,2024,10,October,3,2,0,1
C07921,2024,11,November,4,3,0,1
C07921,2025,2,February,5,4,0,1
C07921,2025,8,August,6,6,0,1
C07921,2025,10,October,9,7,0,1
C07921,2025,11,November,10,9,0,1
C07921,2025,12,December,12,10,0,1
C07922,2024,7,July,1,1,1,0
C07922,2025,10,October,2,1,0,0
C07922,2025,12,December,3,2,0,1
C07923,2024,10,October,1,1,1,0
C07923,2024,11,November,2,1,0,0
C07923,2025,4,April,3,2,0,1
C07923,2025,7,July,4,3,0,1
C07923,2025,9,September,5,5,0,1
C07924,2024,11,November,1,1,1,0
C07924,2025,4,April,2,2,0,1
C07924,2025,6,June,3,3,0,1
C07925,2024,12,December,1,0,1,0
C07926,2024,7,July,1,1,1,0
C07927,2024,7,July,1,1,1,0
C07927,2024,8,August,2,2,0,1
C07927,2024,9,September,3,2,0,1
C07927,2025,6,June,4,3,0,1
C07927,2025,9,September,5,4,0,1
C07928,2024,8,August,1,1,1,0
C07928,2024,12,December,2,1,0,0
C07928,2025,2,February,3,2,0,1
C07928,2025,3,March,4,3,0,1
C07928,2025,9,September,5,3,0,1
C07929,2024,10,October,1,1,1,0
C07929,2025,2,February,2,2,0,1
C07929,2025,9,September,3,3,0,1
C07930,2025,5,May,1,1,1,0
C07930,2025,11,November,2,2,0,1
C07931,2024,8,August,1,1,1,0
C07931,2025,8,August,2,1,0,0
C07931,2025,11,November,3,2,0,1
C07932,2024,7,July,1,1,1,0
C07932,2024,10,October,2,2,0,1
C07932,2025,2,February,3,3,0,1
C07932,2025,5,May,4,4,0,1
C07932,2025,7,July,5,5,0,1
C07932,2025,11,November,6,6,0,1
C07933,2024,7,July,1,1,1,0
C07933,2025,1,January,2,2,0,1
C07933,2025,2,February,3,3,0,1
C07933,2025,8,August,4,5,0,1
C07933,2025,9,September,6,6,0,1
C07934,2024,11,November,1,0,1,0
C07934,2025,3,March,3,1,0,0
C07934,2025,7,July,4,3,0,1
C07934,2025,11,November,6,4,0,1
C07935,2024,12,December,1,1,1,0
C07935,2025,1,January,2,2,0,1
C07935,2025,6,June,3,3,0,1
C07935,2025,12,December,4,3,0,1
C07936,2024,7,July,1,0,1,0
C07936,2024,9,September,2,1,0,0
C07936,2025,1,January,3,1,0,0
C07936,2025,3,March,4,2,0,1
C07936,2025,4,April,5,2,0,1
C07936,2025,5,May,6,2,0,1
C07936,2025,6,June,7,3,0,1
C07936,2025,12,December,8,6,0,1
C07937,2024,12,December,1,1,1,0
C07937,2025,1,January,2,3,0,1
C07937,2025,6,June,4,4,0,1
C07937,2025,8,August,5,5,0,1
C07937,2025,11,November,6,5,0,1
C07938,2024,7,July,1,1,1,0
C07938,2024,9,September,2,1,0,0
C07938,2024,10,October,3,3,0,1
C07938,2024,11,November,5,4,0,1
C07938,2025,1,January,6,6,0,1
C07938,2025,9,September,8,7,0,1
C07938,2025,12,December,9,8,0,1
C07939,2024,8,August,1,1,1,0
C07939,2024,11,November,2,2,0,1
C07939,2025,3,March,3,2,0,1
C07939,2025,6,June,4,3,0,1
C07939,2025,7,July,5,4,0,1
C07939,2025,8,August,6,5,0,1
C07939,2025,11,November,7,6,0,1
C07940,2024,11,November,1,1,1,0
C07940,2025,5,May,2,2,0,1
C07941,2024,10,October,1,1,1,0
C07941,2025,3,March,2,1,0,0
C07942,2024,8,August,1,1,1,0
C07942,2024,12,December,2,2,0,1
C07942,2025,8,August,4,3,0,1
C07943,2025,5,May,1,1,1,0
C07943,2025,6,June,2,2,0,1
C07943,2025,8,August,4,4,0,1
C07944,2024,11,November,1,0,1,0
C07944,2025,2,February,2,2,0,1
C07944,2025,5,May,4,3,0,1
C07944,2025,8,August,5,5,0,1
C07944,2025,9,September,7,6,0,1
C07946,2024,12,December,1,1,1,0
C07946,2025,3,March,2,2,0,1
C07946,2025,4,April,3,3,0,1
C07946,2025,7,July,4,4,0,1
C07946,2025,9,September,5,5,0,1
C07946,2025,10,October,6,6,0,1
C07946,2025,11,November,7,7,0,1
C07947,2024,7,July,1,1,1,0
C07947,2024,8,August,2,1,0,0
C07947,2024,11,November,3,1,0,0
C07947,2025,1,January,4,1,0,0
C07947,2025,12,December,5,2,0,1
C07948,2025,2,February,1,1,1,0
C07948,2025,12,December,2,3,0,1
C07949,2025,5,May,1,1,1,0
C07949,2025,6,June,2,2,0,1
C07949,2025,11,November,3,3,0,1
C07950,2024,7,July,1,2,0,1
C07950,2025,7,July,3,3,0,1
C07950,2025,8,August,4,4,0,1
C07951,2024,8,August,1,0,1,0
C07951,2024,11,November,2,1,0,0
C07951,2025,2,February,3,2,0,1
C07951,2025,3,March,4,3,0,1
C07952,2024,9,September,1,0,1,0
C07952,2024,10,October,2,1,0,0
C07952,2024,12,December,3,2,0,1
C07952,2025,3,March,4,3,0,1
C07952,2025,8,August,5,4,0,1
C07952,2025,11,November,6,5,0,1
C07952,2025,12,December,7,6,0,1
C07953,2024,10,October,1,1,1,0
C07953,2024,12,December,2,1,0,0
C07953,2025,5,May,3,2,0,1
C07953,2025,7,July,4,3,0,1
C07953,2025,8,August,5,3,0,1
C07953,2025,9,September,6,5,0,1
C07953,2025,11,November,8,7,0,1
C07954,2024,8,August,1,1,1,0
C07954,2024,9,September,2,2,0,1
C07954,2024,10,October,3,3,0,1
C07954,2025,1,January,4,4,0,1
C07955,2025,1,January,1,1,1,0
C07955,2025,10,October,2,2,0,1
C07956,2024,7,July,1,1,1,0
C07956,2024,9,September,2,2,0,1
C07956,2024,10,October,3,2,0,1
C07956,2025,3,March,4,5,0,1
C07956,2025,4,April,7,6,0,1
C07956,2025,10,October,8,7,0,1
C07957,2025,6,June,1,1,1,0
C07957,2025,12,December,2,2,0,1
C07958,2024,7,July,1,1,1,0
C07958,2025,4,April,2,1,0,0
C07958,2025,11,November,3,2,0,1
C07959,2025,7,July,1,1,1,0
C07960,2024,8,August,1,1,1,0
C07960,2024,11,November,2,2,0,1
C07960,2025,4,April,3,3,0,1
C07961,2024,8,August,1,1,1,0
C07961,2024,9,September,2,2,0,1
C07961,2025,3,March,3,3,0,1
C07961,2025,7,July,4,4,0,1
C07962,2024,9,September,1,1,1,0
C07962,2025,7,July,2,2,0,1
C07963,2025,2,February,1,1,1,0
C07963,2025,9,September,2,2,0,1
C07964,2024,7,July,1,1,1,0
C07964,2025,3,March,2,2,0,1
C07965,2024,7,July,1,0,1,0
C07965,2024,8,August,2,1,0,0
C07965,2024,12,December,3,1,0,0
C07965,2025,3,March,4,2,0,1
C07965,2025,5,May,5,3,0,1
C07965,2025,6,June,6,4,0,1
C07965,2025,7,July,7,5,0,1
C07966,2024,7,July,1,1,1,0
C07966,2024,8,August,2,3,0,1
C07966,2024,10,October,4,4,0,1
C07966,2025,3,March,5,4,0,1
C07967,2024,7,July,1,1,1,0
C07967,2025,10,October,2,2,0,1
C07968,2024,8,August,1,1,1,0
C07968,2024,12,December,2,2,0,1
C07968,2025,2,February,3,3,0,1
C07968,2025,3,March,4,4,0,1
C07968,2025,4,April,5,5,0,1
C07968,2025,5,May,6,5,0,1
C07968,2025,7,July,7,6,0,1
C07968,2025,11,November,8,7,0,1
C07969,2024,7,July,1,1,1,0
C07969,2024,11,November,2,2,0,1
C07969,2025,2,February,3,3,0,1
C07969,2025,10,October,4,4,0,1
C07969,2025,11,November,5,5,0,1
C07970,2024,8,August,1,2,0,1
C07970,2024,10,October,5,3,0,1
C07970,2025,9,September,6,4,0,1
C07970,2025,12,December,7,4,0,1
C07971,2024,8,August,1,1,1,0
C07971,2024,9,September,2,2,0,1
C07971,2025,11,November,3,3,0,1
C07971,2025,12,December,4,3,0,1
C07972,2025,1,January,1,1,1,0
C07972,2025,7,July,2,2,0,1
C07972,2025,8,August,3,3,0,1
C07972,2025,9,September,4,4,0,1
C07973,2025,11,November,1,0,1,0
C07974,2024,10,October,1,1,1,0
C07974,2024,12,December,2,2,0,1
C07974,2025,1,January,3,3,0,1
C07974,2025,3,March,4,4,0,1
C07974,2025,9,September,5,5,0,1
C07975,2024,9,September,1,1,1,0
C07975,2025,8,August,2,1,0,0
C07975,2025,12,December,3,1,0,0
C07976,2024,10,October,1,0,1,0
C07976,2025,5,May,2,1,0,0
C07977,2024,7,July,1,1,1,0
C07977,2024,8,August,2,2,0,1
C07977,2024,10,October,3,3,0,1
C07977,2024,11,November,4,4,0,1
C07978,2024,7,July,1,1,1,0
C07978,2024,8,August,2,2,0,1
C07978,2024,9,September,3,3,0,1
C07978,2024,12,December,4,4,0,1
C07978,2025,1,January,5,5,0,1
C07978,2025,3,March,6,5,0,1
C07978,2025,4,April,7,6,0,1
C07978,2025,5,May,8,7,0,1
C07978,2025,11,November,9,8,0,1
C07979,2025,11,November,1,1,1,0
C07980,2024,8,August,1,1,1,0
C07980,2024,9,September,2,2,0,1
C07980,2024,12,December,3,3,0,1
C07980,2025,8,August,4,4,0,1
C07980,2025,10,October,6,6,0,1
C07981,2024,11,November,1,1,1,0
C07981,2025,11,November,2,2,0,1
C07982,2024,10,October,1,1,1,0
C07982,2025,5,May,2,2,0,1
C07982,2025,7,July,3,2,0,1
C07983,2024,10,October,1,1,1,0
C07983,2025,7,July,2,1,0,0
C07983,2025,9,September,3,2,0,1
C07983,2025,11,November,5,3,0,1
C07983,2025,12,December,6,4,0,1
C07984,2024,11,November,1,1,1,0
C07984,2025,11,November,2,2,0,1
C07985,2025,6,June,1,1,1,0
C07985,2025,8,August,2,2,0,1
C07986,2024,9,September,1,0,1,0
C07986,2024,10,October,2,0,0,0
C07986,2025,2,February,3,2,0,1
C07986,2025,12,December,5,3,0,1
C07987,2024,9,September,1,0,1,0
C07987,2025,5,May,2,1,0,0
C07987,2025,6,June,3,2,0,1
C07988,2024,11,November,1,1,1,0
C07988,2025,10,October,2,2,0,1
C07988,2025,12,December,3,3,0,1
C07989,2025,3,March,1,1,1,0
C07989,2025,4,April,2,2,0,1
C07989,2025,7,July,3,3,0,1
C07989,2025,8,August,4,4,0,1
C07989,2025,9,September,5,6,0,1
C07989,2025,12,December,7,7,0,1
C07990,2025,4,April,1,2,0,1
C07990,2025,11,November,3,3,0,1
C07991,2024,7,July,1,0,1,0
C07991,2025,1,January,2,1,0,0
C07991,2025,4,April,3,2,0,1
C07991,2025,12,December,4,4,0,1
C07992,2024,10,October,1,1,1,0
C07992,2025,4,April,2,2,0,1
C07992,2025,12,December,3,2,0,1
C07993,2024,9,September,1,1,1,0
C07993,2024,12,December,2,2,0,1
C07993,2025,2,February,4,3,0,1
C07994,2024,11,November,1,1,1,0
C07994,2025,12,December,3,2,0,1
C07995,2024,8,August,1,1,1,0
C07995,2024,12,December,2,2,0,1
C07995,2025,8,August,3,3,0,1
C07995,2025,9,September,4,3,0,1
C07996,2024,8,August,1,1,1,0
C07996,2024,12,December,2,2,0,1
C07996,2025,3,March,3,3,0,1
C07996,2025,10,October,4,4,0,1
C07997,2024,7,July,1,1,1,0
C07997,2025,5,May,2,2,0,1
C07997,2025,8,August,3,3,0,1
C07998,2025,2,February,1,1,1,0
C07999,2025,4,April,1,1,1,0
C07999,2025,11,November,2,2,0,1
C08000,2024,12,December,1,1,1,0
C08000,2025,5,May,2,2,0,1
C08000,2025,7,July,3,2,0,1
C08001,2024,7,July,1,1,1,0
C08001,2024,9,September,2,3,0,1
C08001,2024,10,October,4,4,0,1
C08001,2025,3,March,5,5,0,1
C08001,2025,4,April,6,6,0,1
C08002,2024,8,August,1,1,1,0
C08002,2024,9,September,3,2,0,1
C08003,2024,11,November,1,1,1,0
C08003,2024,12,December,2,4,0,1
C08003,2025,1,January,6,5,0,1
C08003,2025,6,June,7,5,0,1
C08003,2025,7,July,8,6,0,1
C08003,2025,8,August,9,8,0,1
C08003,2025,12,December,13,9,0,1
C08004,2024,9,September,1,0,1,0
C08004,2025,8,August,2,0,0,0
C08005,2024,12,December,1,1,1,0
C08005,2025,6,June,2,2,0,1
C08005,2025,8,August,3,3,0,1
C08005,2025,11,November,4,4,0,1
C08005,2025,12,December,5,5,0,1
C08006,2024,7,July,1,1,1,0
C08006,2024,11,November,2,1,0,0
C08006,2025,2,February,3,1,0,0
C08006,2025,3,March,4,2,0,1
C08006,2025,10,October,5,3,0,1
C08006,2025,12,December,6,3,0,1
C08007,2024,8,August,1,1,1,0
C08007,2025,1,January,2,2,0,1
C08007,2025,10,October,3,3,0,1
C08008,2024,11,November,1,1,1,0
C08008,2025,1,January,3,2,0,1
C08008,2025,10,October,4,3,0,1
C08009,2024,11,November,1,1,1,0
C08010,2024,10,October,1,1,1,0
C08010,2025,8,August,2,2,0,1
C08011,2024,7,July,1,0,1,0
C08011,2025,9,September,2,1,0,0
C08011,2025,11,November,4,1,0,0
C08012,2024,8,August,1,1,1,0
C08012,2025,3,March,2,2,0,1
C08012,2025,4,April,3,4,0,1
C08012,2025,9,September,5,6,0,1
C08012,2025,11,November,7,7,0,1
C08012,2025,12,December,8,7,0,1
C08013,2024,11,November,1,1,1,0
C08013,2025,9,September,2,2,0,1
C08014,2025,2,February,1,2,0,1
C08014,2025,4,April,3,3,0,1
C08015,2024,9,September,1,0,1,0
C08015,2024,11,November,2,0,0,0
C08015,2025,1,January,3,1,0,0
C08015,2025,2,February,4,2,0,1
C08015,2025,3,March,5,3,0,1
C08015,2025,9,September,7,3,0,1
C08015,2025,12,December,8,4,0,1
C08016,2025,3,March,1,1,1,0
C08017,2025,6,June,1,1,1,0
C08017,2025,8,August,2,2,0,1
C08018,2024,9,September,1,0,1,0
C08018,2025,5,May,2,1,0,0
C08018,2025,7,July,3,1,0,0
C08018,2025,8,August,4,1,0,0
C08018,2025,9,September,5,2,0,1
C08019,2025,7,July,1,1,1,0
C08020,2024,7,July,1,1,1,0
C08020,2024,11,November,2,2,0,1
C08020,2025,6,June,3,4,0,1
C08021,2024,10,October,1,1,1,0
C08021,2024,11,November,2,2,0,1
C08021,2025,2,February,3,3,0,1
C08021,2025,5,May,4,4,0,1
C08021,2025,7,July,5,5,0,1
C08021,2025,8,August,6,6,0,1
C08021,2025,10,October,7,7,0,1
C08021,2025,11,November,8,8,0,1
C08022,2024,8,August,1,1,1,0
C08022,2024,12,December,2,2,0,1
C08022,2025,1,January,3,4,0,1
C08022,2025,4,April,5,5,0,1
C08022,2025,7,July,6,6,0,1
C08023,2025,7,July,1,1,1,0
C08023,2025,9,September,2,2,0,1
C08023,2025,12,December,3,3,0,1
C08024,2025,3,March,1,1,1,0
C08024,2025,6,June,2,2,0,1
C08025,2024,12,December,1,0,1,0
C08025,2025,3,March,2,0,0,0
C08025,2025,11,November,3,0,0,0
C08026,2024,8,August,1,1,1,0
C08026,2024,10,October,2,2,0,1
C08026,2024,11,November,3,3,0,1
C08026,2025,3,March,4,4,0,1
C08026,2025,12,December,5,5,0,1
C08027,2025,3,March,1,1,1,0
C08027,2025,4,April,2,2,0,1
C08027,2025,5,May,3,2,0,1
C08027,2025,8,August,4,3,0,1
C08028,2024,7,July,1,0,1,0
C08028,2025,5,May,2,1,0,0
C08028,2025,8,August,3,2,0,1
C08029,2024,8,August,1,1,1,0
C08029,2024,12,December,2,2,0,1
C08029,2025,12,December,3,3,0,1
C08030,2024,8,August,1,2,0,1
C08030,2024,9,September,3,3,0,1
C08030,2024,10,October,4,4,0,1
C08030,2024,12,December,6,4,0,1
C08030,2025,1,January,7,6,0,1
C08030,2025,2,February,9,7,0,1
C08030,2025,6,June,11,8,0,1
C08030,2025,8,August,12,9,0,1
C08030,2025,10,October,13,10,0,1
C08030,2025,11,November,14,11,0,1
C08030,2025,12,December,15,12,0,1
C08031,2025,4,April,1,1,1,0
C08032,2025,3,March,1,1,1,0
C08032,2025,8,August,3,2,0,1
C08032,2025,11,November,4,3,0,1
C08033,2024,9,September,1,1,1,0
C08033,2025,1,January,2,2,0,1
C08033,2025,2,February,3,3,0,1
C08033,2025,3,March,4,3,0,1
C08034,2024,10,October,1,1,1,0
C08034,2025,3,March,2,2,0,1
C08034,2025,7,July,3,3,0,1
C08035,2024,7,July,1,1,1,0
C08035,2024,10,October,2,2,0,1
C08035,2024,11,November,3,3,0,1
C08035,2025,2,February,4,4,0,1
C08035,2025,4,April,5,4,0,1
C08035,2025,5,May,6,5,0,1
C08035,2025,8,August,7,5,0,1
C08035,2025,10,October,8,6,0,1
C08036,2025,1,January,1,1,1,0
C08036,2025,8,August,2,1,0,0
C08036,2025,11,November,3,2,0,1
C08038,2024,8,August,1,1,1,0
C08038,2024,10,October,2,1,0,0
C08038,2024,12,December,3,2,0,1
C08038,2025,6,June,4,3,0,1
C08038,2025,11,November,5,3,0,1
C08039,2024,8,August,1,0,1,0
C08039,2024,9,September,2,1,0,0
C08039,2025,7,July,3,2,0,1
C08039,2025,8,August,4,3,0,1
C08040,2024,9,September,1,1,1,0
C08040,2024,11,November,2,3,0,1
C08040,2024,12,December,4,4,0,1
C08040,2025,4,April,5,4,0,1
C08040,2025,9,September,6,5,0,1
C08040,2025,10,October,7,6,0,1
C08041,2024,8,August,1,2,0,1
C08041,2024,10,October,3,3,0,1
C08041,2024,11,November,4,3,0,1
C08041,2025,1,January,5,5,0,1
C08041,2025,7,July,7,6,0,1
C08042,2025,12,December,1,1,1,0
C08043,2024,12,December,1,1,1,0
C08043,2025,5,May,2,2,0,1
C08043,2025,11,November,3,3,0,1
C08044,2024,7,July,1,1,1,0
C08044,2025,1,January,2,2,0,1
C08044,2025,4,April,3,3,0,1
C08045,2024,8,August,1,2,0,1
C08045,2024,10,October,3,3,0,1
C08045,2025,5,May,4,4,0,1
C08045,2025,6,June,5,5,0,1
C08045,2025,7,July,6,6,0,1
C08045,2025,8,August,7,7,0,1
C08045,2025,9,September,8,8,0,1
C08045,2025,12,December,9,9,0,1
C08046,2024,10,October,1,2,0,1
C08046,2025,3,March,3,3,0,1
C08046,2025,5,May,4,4,0,1
C08046,2025,6,June,5,5,0,1
C08046,2025,12,December,6,6,0,1
C08047,2025,4,April,1,1,1,0
C08047,2025,8,August,2,2,0,1
C08047,2025,11,November,3,2,0,1
C08047,2025,12,December,4,2,0,1
C08048,2024,9,September,1,1,1,0
C08049,2024,8,August,1,2,0,1
C08049,2024,11,November,3,3,0,1
C08049,2025,10,October,4,3,0,1
C08050,2024,7,July,1,1,1,0
C08050,2024,9,September,2,2,0,1
C08051,2024,7,July,1,1,1,0
C08051,2024,8,August,2,3,0,1
C08051,2024,9,September,4,4,0,1
C08051,2024,12,December,5,5,0,1
C08051,2025,5,May,6,5,0,1
C08051,2025,6,June,7,6,0,1
C08051,2025,8,August,8,6,0,1
C08051,2025,9,September,9,7,0,1
C08051,2025,10,October,10,7,0,1
C08051,2025,11,November,11,8,0,1
C08052,2025,8,August,1,1,1,0
C08052,2025,9,September,2,3,0,1
C08052,2025,11,November,4,5,0,1
C08053,2024,9,September,1,1,1,0
C08053,2025,5,May,2,2,0,1
C08053,2025,6,June,3,3,0,1
C08054,2024,11,November,1,2,0,1
C08054,2025,2,February,3,3,0,1
C08054,2025,6,June,4,3,0,1
C08054,2025,12,December,5,4,0,1
C08055,2024,7,July,1,1,1,0
C08055,2024,9,September,2,2,0,1
C08055,2024,10,October,3,3,0,1
C08055,2025,1,January,4,4,0,1
C08055,2025,12,December,5,5,0,1
C08056,2024,12,December,1,1,1,0
C08056,2025,6,June,2,2,0,1
C08056,2025,9,September,3,3,0,1
C08056,2025,12,December,4,4,0,1
C08057,2024,8,August,1,1,1,0
C08057,2025,3,March,2,2,0,1
C08057,2025,6,June,3,3,0,1
C08059,2025,4,April,1,2,0,1
C08059,2025,7,July,4,3,0,1
C08060,2024,7,July,1,0,1,0
C08060,2025,3,March,2,1,0,0
C08060,2025,4,April,3,2,0,1
C08060,2025,7,July,4,3,0,1
C08062,2024,11,November,1,1,1,0
C08062,2025,8,August,2,2,0,1
C08062,2025,9,September,3,3,0,1
C08062,2025,10,October,4,4,0,1
C08063,2024,12,December,1,0,1,0
C08063,2025,7,July,2,1,0,0
C08064,2024,7,July,1,0,1,0
C08064,2024,12,December,2,1,0,0
C08064,2025,2,February,3,2,0,1
C08064,2025,10,October,4,3,0,1
C08065,2024,10,October,1,1,1,0
C08065,2025,1,January,2,1,0,0
C08065,2025,6,June,3,3,0,1
C08065,2025,7,July,5,4,0,1
C08065,2025,10,October,6,5,0,1
C08065,2025,11,November,7,6,0,1
C08066,2024,9,September,1,1,1,0
C08066,2025,10,October,2,2,0,1
C08067,2024,11,November,1,1,1,0
C08067,2025,2,February,2,2,0,1
C08067,2025,4,April,3,3,0,1
C08067,2025,7,July,4,4,0,1
C08068,2025,4,April,1,0,1,0
C08068,2025,6,June,2,1,0,0
C08068,2025,12,December,3,1,0,0
C08069,2025,2,February,1,0,1,0
C08069,2025,6,June,2,1,0,0
C08069,2025,10,October,3,2,0,1
C08069,2025,12,December,4,4,0,1
C08070,2024,10,October,1,1,1,0
C08070,2025,6,June,2,2,0,1
C08070,2025,12,December,3,3,0,1
C08071,2024,7,July,1,1,1,0
C08071,2024,8,August,2,2,0,1
C08071,2025,6,June,3,3,0,1
C08071,2025,11,November,4,5,0,1
C08072,2024,7,July,1,1,1,0
C08072,2024,9,September,2,2,0,1
C08072,2025,3,March,3,3,0,1
C08073,2024,9,September,1,2,0,1
C08073,2024,10,October,3,5,0,1
C08073,2025,8,August,6,6,0,1
C08074,2024,10,October,1,1,1,0
C08074,2025,12,December,2,1,0,0
C08075,2025,1,January,1,1,1,0
C08075,2025,6,June,2,2,0,1
C08075,2025,9,September,3,3,0,1
C08076,2024,7,July,1,1,1,0
C08076,2024,8,August,2,2,0,1
C08076,2025,5,May,3,3,0,1
C08077,2024,10,October,1,1,1,0
C08078,2024,10,October,1,1,1,0
C08078,2024,12,December,2,2,0,1
C08078,2025,8,August,3,3,0,1
C08080,2024,12,December,1,1,1,0
C08080,2025,1,January,2,2,0,1
C08080,2025,8,August,3,3,0,1
C08081,2024,7,July,1,1,1,0
C08081,2024,9,September,2,2,0,1
C08081,2024,12,December,3,3,0,1
C08081,2025,5,May,4,4,0,1
C08082,2024,7,July,1,3,0,1
C08082,2024,11,November,4,4,0,1
C08082,2024,12,December,5,5,0,1
C08082,2025,1,January,6,7,0,1
C08082,2025,5,May,8,8,0,1
C08082,2025,6,June,9,10,0,1
C08082,2025,8,August,11,11,0,1
C08082,2025,9,September,12,12,0,1
C08082,2025,11,November,13,13,0,1
C08082,2025,12,December,14,14,0,1
C08083,2025,2,February,1,1,1,0
C08084,2024,8,August,1,0,1,0
C08084,2024,11,November,2,1,0,0
C08084,2025,7,July,3,2,0,1
C08085,2024,7,July,1,1,1,0
C08085,2025,5,May,2,2,0,1
C08085,2025,10,October,3,3,0,1
C08086,2024,8,August,1,1,1,0
C08086,2025,3,March,2,2,0,1
C08086,2025,9,September,3,2,0,1
C08086,2025,11,November,4,2,0,1
C08087,2024,8,August,1,0,1,0
C08087,2024,9,September,2,2,0,1
C08087,2024,12,December,4,3,0,1
C08087,2025,4,April,5,4,0,1
C08087,2025,7,July,6,6,0,1
C08087,2025,12,December,8,7,0,1
C08088,2024,7,July,1,1,1,0
C08088,2024,9,September,2,2,0,1
C08088,2024,12,December,3,2,0,1
C08088,2025,12,December,4,3,0,1
C08089,2025,5,May,1,1,1,0
C08089,2025,9,September,2,2,0,1
C08090,2025,5,May,1,1,1,0
C08090,2025,7,July,2,2,0,1
C08090,2025,11,November,3,2,0,1
C08091,2024,11,November,1,1,1,0
C08091,2025,5,May,2,2,0,1
C08091,2025,7,July,3,3,0,1
C08091,2025,9,September,4,4,0,1
C08091,2025,11,November,5,5,0,1
C08092,2024,8,August,1,1,1,0
C08092,2024,9,September,2,1,0,0
C08092,2024,10,October,3,3,0,1
C08092,2025,3,March,5,3,0,1
C08092,2025,9,September,6,4,0,1
C08093,2025,6,June,1,2,0,1
C08094,2024,9,September,1,1,1,0
C08094,2024,10,October,2,2,0,1
C08094,2025,11,November,3,3,0,1
C08095,2024,12,December,1,0,1,0
C08095,2025,1,January,2,1,0,0
C08095,2025,5,May,3,1,0,0
C08095,2025,7,July,4,2,0,1
C08096,2024,10,October,1,1,1,0
C08096,2025,2,February,2,2,0,1
C08096,2025,3,March,3,3,0,1
C08096,2025,9,September,4,4,0,1
C08097,2025,3,March,1,1,1,0
C08097,2025,5,May,2,2,0,1
C08097,2025,7,July,3,3,0,1
C08098,2024,8,August,1,1,1,0
C08098,2024,9,September,2,2,0,1
C08098,2024,12,December,3,2,0,1
C08098,2025,4,April,4,3,0,1
C08098,2025,8,August,5,4,0,1
C08098,2025,10,October,6,4,0,1
C08098,2025,12,December,7,5,0,1
C08099,2025,4,April,1,0,1,0
C08099,2025,6,June,2,0,0,0
C08100,2024,12,December,1,1,1,0
C08100,2025,3,March,2,1,0,0
C08101,2024,7,July,1,1,1,0
C08101,2024,12,December,2,2,0,1
C08102,2024,12,December,1,0,1,0
C08103,2024,9,September,1,2,0,1
C08104,2024,10,October,1,2,0,1
C08104,2024,11,November,3,3,0,1
C08104,2024,12,December,4,4,0,1
C08104,2025,3,March,5,6,0,1
C08104,2025,5,May,7,7,0,1
C08104,2025,7,July,9,8,0,1
C08105,2024,7,July,1,0,1,0
C08105,2024,9,September,2,1,0,0
C08105,2024,11,November,3,2,0,1
C08106,2024,8,August,1,1,1,0
C08106,2025,3,March,2,2,0,1
C08106,2025,11,November,3,4,0,1
C08107,2024,9,September,1,1,1,0
C08107,2025,2,February,2,2,0,1
C08108,2024,7,July,1,2,0,1
C08108,2024,8,August,3,3,0,1
C08108,2024,11,November,4,4,0,1
C08108,2025,4,April,5,4,0,1
C08108,2025,8,August,6,5,0,1
C08109,2025,1,January,1,0,1,0
C08109,2025,9,September,2,1,0,0
C08110,2024,12,December,1,1,1,0
C08110,2025,1,January,2,2,0,1
C08110,2025,2,February,4,3,0,1
C08110,2025,4,April,5,4,0,1
C08110,2025,5,May,6,5,0,1
C08110,2025,6,June,7,6,0,1
C08110,2025,7,July,8,8,0,1
C08110,2025,9,September,10,9,0,1
C08111,2025,6,June,1,2,0,1
C08111,2025,11,November,3,2,0,1
C08111,2025,12,December,4,2,0,1
C08112,2024,8,August,1,1,1,0
C08112,2024,9,September,2,2,0,1
C08112,2024,12,December,3,3,0,1
C08112,2025,2,February,4,4,0,1
C08112,2025,7,July,5,5,0,1
C08112,2025,8,August,6,5,0,1
C08113,2024,10,October,1,0,1,0
C08113,2024,11,November,2,1,0,0
C08113,2025,9,September,3,2,0,1
C08113,2025,10,October,4,3,0,1
C08113,2025,11,November,5,4,0,1
C08114,2024,10,October,1,2,0,1
C08114,2025,1,January,3,3,0,1
C08114,2025,2,February,4,4,0,1
C08114,2025,6,June,5,5,0,1
C08114,2025,10,October,6,6,0,1
C08115,2024,11,November,1,1,1,0
C08115,2025,9,September,2,1,0,0
C08115,2025,12,December,3,2,0,1
C08116,2024,9,September,1,0,1,0
C08116,2025,3,March,2,1,0,0
C08116,2025,6,June,3,2,0,1
C08118,2024,7,July,1,1,1,0
C08118,2025,1,January,2,2,0,1
C08118,2025,8,August,3,3,0,1
C08119,2024,8,August,1,1,1,0
C08119,2024,9,September,3,2,0,1
C08120,2024,12,December,1,1,1,0
C08120,2025,5,May,2,2,0,1
C08120,2025,8,August,3,3,0,1
C08121,2024,10,October,1,1,1,0
C08121,2025,3,March,3,2,0,1
C08121,2025,8,August,4,3,0,1
C08121,2025,10,October,5,5,0,1
C08121,2025,11,November,7,7,0,1
C08122,2025,1,January,1,1,1,0
C08122,2025,3,March,2,2,0,1
C08122,2025,4,April,4,3,0,1
C08122,2025,10,October,5,3,0,1
C08124,2024,9,September,1,1,1,0
C08124,2024,11,November,2,1,0,0
C08124,2025,3,March,3,1,0,0
C08124,2025,4,April,4,1,0,0
C08124,2025,10,October,5,2,0,1
C08124,2025,11,November,6,2,0,1
C08124,2025,12,December,7,3,0,1
C08125,2024,10,October,1,1,1,0
C08125,2024,12,December,2,2,0,1
C08126,2025,3,March,1,0,1,0
C08126,2025,11,November,2,1,0,0
C08127,2024,7,July,1,0,1,0
C08127,2024,8,August,2,1,0,0
C08127,2025,4,April,3,3,0,1
C08127,2025,5,May,5,3,0,1
C08127,2025,7,July,6,4,0,1
C08127,2025,12,December,7,6,0,1
C08128,2024,9,September,1,1,1,0
C08128,2024,11,November,2,2,0,1
C08129,2024,8,August,1,1,1,0
C08129,2024,9,September,2,1,0,0
C08129,2025,6,June,3,2,0,1
C08129,2025,7,July,4,3,0,1
C08130,2024,7,July,1,1,1,0
C08130,2024,9,September,2,2,0,1
C08130,2024,10,October,3,4,0,1
C08130,2024,11,November,5,4,0,1
C08130,2025,2,February,6,4,0,1
C08130,2025,8,August,7,5,0,1
C08130,2025,10,October,8,7,0,1
C08130,2025,11,November,10,8,0,1
C08130,2025,12,December,11,10,0,1
C08131,2024,8,August,1,1,1,0
C08131,2025,3,March,2,1,0,0
C08131,2025,5,May,3,2,0,1
C08131,2025,10,October,4,3,0,1
C08132,2024,8,August,1,0,1,0
C08132,2024,9,September,2,1,0,0
C08132,2024,12,December,3,2,0,1
C08132,2025,2,February,4,3,0,1
C08132,2025,11,November,5,4,0,1
C08133,2024,10,October,1,1,1,0
C08133,2024,12,December,2,2,0,1
C08135,2025,2,February,1,0,1,0
C08136,2025,4,April,1,1,1,0
C08136,2025,6,June,2,2,0,1
C08137,2024,8,August,1,2,0,1
C08138,2024,9,September,1,1,1,0
C08138,2025,7,July,2,2,0,1
C08139,2024,8,August,1,1,1,0
C08139,2024,10,October,2,2,0,1
C08139,2025,8,August,3,2,0,1
C08139,2025,9,September,4,2,0,1
C08139,2025,10,October,5,3,0,1
C08139,2025,12,December,6,4,0,1
C08140,2025,6,June,1,2,0,1
C08141,2025,10,October,1,1,1,0
C08142,2024,11,November,1,1,1,0
C08142,2025,6,June,2,2,0,1
C08143,2024,8,August,1,0,1,0
C08143,2024,9,September,2,1,0,0
C08143,2025,1,January,3,2,0,1
C08143,2025,2,February,4,4,0,1
C08143,2025,12,December,6,5,0,1
C08144,2024,9,September,1,1,1,0
C08144,2024,10,October,2,2,0,1
C08144,2025,1,January,3,3,0,1
C08144,2025,5,May,4,4,0,1
C08144,2025,9,September,5,5,0,1
C08144,2025,11,November,6,7,0,1
C08145,2024,10,October,1,1,1,0
C08145,2024,11,November,2,2,0,1
C08145,2025,1,January,4,3,0,1
C08145,2025,2,February,5,4,0,1
C08145,2025,7,July,6,5,0,1
C08145,2025,10,October,7,5,0,1
C08146,2025,1,January,1,1,1,0
C08146,2025,11,November,2,1,0,0
C08146,2025,12,December,3,2,0,1
C08147,2024,8,August,1,1,1,0
C08147,2025,1,January,2,2,0,1
C08147,2025,4,April,3,3,0,1
C08148,2024,10,October,1,2,0,1
C08148,2024,12,December,3,2,0,1
C08148,2025,1,January,4,3,0,1
C08148,2025,3,March,5,4,0,1
C08148,2025,4,April,6,4,0,1
C08148,2025,6,June,7,5,0,1
C08148,2025,8,August,8,5,0,1
C08148,2025,11,November,9,5,0,1
C08149,2024,7,July,1,1,1,0
C08149,2024,9,September,2,2,0,1
C08149,2024,10,October,3,3,0,1
C08149,2025,12,December,4,4,0,1
C08150,2024,11,November,1,1,1,0
C08150,2025,1,January,2,2,0,1
C08150,2025,2,February,3,4,0,1
C08150,2025,9,September,5,6,0,1
C08151,2025,1,January,1,1,1,0
C08151,2025,4,April,2,2,0,1
C08151,2025,10,October,3,3,0,1
C08152,2025,12,December,1,1,1,0
C08153,2024,8,August,1,1,1,0
C08153,2024,12,December,2,2,0,1
C08153,2025,2,February,3,3,0,1
C08153,2025,7,July,4,3,0,1
C08153,2025,8,August,5,4,0,1
C08154,2024,7,July,1,1,1,0
C08155,2024,8,August,1,1,1,0
C08155,2024,11,November,2,2,0,1
C08155,2025,4,April,3,3,0,1
C08155,2025,5,May,4,5,0,1
C08156,2025,11,November,1,1,1,0
C08157,2024,10,October,1,0,1,0
C08157,2025,11,November,2,0,0,0
C08158,2024,7,July,1,1,1,0
C08158,2024,8,August,2,2,0,1
C08158,2025,2,February,3,3,0,1
C08159,2025,5,May,1,1,1,0
C08159,2025,9,September,2,2,0,1
C08159,2025,12,December,3,3,0,1
C08160,2024,7,July,1,1,1,0
C08160,2024,11,November,2,2,0,1
C08160,2025,1,January,3,3,0,1
C08160,2025,5,May,4,4,0,1
C08160,2025,12,December,5,5,0,1
C08161,2025,2,February,1,0,1,0
C08162,2024,12,December,1,1,1,0
C08162,2025,3,March,2,2,0,1
C08163,2024,9,September,1,1,1,0
C08163,2024,10,October,2,3,0,1
C08163,2025,6,June,4,4,0,1
C08163,2025,7,July,5,5,0,1
C08163,2025,10,October,6,5,0,1
C08163,2025,12,December,7,6,0,1
C08164,2025,4,April,1,1,1,0
C08165,2024,8,August,1,1,1,0
C08165,2024,12,December,2,2,0,1
C08165,2025,5,May,3,2,0,1
C08166,2024,7,July,1,1,1,0
C08166,2025,1,January,2,1,0,0
C08166,2025,6,June,3,1,0,0
C08166,2025,8,August,4,2,0,1
C08167,2025,3,March,1,1,1,0
C08168,2024,7,July,1,2,0,1
C08168,2024,9,September,3,3,0,1
C08168,2024,10,October,4,4,0,1
C08168,2024,11,November,5,5,0,1
C08168,2024,12,December,6,5,0,1
C08168,2025,3,March,7,5,0,1
C08168,2025,6,June,8,5,0,1
C08168,2025,9,September,9,5,0,1
C08168,2025,10,October,10,6,0,1
C08169,2024,7,July,1,1,1,0
C08169,2024,8,August,2,2,0,1
C08169,2024,9,September,3,3,0,1
C08169,2024,12,December,5,4,0,1
C08169,2025,4,April,6,5,0,1
C08169,2025,10,October,7,6,0,1
C08170,2024,8,August,1,1,1,0
C08170,2025,7,July,2,2,0,1
C08170,2025,8,August,3,3,0,1
C08171,2024,10,October,1,1,1,0
C08171,2024,11,November,2,1,0,0
C08171,2025,4,April,3,3,0,1
C08171,2025,5,May,5,4,0,1
C08172,2024,9,September,1,1,1,0
C08172,2025,5,May,2,2,0,1
C08172,2025,8,August,3,3,0,1
C08172,2025,12,December,4,4,0,1
C08173,2025,1,January,1,1,1,0
C08173,2025,5,May,2,2,0,1
C08173,2025,6,June,3,2,0,1
C08173,2025,11,November,4,3,0,1
C08173,2025,12,December,5,4,0,1
C08174,2025,2,February,1,1,1,0
C08174,2025,9,September,2,2,0,1
C08174,2025,12,December,3,2,0,1
C08175,2025,10,October,1,1,1,0
C08175,2025,11,November,2,2,0,1
C08176,2024,9,September,1,0,1,0
C08177,2025,3,March,1,1,1,0
C08177,2025,5,May,2,2,0,1
C08177,2025,6,June,3,3,0,1
C08177,2025,8,August,4,4,0,1
C08177,2025,10,October,5,5,0,1
C08178,2025,3,March,1,1,1,0
C08178,2025,4,April,2,2,0,1
C08178,2025,10,October,3,2,0,1
C08179,2024,8,August,1,1,1,0
C08179,2024,9,September,2,1,0,0
C08179,2024,11,November,3,3,0,1
C08179,2025,2,February,5,4,0,1
C08179,2025,3,March,6,5,0,1
C08179,2025,4,April,7,6,0,1
C08179,2025,7,July,8,7,0,1
C08179,2025,12,December,9,8,0,1
C08180,2024,7,July,1,1,1,0
C08180,2024,10,October,2,1,0,0
C08180,2025,5,May,3,2,0,1
C08180,2025,8,August,4,3,0,1
C08181,2024,8,August,1,1,1,0
C08181,2024,9,September,2,2,0,1
C08181,2025,1,January,3,2,0,1
C08181,2025,5,May,4,3,0,1
C08182,2024,8,August,1,1,1,0
C08182,2024,10,October,2,2,0,1
C08183,2024,7,July,1,1,1,0
C08184,2024,7,July,1,1,1,0
C08184,2024,10,October,2,2,0,1
C08184,2025,5,May,3,2,0,1
C08184,2025,9,September,4,3,0,1
C08185,2024,7,July,1,0,1,0
C08185,2025,2,February,2,1,0,0
C08185,2025,12,December,3,1,0,0
C08186,2024,7,July,1,0,1,0
C08186,2024,8,August,2,1,0,0
C08186,2024,12,December,3,2,0,1
C08186,2025,2,February,4,3,0,1
C08186,2025,5,May,5,3,0,1
C08186,2025,6,June,6,4,0,1
C08186,2025,7,July,7,6,0,1
C08186,2025,8,August,9,7,0,1
C08186,2025,9,September,10,8,0,1
C08186,2025,10,October,11,8,0,1
C08187,2024,9,September,1,1,1,0
C08187,2024,10,October,2,2,0,1
C08187,2025,7,July,3,2,0,1
C08188,2024,10,October,1,1,1,0
C08188,2025,3,March,2,2,0,1
C08188,2025,4,April,3,4,0,1
C08188,2025,6,June,5,5,0,1
C08188,2025,11,November,6,6,0,1
C08189,2024,9,September,1,1,1,0
C08189,2024,10,October,2,2,0,1
C08189,2024,11,November,3,3,0,1
C08189,2025,6,June,4,4,0,1
C08191,2024,7,July,1,2,0,1
C08191,2025,1,January,3,3,0,1
C08191,2025,7,July,4,4,0,1
C08192,2024,8,August,1,0,1,0
C08192,2024,11,November,2,1,0,0
C08192,2025,6,June,3,2,0,1
C08192,2025,8,August,4,2,0,1
C08192,2025,12,December,5,2,0,1
C08193,2024,12,December,1,1,1,0
C08193,2025,12,December,2,2,0,1
C08194,2025,3,March,1,1,1,0
C08194,2025,11,November,2,1,0,0
C08195,2024,10,October,1,0,1,0
C08195,2025,2,February,2,1,0,0
C08196,2024,7,July,1,1,1,0
C08196,2024,8,August,2,2,0,1
C08196,2025,1,January,3,3,0,1
C08196,2025,4,April,4,4,0,1
C08196,2025,5,May,5,4,0,1
C08196,2025,7,July,6,5,0,1
C08196,2025,8,August,7,6,0,1
C08197,2024,8,August,1,0,1,0
C08197,2024,12,December,2,1,0,0
C08197,2025,9,September,3,1,0,0
C08198,2024,9,September,1,0,1,0
C08198,2025,6,June,2,1,0,0
C08199,2024,8,August,1,1,1,0
C08199,2025,2,February,2,2,0,1
C08200,2024,8,August,1,1,1,0
C08200,2025,5,May,2,2,0,1
C08200,2025,7,July,3,3,0,1
C08200,2025,11,November,4,4,0,1
C08201,2024,7,July,1,1,1,0
C08201,2024,11,November,2,1,0,0
C08202,2024,10,October,1,2,0,1
C08202,2025,3,March,3,2,0,1
C08203,2024,11,November,1,1,1,0
C08203,2025,8,August,2,2,0,1
C08203,2025,10,October,3,3,0,1
C08204,2024,8,August,1,1,1,0
C08204,2025,1,January,2,1,0,0
C08204,2025,5,May,3,2,0,1
C08204,2025,7,July,4,2,0,1
C08205,2024,9,September,1,1,1,0
C08205,2025,10,October,2,2,0,1
C08205,2025,11,November,3,3,0,1
C08206,2024,12,December,1,0,1,0
C08206,2025,7,July,2,1,0,0
C08207,2024,7,July,1,1,1,0
C08207,2024,9,September,3,2,0,1
C08207,2025,2,February,5,3,0,1
C08207,2025,7,July,6,4,0,1
C08207,2025,8,August,8,6,0,1
C08207,2025,9,September,10,6,0,1
C08207,2025,10,October,11,7,0,1
C08207,2025,11,November,12,8,0,1
C08208,2024,9,September,1,0,1,0
C08208,2024,11,November,2,1,0,0
C08208,2025,1,January,3,2,0,1
C08208,2025,7,July,5,2,0,1
C08208,2025,9,September,6,2,0,1
C08208,2025,11,November,7,3,0,1
C08209,2024,9,September,1,1,1,0
C08209,2024,11,November,2,2,0,1
C08210,2024,7,July,1,1,1,0
C08210,2024,10,October,2,2,0,1
C08210,2024,12,December,3,2,0,1
C08210,2025,3,March,4,2,0,1
C08210,2025,6,June,5,3,0,1
C08210,2025,9,September,6,4,0,1
C08210,2025,11,November,7,5,0,1
C08211,2024,8,August,1,1,1,0
C08212,2024,9,September,1,1,1,0
C08212,2025,3,March,2,2,0,1
C08212,2025,12,December,3,3,0,1
C08213,2024,10,October,1,1,1,0
C08213,2025,5,May,2,2,0,1
C08213,2025,6,June,3,3,0,1
C08213,2025,9,September,4,4,0,1
C08214,2025,1,January,1,1,1,0
C08214,2025,5,May,2,2,0,1
C08214,2025,8,August,3,3,0,1
C08215,2024,8,August,1,1,1,0
C08215,2024,12,December,2,2,0,1
C08215,2025,7,July,3,3,0,1
C08216,2024,7,July,1,1,1,0
C08216,2024,9,September,2,2,0,1
C08216,2024,11,November,3,3,0,1
C08216,2025,7,July,4,3,0,1
C08216,2025,11,November,5,4,0,1
C08216,2025,12,December,6,5,0,1
C08218,2025,10,October,1,1,1,0
C08218,2025,12,December,2,2,0,1
C08220,2024,12,December,1,1,1,0
C08220,2025,5,May,2,2,0,1
C08220,2025,6,June,3,2,0,1
C08220,2025,7,July,4,3,0,1
C08220,2025,10,October,5,4,0,1
C08221,2025,5,May,1,0,1,0
C08221,2025,6,June,2,1,0,0
C08221,2025,8,August,3,2,0,1
C08222,2024,8,August,1,2,0,1
C08222,2025,1,January,3,4,0,1
C08222,2025,5,May,5,5,0,1
C08222,2025,7,July,6,6,0,1
C08222,2025,11,November,7,7,0,1
C08223,2025,11,November,1,2,0,1
C08224,2024,8,August,1,1,1,0
C08224,2025,5,May,2,2,0,1
C08225,2024,7,July,1,1,1,0
C08225,2024,9,September,2,2,0,1
C08226,2025,3,March,1,1,1,0
C08226,2025,4,April,2,2,0,1
C08227,2024,10,October,1,1,1,0
C08227,2024,12,December,2,2,0,1
C08227,2025,3,March,3,3,0,1
C08227,2025,7,July,4,3,0,1
C08228,2024,7,July,1,1,1,0
C08228,2024,8,August,2,2,0,1
C08228,2024,9,September,3,4,0,1
C08228,2024,11,November,5,5,0,1
C08228,2024,12,December,6,6,0,1
C08228,2025,2,February,7,7,0,1
C08228,2025,4,April,8,8,0,1
C08228,2025,8,August,9,9,0,1
C08229,2025,1,January,1,1,1,0
C08229,2025,6,June,2,2,0,1
C08229,2025,12,December,3,3,0,1
C08230,2024,10,October,1,1,1,0
C08230,2025,5,May,2,2,0,1
C08230,2025,7,July,3,2,0,1
C08231,2025,1,January,1,1,1,0
C08231,2025,2,February,2,2,0,1
C08231,2025,8,August,3,2,0,1
C08232,2025,6,June,1,1,1,0
C08232,2025,7,July,3,2,0,1
C08232,2025,8,August,4,2,0,1
C08232,2025,11,November,5,2,0,1
C08233,2024,11,November,1,1,1,0
C08233,2024,12,December,2,1,0,0
C08233,2025,3,March,3,2,0,1
C08234,2024,10,October,1,0,1,0
C08234,2024,12,December,2,0,0,0
C08234,2025,1,January,3,0,0,0
C08234,2025,6,June,4,0,0,0
C08234,2025,10,October,5,1,0,0
C08234,2025,11,November,6,3,0,1
C08235,2024,11,November,1,1,1,0
C08235,2024,12,December,2,2,0,1
C08235,2025,2,February,3,3,0,1
C08236,2025,6,June,1,1,1,0
C08236,2025,11,November,2,2,0,1
C08237,2025,1,January,1,2,0,1
C08237,2025,10,October,3,3,0,1
C08238,2024,11,November,1,2,0,1
C08239,2024,11,November,1,1,1,0
C08239,2025,12,December,2,2,0,1
C08240,2024,8,August,1,0,1,0
C08240,2024,10,October,2,1,0,0
C08240,2024,11,November,3,2,0,1
C08240,2025,4,April,4,2,0,1
C08240,2025,11,November,5,3,0,1
C08241,2024,12,December,1,1,1,0
C08241,2025,11,November,2,2,0,1
C08242,2024,11,November,1,1,1,0
C08242,2025,1,January,2,2,0,1
C08242,2025,2,February,3,3,0,1
C08242,2025,5,May,4,4,0,1
C08242,2025,8,August,5,5,0,1
C08242,2025,12,December,6,6,0,1
C08243,2025,6,June,1,0,1,0
C08244,2024,12,December,1,1,1,0
C08244,2025,1,January,2,2,0,1
C08244,2025,2,February,3,2,0,1
C08245,2025,12,December,1,0,1,0
C08246,2024,12,December,1,1,1,0
C08247,2024,9,September,1,2,0,1
C08247,2025,5,May,3,4,0,1
C08247,2025,10,October,5,5,0,1
C08247,2025,12,December,6,6,0,1
C08248,2024,7,July,1,1,1,0
C08248,2025,8,August,2,3,0,1
C08248,2025,12,December,4,4,0,1
C08249,2025,4,April,1,0,1,0
C08249,2025,10,October,2,1,0,0
C08251,2024,10,October,1,0,1,0
C08251,2024,11,November,2,2,0,1
C08251,2025,5,May,4,3,0,1
C08251,2025,7,July,5,4,0,1
C08251,2025,12,December,6,5,0,1
C08252,2024,8,August,1,1,1,0
C08252,2025,3,March,2,2,0,1
C08252,2025,5,May,3,3,0,1
C08252,2025,10,October,4,4,0,1
C08253,2024,10,October,1,0,1,0
C08253,2025,1,January,2,0,0,0
C08254,2025,1,January,1,1,1,0
C08254,2025,9,September,2,2,0,1
C08255,2024,8,August,1,1,1,0
C08255,2025,2,February,2,2,0,1
C08256,2024,7,July,1,1,1,0
C08256,2024,8,August,2,2,0,1
C08256,2024,9,September,3,3,0,1
C08256,2024,10,October,4,3,0,1
C08256,2024,12,December,5,4,0,1
C08256,2025,1,January,7,5,0,1
C08256,2025,3,March,8,6,0,1
C08256,2025,7,July,9,7,0,1
C08257,2024,7,July,1,1,1,0
C08257,2024,8,August,2,2,0,1
C08257,2025,4,April,3,3,0,1
C08257,2025,5,May,4,4,0,1
C08257,2025,10,October,5,6,0,1
C08258,2025,8,August,1,1,1,0
C08258,2025,10,October,2,2,0,1
C08259,2024,7,July,1,1,1,0
C08259,2024,8,August,2,2,0,1
C08259,2024,9,September,3,3,0,1
C08259,2025,1,January,4,4,0,1
C08259,2025,3,March,5,4,0,1
C08259,2025,7,July,6,5,0,1
C08260,2025,7,July,1,1,1,0
C08260,2025,8,August,2,2,0,1
C08261,2025,1,January,1,1,1,0
C08262,2024,7,July,1,1,1,0
C08262,2024,9,September,2,1,0,0
C08262,2025,2,February,3,1,0,0
C08262,2025,3,March,4,3,0,1
C08262,2025,8,August,6,3,0,1
C08262,2025,10,October,7,4,0,1
C08263,2025,8,August,1,1,1,0
C08263,2025,10,October,2,2,0,1
C08263,2025,12,December,3,3,0,1
C08264,2025,3,March,1,1,1,0
C08264,2025,10,October,2,2,0,1
C08265,2024,10,October,1,1,1,0
C08265,2025,7,July,2,2,0,1
C08266,2024,10,October,1,1,1,0
C08266,2025,5,May,2,2,0,1
C08266,2025,10,October,3,3,0,1
C08266,2025,12,December,4,4,0,1
C08267,2024,8,August,1,1,1,0
C08267,2024,11,November,2,2,0,1
C08267,2025,2,February,3,3,0,1
C08267,2025,7,July,4,3,0,1
C08267,2025,9,September,5,4,0,1
C08268,2024,10,October,1,1,1,0
C08268,2024,12,December,2,2,0,1
C08268,2025,2,February,4,3,0,1
C08268,2025,4,April,5,4,0,1
C08268,2025,5,May,6,5,0,1
C08268,2025,6,June,7,6,0,1
C08269,2025,2,February,1,1,1,0
C08270,2024,10,October,1,1,1,0
C08270,2025,12,December,2,2,0,1
C08271,2025,5,May,1,0,1,0
C08271,2025,7,July,2,1,0,0
C08271,2025,9,September,3,2,0,1
C08272,2024,8,August,1,1,1,0
C08272,2024,9,September,2,2,0,1
C08272,2025,8,August,3,3,0,1
C08273,2024,10,October,1,1,1,0
C08273,2025,1,January,2,2,0,1
C08273,2025,4,April,3,3,0,1
C08273,2025,6,June,4,4,0,1
C08274,2025,1,January,1,1,1,0
C08274,2025,4,April,2,2,0,1
C08274,2025,5,May,3,3,0,1
C08274,2025,6,June,4,4,0,1
C08275,2024,10,October,1,1,1,0
C08275,2024,11,November,2,2,0,1
C08275,2025,1,January,3,3,0,1
C08275,2025,5,May,4,3,0,1
C08275,2025,6,June,5,4,0,1
C08275,2025,7,July,6,4,0,1
C08275,2025,11,November,7,5,0,1
C08276,2025,9,September,1,1,1,0
C08277,2024,7,July,1,1,1,0
C08277,2024,9,September,2,3,0,1
C08277,2024,10,October,4,4,0,1
C08277,2025,1,January,5,6,0,1
C08277,2025,2,February,7,7,0,1
C08277,2025,6,June,8,8,0,1
C08277,2025,9,September,9,9,0,1
C08277,2025,12,December,10,11,0,1
C08278,2024,7,July,1,1,1,0
C08278,2024,9,September,2,2,0,1
C08278,2025,5,May,3,3,0,1
C08279,2024,9,September,1,0,1,0
C08279,2025,1,January,2,1,0,0
C08279,2025,7,July,3,2,0,1
C08279,2025,8,August,4,3,0,1
C08279,2025,9,September,5,5,0,1
C08279,2025,10,October,7,6,0,1
C08279,2025,11,November,8,7,0,1
C08280,2025,11,November,1,1,1,0
C08281,2024,8,August,1,1,1,0
C08282,2024,10,October,1,1,1,0
C08282,2025,11,November,3,2,0,1
C08282,2025,12,December,4,3,0,1
C08283,2024,11,November,1,1,1,0
C08284,2024,7,July,1,1,1,0
C08284,2024,8,August,2,2,0,1
C08284,2024,11,November,3,3,0,1
C08284,2024,12,December,4,4,0,1
C08284,2025,1,January,5,5,0,1
C08284,2025,2,February,6,6,0,1
C08284,2025,3,March,7,7,0,1
C08284,2025,12,December,8,8,0,1
C08285,2025,4,April,1,1,1,0
C08285,2025,12,December,2,1,0,0
C08286,2024,7,July,1,0,1,0
C08286,2024,8,August,2,0,0,0
C08286,2024,12,December,3,1,0,0
C08286,2025,7,July,5,3,0,1
C08286,2025,10,October,7,4,0,1
C08287,2024,7,July,1,1,1,0
C08287,2024,12,December,2,2,0,1
C08287,2025,2,February,3,4,0,1
C08287,2025,4,April,5,4,0,1
C08287,2025,5,May,6,5,0,1
C08287,2025,6,June,7,6,0,1
C08287,2025,7,July,8,7,0,1
C08287,2025,12,December,9,7,0,1
C08288,2024,7,July,1,1,1,0
C08288,2024,12,December,2,1,0,0
C08288,2025,9,September,3,2,0,1
C08289,2024,10,October,1,1,1,0
C08289,2025,7,July,2,2,0,1
C08290,2024,12,December,1,1,1,0
C08290,2025,12,December,2,1,0,0
C08291,2024,8,August,1,2,0,1
C08291,2024,9,September,3,3,0,1
C08291,2024,11,November,4,5,0,1
C08291,2025,8,August,6,6,0,1
C08292,2024,10,October,1,0,1,0
C08292,2025,12,December,2,0,0,0
C08293,2024,7,July,1,0,1,0
C08293,2024,8,August,2,3,0,1
C08293,2024,10,October,6,4,0,1
C08293,2024,11,November,7,5,0,1
C08293,2025,1,January,8,6,0,1
C08293,2025,2,February,9,6,0,1
C08293,2025,9,September,10,7,0,1
C08293,2025,10,October,11,8,0,1
C08293,2025,12,December,12,9,0,1
C08294,2025,2,February,1,0,1,0
C08295,2024,7,July,1,2,0,1
C08295,2024,11,November,3,3,0,1
C08295,2025,1,January,4,4,0,1
C08295,2025,2,February,5,5,0,1
C08295,2025,10,October,6,6,0,1
C08295,2025,11,November,8,7,0,1
C08296,2024,12,December,1,1,1,0
C08296,2025,1,January,2,2,0,1
C08296,2025,5,May,3,3,0,1
C08297,2024,9,September,1,1,1,0
C08297,2025,3,March,2,2,0,1
C08298,2024,12,December,1,2,0,1
C08298,2025,2,February,3,3,0,1
C08298,2025,5,May,4,3,0,1
C08298,2025,12,December,5,3,0,1
C08299,2024,9,September,1,1,1,0
C08299,2024,11,November,2,2,0,1
C08299,2024,12,December,3,3,0,1
C08299,2025,2,February,4,3,0,1
C08299,2025,5,May,5,4,0,1
C08299,2025,6,June,6,5,0,1
C08299,2025,10,October,7,7,0,1
C08299,2025,11,November,10,8,0,1
C08301,2024,9,September,1,1,1,0
C08301,2025,3,March,2,1,0,0
C08301,2025,10,October,3,2,0,1
C08302,2024,7,July,1,1,1,0
C08302,2025,11,November,2,2,0,1
C08302,2025,12,December,3,3,0,1
C08303,2024,9,September,1,1,1,0
C08303,2025,5,May,2,2,0,1
C08303,2025,11,November,3,3,0,1
C08304,2024,7,July,1,1,1,0
C08304,2024,9,September,2,2,0,1
C08304,2024,10,October,3,3,0,1
C08304,2024,12,December,4,4,0,1
C08304,2025,1,January,5,5,0,1
C08304,2025,5,May,6,6,0,1
C08304,2025,8,August,7,6,0,1
C08304,2025,9,September,8,8,0,1
C08304,2025,10,October,11,8,0,1
C08304,2025,12,December,12,10,0,1
C08305,2024,8,August,1,1,1,0
C08305,2024,12,December,2,3,0,1
C08305,2025,9,September,4,4,0,1
C08305,2025,10,October,5,5,0,1
C08305,2025,11,November,6,6,0,1
C08305,2025,12,December,7,7,0,1
C08306,2025,3,March,1,1,1,0
C08306,2025,5,May,2,2,0,1
C08306,2025,6,June,3,3,0,1
C08306,2025,12,December,4,3,0,1
C08307,2024,7,July,1,2,0,1
C08307,2024,9,September,3,3,0,1
C08307,2024,12,December,4,5,0,1
C08307,2025,1,January,6,6,0,1
C08307,2025,7,July,7,7,0,1
C08307,2025,8,August,8,8,0,1
C08307,2025,9,September,9,9,0,1
C08307,2025,10,October,10,9,0,1
C08307,2025,11,November,11,10,0,1
C08307,2025,12,December,12,11,0,1
C08308,2024,7,July,1,1,1,0
C08308,2025,4,April,2,2,0,1
C08309,2024,7,July,1,1,1,0
C08309,2024,8,August,2,2,0,1
C08309,2025,1,January,3,4,0,1
C08309,2025,5,May,5,5,0,1
C08309,2025,6,June,6,6,0,1
C08310,2024,10,October,1,1,1,0
C08310,2025,7,July,2,2,0,1
C08311,2024,12,December,1,2,0,1
C08311,2025,2,February,3,3,0,1
C08311,2025,5,May,4,4,0,1
C08311,2025,6,June,5,6,0,1
C08311,2025,9,September,7,7,0,1
C08311,2025,10,October,8,8,0,1
C08311,2025,11,November,9,9,0,1
C08311,2025,12,December,10,10,0,1
C08312,2024,11,November,1,1,1,0
C08312,2024,12,December,2,2,0,1
C08312,2025,7,July,3,3,0,1
C08312,2025,12,December,4,3,0,1
C08313,2024,10,October,1,0,1,0
C08313,2024,11,November,2,1,0,0
C08313,2025,1,January,3,2,0,1
C08313,2025,7,July,4,3,0,1
C08314,2024,7,July,1,1,1,0
C08314,2024,8,August,2,3,0,1
C08314,2024,9,September,4,4,0,1
C08314,2025,8,August,5,5,0,1
C08314,2025,10,October,6,7,0,1
C08314,2025,11,November,8,8,0,1
C08315,2025,7,July,1,1,1,0
C08315,2025,11,November,2,2,0,1
C08316,2024,8,August,1,1,1,0
C08316,2025,3,March,2,2,0,1
C08316,2025,4,April,3,3,0,1
C08316,2025,7,July,4,4,0,1
C08317,2024,10,October,1,1,1,0
C08317,2024,12,December,2,2,0,1
C08318,2024,8,August,1,0,1,0
C08318,2025,10,October,2,1,0,0
C08319,2024,7,July,1,1,1,0
C08319,2025,5,May,2,3,0,1
C08320,2024,8,August,1,1,1,0
C08320,2024,11,November,2,4,0,1
C08320,2024,12,December,5,5,0,1
C08320,2025,2,February,7,6,0,1
C08320,2025,3,March,8,7,0,1
C08320,2025,5,May,9,7,0,1
C08321,2025,1,January,1,1,1,0
C08321,2025,12,December,2,2,0,1
C08322,2024,9,September,1,1,1,0
C08322,2025,11,November,2,2,0,1
C08323,2025,2,February,1,1,1,0
C08325,2024,12,December,1,1,1,0
C08325,2025,1,January,2,2,0,1
C08325,2025,2,February,3,3,0,1
C08325,2025,8,August,4,4,0,1
C08325,2025,9,September,6,5,0,1
C08326,2024,9,September,1,1,1,0
C08326,2024,12,December,2,2,0,1
C08326,2025,2,February,3,3,0,1
C08326,2025,5,May,4,4,0,1
C08326,2025,7,July,5,5,0,1
C08326,2025,10,October,6,6,0,1
C08327,2024,7,July,1,2,0,1
C08327,2024,8,August,3,4,0,1
C08327,2024,9,September,5,5,0,1
C08327,2024,12,December,6,5,0,1
C08327,2025,1,January,7,6,0,1
C08327,2025,3,March,8,7,0,1
C08327,2025,5,May,9,8,0,1
C08327,2025,8,August,10,9,0,1
C08327,2025,10,October,11,9,0,1
C08327,2025,11,November,12,9,0,1
C08328,2024,9,September,1,1,1,0
C08328,2024,10,October,2,2,0,1
C08328,2025,1,January,3,3,0,1
C08328,2025,3,March,4,4,0,1
C08328,2025,9,September,5,5,0,1
C08328,2025,11,November,6,7,0,1
C08329,2024,10,October,1,1,1,0
C08329,2025,7,July,2,2,0,1
C08330,2025,4,April,1,1,1,0
C08330,2025,9,September,2,2,0,1
C08330,2025,12,December,3,3,0,1
C08331,2024,12,December,1,1,1,0
C08331,2025,8,August,2,2,0,1
C08332,2024,10,October,1,1,1,0
C08332,2025,4,April,2,2,0,1
C08332,2025,6,June,3,3,0,1
C08332,2025,11,November,4,4,0,1
C08333,2024,7,July,1,2,0,1
C08333,2024,10,October,3,3,0,1
C08334,2024,10,October,1,1,1,0
C08335,2024,7,July,1,1,1,0
C08335,2024,8,August,2,1,0,0
C08335,2024,10,October,3,2,0,1
C08335,2024,12,December,4,4,0,1
C08335,2025,3,March,6,4,0,1
C08335,2025,5,May,7,4,0,1
C08335,2025,6,June,8,5,0,1
C08335,2025,7,July,9,6,0,1
C08335,2025,11,November,10,7,0,1
C08336,2024,9,September,1,1,1,0
C08336,2025,9,September,2,2,0,1
C08337,2024,8,August,1,1,1,0
C08338,2024,7,July,1,0,1,0
C08338,2024,10,October,2,1,0,0
C08338,2024,11,November,3,2,0,1
C08338,2025,2,February,4,3,0,1
C08338,2025,5,May,5,4,0,1
C08338,2025,10,October,6,5,0,1
C08339,2024,8,August,1,1,1,0
C08339,2024,11,November,2,1,0,0
C08339,2025,2,February,3,2,0,1
C08339,2025,3,March,4,3,0,1
C08339,2025,5,May,5,4,0,1
C08340,2025,3,March,1,1,1,0
C08340,2025,7,July,2,2,0,1
C08340,2025,9,September,3,3,0,1
C08341,2025,1,January,1,1,1,0
C08342,2024,10,October,1,1,1,0
C08342,2024,11,November,2,2,0,1
C08342,2025,8,August,3,3,0,1
C08343,2025,8,August,1,1,1,0
C08343,2025,12,December,2,2,0,1
C08344,2024,10,October,1,1,1,0
C08345,2025,7,July,1,1,1,0
C08346,2024,7,July,1,1,1,0
C08346,2024,10,October,2,1,0,0
C08346,2025,2,February,3,2,0,1
C08346,2025,5,May,4,4,0,1
C08347,2025,7,July,1,1,1,0
C08348,2024,11,November,1,0,1,0
C08349,2025,6,June,1,1,1,0
C08349,2025,7,July,2,3,0,1
C08349,2025,10,October,4,3,0,1
C08350,2024,7,July,1,2,0,1
C08350,2024,8,August,3,3,0,1
C08350,2025,2,February,4,4,0,1
C08350,2025,12,December,5,5,0,1
C08351,2024,11,November,1,0,1,0
C08351,2024,12,December,2,0,0,0
C08351,2025,4,April,3,1,0,0
C08352,2025,8,August,1,1,1,0
C08352,2025,9,September,2,2,0,1
C08352,2025,12,December,3,2,0,1
C08353,2025,6,June,1,0,1,0
C08353,2025,7,July,2,1,0,0
C08354,2024,10,October,1,2,0,1
C08354,2025,2,February,3,3,0,1
C08354,2025,3,March,4,4,0,1
C08354,2025,5,May,5,4,0,1
C08354,2025,9,September,6,5,0,1
C08354,2025,10,October,7,6,0,1
C08355,2025,5,May,1,1,1,0
C08355,2025,12,December,2,2,0,1
C08356,2025,1,January,1,1,1,0
C08356,2025,8,August,2,3,0,1
C08356,2025,9,September,4,4,0,1
C08356,2025,11,November,5,5,0,1
C08356,2025,12,December,6,6,0,1
C08357,2025,11,November,1,1,1,0
C08358,2024,12,December,1,1,1,0
C08359,2024,12,December,1,1,1,0
C08360,2024,10,October,1,1,1,0
C08360,2025,2,February,2,2,0,1
C08360,2025,4,April,3,3,0,1
C08361,2024,11,November,1,1,1,0
C08361,2024,12,December,2,2,0,1
C08361,2025,1,January,3,3,0,1
C08361,2025,12,December,4,4,0,1
C08362,2024,12,December,1,0,1,0
C08362,2025,3,March,2,1,0,0
C08362,2025,5,May,4,2,0,1
C08362,2025,7,July,5,4,0,1
C08362,2025,8,August,7,5,0,1
C08362,2025,11,November,8,5,0,1
C08363,2024,9,September,1,1,1,0
C08363,2024,11,November,2,3,0,1
C08363,2025,6,June,4,4,0,1
C08363,2025,7,July,5,5,0,1
C08364,2024,9,September,1,1,1,0
C08364,2024,10,October,2,2,0,1
C08364,2024,12,December,3,3,0,1
C08364,2025,4,April,4,4,0,1
C08364,2025,12,December,5,5,0,1
C08365,2025,4,April,1,2,0,1
C08367,2024,8,August,1,1,1,0
C08367,2025,1,January,2,2,0,1
C08368,2024,11,November,1,2,0,1
C08368,2025,1,January,3,3,0,1
C08368,2025,7,July,4,4,0,1
C08368,2025,10,October,5,5,0,1
C08369,2024,12,December,1,1,1,0
C08369,2025,1,January,2,2,0,1
C08369,2025,4,April,3,2,0,1
C08369,2025,8,August,4,3,0,1
C08369,2025,10,October,5,4,0,1
C08369,2025,11,November,6,5,0,1
C08370,2024,8,August,1,1,1,0
C08370,2025,5,May,2,2,0,1
C08370,2025,8,August,3,3,0,1
C08370,2025,12,December,4,4,0,1
C08371,2024,10,October,1,1,1,0
C08371,2025,2,February,2,2,0,1
C08371,2025,9,September,3,3,0,1
C08371,2025,12,December,4,4,0,1
C08372,2024,9,September,1,1,1,0
C08372,2024,10,October,2,1,0,0
C08372,2024,11,November,3,1,0,0
C08372,2025,2,February,4,2,0,1
C08372,2025,4,April,6,2,0,1
C08372,2025,8,August,7,3,0,1
C08372,2025,9,September,8,3,0,1
C08372,2025,10,October,9,5,0,1
C08373,2024,11,November,1,1,1,0
C08373,2025,5,May,2,1,0,0
C08373,2025,6,June,3,2,0,1
C08374,2024,8,August,1,1,1,0
C08374,2024,11,November,2,2,0,1
C08374,2025,2,February,3,3,0,1
C08375,2025,9,September,1,0,1,0
C08375,2025,10,October,2,1,0,0
C08376,2024,7,July,1,1,1,0
C08376,2024,9,September,2,2,0,1
C08376,2024,11,November,3,3,0,1
C08376,2024,12,December,4,4,0,1
C08376,2025,1,January,5,4,0,1
C08376,2025,3,March,6,5,0,1
C08376,2025,8,August,7,5,0,1
C08377,2024,7,July,1,0,1,0
C08377,2024,9,September,2,1,0,0
C08377,2025,1,January,3,2,0,1
C08377,2025,3,March,4,3,0,1
C08377,2025,6,June,5,5,0,1
C08377,2025,9,September,7,6,0,1
C08377,2025,10,October,8,7,0,1
C08377,2025,11,November,9,8,0,1
C08378,2025,9,September,1,2,0,1
C08379,2024,7,July,1,1,1,0
C08379,2024,12,December,2,1,0,0
C08379,2025,3,March,3,2,0,1
C08379,2025,8,August,4,2,0,1
C08379,2025,9,September,5,4,0,1
C08381,2024,7,July,1,0,1,0
C08381,2025,2,February,2,1,0,0
C08381,2025,7,July,3,2,0,1
C08381,2025,9,September,4,2,0,1
C08382,2025,2,February,1,1,1,0
C08382,2025,8,August,2,3,0,1
C08383,2025,2,February,1,1,1,0
C08384,2024,9,September,1,1,1,0
C08384,2024,11,November,2,2,0,1
C08384,2025,1,January,3,3,0,1
C08384,2025,3,March,4,4,0,1
C08384,2025,4,April,5,4,0,1
C08384,2025,8,August,6,5,0,1
C08384,2025,9,September,7,6,0,1
C08384,2025,11,November,8,7,0,1
C08384,2025,12,December,9,9,0,1
C08385,2025,1,January,1,1,1,0
C08386,2025,8,August,1,0,1,0
C08386,2025,11,November,2,1,0,0
C08387,2024,8,August,1,1,1,0
C08387,2024,9,September,2,1,0,0
C08387,2024,10,October,3,2,0,1
C08387,2025,4,April,4,4,0,1
C08387,2025,10,October,6,5,0,1
C08387,2025,11,November,7,6,0,1
C08387,2025,12,December,8,7,0,1
C08388,2024,9,September,1,0,1,0
C08388,2024,12,December,2,0,0,0
C08388,2025,3,March,3,0,0,0
C08388,2025,4,April,4,2,0,1
C08388,2025,7,July,6,3,0,1
C08388,2025,9,September,7,4,0,1
C08388,2025,10,October,8,5,0,1
C08388,2025,11,November,9,6,0,1
C08389,2024,10,October,1,1,1,0
C08389,2025,3,March,2,2,0,1
C08389,2025,7,July,3,3,0,1
C08389,2025,8,August,4,4,0,1
C08390,2024,7,July,1,1,1,0
C08390,2024,11,November,2,2,0,1
C08390,2025,7,July,3,3,0,1
C08391,2024,7,July,1,1,1,0
C08391,2024,8,August,2,2,0,1
C08391,2025,8,August,3,3,0,1
C08391,2025,11,November,4,4,0,1
C08391,2025,12,December,5,5,0,1
C08392,2024,9,September,1,1,1,0
C08392,2024,12,December,2,2,0,1
C08393,2024,7,July,1,0,1,0
C08393,2024,11,November,2,1,0,0
C08393,2025,9,September,3,2,0,1
C08394,2024,9,September,1,1,1,0
C08394,2025,2,February,2,2,0,1
C08394,2025,4,April,3,4,0,1
C08394,2025,5,May,5,5,0,1
C08394,2025,11,November,6,6,0,1
C08395,2025,2,February,1,0,1,0
C08396,2024,8,August,1,2,0,1
C08396,2024,12,December,3,3,0,1
C08396,2025,3,March,4,4,0,1
C08396,2025,7,July,5,5,0,1
C08396,2025,9,September,7,6,0,1
C08396,2025,11,November,8,6,0,1
C08397,2024,7,July,1,1,1,0
C08397,2024,8,August,2,1,0,0
C08397,2024,12,December,3,2,0,1
C08397,2025,4,April,4,3,0,1
C08397,2025,7,July,5,3,0,1
C08397,2025,8,August,6,4,0,1
C08398,2024,9,September,1,0,1,0
C08398,2024,11,November,2,0,0,0
C08398,2025,1,January,3,1,0,0
C08398,2025,10,October,4,2,0,1
C08398,2025,11,November,5,3,0,1
C08399,2024,8,August,1,1,1,0
C08399,2024,12,December,2,2,0,1
C08399,2025,1,January,4,3,0,1
C08399,2025,2,February,5,4,0,1
C08399,2025,3,March,6,4,0,1
C08399,2025,6,June,7,5,0,1
C08400,2024,11,November,1,1,1,0
C08400,2025,1,January,2,2,0,1
C08400,2025,2,February,3,4,0,1
C08400,2025,4,April,5,4,0,1
C08400,2025,5,May,6,5,0,1
C08400,2025,6,June,7,6,0,1
C08400,2025,7,July,8,7,0,1
C08400,2025,8,August,9,9,0,1
C08400,2025,10,October,11,11,0,1
C08400,2025,11,November,13,12,0,1
C08401,2024,10,October,1,0,1,0
C08401,2025,4,April,2,1,0,0
C08401,2025,7,July,3,2,0,1
C08401,2025,11,November,4,3,0,1
C08402,2024,9,September,1,1,1,0
C08402,2024,10,October,2,2,0,1
C08402,2025,6,June,3,3,0,1
C08402,2025,10,October,4,4,0,1
C08402,2025,11,November,5,5,0,1
C08403,2025,4,April,1,1,1,0
C08403,2025,11,November,2,2,0,1
C08404,2024,9,September,1,2,0,1
C08404,2024,10,October,3,3,0,1
C08405,2025,1,January,1,1,1,0
C08406,2024,12,December,1,0,1,0
C08406,2025,2,February,2,1,0,0
C08406,2025,5,May,3,1,0,0
C08407,2024,10,October,1,1,1,0
C08407,2025,8,August,2,2,0,1
C08407,2025,11,November,3,3,0,1
C08407,2025,12,December,4,3,0,1
C08408,2024,8,August,1,1,1,0
C08408,2025,9,September,2,2,0,1
C08409,2024,11,November,1,0,1,0
C08409,2025,2,February,2,1,0,0
C08409,2025,3,March,3,1,0,0
C08409,2025,8,August,4,2,0,1
C08409,2025,11,November,6,3,0,1
C08410,2024,7,July,1,1,1,0
C08410,2024,10,October,2,2,0,1
C08410,2024,12,December,3,3,0,1
C08410,2025,1,January,4,4,0,1
C08410,2025,6,June,5,4,0,1
C08410,2025,8,August,6,5,0,1
C08410,2025,9,September,8,6,0,1
C08410,2025,10,October,9,7,0,1
C08410,2025,12,December,11,8,0,1
C08411,2024,8,August,1,1,1,0
C08411,2025,1,January,2,1,0,0
C08411,2025,5,May,4,1,0,0
C08411,2025,8,August,5,2,0,1
C08411,2025,11,November,6,3,0,1
C08412,2024,10,October,1,1,1,0
C08412,2024,11,November,2,2,0,1
C08412,2025,5,May,4,3,0,1
C08412,2025,7,July,5,4,0,1
C08413,2025,1,January,1,1,1,0
C08413,2025,5,May,2,1,0,0
C08415,2024,7,July,1,1,1,0
C08415,2024,8,August,2,2,0,1
C08415,2025,6,June,3,3,0,1
C08415,2025,12,December,4,4,0,1
C08416,2024,8,August,1,1,1,0
C08416,2025,4,April,2,2,0,1
C08416,2025,5,May,3,3,0,1
C08417,2024,9,September,1,2,0,1
C08417,2024,12,December,3,2,0,1
C08417,2025,12,December,4,3,0,1
C08418,2024,8,August,1,2,0,1
C08418,2024,10,October,3,3,0,1
C08418,2024,11,November,5,4,0,1
C08418,2024,12,December,6,5,0,1
C08418,2025,1,January,7,5,0,1
C08418,2025,6,June,8,6,0,1
C08418,2025,7,July,9,8,0,1
C08419,2024,10,October,1,1,1,0
C08419,2025,9,September,2,2,0,1
C08419,2025,10,October,3,3,0,1
C08420,2025,9,September,1,1,1,0
C08420,2025,12,December,2,2,0,1
C08421,2025,8,August,1,1,1,0
C08421,2025,11,November,2,2,0,1
C08423,2024,7,July,1,1,1,0
C08423,2024,8,August,2,2,0,1
C08423,2025,5,May,3,3,0,1
C08423,2025,6,June,4,4,0,1
C08423,2025,11,November,5,4,0,1
C08423,2025,12,December,6,4,0,1
C08424,2025,4,April,1,0,1,0
C08424,2025,6,June,2,1,0,0
C08424,2025,9,September,3,2,0,1
C08425,2024,7,July,1,1,1,0
C08425,2024,10,October,2,1,0,0
C08425,2025,12,December,3,1,0,0
C08426,2024,8,August,1,1,1,0
C08426,2024,11,November,2,2,0,1
C08426,2025,1,January,3,3,0,1
C08426,2025,2,February,4,4,0,1
C08426,2025,3,March,5,5,0,1
C08426,2025,5,May,6,6,0,1
C08426,2025,7,July,8,6,0,1
C08426,2025,8,August,10,7,0,1
C08427,2025,4,April,1,0,1,0
C08427,2025,6,June,2,1,0,0
C08427,2025,11,November,3,2,0,1
C08428,2024,8,August,1,0,1,0
C08428,2025,1,January,2,0,0,0
C08428,2025,5,May,3,1,0,0
C08428,2025,11,November,4,2,0,1
C08429,2024,11,November,1,1,1,0
C08429,2025,2,February,2,2,0,1
C08429,2025,5,May,3,3,0,1
C08429,2025,11,November,4,3,0,1
C08430,2025,4,April,1,1,1,0
C08430,2025,5,May,2,2,0,1
C08430,2025,11,November,3,3,0,1
C08431,2024,10,October,1,1,1,0
C08431,2025,2,February,2,2,0,1
C08432,2024,10,October,1,1,1,0
C08432,2024,12,December,2,1,0,0
C08432,2025,1,January,3,2,0,1
C08432,2025,9,September,4,3,0,1
C08433,2024,12,December,1,1,1,0
C08433,2025,5,May,2,2,0,1
C08433,2025,7,July,3,3,0,1
C08433,2025,12,December,4,5,0,1
C08434,2024,7,July,1,1,1,0
C08434,2024,9,September,2,1,0,0
C08434,2025,3,March,3,2,0,1
C08434,2025,6,June,5,3,0,1
C08435,2024,8,August,1,1,1,0
C08435,2025,7,July,2,2,0,1
C08436,2024,9,September,1,2,0,1
C08436,2024,10,October,3,3,0,1
C08436,2025,1,January,4,4,0,1
C08436,2025,4,April,5,4,0,1
C08436,2025,5,May,6,4,0,1
C08436,2025,6,June,7,5,0,1
C08436,2025,9,September,8,5,0,1
C08436,2025,11,November,9,5,0,1
C08437,2025,2,February,1,0,1,0
C08438,2024,9,September,1,1,1,0
C08438,2024,12,December,2,2,0,1
C08438,2025,1,January,3,3,0,1
C08438,2025,2,February,4,4,0,1
C08438,2025,5,May,5,6,0,1
C08438,2025,8,August,7,7,0,1
C08438,2025,9,September,8,8,0,1
C08438,2025,10,October,9,10,0,1
C08439,2024,7,July,1,0,1,0
C08439,2024,8,August,2,1,0,0
C08439,2025,1,January,3,1,0,0
C08439,2025,2,February,4,1,0,0
C08439,2025,3,March,5,2,0,1
C08439,2025,4,April,6,3,0,1
C08439,2025,12,December,7,4,0,1
C08440,2025,1,January,1,1,1,0
C08440,2025,3,March,2,2,0,1
C08440,2025,12,December,3,3,0,1
C08441,2024,8,August,1,1,1,0
C08441,2024,12,December,2,2,0,1
C08441,2025,1,January,3,4,0,1
C08441,2025,2,February,5,5,0,1
C08442,2024,12,December,1,1,1,0
C08443,2025,5,May,1,1,1,0
C08443,2025,9,September,2,2,0,1
C08444,2024,7,July,1,1,1,0
C08444,2024,10,October,2,3,0,1
C08444,2025,7,July,4,4,0,1
C08445,2025,1,January,1,1,1,0
C08445,2025,7,July,2,2,0,1
C08446,2024,12,December,1,1,1,0
C08446,2025,8,August,2,2,0,1
C08446,2025,10,October,3,3,0,1
C08446,2025,11,November,4,3,0,1
C08447,2024,10,October,1,1,1,0
C08447,2024,11,November,2,2,0,1
C08447,2025,5,May,3,3,0,1
C08447,2025,11,November,4,4,0,1
C08448,2025,4,April,1,1,1,0
C08449,2024,7,July,1,0,1,0
C08449,2024,9,September,2,1,0,0
C08449,2025,4,April,3,2,0,1
C08449,2025,5,May,4,2,0,1
C08449,2025,11,November,5,3,0,1
C08450,2024,10,October,1,1,1,0
C08450,2025,2,February,2,1,0,0
C08450,2025,7,July,3,2,0,1
C08450,2025,8,August,5,3,0,1
C08450,2025,9,September,6,4,0,1
C08450,2025,11,November,7,5,0,1
C08450,2025,12,December,8,6,0,1
C08451,2024,7,July,1,1,1,0
C08451,2025,1,January,3,1,0,0
C08451,2025,5,May,4,3,0,1
C08451,2025,9,September,6,4,0,1
C08451,2025,12,December,7,6,0,1
C08452,2025,6,June,1,1,1,0
C08452,2025,7,July,3,2,0,1
C08452,2025,8,August,4,3,0,1
C08452,2025,10,October,5,4,0,1
C08452,2025,12,December,6,5,0,1
C08453,2024,8,August,1,1,1,0
C08453,2025,1,January,2,2,0,1
C08454,2024,10,October,1,1,1,0
C08454,2025,3,March,2,1,0,0
C08454,2025,8,August,3,2,0,1
C08455,2024,8,August,1,1,1,0
C08455,2024,11,November,2,2,0,1
C08455,2025,4,April,3,2,0,1
C08455,2025,5,May,4,3,0,1
C08455,2025,9,September,5,4,0,1
C08456,2025,4,April,1,1,1,0
C08456,2025,9,September,2,1,0,0
C08458,2024,7,July,1,1,1,0
C08458,2024,11,November,2,2,0,1
C08458,2025,2,February,3,3,0,1
C08458,2025,3,March,4,4,0,1
C08458,2025,6,June,5,6,0,1
C08458,2025,9,September,7,6,0,1
C08458,2025,10,October,8,6,0,1
C08459,2025,1,January,1,1,1,0
C08459,2025,12,December,2,1,0,0
C08460,2025,3,March,1,1,1,0
C08461,2024,7,July,1,1,1,0
C08461,2025,2,February,2,2,0,1
C08461,2025,3,March,3,3,0,1
C08463,2025,1,January,1,1,1,0
C08463,2025,2,February,2,1,0,0
C08463,2025,7,July,3,2,0,1
C08463,2025,11,November,4,3,0,1
C08464,2025,1,January,1,1,1,0
C08464,2025,3,March,2,1,0,0
C08464,2025,4,April,3,1,0,0
C08464,2025,8,August,4,2,0,1
C08464,2025,11,November,5,3,0,1
C08465,2025,12,December,1,1,1,0
C08466,2025,5,May,1,1,1,0
C08466,2025,9,September,2,2,0,1
C08468,2024,9,September,1,1,1,0
C08468,2025,7,July,2,2,0,1
C08469,2025,10,October,1,1,1,0
C08469,2025,12,December,2,2,0,1
C08470,2024,8,August,1,0,1,0
C08470,2024,10,October,2,1,0,0
C08470,2025,4,April,3,2,0,1
C08471,2024,8,August,1,2,0,1
C08472,2024,7,July,1,2,0,1
C08472,2024,8,August,3,2,0,1
C08472,2024,9,September,4,3,0,1
C08472,2024,10,October,5,4,0,1
C08472,2025,2,February,6,6,0,1
C08472,2025,3,March,8,7,0,1
C08472,2025,5,May,10,8,0,1
C08472,2025,9,September,11,9,0,1
C08472,2025,11,November,12,10,0,1
C08473,2024,7,July,1,1,1,0
C08473,2024,8,August,3,2,0,1
C08473,2024,10,October,4,4,0,1
C08473,2025,2,February,7,5,0,1
C08474,2024,11,November,1,1,1,0
C08474,2025,12,December,2,1,0,0
C08475,2025,1,January,1,1,1,0
C08475,2025,5,May,2,2,0,1
C08476,2024,10,October,1,1,1,0
C08476,2025,2,February,2,2,0,1
C08476,2025,5,May,3,3,0,1
C08476,2025,7,July,4,4,0,1
C08476,2025,8,August,5,5,0,1
C08476,2025,11,November,6,6,0,1
C08477,2024,7,July,1,1,1,0
C08477,2025,3,March,2,1,0,0
C08478,2024,11,November,1,1,1,0
C08478,2024,12,December,2,3,0,1
C08478,2025,3,March,4,4,0,1
C08478,2025,4,April,5,5,0,1
C08478,2025,7,July,6,6,0,1
C08479,2024,9,September,1,1,1,0
C08479,2024,11,November,2,2,0,1
C08480,2024,9,September,1,2,0,1
C08480,2024,10,October,3,3,0,1
C08480,2024,11,November,5,4,0,1
C08480,2025,1,January,6,5,0,1
C08480,2025,3,March,7,5,0,1
C08480,2025,7,July,8,6,0,1
C08480,2025,10,October,9,7,0,1
C08481,2024,7,July,1,1,1,0
C08481,2025,3,March,2,2,0,1
C08482,2025,8,August,1,1,1,0
C08483,2025,11,November,1,1,1,0
C08484,2024,8,August,1,1,1,0
C08484,2024,12,December,2,2,0,1
C08484,2025,1,January,3,3,0,1
C08485,2024,10,October,1,1,1,0
C08485,2025,1,January,2,1,0,0
C08485,2025,8,August,3,2,0,1
C08486,2024,7,July,1,2,0,1
C08486,2025,4,April,3,3,0,1
C08486,2025,10,October,4,4,0,1
C08487,2025,3,March,1,1,1,0
C08487,2025,4,April,2,2,0,1
C08487,2025,7,July,3,5,0,1
C08487,2025,11,November,6,6,0,1
C08488,2024,7,July,1,1,1,0
C08489,2024,8,August,1,1,1,0
C08489,2024,9,September,2,2,0,1
C08489,2025,2,February,3,3,0,1
C08489,2025,4,April,5,4,0,1
C08490,2024,7,July,1,1,1,0
C08490,2025,1,January,2,2,0,1
C08490,2025,6,June,3,2,0,1
C08490,2025,8,August,4,3,0,1
C08490,2025,12,December,5,4,0,1
C08491,2024,10,October,1,1,1,0
C08492,2024,8,August,1,0,1,0
C08492,2024,9,September,2,1,0,0
C08492,2025,4,April,3,2,0,1
C08492,2025,5,May,4,3,0,1
C08492,2025,6,June,6,3,0,1
C08493,2025,4,April,1,2,0,1
C08494,2024,10,October,1,2,0,1
C08494,2025,6,June,3,3,0,1
C08494,2025,8,August,4,3,0,1
C08495,2024,7,July,1,1,1,0
C08496,2025,5,May,1,1,1,0
C08496,2025,9,September,2,2,0,1
C08496,2025,10,October,3,3,0,1
C08497,2024,12,December,1,1,1,0
C08497,2025,4,April,2,3,0,1
C08497,2025,7,July,4,4,0,1
C08497,2025,8,August,5,6,0,1
C08498,2024,8,August,1,1,1,0
C08498,2024,11,November,2,3,0,1
C08498,2025,9,September,4,4,0,1
C08498,2025,11,November,5,5,0,1
C08499,2025,5,May,1,1,1,0
C08499,2025,6,June,3,2,0,1
C08499,2025,9,September,4,3,0,1
C08499,2025,10,October,5,4,0,1
C08499,2025,11,November,6,5,0,1
C08500,2025,5,May,1,1,1,0
C08501,2024,12,December,1,1,1,0
C08501,2025,6,June,2,2,0,1
C08502,2024,9,September,1,1,1,0
C08502,2024,10,October,2,1,0,0
C08502,2025,5,May,3,2,0,1
C08503,2025,6,June,1,2,0,1
C08503,2025,9,September,3,3,0,1
C08504,2024,8,August,1,0,1,0
C08504,2025,1,January,2,1,0,0
C08504,2025,6,June,3,1,0,0
C08504,2025,12,December,4,1,0,0
C08505,2024,7,July,1,0,1,0
C08505,2024,9,September,2,2,0,1
C08505,2024,12,December,4,2,0,1
C08505,2025,9,September,5,3,0,1
C08506,2025,6,June,1,1,1,0
C08506,2025,10,October,2,3,0,1
C08507,2024,12,December,1,1,1,0
C08507,2025,9,September,2,2,0,1
C08507,2025,12,December,3,3,0,1
C08508,2025,4,April,1,1,1,0
C08509,2024,9,September,1,1,1,0
C08509,2025,10,October,2,2,0,1
C08510,2025,9,September,1,1,1,0
C08512,2025,1,January,1,1,1,0
C08513,2025,2,February,1,1,1,0
C08513,2025,4,April,2,2,0,1
C08514,2025,4,April,1,1,1,0
C08514,2025,8,August,2,1,0,0
C08514,2025,12,December,3,2,0,1
C08515,2025,3,March,1,1,1,0
C08515,2025,10,October,2,2,0,1
C08515,2025,11,November,3,3,0,1
C08516,2024,8,August,1,0,1,0
C08516,2024,10,October,2,1,0,0
C08516,2025,9,September,3,2,0,1
C08516,2025,11,November,4,3,0,1
C08517,2024,7,July,1,1,1,0
C08517,2024,9,September,2,2,0,1
C08517,2024,11,November,3,3,0,1
C08517,2025,4,April,4,4,0,1
C08517,2025,5,May,5,6,0,1
C08517,2025,6,June,7,7,0,1
C08517,2025,9,September,8,8,0,1
C08517,2025,10,October,9,9,0,1
C08517,2025,12,December,10,11,0,1
C08518,2024,11,November,1,1,1,0
C08519,2025,5,May,1,0,1,0
C08519,2025,6,June,2,1,0,0
C08520,2024,8,August,1,0,1,0
C08520,2024,11,November,2,1,0,0
C08520,2024,12,December,3,2,0,1
C08520,2025,4,April,4,2,0,1
C08520,2025,6,June,5,3,0,1
C08520,2025,8,August,6,5,0,1
C08520,2025,9,September,8,8,0,1
C08521,2024,10,October,1,1,1,0
C08521,2024,11,November,2,2,0,1
C08521,2025,8,August,3,3,0,1
C08521,2025,9,September,4,4,0,1
C08522,2024,10,October,1,1,1,0
C08522,2025,7,July,2,2,0,1
C08522,2025,10,October,4,3,0,1
C08523,2024,8,August,1,1,1,0
C08523,2024,9,September,2,2,0,1
C08523,2025,1,January,3,3,0,1
C08523,2025,5,May,4,4,0,1
C08524,2024,7,July,1,1,1,0
C08524,2025,3,March,2,2,0,1
C08525,2024,10,October,1,1,1,0
C08525,2025,6,June,2,2,0,1
C08526,2024,8,August,1,1,1,0
C08526,2025,3,March,2,2,0,1
C08526,2025,5,May,3,3,0,1
C08526,2025,7,July,4,4,0,1
C08526,2025,10,October,5,5,0,1
C08527,2024,7,July,1,1,1,0
C08527,2024,8,August,2,2,0,1
C08527,2025,7,July,3,3,0,1
C08527,2025,8,August,4,4,0,1
C08528,2025,5,May,1,1,1,0
C08528,2025,10,October,2,2,0,1
C08529,2024,11,November,1,1,1,0
C08529,2025,4,April,2,2,0,1
C08529,2025,5,May,3,4,0,1
C08530,2025,5,May,1,1,1,0
C08531,2024,10,October,1,0,1,0
C08531,2024,12,December,2,1,0,0
C08531,2025,3,March,3,2,0,1
C08531,2025,7,July,4,4,0,1
C08531,2025,12,December,6,5,0,1
C08532,2025,1,January,1,1,1,0
C08533,2025,2,February,1,1,1,0
C08533,2025,3,March,2,3,0,1
C08533,2025,4,April,4,4,0,1
C08533,2025,7,July,5,4,0,1
C08534,2024,12,December,1,1,1,0
C08534,2025,7,July,2,2,0,1
C08535,2024,10,October,1,0,1,0
C08535,2024,11,November,2,1,0,0
C08536,2024,7,July,1,2,0,1
C08536,2025,2,February,3,3,0,1
C08536,2025,5,May,4,4,0,1
C08536,2025,6,June,5,6,0,1
C08536,2025,9,September,7,7,0,1
C08536,2025,10,October,8,7,0,1
C08536,2025,11,November,9,8,0,1
C08537,2025,3,March,1,1,1,0
C08537,2025,6,June,2,2,0,1
C08538,2025,4,April,1,2,0,1
C08538,2025,6,June,3,3,0,1
C08539,2025,1,January,1,1,1,0
C08539,2025,3,March,2,3,0,1
C08539,2025,8,August,4,4,0,1
C08539,2025,10,October,5,5,0,1
C08540,2024,9,September,1,1,1,0
C08540,2025,3,March,2,1,0,0
C08540,2025,5,May,3,2,0,1
C08541,2025,8,August,1,0,1,0
C08541,2025,10,October,2,1,0,0
C08541,2025,11,November,3,2,0,1
C08542,2024,11,November,1,0,1,0
C08542,2025,4,April,2,1,0,0
C08542,2025,7,July,3,2,0,1
C08543,2024,9,September,1,1,1,0
C08543,2025,10,October,3,1,0,0
C08544,2024,9,September,1,1,1,0
C08544,2025,3,March,2,1,0,0
C08545,2024,7,July,1,1,1,0
C08545,2024,11,November,2,1,0,0
C08545,2025,5,May,4,3,0,1
C08547,2024,7,July,1,1,1,0
C08547,2024,8,August,2,2,0,1
C08547,2025,2,February,3,3,0,1
C08547,2025,3,March,4,4,0,1
C08547,2025,7,July,5,5,0,1
C08548,2025,4,April,1,1,1,0
C08548,2025,5,May,2,2,0,1
C08548,2025,11,November,3,3,0,1
C08548,2025,12,December,4,5,0,1
C08549,2025,6,June,1,0,1,0
C08549,2025,9,September,2,0,0,0
C08549,2025,12,December,3,1,0,0
C08550,2025,3,March,1,1,1,0
C08550,2025,7,July,2,2,0,1
C08551,2025,6,June,1,1,1,0
C08551,2025,7,July,2,1,0,0
C08551,2025,12,December,3,2,0,1
C08552,2024,10,October,1,1,1,0
C08552,2024,11,November,2,3,0,1
C08553,2024,10,October,1,0,1,0
C08553,2025,2,February,2,1,0,0
C08553,2025,8,August,3,2,0,1
C08554,2024,8,August,1,1,1,0
C08554,2024,9,September,2,1,0,0
C08554,2025,7,July,3,2,0,1
C08554,2025,10,October,5,3,0,1
C08555,2024,10,October,1,1,1,0
C08555,2024,11,November,2,1,0,0
C08555,2025,9,September,3,2,0,1
C08556,2024,10,October,1,1,1,0
C08556,2024,11,November,2,2,0,1
C08556,2025,10,October,3,3,0,1
C08556,2025,11,November,4,4,0,1
C08556,2025,12,December,5,5,0,1
C08557,2024,11,November,1,2,0,1
C08558,2024,10,October,1,1,1,0
C08558,2024,12,December,2,1,0,0
C08559,2024,7,July,1,2,0,1
C08559,2024,11,November,3,3,0,1
C08559,2025,1,January,4,3,0,1
C08559,2025,2,February,5,3,0,1
C08559,2025,3,March,6,4,0,1
C08559,2025,5,May,7,5,0,1
C08559,2025,6,June,8,6,0,1
C08559,2025,8,August,9,7,0,1
C08559,2025,12,December,10,8,0,1
C08560,2024,11,November,1,1,1,0
C08560,2024,12,December,2,2,0,1
C08560,2025,1,January,3,2,0,1
C08561,2024,8,August,1,1,1,0
C08561,2024,10,October,2,2,0,1
C08561,2024,12,December,3,3,0,1
C08562,2024,7,July,1,1,1,0
C08562,2025,2,February,2,2,0,1
C08562,2025,3,March,3,3,0,1
C08562,2025,6,June,4,4,0,1
C08562,2025,11,November,5,4,0,1
C08562,2025,12,December,6,5,0,1
C08563,2025,3,March,1,1,1,0
C08563,2025,6,June,2,2,0,1
C08564,2024,11,November,1,1,1,0
C08564,2025,7,July,2,2,0,1
C08565,2024,7,July,1,1,1,0
C08565,2024,10,October,2,2,0,1
C08565,2025,3,March,3,3,0,1
C08565,2025,6,June,4,5,0,1
C08565,2025,11,November,6,6,0,1
C08565,2025,12,December,7,7,0,1
C08566,2024,10,October,1,1,1,0
C08566,2024,12,December,2,2,0,1
C08566,2025,10,October,3,2,0,1
C08567,2024,7,July,1,1,1,0
C08567,2024,9,September,2,2,0,1
C08567,2024,10,October,3,2,0,1
C08567,2025,5,May,4,3,0,1
C08567,2025,6,June,5,5,0,1
C08567,2025,9,September,7,6,0,1
C08568,2024,12,December,1,1,1,0
C08568,2025,10,October,2,2,0,1
C08569,2025,9,September,1,1,1,0
C08569,2025,11,November,2,2,0,1
C08570,2025,2,February,1,1,1,0
C08570,2025,9,September,2,2,0,1
C08571,2024,7,July,1,1,1,0
C08571,2024,8,August,3,1,0,0
C08571,2024,9,September,5,3,0,1
C08571,2024,10,October,7,5,0,1
C08571,2024,11,November,9,6,0,1
C08571,2025,3,March,10,7,0,1
C08571,2025,5,May,11,10,0,1
C08571,2025,7,July,14,11,0,1
C08571,2025,10,October,15,13,0,1
C08573,2025,3,March,1,1,1,0
C08573,2025,6,June,2,2,0,1
C08573,2025,9,September,3,2,0,1
C08575,2024,10,October,1,0,1,0
C08575,2024,12,December,2,1,0,0
C08575,2025,3,March,3,2,0,1
C08576,2025,1,January,1,2,0,1
C08576,2025,6,June,3,3,0,1
C08577,2024,8,August,1,0,1,0
C08577,2024,11,November,2,1,0,0
C08577,2025,6,June,3,2,0,1
C08577,2025,10,October,4,3,0,1
C08578,2024,7,July,1,1,1,0
C08578,2025,7,July,2,2,0,1
C08578,2025,8,August,3,3,0,1
C08579,2025,7,July,1,1,1,0
C08579,2025,10,October,2,2,0,1
C08580,2024,9,September,1,1,1,0
C08580,2025,9,September,2,2,0,1
C08580,2025,11,November,3,2,0,1
C08581,2024,11,November,1,1,1,0
C08581,2024,12,December,2,2,0,1
C08581,2025,5,May,3,3,0,1
C08581,2025,6,June,4,4,0,1
C08582,2025,1,January,1,1,1,0
C08582,2025,2,February,2,2,0,1
C08582,2025,6,June,3,3,0,1
C08582,2025,10,October,4,3,0,1
C08583,2024,8,August,1,1,1,0
C08583,2025,6,June,2,2,0,1
C08583,2025,7,July,3,2,0,1
C08583,2025,10,October,4,3,0,1
C08583,2025,11,November,6,4,0,1
C08584,2024,7,July,1,1,1,0
C08584,2025,10,October,2,2,0,1
C08585,2024,7,July,1,1,1,0
C08585,2025,2,February,2,2,0,1
C08585,2025,8,August,3,3,0,1
C08585,2025,10,October,4,3,0,1
C08586,2024,7,July,1,0,1,0
C08586,2024,11,November,2,1,0,0
C08586,2025,3,March,3,3,0,1
C08586,2025,6,June,5,4,0,1
C08586,2025,11,November,6,5,0,1
C08586,2025,12,December,7,6,0,1
C08587,2025,9,September,1,1,1,0
C08588,2024,10,October,1,1,1,0
C08588,2024,12,December,2,2,0,1
C08588,2025,2,February,3,2,0,1
C08588,2025,6,June,4,3,0,1
C08588,2025,8,August,5,3,0,1
C08588,2025,11,November,6,4,0,1
C08589,2024,9,September,1,0,1,0
C08589,2025,5,May,2,1,0,0
C08589,2025,7,July,3,1,0,0
C08589,2025,8,August,5,2,0,1
C08590,2024,9,September,1,0,1,0
C08590,2024,12,December,2,0,0,0
C08590,2025,10,October,3,1,0,0
C08591,2024,10,October,1,1,1,0
C08591,2025,7,July,2,2,0,1
C08592,2024,7,July,1,1,1,0
C08592,2024,10,October,2,1,0,0
C08592,2024,11,November,3,2,0,1
C08592,2025,2,February,4,3,0,1
C08592,2025,5,May,5,4,0,1
C08592,2025,11,November,6,6,0,1
C08593,2024,12,December,1,1,1,0
C08593,2025,5,May,2,2,0,1
C08593,2025,8,August,3,3,0,1
C08594,2024,12,December,1,1,1,0
C08594,2025,2,February,2,2,0,1
C08594,2025,6,June,3,3,0,1
C08594,2025,8,August,4,4,0,1
C08594,2025,11,November,5,5,0,1
C08594,2025,12,December,6,5,0,1
C08595,2024,7,July,1,1,1,0
C08595,2024,10,October,2,2,0,1
C08595,2025,1,January,3,3,0,1
C08595,2025,6,June,4,4,0,1
C08595,2025,9,September,5,5,0,1
C08596,2025,4,April,1,1,1,0
C08596,2025,5,May,2,2,0,1
C08597,2024,8,August,1,1,1,0
C08597,2025,12,December,2,1,0,0
C08598,2024,7,July,1,1,1,0
C08598,2024,8,August,2,2,0,1
C08598,2024,12,December,3,2,0,1
C08598,2025,11,November,4,4,0,1
C08598,2025,12,December,6,5,0,1
C08599,2024,12,December,1,0,1,0
C08599,2025,2,February,2,1,0,0
C08600,2024,11,November,1,1,1,0
C08600,2025,2,February,2,2,0,1
C08600,2025,4,April,3,3,0,1
C08600,2025,9,September,4,6,0,1
C08601,2024,8,August,1,1,1,0
C08601,2024,9,September,2,1,0,0
C08601,2025,1,January,3,2,0,1
C08601,2025,2,February,4,3,0,1
C08602,2024,12,December,1,1,1,0
C08602,2025,1,January,2,2,0,1
C08602,2025,3,March,3,3,0,1
C08602,2025,6,June,4,4,0,1
C08602,2025,11,November,5,6,0,1
C08602,2025,12,December,7,8,0,1
C08603,2024,9,September,1,1,1,0
C08603,2024,11,November,2,2,0,1
C08603,2024,12,December,3,3,0,1
C08603,2025,2,February,4,4,0,1
C08603,2025,4,April,5,5,0,1
C08603,2025,5,May,6,5,0,1
C08603,2025,7,July,7,6,0,1
C08603,2025,9,September,8,6,0,1
C08604,2024,12,December,1,2,0,1
C08604,2025,4,April,3,3,0,1
C08605,2024,9,September,1,1,1,0
C08605,2024,11,November,2,2,0,1
C08605,2025,10,October,3,3,0,1
C08606,2025,3,March,1,1,1,0
C08607,2024,10,October,1,1,1,0
C08607,2024,11,November,2,2,0,1
C08607,2025,1,January,3,3,0,1
C08607,2025,8,August,4,3,0,1
C08607,2025,9,September,5,3,0,1
C08607,2025,11,November,6,4,0,1
C08608,2024,7,July,1,1,1,0
C08608,2024,9,September,2,2,0,1
C08608,2024,12,December,3,3,0,1
C08608,2025,1,January,5,4,0,1
C08608,2025,7,July,6,4,0,1
C08608,2025,8,August,7,6,0,1
C08608,2025,9,September,9,6,0,1
C08609,2024,7,July,1,2,0,1
C08609,2024,8,August,3,3,0,1
C08609,2025,4,April,4,4,0,1
C08609,2025,8,August,5,5,0,1
C08609,2025,9,September,6,6,0,1
C08610,2024,10,October,1,1,1,0
C08610,2025,3,March,2,2,0,1
C08610,2025,6,June,3,3,0,1
C08610,2025,8,August,4,4,0,1
C08610,2025,9,September,5,5,0,1
C08610,2025,11,November,6,6,0,1
C08611,2025,2,February,1,2,0,1
C08612,2025,2,February,1,1,1,0
C08612,2025,5,May,2,2,0,1
C08612,2025,10,October,3,3,0,1
C08613,2025,3,March,1,1,1,0
C08615,2024,9,September,1,1,1,0
C08615,2025,6,June,2,2,0,1
C08615,2025,7,July,3,3,0,1
C08615,2025,8,August,4,4,0,1
C08615,2025,9,September,5,4,0,1
C08616,2024,8,August,1,1,1,0
C08616,2024,11,November,2,1,0,0
C08616,2024,12,December,3,2,0,1
C08616,2025,9,September,4,3,0,1
C08617,2024,8,August,1,1,1,0
C08617,2024,11,November,2,2,0,1
C08617,2025,5,May,3,3,0,1
C08617,2025,6,June,4,4,0,1
C08618,2024,10,October,1,1,1,0
C08618,2025,12,December,2,2,0,1
C08619,2024,8,August,1,0,1,0
C08619,2025,4,April,2,1,0,0
C08619,2025,5,May,3,2,0,1
C08620,2024,10,October,1,1,1,0
C08620,2025,4,April,2,2,0,1
C08620,2025,5,May,3,2,0,1
C08622,2024,8,August,1,1,1,0
C08623,2024,8,August,1,0,1,0
C08623,2025,11,November,2,1,0,0
C08624,2024,9,September,1,1,1,0
C08624,2024,11,November,2,3,0,1
C08624,2025,7,July,4,4,0,1
C08624,2025,11,November,5,5,0,1
C08624,2025,12,December,6,6,0,1
C08625,2024,12,December,1,1,1,0
C08625,2025,11,November,3,2,0,1
C08626,2024,8,August,1,1,1,0
C08626,2024,9,September,3,2,0,1
C08626,2024,10,October,6,3,0,1
C08626,2025,2,February,7,4,0,1
C08626,2025,4,April,8,4,0,1
C08626,2025,10,October,9,5,0,1
C08628,2024,7,July,1,0,1,0
C08628,2024,12,December,2,1,0,0
C08628,2025,10,October,3,2,0,1
C08628,2025,12,December,5,3,0,1
C08629,2024,10,October,1,0,1,0
C08629,2024,11,November,2,2,0,1
C08629,2024,12,December,4,4,0,1
C08629,2025,3,March,6,5,0,1
C08629,2025,10,October,7,6,0,1
C08629,2025,12,December,8,10,0,1
C08630,2025,6,June,1,1,1,0
C08630,2025,10,October,2,2,0,1
C08630,2025,11,November,3,2,0,1
C08631,2024,12,December,1,1,1,0
C08631,2025,5,May,2,2,0,1
C08631,2025,6,June,3,3,0,1
C08633,2024,7,July,1,1,1,0
C08633,2025,5,May,2,2,0,1
C08633,2025,9,September,3,3,0,1
C08633,2025,11,November,4,4,0,1
C08634,2024,7,July,1,1,1,0
C08634,2025,1,January,2,1,0,0
C08634,2025,2,February,3,1,0,0
C08634,2025,5,May,4,3,0,1
C08634,2025,6,June,6,5,0,1
C08634,2025,7,July,8,6,0,1
C08634,2025,9,September,9,7,0,1
C08634,2025,11,November,10,7,0,1
C08635,2024,10,October,1,1,1,0
C08635,2025,8,August,2,2,0,1
C08636,2024,7,July,1,1,1,0
C08636,2025,5,May,2,2,0,1
C08636,2025,7,July,3,2,0,1
C08636,2025,10,October,4,3,0,1
C08637,2025,1,January,1,1,1,0
C08637,2025,4,April,2,3,0,1
C08637,2025,12,December,4,3,0,1
C08638,2025,1,January,1,2,0,1
C08638,2025,7,July,3,3,0,1
C08639,2025,4,April,1,1,1,0
C08639,2025,5,May,2,1,0,0
C08639,2025,9,September,3,2,0,1
C08640,2024,8,August,1,2,0,1
C08640,2024,9,September,3,4,0,1
C08640,2024,10,October,5,5,0,1
C08640,2025,1,January,6,6,0,1
C08640,2025,4,April,7,7,0,1
C08640,2025,6,June,8,8,0,1
C08640,2025,7,July,9,9,0,1
C08640,2025,10,October,10,10,0,1
C08641,2025,8,August,1,1,1,0
C08641,2025,11,November,2,1,0,0
C08642,2024,7,July,1,0,1,0
C08642,2024,8,August,2,0,0,0
C08642,2024,10,October,3,1,0,0
C08643,2024,10,October,1,1,1,0
C08643,2024,12,December,2,2,0,1
C08643,2025,1,January,3,2,0,1
C08643,2025,9,September,4,3,0,1
C08644,2024,12,December,1,1,1,0
C08644,2025,1,January,2,1,0,0
C08644,2025,2,February,4,3,0,1
C08644,2025,5,May,6,3,0,1
C08644,2025,7,July,7,4,0,1
C08644,2025,10,October,8,5,0,1
C08644,2025,11,November,9,5,0,1
C08645,2024,8,August,1,1,1,0
C08646,2024,11,November,1,1,1,0
C08646,2025,3,March,2,2,0,1
C08646,2025,5,May,3,3,0,1
C08646,2025,7,July,5,4,0,1
C08646,2025,9,September,7,5,0,1
C08646,2025,12,December,8,6,0,1
C08647,2025,5,May,1,1,1,0
C08647,2025,10,October,2,1,0,0
C08648,2024,7,July,1,2,0,1
C08648,2025,2,February,3,3,0,1
C08648,2025,8,August,4,4,0,1
C08649,2025,3,March,1,1,1,0
C08649,2025,7,July,3,1,0,0
C08649,2025,10,October,4,2,0,1
C08650,2024,10,October,1,0,1,0
C08650,2024,11,November,2,1,0,0
C08650,2025,6,June,3,2,0,1
C08651,2025,3,March,1,1,1,0
C08651,2025,5,May,2,2,0,1
C08651,2025,7,July,3,3,0,1
C08651,2025,10,October,4,4,0,1
C08651,2025,11,November,5,5,0,1
C08652,2025,6,June,1,1,1,0
C08652,2025,12,December,2,2,0,1
C08653,2024,8,August,1,1,1,0
C08653,2025,8,August,2,2,0,1
C08653,2025,10,October,3,3,0,1
C08654,2024,7,July,1,1,1,0
C08654,2024,10,October,2,2,0,1
C08654,2024,11,November,3,3,0,1
C08654,2025,7,July,4,4,0,1
C08655,2024,8,August,1,2,0,1
C08655,2024,11,November,3,3,0,1
C08655,2025,3,March,4,4,0,1
C08655,2025,4,April,5,5,0,1
C08655,2025,9,September,6,6,0,1
C08656,2024,11,November,1,1,1,0
C08656,2025,6,June,2,1,0,0
C08657,2024,7,July,1,0,1,0
C08657,2025,10,October,2,0,0,0
C08657,2025,11,November,3,1,0,0
C08657,2025,12,December,4,2,0,1
C08658,2024,7,July,1,1,1,0
C08658,2025,1,January,2,2,0,1
C08658,2025,8,August,3,3,0,1
C08659,2025,8,August,1,1,1,0
C08659,2025,9,September,2,2,0,1
C08660,2024,7,July,1,0,1,0
C08660,2024,10,October,2,1,0,0
C08660,2024,11,November,3,2,0,1
C08660,2024,12,December,4,3,0,1
C08660,2025,2,February,5,3,0,1
C08660,2025,4,April,6,4,0,1
C08660,2025,5,May,7,5,0,1
C08660,2025,6,June,8,6,0,1
C08660,2025,7,July,9,7,0,1
C08660,2025,10,October,10,8,0,1
C08661,2024,9,September,1,1,1,0
C08662,2025,10,October,1,1,1,0
C08663,2024,12,December,1,1,1,0
C08663,2025,3,March,2,2,0,1
C08663,2025,6,June,3,3,0,1
C08663,2025,8,August,4,4,0,1
C08663,2025,12,December,5,5,0,1
C08664,2024,8,August,1,1,1,0
C08664,2024,9,September,2,2,0,1
C08664,2024,10,October,3,3,0,1
C08664,2025,2,February,5,4,0,1
C08664,2025,3,March,6,5,0,1
C08664,2025,5,May,7,6,0,1
C08664,2025,6,June,8,7,0,1
C08664,2025,8,August,9,8,0,1
C08664,2025,9,September,10,10,0,1
C08664,2025,12,December,12,11,0,1
C08665,2024,10,October,1,1,1,0
C08665,2025,3,March,2,2,0,1
C08665,2025,4,April,3,2,0,1
C08665,2025,7,July,4,3,0,1
C08665,2025,12,December,5,4,0,1
C08666,2025,2,February,1,1,1,0
C08666,2025,3,March,2,2,0,1
C08666,2025,5,May,3,3,0,1
C08667,2024,10,October,1,0,1,0
C08667,2025,5,May,3,1,0,0
C08668,2024,10,October,1,1,1,0
C08668,2025,5,May,2,2,0,1
C08668,2025,10,October,3,2,0,1
C08669,2025,2,February,1,1,1,0
C08669,2025,6,June,2,2,0,1
C08670,2024,8,August,1,2,0,1
C08670,2024,9,September,3,4,0,1
C08670,2024,11,November,5,6,0,1
C08670,2025,4,April,7,7,0,1
C08670,2025,5,May,8,8,0,1
C08670,2025,6,June,9,9,0,1
C08670,2025,7,July,10,10,0,1
C08670,2025,8,August,11,11,0,1
C08670,2025,10,October,12,12,0,1
C08671,2024,7,July,1,1,1,0
C08671,2025,1,January,2,2,0,1
C08671,2025,2,February,3,2,0,1
C08671,2025,4,April,4,3,0,1
C08672,2024,11,November,1,1,1,0
C08672,2025,1,January,2,2,0,1
C08672,2025,2,February,3,3,0,1
C08673,2024,8,August,1,1,1,0
C08673,2024,9,September,2,2,0,1
C08673,2024,11,November,3,3,0,1
C08673,2025,1,January,4,4,0,1
C08673,2025,3,March,5,4,0,1
C08673,2025,9,September,6,4,0,1
C08674,2025,7,July,1,1,1,0
C08674,2025,9,September,2,2,0,1
C08675,2024,11,November,1,1,1,0
C08675,2025,1,January,2,2,0,1
C08675,2025,4,April,3,3,0,1
C08675,2025,5,May,4,3,0,1
C08676,2024,7,July,1,1,1,0
C08676,2024,8,August,3,3,0,1
C08676,2025,1,January,5,3,0,1
C08676,2025,3,March,6,4,0,1
C08676,2025,11,November,7,5,0,1
C08677,2024,10,October,1,0,1,0
C08677,2025,4,April,2,0,0,0
C08677,2025,5,May,3,1,0,0
C08677,2025,7,July,4,3,0,1
C08677,2025,9,September,6,3,0,1
C08677,2025,10,October,7,4,0,1
C08678,2024,7,July,1,1,1,0
C08678,2025,2,February,2,2,0,1
C08678,2025,3,March,3,3,0,1
C08678,2025,5,May,4,4,0,1
C08679,2025,3,March,1,1,1,0
C08680,2024,8,August,1,1,1,0
C08680,2025,1,January,2,2,0,1
C08680,2025,5,May,3,3,0,1
C08680,2025,7,July,4,4,0,1
C08680,2025,12,December,5,4,0,1
C08681,2024,7,July,1,0,1,0
C08681,2024,8,August,2,1,0,0
C08681,2024,9,September,3,2,0,1
C08681,2024,12,December,4,3,0,1
C08682,2025,7,July,1,1,1,0
C08682,2025,12,December,2,1,0,0
C08683,2025,9,September,1,1,1,0
C08684,2024,10,October,1,0,1,0
C08684,2024,11,November,2,1,0,0
C08684,2025,10,October,3,2,0,1
C08685,2024,11,November,1,1,1,0
C08685,2025,12,December,2,2,0,1
C08686,2024,10,October,1,1,1,0
C08686,2024,12,December,3,2,0,1
C08686,2025,2,February,4,3,0,1
C08686,2025,6,June,5,4,0,1
C08686,2025,7,July,7,5,0,1
C08687,2024,12,December,1,1,1,0
C08687,2025,3,March,2,2,0,1
C08687,2025,10,October,3,3,0,1
C08688,2025,1,January,1,1,1,0
C08688,2025,5,May,2,2,0,1
C08689,2024,7,July,1,1,1,0
C08689,2024,8,August,2,1,0,0
C08689,2024,10,October,3,2,0,1
C08689,2025,2,February,4,3,0,1
C08689,2025,3,March,6,4,0,1
C08689,2025,4,April,7,5,0,1
C08689,2025,9,September,8,7,0,1
C08690,2025,1,January,1,1,1,0
C08690,2025,8,August,2,2,0,1
C08690,2025,9,September,3,4,0,1
C08691,2024,9,September,1,1,1,0
C08691,2024,10,October,2,2,0,1
C08691,2024,11,November,3,4,0,1
C08691,2025,4,April,5,5,0,1
C08691,2025,6,June,6,6,0,1
C08691,2025,8,August,7,6,0,1
C08691,2025,9,September,8,7,0,1
C08691,2025,12,December,9,8,0,1
C08692,2025,1,January,1,1,1,0
C08692,2025,5,May,2,1,0,0
C08692,2025,7,July,3,2,0,1
C08692,2025,10,October,4,4,0,1
C08692,2025,12,December,7,5,0,1
C08693,2024,8,August,1,0,1,0
C08693,2024,11,November,2,1,0,0
C08693,2025,6,June,3,2,0,1
C08693,2025,7,July,4,3,0,1
C08693,2025,8,August,5,3,0,1
C08693,2025,9,September,6,4,0,1
C08694,2024,8,August,1,0,1,0
C08695,2025,2,February,1,1,1,0
C08696,2024,8,August,1,1,1,0
C08696,2025,2,February,2,2,0,1
C08697,2024,7,July,1,1,1,0
C08697,2024,10,October,2,2,0,1
C08697,2025,2,February,3,3,0,1
C08697,2025,9,September,4,4,0,1
C08698,2024,10,October,1,0,1,0
C08698,2024,11,November,2,2,0,1
C08698,2025,4,April,4,3,0,1
C08698,2025,9,September,5,4,0,1
C08699,2024,8,August,1,1,1,0
C08701,2025,2,February,1,1,1,0
C08701,2025,12,December,2,3,0,1
C08702,2024,10,October,1,1,1,0
C08702,2025,7,July,2,3,0,1
C08702,2025,12,December,4,4,0,1
C08703,2024,12,December,1,1,1,0
C08703,2025,4,April,2,2,0,1
C08704,2025,4,April,1,2,0,1
C08704,2025,7,July,3,3,0,1
C08704,2025,8,August,4,4,0,1
C08704,2025,9,September,5,5,0,1
C08704,2025,12,December,6,6,0,1
C08705,2025,1,January,1,1,1,0
C08706,2024,7,July,1,1,1,0
C08706,2024,11,November,2,2,0,1
C08707,2025,2,February,1,0,1,0
C08707,2025,8,August,2,1,0,0
C08707,2025,12,December,3,2,0,1
C08708,2024,8,August,1,1,1,0
C08708,2025,4,April,2,2,0,1
C08708,2025,8,August,3,3,0,1
C08708,2025,9,September,4,4,0,1
C08709,2024,10,October,1,1,1,0
C08709,2024,12,December,2,2,0,1
C08709,2025,12,December,3,2,0,1
C08710,2025,7,July,1,0,1,0
C08710,2025,8,August,2,1,0,0
C08710,2025,12,December,3,2,0,1
C08711,2024,8,August,1,1,1,0
C08711,2024,9,September,2,2,0,1
C08711,2024,10,October,3,2,0,1
C08711,2024,11,November,4,3,0,1
C08711,2025,5,May,5,4,0,1
C08711,2025,10,October,6,5,0,1
C08712,2025,1,January,1,1,1,0
C08712,2025,2,February,2,2,0,1
C08712,2025,3,March,3,3,0,1
C08712,2025,6,June,4,4,0,1
C08712,2025,7,July,5,5,0,1
C08712,2025,9,September,6,6,0,1
C08712,2025,10,October,7,6,0,1
C08712,2025,11,November,8,7,0,1
C08713,2024,12,December,1,1,1,0
C08713,2025,3,March,2,2,0,1
C08714,2025,9,September,1,0,1,0
C08715,2025,8,August,1,1,1,0
C08715,2025,9,September,2,2,0,1
C08715,2025,12,December,3,3,0,1
C08716,2025,3,March,1,0,1,0
C08716,2025,6,June,2,1,0,0
C08716,2025,8,August,3,2,0,1
C08717,2024,8,August,1,0,1,0
C08717,2025,7,July,2,1,0,0
C08717,2025,9,September,3,3,0,1
C08717,2025,11,November,5,3,0,1
C08717,2025,12,December,6,4,0,1
C08718,2024,8,August,1,0,1,0
C08719,2024,11,November,1,1,1,0
C08719,2025,1,January,2,2,0,1
C08719,2025,8,August,3,3,0,1
C08719,2025,11,November,4,4,0,1
C08720,2024,10,October,1,1,1,0
C08721,2024,9,September,1,0,1,0
C08721,2025,9,September,2,1,0,0
C08721,2025,10,October,3,1,0,0
C08722,2025,5,May,1,1,1,0
C08722,2025,8,August,2,2,0,1
C08722,2025,12,December,3,3,0,1
C08723,2024,8,August,1,1,1,0
C08723,2024,9,September,2,2,0,1
C08723,2025,7,July,3,2,0,1
C08723,2025,10,October,4,3,0,1
C08723,2025,11,November,5,4,0,1
C08724,2024,7,July,1,1,1,0
C08724,2024,8,August,3,3,0,1
C08724,2024,12,December,5,3,0,1
C08724,2025,3,March,6,4,0,1
C08724,2025,11,November,7,5,0,1
C08724,2025,12,December,8,5,0,1
C08725,2025,8,August,1,1,1,0
C08726,2024,7,July,1,1,1,0
C08726,2024,10,October,2,2,0,1
C08726,2024,11,November,3,3,0,1
C08726,2024,12,December,4,4,0,1
C08726,2025,1,January,5,4,0,1
C08726,2025,12,December,6,5,0,1
C08727,2024,7,July,1,0,1,0
C08727,2024,11,November,2,0,0,0
C08728,2024,7,July,1,1,1,0
C08728,2024,10,October,2,2,0,1
C08728,2025,9,September,3,2,0,1
C08730,2024,10,October,1,1,1,0
C08730,2025,1,January,2,2,0,1
C08730,2025,2,February,3,3,0,1
C08730,2025,5,May,4,5,0,1
C08731,2025,11,November,1,1,1,0
C08732,2024,11,November,1,0,1,0
C08732,2024,12,December,2,1,0,0
C08732,2025,6,June,3,2,0,1
C08733,2024,8,August,1,1,1,0
C08733,2025,1,January,2,2,0,1
C08734,2024,7,July,1,0,1,0
C08734,2024,10,October,2,1,0,0
C08734,2024,11,November,3,2,0,1
C08734,2024,12,December,4,3,0,1
C08734,2025,5,May,5,5,0,1
C08734,2025,7,July,7,6,0,1
C08734,2025,8,August,8,6,0,1
C08735,2024,8,August,1,0,1,0
C08735,2024,11,November,2,1,0,0
C08735,2024,12,December,3,2,0,1
C08735,2025,4,April,4,3,0,1
C08735,2025,11,November,5,4,0,1
C08736,2024,10,October,1,1,1,0
C08736,2025,3,March,2,3,0,1
C08736,2025,7,July,4,4,0,1
C08737,2024,11,November,1,1,1,0
C08737,2025,3,March,2,2,0,1
C08738,2024,7,July,1,1,1,0
C08738,2024,9,September,2,2,0,1
C08738,2024,12,December,3,3,0,1
C08738,2025,5,May,4,4,0,1
C08738,2025,6,June,5,4,0,1
C08739,2024,7,July,1,0,1,0
C08739,2024,11,November,2,1,0,0
C08739,2025,6,June,3,2,0,1
C08739,2025,7,July,4,3,0,1
C08740,2024,7,July,1,1,1,0
C08740,2024,8,August,3,2,0,1
C08740,2024,10,October,4,3,0,1
C08740,2025,7,July,5,3,0,1
C08740,2025,12,December,6,4,0,1
C08741,2024,7,July,1,2,0,1
C08741,2024,8,August,3,3,0,1
C08741,2024,12,December,4,4,0,1
C08741,2025,2,February,5,4,0,1
C08742,2024,8,August,1,1,1,0
C08742,2024,10,October,2,2,0,1
C08742,2025,7,July,4,2,0,1
C08742,2025,10,October,5,3,0,1
C08743,2024,8,August,1,1,1,0
C08743,2025,7,July,2,2,0,1
C08744,2024,11,November,1,1,1,0
C08744,2025,6,June,2,3,0,1
C08744,2025,9,September,4,4,0,1
C08745,2024,8,August,1,1,1,0
C08745,2025,1,January,2,3,0,1
C08745,2025,2,February,4,5,0,1
C08745,2025,7,July,6,6,0,1
C08745,2025,10,October,7,7,0,1
C08745,2025,11,November,8,8,0,1
C08746,2025,9,September,1,1,1,0
C08747,2024,12,December,1,1,1,0
C08747,2025,2,February,2,2,0,1
C08747,2025,12,December,3,3,0,1
C08748,2024,11,November,1,0,1,0
C08748,2025,5,May,2,1,0,0
C08748,2025,9,September,3,3,0,1
C08749,2024,7,July,1,1,1,0
C08749,2025,1,January,2,2,0,1
C08750,2024,8,August,1,1,1,0
C08751,2024,9,September,1,2,0,1
C08751,2025,1,January,3,3,0,1
C08751,2025,6,June,5,3,0,1
C08751,2025,9,September,6,4,0,1
C08752,2024,9,September,1,1,1,0
C08753,2024,10,October,1,1,1,0
C08753,2025,2,February,2,3,0,1
C08753,2025,12,December,4,4,0,1
C08754,2024,7,July,1,1,1,0
C08754,2024,11,November,2,1,0,0
C08754,2025,1,January,3,1,0,0
C08754,2025,3,March,4,2,0,1
C08754,2025,4,April,5,2,0,1
C08754,2025,8,August,6,2,0,1
C08755,2025,1,January,1,1,1,0
C08755,2025,2,February,2,2,0,1
C08755,2025,10,October,3,3,0,1
C08755,2025,11,November,4,4,0,1
C08756,2024,10,October,1,1,1,0
C08756,2025,1,January,2,2,0,1
C08756,2025,7,July,3,3,0,1
C08756,2025,9,September,4,4,0,1
C08757,2024,7,July,1,2,0,1
C08757,2024,10,October,3,3,0,1
C08757,2025,7,July,4,7,0,1
C08757,2025,9,September,8,8,0,1
C08758,2025,3,March,1,1,1,0
C08759,2024,11,November,1,1,1,0
C08759,2025,4,April,2,2,0,1
C08759,2025,7,July,3,2,0,1
C08759,2025,8,August,4,3,0,1
C08760,2024,7,July,1,1,1,0
C08760,2024,8,August,2,2,0,1
C08760,2025,1,January,3,3,0,1
C08760,2025,2,February,4,4,0,1
C08760,2025,3,March,5,4,0,1
C08760,2025,7,July,6,5,0,1
C08760,2025,11,November,7,6,0,1
C08760,2025,12,December,9,7,0,1
C08761,2024,8,August,1,0,1,0
C08761,2024,9,September,2,1,0,0
C08761,2025,8,August,3,1,0,0
C08762,2024,7,July,1,1,1,0
C08763,2024,8,August,1,1,1,0
C08763,2024,9,September,2,2,0,1
C08763,2025,6,June,4,3,0,1
C08763,2025,9,September,5,4,0,1
C08763,2025,10,October,6,5,0,1
C08764,2024,10,October,1,1,1,0
C08764,2025,1,January,2,2,0,1
C08764,2025,10,October,3,3,0,1
C08765,2024,7,July,1,0,1,0
C08765,2025,5,May,2,2,0,1
C08765,2025,11,November,4,3,0,1
C08766,2025,2,February,1,1,1,0
C08766,2025,7,July,2,2,0,1
C08767,2024,10,October,1,0,1,0
C08767,2024,12,December,2,1,0,0
C08767,2025,1,January,3,2,0,1
C08767,2025,6,June,4,3,0,1
C08767,2025,12,December,6,3,0,1
C08768,2025,8,August,1,1,1,0
C08769,2024,8,August,1,1,1,0
C08769,2024,11,November,2,2,0,1
C08769,2025,8,August,3,3,0,1
C08769,2025,10,October,4,4,0,1
C08769,2025,12,December,5,5,0,1
C08770,2024,7,July,1,1,1,0
C08770,2025,4,April,2,2,0,1
C08770,2025,11,November,3,2,0,1
C08771,2024,12,December,1,1,1,0
C08771,2025,1,January,2,3,0,1
C08771,2025,4,April,4,3,0,1
C08771,2025,12,December,5,4,0,1
C08772,2024,9,September,1,2,0,1
C08772,2025,2,February,3,3,0,1
C08773,2025,12,December,1,1,1,0
C08774,2024,10,October,1,0,1,0
C08774,2024,11,November,2,1,0,0
C08774,2025,1,January,3,2,0,1
C08774,2025,9,September,4,3,0,1
C08774,2025,11,November,5,3,0,1
C08775,2024,9,September,1,1,1,0
C08775,2025,1,January,2,2,0,1
C08775,2025,11,November,3,3,0,1
C08775,2025,12,December,4,3,0,1
C08776,2024,8,August,1,0,1,0
C08776,2025,9,September,2,1,0,0
C08776,2025,11,November,3,2,0,1
C08777,2024,7,July,1,1,1,0
C08777,2024,10,October,2,1,0,0
C08777,2024,11,November,3,2,0,1
C08777,2025,11,November,4,3,0,1
C08777,2025,12,December,5,4,0,1
C08778,2025,1,January,1,1,1,0
C08778,2025,11,November,2,2,0,1
C08779,2025,8,August,1,2,0,1
C08780,2024,7,July,1,1,1,0
C08780,2024,12,December,2,2,0,1
C08780,2025,1,January,3,3,0,1
C08780,2025,5,May,4,4,0,1
C08780,2025,7,July,5,5,0,1
C08781,2024,8,August,1,1,1,0
C08781,2024,11,November,2,2,0,1
C08781,2024,12,December,3,3,0,1
C08781,2025,4,April,4,4,0,1
C08781,2025,11,November,5,5,0,1
C08782,2024,7,July,1,0,1,0
C08782,2025,2,February,2,1,0,0
C08782,2025,9,September,3,1,0,0
C08783,2024,12,December,1,1,1,0
C08783,2025,8,August,2,2,0,1
C08784,2024,10,October,1,1,1,0
C08784,2025,12,December,2,2,0,1
C08785,2025,1,January,1,1,1,0
C08785,2025,9,September,2,2,0,1
C08786,2025,1,January,1,0,1,0
C08786,2025,5,May,3,0,0,0
C08786,2025,8,August,4,1,0,0
C08786,2025,11,November,5,2,0,1
C08787,2024,8,August,1,1,1,0
C08787,2024,9,September,2,2,0,1
C08787,2024,10,October,3,3,0,1
C08787,2024,11,November,4,3,0,1
C08787,2025,1,January,5,4,0,1
C08787,2025,4,April,6,5,0,1
C08788,2024,12,December,1,1,1,0
C08788,2025,6,June,2,3,0,1
C08788,2025,9,September,4,4,0,1
C08789,2025,2,February,1,1,1,0
C08789,2025,3,March,2,2,0,1
C08789,2025,5,May,3,4,0,1
C08789,2025,6,June,5,5,0,1
C08789,2025,9,September,6,6,0,1
C08790,2024,7,July,1,1,1,0
C08790,2024,8,August,2,1,0,0
C08790,2025,4,April,3,2,0,1
C08790,2025,10,October,4,4,0,1
C08790,2025,12,December,6,4,0,1
C08791,2024,12,December,1,1,1,0
C08791,2025,1,January,2,2,0,1
C08791,2025,5,May,3,3,0,1
C08791,2025,12,December,4,4,0,1
C08792,2024,12,December,1,1,1,0
C08792,2025,10,October,2,2,0,1
C08793,2024,7,July,1,2,0,1
C08793,2025,3,March,3,3,0,1
C08793,2025,9,September,4,4,0,1
C08794,2024,7,July,1,1,1,0
C08794,2024,9,September,2,2,0,1
C08794,2024,10,October,3,3,0,1
C08794,2025,2,February,4,4,0,1
C08795,2025,4,April,1,1,1,0
C08795,2025,7,July,2,2,0,1
C08795,2025,8,August,3,3,0,1
C08795,2025,9,September,4,3,0,1
C08796,2024,9,September,1,1,1,0
C08796,2024,12,December,2,3,0,1
C08796,2025,4,April,4,4,0,1
C08797,2024,11,November,1,0,1,0
C08797,2025,1,January,2,1,0,0
C08797,2025,11,November,3,2,0,1
C08797,2025,12,December,5,2,0,1
C08798,2024,7,July,1,1,1,0
C08798,2024,12,December,2,2,0,1
C08798,2025,1,January,3,2,0,1
C08798,2025,6,June,4,3,0,1
C08798,2025,9,September,5,4,0,1
C08799,2024,7,July,1,1,1,0
C08799,2025,2,February,2,2,0,1
C08799,2025,4,April,3,3,0,1
C08800,2024,12,December,1,1,1,0
C08800,2025,7,July,2,3,0,1
C08801,2025,1,January,1,1,1,0
C08801,2025,7,July,2,1,0,0
C08803,2025,1,January,1,1,1,0
C08803,2025,6,June,2,2,0,1
C08803,2025,7,July,3,3,0,1
C08804,2025,5,May,1,1,1,0
C08805,2025,5,May,1,1,1,0
C08806,2024,11,November,1,1,1,0
C08806,2024,12,December,2,4,0,1
C08806,2025,1,January,5,5,0,1
C08806,2025,8,August,6,6,0,1
C08806,2025,12,December,7,6,0,1
C08807,2024,8,August,1,1,1,0
C08807,2024,9,September,2,2,0,1
C08807,2025,5,May,3,3,0,1
C08808,2024,9,September,1,1,1,0
C08808,2024,10,October,2,1,0,0
C08808,2024,11,November,3,2,0,1
C08808,2024,12,December,4,3,0,1
C08808,2025,1,January,5,3,0,1
C08808,2025,2,February,6,4,0,1
C08808,2025,3,March,7,5,0,1
C08808,2025,5,May,8,5,0,1
C08808,2025,10,October,9,6,0,1
C08808,2025,12,December,10,7,0,1
C08809,2024,8,August,1,1,1,0
C08809,2024,12,December,2,2,0,1
C08809,2025,10,October,3,3,0,1
C08810,2024,7,July,1,1,1,0
C08810,2024,8,August,2,2,0,1
C08810,2024,10,October,3,3,0,1
C08810,2025,3,March,4,3,0,1
C08810,2025,4,April,5,4,0,1
C08810,2025,6,June,6,4,0,1
C08811,2024,9,September,1,1,1,0
C08811,2024,12,December,2,2,0,1
C08811,2025,1,January,3,3,0,1
C08811,2025,2,February,4,4,0,1
C08811,2025,4,April,5,5,0,1
C08811,2025,5,May,6,5,0,1
C08811,2025,7,July,7,6,0,1
C08811,2025,10,October,8,7,0,1
C08812,2025,8,August,1,1,1,0
C08812,2025,9,September,2,2,0,1
C08813,2024,10,October,1,1,1,0
C08814,2024,12,December,1,3,0,1
C08814,2025,4,April,4,4,0,1
C08815,2024,7,July,1,1,1,0
C08815,2024,10,October,2,2,0,1
C08815,2024,11,November,3,2,0,1
C08815,2025,2,February,4,3,0,1
C08815,2025,3,March,5,4,0,1
C08815,2025,6,June,6,6,0,1
C08815,2025,8,August,9,7,0,1
C08815,2025,9,September,10,8,0,1
C08816,2024,11,November,1,1,1,0
C08817,2024,10,October,1,1,1,0
C08817,2025,6,June,2,2,0,1
C08818,2024,11,November,1,0,1,0
C08818,2024,12,December,2,1,0,0
C08818,2025,1,January,3,2,0,1
C08818,2025,2,February,4,3,0,1
C08818,2025,4,April,5,4,0,1
C08818,2025,7,July,6,5,0,1
C08818,2025,11,November,7,6,0,1
C08819,2024,7,July,1,2,0,1
C08819,2024,11,November,3,3,0,1
C08819,2024,12,December,4,4,0,1
C08819,2025,10,October,5,6,0,1
C08819,2025,11,November,7,7,0,1
C08820,2024,7,July,1,1,1,0
C08820,2024,10,October,2,2,0,1
C08820,2025,2,February,3,4,0,1
C08820,2025,4,April,5,4,0,1
C08820,2025,9,September,6,5,0,1
C08821,2024,10,October,1,1,1,0
C08821,2025,4,April,2,2,0,1
C08821,2025,5,May,4,3,0,1
C08821,2025,7,July,5,4,0,1
C08821,2025,12,December,6,5,0,1
C08822,2024,10,October,1,0,1,0
C08822,2025,10,October,2,1,0,0
C08823,2025,1,January,1,2,0,1
C08823,2025,3,March,3,3,0,1
C08823,2025,6,June,4,4,0,1
C08823,2025,8,August,5,4,0,1
C08823,2025,9,September,6,5,0,1
C08823,2025,10,October,7,6,0,1
C08823,2025,12,December,8,7,0,1
C08824,2025,1,January,1,1,1,0
C08824,2025,3,March,2,2,0,1
C08824,2025,4,April,3,3,0,1
C08824,2025,7,July,4,4,0,1
C08824,2025,10,October,5,5,0,1
C08824,2025,11,November,6,6,0,1
C08825,2024,9,September,1,0,1,0
C08825,2025,4,April,2,1,0,0
C08825,2025,5,May,3,2,0,1
C08825,2025,7,July,4,3,0,1
C08826,2025,7,July,1,2,0,1
C08826,2025,10,October,3,3,0,1
C08826,2025,11,November,4,4,0,1
C08827,2024,12,December,1,1,1,0
C08828,2025,2,February,1,0,1,0
C08829,2024,7,July,1,0,1,0
C08829,2024,9,September,2,1,0,0
C08829,2024,10,October,3,2,0,1
C08829,2025,2,February,4,4,0,1
C08829,2025,4,April,6,4,0,1
C08830,2025,4,April,1,1,1,0
C08830,2025,12,December,2,2,0,1
C08831,2024,10,October,1,0,1,0
C08831,2025,7,July,2,0,0,0
C08831,2025,10,October,3,1,0,0
C08832,2024,7,July,1,1,1,0
C08832,2024,10,October,2,2,0,1
C08832,2025,1,January,3,3,0,1
C08832,2025,5,May,4,3,0,1
C08832,2025,7,July,5,4,0,1
C08832,2025,8,August,6,5,0,1
C08832,2025,11,November,7,6,0,1
C08833,2025,6,June,1,0,1,0
C08833,2025,8,August,2,1,0,0
C08834,2025,12,December,1,0,1,0
C08835,2024,7,July,1,1,1,0
C08835,2025,4,April,2,2,0,1
C08835,2025,5,May,3,2,0,1
C08835,2025,6,June,4,2,0,1
C08835,2025,8,August,5,3,0,1
C08835,2025,11,November,6,4,0,1
C08835,2025,12,December,8,5,0,1
C08836,2024,12,December,1,0,1,0
C08836,2025,8,August,2,1,0,0
C08836,2025,12,December,3,2,0,1
C08837,2025,3,March,1,1,1,0
C08838,2024,12,December,1,1,1,0
C08838,2025,2,February,2,1,0,0
C08838,2025,9,September,3,2,0,1
C08839,2025,2,February,1,1,1,0
C08839,2025,12,December,2,2,0,1
C08840,2024,10,October,1,1,1,0
C08840,2024,11,November,2,2,0,1
C08840,2025,1,January,3,3,0,1
C08840,2025,3,March,4,4,0,1
C08840,2025,6,June,5,5,0,1
C08840,2025,9,September,6,6,0,1
C08840,2025,10,October,7,7,0,1
C08841,2024,8,August,1,1,1,0
C08841,2024,9,September,2,2,0,1
C08841,2025,5,May,3,2,0,1
C08841,2025,6,June,4,3,0,1
C08842,2024,9,September,1,1,1,0
C08842,2025,5,May,2,2,0,1
C08842,2025,7,July,3,3,0,1
C08842,2025,9,September,4,4,0,1
C08842,2025,12,December,6,4,0,1
C08843,2024,10,October,1,2,0,1
C08843,2025,3,March,3,2,0,1
C08843,2025,4,April,4,3,0,1
C08843,2025,6,June,5,4,0,1
C08843,2025,12,December,7,5,0,1
C08844,2024,8,August,1,1,1,0
C08844,2024,10,October,2,2,0,1
C08844,2024,11,November,3,3,0,1
C08844,2024,12,December,4,4,0,1
C08844,2025,12,December,5,5,0,1
C08845,2024,12,December,1,1,1,0
C08845,2025,10,October,2,2,0,1
C08845,2025,11,November,3,2,0,1
C08845,2025,12,December,4,3,0,1
C08846,2025,1,January,1,1,1,0
C08846,2025,10,October,2,2,0,1
C08847,2024,8,August,1,1,1,0
C08847,2025,2,February,2,1,0,0
C08847,2025,9,September,3,2,0,1
C08847,2025,10,October,4,3,0,1
C08848,2024,10,October,1,1,1,0
C08848,2025,1,January,2,2,0,1
C08848,2025,6,June,3,3,0,1
C08848,2025,11,November,4,3,0,1
C08849,2025,8,August,1,2,0,1
C08849,2025,12,December,3,4,0,1
C08850,2024,9,September,1,1,1,0
C08850,2024,10,October,2,2,0,1
C08850,2025,1,January,3,2,0,1
C08850,2025,2,February,4,4,0,1
C08850,2025,4,April,6,5,0,1
C08850,2025,5,May,8,6,0,1
C08850,2025,6,June,9,6,0,1
C08850,2025,8,August,10,8,0,1
C08851,2024,11,November,1,1,1,0
C08851,2025,1,January,2,1,0,0
C08851,2025,6,June,3,2,0,1
C08851,2025,8,August,4,3,0,1
C08852,2024,7,July,1,2,0,1
C08852,2024,10,October,3,3,0,1
C08852,2024,11,November,4,3,0,1
C08852,2024,12,December,5,5,0,1
C08853,2024,11,November,1,1,1,0
C08853,2025,12,December,2,2,0,1
C08854,2024,8,August,1,1,1,0
C08854,2025,1,January,2,2,0,1
C08854,2025,9,September,3,3,0,1
C08854,2025,11,November,4,4,0,1
C08854,2025,12,December,5,4,0,1
C08855,2025,4,April,1,1,1,0
C08856,2024,8,August,1,0,1,0
C08856,2024,10,October,2,1,0,0
C08856,2025,6,June,3,2,0,1
C08857,2024,11,November,1,1,1,0
C08857,2025,3,March,2,3,0,1
C08857,2025,6,June,5,4,0,1
C08857,2025,10,October,7,5,0,1
C08857,2025,12,December,8,6,0,1
C08858,2024,8,August,1,1,1,0
C08858,2025,1,January,2,2,0,1
C08858,2025,4,April,3,3,0,1
C08858,2025,7,July,4,4,0,1
C08858,2025,11,November,5,5,0,1
C08859,2024,12,December,1,1,1,0
C08860,2025,1,January,1,2,0,1
C08860,2025,4,April,3,3,0,1
C08860,2025,5,May,4,4,0,1
C08860,2025,8,August,5,5,0,1
C08861,2024,8,August,1,1,1,0
C08861,2024,9,September,2,2,0,1
C08861,2024,10,October,3,3,0,1
C08861,2025,4,April,4,4,0,1
C08861,2025,12,December,5,5,0,1
C08862,2024,7,July,1,1,1,0
C08862,2024,12,December,2,1,0,0
C08862,2025,9,September,3,2,0,1
C08863,2025,4,April,1,1,1,0
C08863,2025,6,June,2,2,0,1
C08863,2025,10,October,3,3,0,1
C08864,2024,7,July,1,1,1,0
C08864,2025,4,April,2,2,0,1
C08864,2025,10,October,3,3,0,1
C08864,2025,12,December,4,3,0,1
C08865,2025,6,June,1,1,1,0
C08865,2025,7,July,2,2,0,1
C08866,2024,9,September,1,1,1,0
C08866,2025,5,May,2,1,0,0
C08866,2025,12,December,3,2,0,1
C08867,2025,9,September,1,1,1,0
C08867,2025,11,November,2,2,0,1
C08869,2025,2,February,1,1,1,0
C08869,2025,3,March,2,2,0,1
C08869,2025,9,September,3,2,0,1
C08869,2025,11,November,4,2,0,1
C08869,2025,12,December,5,2,0,1
C08870,2024,9,September,1,0,1,0
C08870,2024,12,December,2,1,0,0
C08870,2025,9,September,3,2,0,1
C08871,2024,10,October,1,1,1,0
C08871,2025,1,January,2,2,0,1
C08871,2025,4,April,3,3,0,1
C08871,2025,5,May,4,4,0,1
C08872,2025,12,December,1,1,1,0
C08873,2024,7,July,1,2,0,1
C08873,2024,8,August,3,3,0,1
C08873,2025,7,July,4,4,0,1
C08873,2025,8,August,5,5,0,1
C08873,2025,9,September,6,6,0,1
C08874,2024,9,September,1,1,1,0
C08874,2025,1,January,2,3,0,1
C08874,2025,5,May,4,4,0,1
C08874,2025,6,June,5,5,0,1
C08874,2025,8,August,6,6,0,1
C08875,2024,8,August,1,1,1,0
C08875,2025,4,April,2,2,0,1
C08876,2025,4,April,1,1,1,0
C08877,2024,8,August,1,1,1,0
C08877,2024,10,October,2,2,0,1
C08877,2025,1,January,3,3,0,1
C08877,2025,5,May,4,3,0,1
C08878,2025,4,April,1,1,1,0
C08878,2025,11,November,2,3,0,1
C08879,2025,5,May,1,1,1,0
C08879,2025,12,December,2,2,0,1
C08880,2024,11,November,1,1,1,0
C08880,2024,12,December,2,2,0,1
C08880,2025,12,December,3,3,0,1
C08881,2024,11,November,1,2,0,1
C08881,2024,12,December,3,3,0,1
C08881,2025,2,February,4,4,0,1
C08881,2025,4,April,5,5,0,1
C08882,2025,4,April,1,0,1,0
C08883,2024,12,December,1,1,1,0
C08883,2025,6,June,2,1,0,0
C08883,2025,7,July,3,1,0,0
C08886,2024,11,November,1,0,1,0
C08886,2024,12,December,2,1,0,0
C08886,2025,2,February,3,2,0,1
C08887,2024,11,November,1,0,1,0
C08887,2024,12,December,2,1,0,0
C08888,2024,8,August,1,1,1,0
C08888,2025,11,November,2,2,0,1
C08888,2025,12,December,3,3,0,1
C08889,2025,4,April,1,1,1,0
C08890,2024,8,August,1,2,0,1
C08890,2025,1,January,3,3,0,1
C08890,2025,2,February,4,4,0,1
C08890,2025,7,July,5,5,0,1
C08890,2025,8,August,6,5,0,1
C08890,2025,10,October,7,7,0,1
C08891,2024,7,July,1,1,1,0
C08891,2025,3,March,2,2,0,1
C08891,2025,5,May,3,3,0,1
C08891,2025,9,September,4,4,0,1
C08891,2025,12,December,5,4,0,1
C08892,2025,1,January,1,1,1,0
C08892,2025,4,April,2,1,0,0
C08892,2025,6,June,3,2,0,1
C08892,2025,8,August,4,2,0,1
C08893,2024,10,October,1,0,1,0
C08893,2025,4,April,2,1,0,0
C08893,2025,5,May,3,2,0,1
C08894,2024,8,August,1,0,1,0
C08894,2024,10,October,2,1,0,0
C08894,2024,11,November,3,1,0,0
C08894,2025,1,January,4,2,0,1
C08894,2025,6,June,5,3,0,1
C08894,2025,7,July,6,3,0,1
C08894,2025,8,August,7,4,0,1
C08894,2025,10,October,8,6,0,1
C08895,2024,10,October,1,1,1,0
C08895,2024,12,December,2,2,0,1
C08896,2025,9,September,1,1,1,0
C08897,2024,7,July,1,1,1,0
C08897,2024,8,August,2,2,0,1
C08897,2024,10,October,3,4,0,1
C08897,2025,1,January,5,5,0,1
C08897,2025,2,February,6,6,0,1
C08897,2025,5,May,7,6,0,1
C08897,2025,6,June,8,7,0,1
C08897,2025,9,September,9,8,0,1
C08897,2025,10,October,10,9,0,1
C08898,2024,9,September,1,0,1,0
C08898,2025,10,October,2,2,0,1
C08899,2024,8,August,1,0,1,0
C08900,2024,9,September,1,0,1,0
C08900,2024,11,November,2,1,0,0
C08900,2025,6,June,3,1,0,0
C08901,2024,7,July,1,1,1,0
C08901,2024,8,August,2,2,0,1
C08901,2024,10,October,4,3,0,1
C08901,2025,5,May,5,3,0,1
C08901,2025,9,September,6,4,0,1
C08901,2025,10,October,7,5,0,1
C08902,2024,10,October,1,1,1,0
C08902,2025,1,January,2,2,0,1
C08902,2025,7,July,3,4,0,1
C08903,2024,8,August,1,1,1,0
C08903,2025,1,January,3,2,0,1
C08903,2025,5,May,4,3,0,1
C08903,2025,9,September,5,4,0,1
C08903,2025,12,December,6,5,0,1
C08904,2025,1,January,1,1,1,0
C08904,2025,11,November,2,3,0,1
C08905,2024,8,August,1,2,0,1
C08905,2024,10,October,3,3,0,1
C08905,2024,11,November,4,4,0,1
C08905,2025,1,January,5,5,0,1
C08905,2025,4,April,6,6,0,1
C08905,2025,7,July,7,7,0,1
C08905,2025,9,September,8,8,0,1
C08905,2025,11,November,10,8,0,1
C08905,2025,12,December,11,9,0,1
C08906,2025,2,February,1,0,1,0
C08906,2025,7,July,2,1,0,0
C08906,2025,9,September,3,2,0,1
C08907,2024,8,August,1,1,1,0
C08907,2025,8,August,2,2,0,1
C08908,2024,8,August,1,1,1,0
C08908,2024,11,November,2,2,0,1
C08908,2025,3,March,3,3,0,1
C08909,2025,1,January,1,1,1,0
C08909,2025,11,November,2,2,0,1
C08910,2024,11,November,1,1,1,0
C08910,2025,3,March,2,2,0,1
C08910,2025,4,April,3,3,0,1
C08910,2025,5,May,4,4,0,1
C08910,2025,10,October,5,5,0,1
C08910,2025,11,November,6,6,0,1
C08911,2024,7,July,1,1,1,0
C08911,2024,9,September,2,3,0,1
C08911,2025,2,February,4,4,0,1
C08911,2025,4,April,5,6,0,1
C08911,2025,7,July,7,7,0,1
C08911,2025,12,December,8,8,0,1
C08912,2024,8,August,1,1,1,0
C08912,2025,6,June,2,2,0,1
C08912,2025,11,November,3,3,0,1
C08913,2024,8,August,1,1,1,0
C08913,2025,4,April,2,2,0,1
C08913,2025,6,June,3,3,0,1
C08914,2024,7,July,1,3,0,1
C08914,2024,8,August,4,3,0,1
C08914,2024,10,October,5,5,0,1
C08914,2024,11,November,7,6,0,1
C08914,2025,2,February,8,6,0,1
C08914,2025,11,November,9,7,0,1
C08914,2025,12,December,10,7,0,1
C08915,2025,7,July,1,1,1,0
C08916,2024,9,September,1,1,1,0
C08916,2024,10,October,2,2,0,1
C08916,2025,3,March,3,3,0,1
C08916,2025,8,August,4,4,0,1
C08917,2024,7,July,1,2,0,1
C08917,2024,8,August,3,3,0,1
C08917,2024,10,October,4,4,0,1
C08917,2024,12,December,5,5,0,1
C08917,2025,4,April,6,8,0,1
C08917,2025,8,August,9,9,0,1
C08917,2025,11,November,10,10,0,1
C08918,2024,7,July,1,1,1,0
C08918,2025,2,February,2,2,0,1
C08919,2024,8,August,1,0,1,0
C08919,2024,9,September,2,1,0,0
C08919,2024,10,October,3,3,0,1
C08919,2025,9,September,5,4,0,1
C08920,2024,8,August,1,1,1,0
C08920,2024,9,September,2,1,0,0
C08920,2025,12,December,3,3,0,1
C08921,2025,1,January,1,1,1,0
C08921,2025,4,April,2,1,0,0
C08921,2025,5,May,3,2,0,1
C08921,2025,10,October,4,3,0,1
C08922,2024,11,November,1,1,1,0
C08922,2025,10,October,2,2,0,1
C08923,2024,11,November,1,1,1,0
C08923,2025,9,September,2,1,0,0
C08924,2024,11,November,1,1,1,0
C08925,2024,9,September,1,1,1,0
C08925,2025,7,July,2,2,0,1
C08926,2024,7,July,1,1,1,0
C08926,2024,10,October,2,3,0,1
C08926,2024,12,December,4,4,0,1
C08926,2025,3,March,5,4,0,1
C08926,2025,4,April,6,5,0,1
C08927,2025,1,January,1,1,1,0
C08927,2025,2,February,2,1,0,0
C08927,2025,4,April,3,1,0,0
C08927,2025,5,May,4,2,0,1
C08927,2025,9,September,5,3,0,1
C08927,2025,10,October,6,4,0,1
C08927,2025,12,December,7,5,0,1
C08928,2024,10,October,1,1,1,0
C08928,2025,1,January,2,2,0,1
C08928,2025,7,July,3,3,0,1
C08928,2025,12,December,4,4,0,1
C08929,2024,7,July,1,2,0,1
C08929,2024,8,August,3,3,0,1
C08929,2024,12,December,4,4,0,1
C08929,2025,3,March,5,5,0,1
C08929,2025,6,June,7,6,0,1
C08929,2025,10,October,8,7,0,1
C08930,2024,7,July,1,0,1,0
C08930,2024,8,August,2,1,0,0
C08930,2024,10,October,3,2,0,1
C08930,2024,12,December,4,3,0,1
C08930,2025,6,June,5,4,0,1
C08930,2025,8,August,6,5,0,1
C08930,2025,11,November,7,6,0,1
C08931,2025,5,May,1,1,1,0
C08932,2024,12,December,1,1,1,0
C08933,2024,8,August,1,1,1,0
C08933,2024,10,October,2,2,0,1
C08933,2024,12,December,3,3,0,1
C08933,2025,5,May,4,4,0,1
C08935,2024,11,November,1,0,1,0
C08935,2024,12,December,2,1,0,0
C08935,2025,5,May,3,2,0,1
C08936,2025,12,December,1,1,1,0
C08937,2024,12,December,1,2,0,1
C08937,2025,4,April,3,3,0,1
C08937,2025,12,December,4,3,0,1
C08938,2024,7,July,1,1,1,0
C08938,2025,2,February,2,2,0,1
C08938,2025,3,March,3,6,0,1
C08938,2025,5,May,7,9,0,1
C08938,2025,6,June,10,10,0,1
C08938,2025,11,November,11,13,0,1
C08939,2025,4,April,1,1,1,0
C08939,2025,5,May,2,2,0,1
C08939,2025,9,September,3,3,0,1
C08939,2025,10,October,4,4,0,1
C08940,2024,7,July,1,1,1,0
C08940,2024,9,September,2,1,0,0
C08940,2025,1,January,3,2,0,1
C08940,2025,3,March,4,3,0,1
C08940,2025,5,May,5,4,0,1
C08940,2025,8,August,6,5,0,1
C08940,2025,9,September,7,6,0,1
C08941,2024,11,November,1,1,1,0
C08941,2025,1,January,2,3,0,1
C08941,2025,5,May,4,4,0,1
C08941,2025,6,June,5,4,0,1
C08942,2025,7,July,1,2,0,1
C08942,2025,12,December,3,3,0,1
C08943,2025,2,February,1,1,1,0
C08943,2025,8,August,2,2,0,1
C08943,2025,10,October,3,3,0,1
C08943,2025,12,December,4,4,0,1
C08944,2025,5,May,1,1,1,0
C08945,2024,7,July,1,1,1,0
C08945,2024,10,October,2,2,0,1
C08945,2025,3,March,3,3,0,1
C08945,2025,11,November,4,5,0,1
C08946,2025,4,April,1,1,1,0
C08946,2025,6,June,2,1,0,0
C08946,2025,7,July,3,2,0,1
C08947,2025,10,October,1,1,1,0
C08947,2025,11,November,2,2,0,1
C08948,2024,7,July,1,1,1,0
C08948,2025,8,August,2,2,0,1
C08949,2024,11,November,1,1,1,0
C08949,2025,5,May,2,2,0,1
C08949,2025,8,August,3,3,0,1
C08951,2024,8,August,1,1,1,0
C08951,2024,10,October,2,2,0,1
C08951,2025,6,June,3,2,0,1
C08951,2025,7,July,4,3,0,1
C08951,2025,12,December,5,4,0,1
C08952,2024,8,August,1,1,1,0
C08953,2025,2,February,1,1,1,0
C08953,2025,3,March,2,2,0,1
C08953,2025,9,September,3,3,0,1
C08954,2025,4,April,1,1,1,0
C08954,2025,8,August,2,3,0,1
C08954,2025,12,December,4,4,0,1
C08956,2025,4,April,1,1,1,0
C08956,2025,7,July,2,1,0,0
C08956,2025,9,September,3,2,0,1
C08956,2025,10,October,4,3,0,1
C08956,2025,11,November,5,4,0,1
C08957,2024,7,July,1,1,1,0
C08957,2025,8,August,2,2,0,1
C08958,2025,2,February,1,1,1,0
C08958,2025,8,August,2,2,0,1
C08959,2025,6,June,1,1,1,0
C08960,2024,12,December,1,1,1,0
C08960,2025,9,September,2,3,0,1
C08961,2024,8,August,1,1,1,0
C08961,2024,11,November,2,2,0,1
C08961,2024,12,December,3,3,0,1
C08961,2025,12,December,4,4,0,1
C08962,2024,9,September,1,1,1,0
C08962,2024,11,November,2,2,0,1
C08962,2025,3,March,3,3,0,1
C08963,2024,8,August,1,0,1,0
C08963,2025,4,April,2,1,0,0
C08963,2025,5,May,3,3,0,1
C08963,2025,6,June,5,4,0,1
C08963,2025,7,July,6,5,0,1
C08963,2025,10,October,7,6,0,1
C08964,2024,11,November,1,1,1,0
C08964,2025,6,June,2,2,0,1
C08964,2025,10,October,3,3,0,1
C08965,2024,12,December,1,2,0,1
C08965,2025,4,April,3,3,0,1
C08965,2025,6,June,4,5,0,1
C08965,2025,9,September,6,6,0,1
C08965,2025,11,November,8,8,0,1
C08965,2025,12,December,11,9,0,1
C08966,2024,8,August,1,0,1,0
C08966,2024,9,September,2,2,0,1
C08966,2024,10,October,4,4,0,1
C08966,2025,5,May,6,6,0,1
C08966,2025,6,June,8,7,0,1
C08966,2025,7,July,9,9,0,1
C08966,2025,8,August,11,9,0,1
C08967,2024,8,August,1,1,1,0
C08967,2025,5,May,2,3,0,1
C08967,2025,8,August,4,4,0,1
C08968,2024,10,October,1,1,1,0
C08968,2025,1,January,2,3,0,1
C08968,2025,3,March,4,3,0,1
C08969,2025,5,May,1,1,1,0
C08969,2025,9,September,2,2,0,1
C08969,2025,10,October,3,3,0,1
C08970,2024,9,September,1,1,1,0
C08970,2024,10,October,2,2,0,1
C08970,2025,1,January,3,3,0,1
C08970,2025,3,March,4,4,0,1
C08970,2025,4,April,5,5,0,1
C08970,2025,5,May,6,5,0,1
C08970,2025,8,August,7,5,0,1
C08970,2025,12,December,8,6,0,1
C08971,2024,12,December,1,1,1,0
C08971,2025,1,January,2,2,0,1
C08971,2025,2,February,3,2,0,1
C08972,2024,7,July,1,1,1,0
C08972,2024,12,December,2,2,0,1
C08972,2025,1,January,3,3,0,1
C08972,2025,5,May,4,4,0,1
C08972,2025,6,June,5,4,0,1
C08972,2025,12,December,6,5,0,1
C08973,2025,6,June,1,0,1,0
C08973,2025,9,September,2,0,0,0
C08974,2025,2,February,1,1,1,0
C08974,2025,8,August,3,2,0,1
C08975,2024,10,October,1,1,1,0
C08975,2024,11,November,2,2,0,1
C08975,2025,8,August,3,3,0,1
C08975,2025,10,October,4,4,0,1
C08976,2024,10,October,1,2,0,1
C08976,2024,12,December,3,3,0,1
C08976,2025,2,February,4,4,0,1
C08976,2025,5,May,5,5,0,1
C08976,2025,10,October,6,6,0,1
C08977,2024,9,September,1,1,1,0
C08977,2025,1,January,2,2,0,1
C08977,2025,2,February,3,3,0,1
C08977,2025,4,April,4,5,0,1
C08977,2025,11,November,6,6,0,1
C08978,2024,10,October,1,1,1,0
C08978,2025,5,May,2,2,0,1
C08979,2024,8,August,1,0,1,0
C08979,2025,2,February,2,1,0,0
C08979,2025,12,December,3,2,0,1
C08980,2024,8,August,1,1,1,0
C08980,2024,9,September,2,3,0,1
C08980,2024,11,November,4,5,0,1
C08980,2024,12,December,6,6,0,1
C08980,2025,3,March,7,7,0,1
C08980,2025,6,June,8,8,0,1
C08980,2025,11,November,9,9,0,1
C08980,2025,12,December,10,11,0,1
C08981,2024,10,October,1,1,1,0
C08981,2024,11,November,2,2,0,1
C08981,2024,12,December,3,2,0,1
C08981,2025,2,February,4,3,0,1
C08981,2025,3,March,5,4,0,1
C08981,2025,5,May,6,4,0,1
C08981,2025,9,September,7,6,0,1
C08981,2025,10,October,9,7,0,1
C08982,2024,9,September,1,2,0,1
C08982,2024,12,December,3,3,0,1
C08982,2025,5,May,4,4,0,1
C08983,2025,4,April,1,1,1,0
C08984,2025,2,February,1,1,1,0
C08984,2025,11,November,2,2,0,1
C08985,2025,4,April,1,1,1,0
C08986,2025,10,October,1,1,1,0
C08986,2025,11,November,2,2,0,1
C08987,2025,4,April,1,0,1,0
C08987,2025,7,July,2,0,0,0
C08987,2025,10,October,3,1,0,0
C08988,2024,10,October,1,1,1,0
C08988,2024,11,November,2,2,0,1
C08988,2025,1,January,3,4,0,1
C08988,2025,2,February,5,5,0,1
C08988,2025,6,June,6,6,0,1
C08988,2025,9,September,7,7,0,1
C08988,2025,12,December,8,8,0,1
C08989,2024,10,October,1,1,1,0
C08989,2025,6,June,2,2,0,1
C08990,2024,11,November,1,2,0,1
C08990,2025,4,April,3,2,0,1
C08990,2025,8,August,4,3,0,1
C08990,2025,10,October,5,4,0,1
C08992,2024,11,November,1,1,1,0
C08992,2024,12,December,2,2,0,1
C08993,2025,1,January,1,0,1,0
C08993,2025,2,February,2,0,0,0
C08993,2025,4,April,3,1,0,0
C08993,2025,5,May,4,2,0,1
C08993,2025,7,July,5,3,0,1
C08994,2024,7,July,1,1,1,0
C08994,2024,9,September,2,1,0,0
C08994,2024,11,November,3,3,0,1
C08994,2025,5,May,6,4,0,1
C08994,2025,9,September,7,5,0,1
C08995,2024,9,September,1,2,0,1
C08996,2025,1,January,1,1,1,0
C08996,2025,7,July,2,2,0,1
C08996,2025,11,November,3,3,0,1
C08996,2025,12,December,4,4,0,1
C08997,2025,3,March,1,1,1,0
C08997,2025,6,June,2,2,0,1
C08997,2025,7,July,3,3,0,1
C08997,2025,8,August,4,4,0,1
C08998,2025,7,July,1,1,1,0
C08999,2024,9,September,1,0,1,0
C08999,2024,11,November,2,0,0,0
C08999,2024,12,December,3,1,0,0
C08999,2025,2,February,4,1,0,0
C09000,2024,9,September,1,0,1,0
C09000,2024,12,December,2,1,0,0
C09000,2025,1,January,3,2,0,1
C09001,2024,9,September,1,1,1,0
C09001,2024,12,December,2,1,0,0
C09001,2025,2,February,3,2,0,1
C09001,2025,11,November,4,4,0,1
C09002,2024,7,July,1,1,1,0
C09002,2024,8,August,2,1,0,0
C09002,2025,3,March,3,2,0,1
C09002,2025,5,May,4,3,0,1
C09002,2025,7,July,5,5,0,1
C09003,2024,7,July,1,0,1,0
C09003,2024,8,August,2,1,0,0
C09003,2024,12,December,3,2,0,1
C09003,2025,1,January,4,3,0,1
C09003,2025,11,November,5,4,0,1
C09004,2024,10,October,1,1,1,0
C09004,2025,1,January,2,1,0,0
C09004,2025,2,February,3,2,0,1
C09004,2025,4,April,4,3,0,1
C09004,2025,7,July,5,4,0,1
C09004,2025,12,December,6,5,0,1
C09005,2025,1,January,1,2,0,1
C09005,2025,6,June,3,3,0,1
C09005,2025,12,December,4,4,0,1
C09006,2024,7,July,1,2,0,1
C09006,2024,11,November,3,3,0,1
C09006,2025,3,March,4,6,0,1
C09006,2025,5,May,7,7,0,1
C09006,2025,6,June,8,8,0,1
C09006,2025,7,July,9,9,0,1
C09006,2025,9,September,10,10,0,1
C09006,2025,11,November,11,11,0,1
C09006,2025,12,December,12,12,0,1
C09007,2024,8,August,1,1,1,0
C09007,2024,11,November,2,2,0,1
C09007,2025,7,July,3,3,0,1
C09007,2025,8,August,4,6,0,1
C09007,2025,10,October,7,6,0,1
C09007,2025,12,December,8,6,0,1
C09008,2024,11,November,1,1,1,0
C09010,2025,3,March,1,1,1,0
C09010,2025,4,April,2,2,0,1
C09010,2025,8,August,3,3,0,1
C09010,2025,10,October,4,4,0,1
C09011,2024,9,September,1,1,1,0
C09011,2025,12,December,2,2,0,1
C09012,2025,2,February,1,1,1,0
C09012,2025,7,July,2,2,0,1
C09012,2025,9,September,3,3,0,1
C09012,2025,10,October,4,4,0,1
C09012,2025,11,November,5,5,0,1
C09013,2024,10,October,1,1,1,0
C09013,2024,12,December,3,1,0,0
C09013,2025,1,January,4,2,0,1
C09013,2025,2,February,5,2,0,1
C09013,2025,3,March,6,4,0,1
C09013,2025,8,August,8,5,0,1
C09014,2025,2,February,1,1,1,0
C09014,2025,9,September,2,1,0,0
C09014,2025,12,December,3,2,0,1
C09015,2024,7,July,1,1,1,0
C09015,2024,11,November,2,2,0,1
C09015,2024,12,December,4,3,0,1
C09015,2025,5,May,5,4,0,1
C09015,2025,7,July,6,5,0,1
C09015,2025,8,August,7,5,0,1
C09015,2025,10,October,8,7,0,1
C09016,2024,7,July,1,2,0,1
C09016,2025,6,June,3,3,0,1
C09016,2025,8,August,4,4,0,1
C09016,2025,9,September,5,5,0,1
C09016,2025,10,October,6,7,0,1
C09016,2025,12,December,8,7,0,1
C09017,2024,8,August,1,1,1,0
C09017,2024,11,November,2,2,0,1
C09017,2024,12,December,3,3,0,1
C09017,2025,1,January,5,5,0,1
C09017,2025,5,May,7,7,0,1
C09017,2025,9,September,9,8,0,1
C09017,2025,12,December,10,9,0,1
C09018,2024,12,December,1,1,1,0
C09018,2025,4,April,2,2,0,1
C09018,2025,5,May,3,3,0,1
C09018,2025,10,October,4,3,0,1
C09018,2025,12,December,5,4,0,1
C09019,2024,8,August,1,0,1,0
C09019,2024,10,October,2,1,0,0
C09019,2024,12,December,3,1,0,0
C09019,2025,1,January,4,2,0,1
C09019,2025,7,July,5,3,0,1
C09019,2025,11,November,6,4,0,1
C09020,2024,7,July,1,1,1,0
C09021,2024,7,July,1,0,1,0
C09021,2024,8,August,2,1,0,0
C09021,2024,10,October,3,3,0,1
C09021,2024,11,November,5,3,0,1
C09021,2025,3,March,6,4,0,1
C09021,2025,8,August,7,5,0,1
C09021,2025,9,September,8,7,0,1
C09021,2025,10,October,10,8,0,1
C09022,2024,11,November,1,1,1,0
C09022,2025,1,January,2,2,0,1
C09022,2025,8,August,3,3,0,1
C09024,2025,7,July,1,1,1,0
C09025,2024,9,September,1,0,1,0
C09025,2025,7,July,2,1,0,0
C09026,2024,10,October,1,1,1,0
C09027,2024,9,September,1,0,1,0
C09027,2024,12,December,2,1,0,0
C09027,2025,9,September,3,2,0,1
C09027,2025,10,October,4,3,0,1
C09028,2024,7,July,1,1,1,0
C09028,2024,9,September,2,2,0,1
C09028,2024,11,November,4,2,0,1
C09028,2024,12,December,5,2,0,1
C09028,2025,1,January,6,3,0,1
C09028,2025,2,February,7,4,0,1
C09028,2025,4,April,8,4,0,1
C09028,2025,5,May,9,5,0,1
C09028,2025,9,September,10,6,0,1
C09028,2025,12,December,11,7,0,1
C09029,2025,12,December,1,1,1,0
C09030,2024,7,July,1,2,0,1
C09030,2024,10,October,3,3,0,1
C09030,2024,11,November,4,3,0,1
C09030,2025,5,May,5,4,0,1
C09030,2025,6,June,6,5,0,1
C09030,2025,8,August,8,6,0,1
C09030,2025,10,October,10,6,0,1
C09031,2025,1,January,1,1,1,0
C09031,2025,11,November,2,1,0,0
C09032,2025,1,January,1,1,1,0
C09032,2025,5,May,2,2,0,1
C09033,2025,2,February,1,1,1,0
C09033,2025,9,September,2,2,0,1
C09034,2024,8,August,1,1,1,0
C09034,2024,10,October,2,1,0,0
C09034,2025,7,July,3,2,0,1
C09034,2025,9,September,4,3,0,1
C09035,2024,12,December,1,0,1,0
C09035,2025,4,April,2,1,0,0
C09035,2025,8,August,3,2,0,1
C09036,2024,9,September,1,1,1,0
C09036,2025,1,January,2,2,0,1
C09036,2025,4,April,3,3,0,1
C09036,2025,11,November,4,4,0,1
C09037,2024,12,December,1,2,0,1
C09037,2025,1,January,3,3,0,1
C09037,2025,3,March,4,3,0,1
C09038,2025,2,February,1,1,1,0
C09038,2025,5,May,2,2,0,1
C09040,2025,2,February,1,0,1,0
C09040,2025,8,August,2,2,0,1
C09040,2025,12,December,4,3,0,1
C09041,2024,7,July,1,1,1,0
C09041,2025,4,April,2,2,0,1
C09042,2024,9,September,1,1,1,0
C09042,2024,11,November,2,2,0,1
C09042,2025,1,January,3,3,0,1
C09042,2025,8,August,4,4,0,1
C09042,2025,10,October,5,5,0,1
C09042,2025,11,November,6,5,0,1
C09043,2025,4,April,1,1,1,0
C09043,2025,7,July,2,2,0,1
C09044,2024,8,August,1,1,1,0
C09044,2025,4,April,2,2,0,1
C09044,2025,7,July,3,3,0,1
C09044,2025,12,December,4,4,0,1
C09045,2025,2,February,1,0,1,0
C09045,2025,3,March,2,1,0,0
C09045,2025,7,July,3,2,0,1
C09045,2025,12,December,4,3,0,1
C09046,2024,7,July,1,0,1,0
C09046,2024,8,August,2,1,0,0
C09046,2024,9,September,3,1,0,0
C09046,2024,10,October,4,2,0,1
C09046,2024,11,November,5,2,0,1
C09046,2025,2,February,6,2,0,1
C09046,2025,6,June,7,4,0,1
C09046,2025,9,September,9,5,0,1
C09047,2024,9,September,1,1,1,0
C09047,2025,4,April,2,2,0,1
C09047,2025,6,June,3,3,0,1
C09047,2025,12,December,4,4,0,1
C09048,2024,10,October,1,0,1,0
C09048,2024,11,November,2,1,0,0
C09048,2024,12,December,3,2,0,1
C09049,2025,3,March,1,1,1,0
C09049,2025,12,December,2,2,0,1
C09050,2024,10,October,1,1,1,0
C09050,2024,11,November,2,1,0,0
C09050,2025,11,November,3,2,0,1
C09051,2024,9,September,1,1,1,0
C09051,2024,11,November,2,2,0,1
C09051,2025,5,May,4,4,0,1
C09052,2024,11,November,1,2,0,1
C09052,2025,7,July,3,3,0,1
C09052,2025,8,August,4,4,0,1
C09052,2025,11,November,5,5,0,1
C09053,2025,5,May,1,2,0,1
C09054,2024,11,November,1,1,1,0
C09054,2025,7,July,2,2,0,1
C09054,2025,9,September,3,3,0,1
C09054,2025,10,October,4,4,0,1
C09055,2024,8,August,1,1,1,0
C09055,2024,11,November,2,2,0,1
C09055,2025,1,January,3,4,0,1
C09055,2025,7,July,5,5,0,1
C09055,2025,9,September,6,6,0,1
C09055,2025,10,October,7,7,0,1
C09055,2025,11,November,8,8,0,1
C09056,2024,9,September,1,1,1,0
C09056,2025,1,January,2,2,0,1
C09056,2025,8,August,3,3,0,1
C09056,2025,9,September,4,4,0,1
C09057,2024,7,July,1,1,1,0
C09057,2024,12,December,2,1,0,0
C09057,2025,7,July,3,2,0,1
C09058,2024,7,July,1,1,1,0
C09058,2024,8,August,2,2,0,1
C09059,2024,12,December,1,1,1,0
C09059,2025,2,February,2,2,0,1
C09059,2025,4,April,3,3,0,1
C09059,2025,9,September,4,4,0,1
C09059,2025,11,November,5,4,0,1
C09060,2024,8,August,1,1,1,0
C09060,2025,1,January,2,1,0,0
C09060,2025,5,May,3,1,0,0
C09060,2025,8,August,4,2,0,1
C09061,2025,5,May,1,0,1,0
C09061,2025,9,September,2,1,0,0
C09061,2025,10,October,3,2,0,1
C09062,2025,3,March,1,1,1,0
C09062,2025,5,May,2,1,0,0
C09063,2024,9,September,1,1,1,0
C09063,2025,1,January,2,2,0,1
C09063,2025,2,February,3,2,0,1
C09063,2025,10,October,4,4,0,1
C09063,2025,11,November,6,4,0,1
C09063,2025,12,December,7,4,0,1
C09064,2025,2,February,1,0,1,0
C09064,2025,3,March,2,1,0,0
C09064,2025,6,June,3,2,0,1
C09065,2024,10,October,1,1,1,0
C09065,2025,7,July,2,3,0,1
C09065,2025,8,August,4,4,0,1
C09065,2025,12,December,5,5,0,1
C09066,2024,8,August,1,1,1,0
C09066,2024,9,September,2,2,0,1
C09066,2024,12,December,3,3,0,1
C09066,2025,2,February,4,5,0,1
C09066,2025,5,May,6,5,0,1
C09066,2025,7,July,7,6,0,1
C09067,2024,11,November,1,1,1,0
C09067,2025,3,March,2,2,0,1
C09067,2025,4,April,3,3,0,1
C09067,2025,5,May,4,4,0,1
C09067,2025,6,June,5,5,0,1
C09067,2025,7,July,6,6,0,1
C09067,2025,9,September,7,7,0,1
C09068,2024,8,August,1,1,1,0
C09068,2025,1,January,2,2,0,1
C09069,2025,8,August,1,1,1,0
C09069,2025,11,November,2,2,0,1
C09070,2024,9,September,1,1,1,0
C09070,2025,5,May,2,1,0,0
C09070,2025,6,June,3,2,0,1
C09070,2025,9,September,4,3,0,1
C09070,2025,12,December,5,4,0,1
C09071,2024,7,July,1,1,1,0
C09071,2024,8,August,2,2,0,1
C09071,2024,12,December,4,3,0,1
C09071,2025,4,April,5,4,0,1
C09071,2025,6,June,6,5,0,1
C09071,2025,10,October,7,5,0,1
C09072,2024,7,July,1,2,0,1
C09072,2024,12,December,3,3,0,1
C09072,2025,1,January,4,4,0,1
C09072,2025,2,February,5,5,0,1
C09072,2025,5,May,6,6,0,1
C09072,2025,11,November,7,7,0,1
C09073,2025,5,May,1,1,1,0
C09073,2025,6,June,2,2,0,1
C09073,2025,7,July,3,3,0,1
C09074,2024,7,July,1,0,1,0
C09074,2024,10,October,2,1,0,0
C09074,2024,12,December,3,2,0,1
C09074,2025,4,April,4,3,0,1
C09074,2025,6,June,5,4,0,1
C09074,2025,7,July,6,5,0,1
C09075,2024,7,July,1,0,1,0
C09075,2024,11,November,2,1,0,0
C09075,2025,4,April,3,2,0,1
C09075,2025,5,May,5,2,0,1
C09075,2025,6,June,6,3,0,1
C09075,2025,7,July,7,5,0,1
C09075,2025,9,September,9,6,0,1
C09075,2025,10,October,12,6,0,1
C09076,2024,9,September,1,1,1,0
C09076,2025,2,February,2,2,0,1
C09077,2024,8,August,1,1,1,0
C09077,2025,2,February,2,1,0,0
C09077,2025,7,July,3,2,0,1
C09077,2025,10,October,4,2,0,1
C09077,2025,11,November,5,3,0,1
C09079,2024,12,December,1,1,1,0
C09079,2025,2,February,2,3,0,1
C09079,2025,9,September,4,3,0,1
C09080,2024,8,August,1,1,1,0
C09080,2024,10,October,2,2,0,1
C09080,2024,11,November,3,2,0,1
C09081,2024,8,August,1,2,0,1
C09081,2024,9,September,4,4,0,1
C09081,2025,1,January,6,5,0,1
C09081,2025,2,February,7,7,0,1
C09081,2025,4,April,9,9,0,1
C09081,2025,9,September,11,10,0,1
C09081,2025,10,October,12,11,0,1
C09082,2024,10,October,1,1,1,0
C09082,2025,6,June,2,2,0,1
C09082,2025,10,October,4,3,0,1
C09083,2024,9,September,1,1,1,0
C09083,2025,9,September,2,2,0,1
C09084,2024,9,September,1,1,1,0
C09084,2025,1,January,2,2,0,1
C09084,2025,2,February,3,3,0,1
C09084,2025,4,April,4,4,0,1
C09084,2025,5,May,5,5,0,1
C09084,2025,10,October,6,7,0,1
C09084,2025,12,December,8,8,0,1
C09085,2025,3,March,1,1,1,0
C09085,2025,6,June,2,1,0,0
C09086,2024,11,November,1,1,1,0
C09086,2024,12,December,2,2,0,1
C09086,2025,7,July,3,3,0,1
C09086,2025,12,December,4,4,0,1
C09087,2024,7,July,1,1,1,0
C09087,2025,9,September,2,2,0,1
C09087,2025,12,December,3,3,0,1
C09088,2025,7,July,1,1,1,0
C09089,2024,7,July,1,1,1,0
C09090,2025,1,January,1,2,0,1
C09090,2025,8,August,3,2,0,1
C09091,2024,9,September,1,1,1,0
C09091,2025,6,June,2,2,0,1
C09092,2024,12,December,1,1,1,0
C09092,2025,12,December,2,3,0,1
C09093,2024,10,October,1,1,1,0
C09093,2025,1,January,2,2,0,1
C09093,2025,6,June,3,3,0,1
C09093,2025,10,October,4,5,0,1
C09094,2024,8,August,1,1,1,0
C09094,2025,2,February,2,1,0,0
C09095,2024,7,July,1,1,1,0
C09095,2025,2,February,2,2,0,1
C09095,2025,3,March,3,3,0,1
C09095,2025,4,April,4,4,0,1
C09095,2025,9,September,5,5,0,1
C09096,2025,1,January,1,1,1,0
C09096,2025,6,June,2,2,0,1
C09096,2025,11,November,3,2,0,1
C09096,2025,12,December,4,3,0,1
C09097,2024,7,July,1,2,0,1
C09097,2024,9,September,4,4,0,1
C09097,2024,10,October,6,5,0,1
C09097,2025,2,February,7,6,0,1
C09097,2025,5,May,8,7,0,1
C09097,2025,10,October,9,7,0,1
C09097,2025,11,November,10,8,0,1
C09098,2024,11,November,1,0,1,0
C09098,2025,4,April,2,1,0,0
C09098,2025,7,July,3,2,0,1
C09098,2025,9,September,4,4,0,1
C09098,2025,11,November,6,4,0,1
C09099,2024,8,August,1,1,1,0
C09099,2024,9,September,2,2,0,1
C09099,2024,11,November,3,3,0,1
C09099,2025,1,January,4,4,0,1
C09099,2025,2,February,5,5,0,1
C09099,2025,8,August,6,6,0,1
C09099,2025,9,September,7,6,0,1
C09099,2025,10,October,8,7,0,1
C09099,2025,11,November,9,8,0,1
C09099,2025,12,December,10,9,0,1
C09100,2024,12,December,1,1,1,0
C09100,2025,4,April,2,2,0,1
C09100,2025,9,September,4,3,0,1
C09101,2024,12,December,1,1,1,0
C09101,2025,2,February,2,2,0,1
C09101,2025,5,May,3,3,0,1
C09101,2025,8,August,4,4,0,1
C09102,2024,7,July,1,1,1,0
C09102,2024,10,October,2,2,0,1
C09102,2024,11,November,3,3,0,1
C09102,2025,3,March,4,4,0,1
C09102,2025,5,May,5,5,0,1
C09103,2024,8,August,1,1,1,0
C09103,2025,10,October,2,2,0,1
C09103,2025,11,November,3,3,0,1
C09104,2024,7,July,1,1,1,0
C09104,2024,9,September,2,1,0,0
C09104,2024,11,November,3,4,0,1
C09104,2025,1,January,6,5,0,1
C09104,2025,10,October,7,6,0,1
C09104,2025,11,November,8,6,0,1
C09104,2025,12,December,9,6,0,1
C09105,2025,3,March,1,1,1,0
C09106,2024,12,December,1,0,1,0
C09106,2025,3,March,2,1,0,0
C09106,2025,5,May,3,3,0,1
C09106,2025,9,September,5,4,0,1
C09106,2025,10,October,6,5,0,1
C09107,2024,10,October,1,1,1,0
C09108,2024,11,November,1,1,1,0
C09108,2025,12,December,2,2,0,1
C09109,2025,10,October,1,0,1,0
C09109,2025,12,December,2,1,0,0
C09110,2024,10,October,1,1,1,0
C09110,2024,11,November,2,2,0,1
C09110,2025,1,January,3,3,0,1
C09110,2025,3,March,4,4,0,1
C09110,2025,5,May,6,5,0,1
C09110,2025,8,August,7,6,0,1
C09110,2025,9,September,8,7,0,1
C09110,2025,12,December,9,8,0,1
C09111,2024,7,July,1,1,1,0
C09111,2025,2,February,2,2,0,1
C09111,2025,3,March,3,3,0,1
C09111,2025,10,October,4,3,0,1
C09112,2024,8,August,1,1,1,0
C09112,2024,12,December,2,3,0,1
C09112,2025,5,May,4,3,0,1
C09112,2025,7,July,5,4,0,1
C09112,2025,9,September,6,4,0,1
C09112,2025,11,November,7,4,0,1
C09113,2025,3,March,1,0,1,0
C09113,2025,5,May,2,1,0,0
C09113,2025,11,November,3,2,0,1
C09114,2024,7,July,1,1,1,0
C09114,2025,4,April,2,2,0,1
C09114,2025,8,August,3,2,0,1
C09114,2025,11,November,4,3,0,1
C09115,2024,7,July,1,1,1,0
C09115,2025,1,January,2,2,0,1
C09115,2025,8,August,3,3,0,1
C09115,2025,10,October,4,4,0,1
C09116,2024,8,August,1,1,1,0
C09116,2024,10,October,2,2,0,1
C09116,2025,4,April,3,3,0,1
C09116,2025,9,September,4,4,0,1
C09117,2024,11,November,1,1,1,0
C09117,2024,12,December,2,3,0,1
C09117,2025,2,February,4,4,0,1
C09117,2025,4,April,5,5,0,1
C09117,2025,7,July,6,6,0,1
C09117,2025,9,September,7,7,0,1
C09117,2025,10,October,8,9,0,1
C09117,2025,12,December,10,11,0,1
C09118,2024,12,December,1,1,1,0
C09119,2024,8,August,1,1,1,0
C09119,2025,2,February,2,2,0,1
C09119,2025,3,March,3,2,0,1
C09119,2025,5,May,4,3,0,1
C09119,2025,6,June,5,4,0,1
C09119,2025,11,November,6,5,0,1
C09120,2024,9,September,1,1,1,0
C09120,2025,1,January,2,2,0,1
C09120,2025,2,February,3,3,0,1
C09120,2025,7,July,4,4,0,1
C09120,2025,8,August,5,5,0,1
C09120,2025,9,September,6,6,0,1
C09120,2025,11,November,7,7,0,1
C09121,2024,7,July,1,1,1,0
C09121,2024,11,November,2,2,0,1
C09121,2025,5,May,3,3,0,1
C09121,2025,7,July,4,3,0,1
C09122,2024,7,July,1,1,1,0
C09122,2024,8,August,3,2,0,1
C09122,2025,8,August,4,3,0,1
C09122,2025,9,September,5,4,0,1
C09123,2024,7,July,1,1,1,0
C09123,2024,11,November,2,2,0,1
C09123,2025,7,July,3,2,0,1
C09123,2025,10,October,4,3,0,1
C09124,2024,11,November,1,1,1,0
C09125,2024,8,August,1,1,1,0
C09125,2024,12,December,2,3,0,1
C09125,2025,4,April,5,4,0,1
C09126,2024,8,August,1,1,1,0
C09127,2024,7,July,1,1,1,0
C09127,2024,10,October,2,3,0,1
C09127,2025,2,February,4,5,0,1
C09127,2025,3,March,7,6,0,1
C09127,2025,4,April,8,7,0,1
C09127,2025,5,May,9,8,0,1
C09127,2025,8,August,11,9,0,1
C09127,2025,11,November,12,9,0,1
C09128,2025,9,September,1,0,1,0
C09128,2025,10,October,2,1,0,0
C09129,2025,6,June,1,1,1,0
C09129,2025,8,August,2,2,0,1
C09129,2025,9,September,3,3,0,1
C09130,2024,9,September,1,1,1,0
C09130,2025,6,June,2,3,0,1
C09130,2025,8,August,4,4,0,1
C09130,2025,9,September,5,5,0,1
C09131,2025,7,July,1,1,1,0
C09131,2025,10,October,2,2,0,1
C09132,2024,7,July,1,1,1,0
C09132,2024,10,October,2,2,0,1
C09132,2025,5,May,3,3,0,1
C09133,2024,11,November,1,0,1,0
C09133,2025,10,October,2,1,0,0
C09133,2025,12,December,3,2,0,1
C09134,2024,11,November,1,4,0,1
C09134,2024,12,December,5,4,0,1
C09134,2025,2,February,6,5,0,1
C09134,2025,11,November,7,6,0,1
C09135,2025,8,August,1,0,1,0
C09136,2025,1,January,1,1,1,0
C09136,2025,4,April,2,2,0,1
C09136,2025,6,June,3,3,0,1
C09136,2025,7,July,4,4,0,1
C09137,2025,3,March,1,1,1,0
C09137,2025,4,April,2,2,0,1
C09137,2025,5,May,3,3,0,1
C09137,2025,8,August,4,4,0,1
C09138,2025,4,April,1,1,1,0
C09138,2025,5,May,2,2,0,1
C09139,2025,1,January,1,1,1,0
C09139,2025,4,April,2,2,0,1
C09139,2025,7,July,3,3,0,1
C09140,2024,8,August,1,1,1,0
C09140,2024,12,December,2,2,0,1
C09140,2025,4,April,3,3,0,1
C09140,2025,10,October,4,4,0,1
C09141,2025,8,August,1,0,1,0
C09142,2024,7,July,1,1,1,0
C09142,2024,9,September,2,2,0,1
C09143,2024,7,July,1,1,1,0
C09143,2025,3,March,2,2,0,1
C09143,2025,5,May,3,3,0,1
C09143,2025,10,October,4,4,0,1
C09143,2025,11,November,5,5,0,1
C09144,2024,10,October,1,1,1,0
C09144,2025,3,March,2,2,0,1
C09144,2025,11,November,3,3,0,1
C09144,2025,12,December,4,4,0,1
C09145,2025,5,May,1,1,1,0
C09146,2024,8,August,1,1,1,0
C09146,2025,3,March,2,2,0,1
C09146,2025,7,July,3,3,0,1
C09147,2025,1,January,1,1,1,0
C09147,2025,3,March,2,2,0,1
C09147,2025,5,May,3,3,0,1
C09147,2025,6,June,5,3,0,1
C09147,2025,9,September,6,4,0,1
C09147,2025,10,October,7,5,0,1
C09147,2025,12,December,9,6,0,1
C09148,2024,8,August,1,1,1,0
C09148,2024,10,October,2,1,0,0
C09148,2024,12,December,3,3,0,1
C09148,2025,1,January,5,4,0,1
C09148,2025,2,February,6,5,0,1
C09148,2025,3,March,7,6,0,1
C09148,2025,11,November,8,7,0,1
C09149,2024,7,July,1,1,1,0
C09149,2024,11,November,2,1,0,0
C09149,2024,12,December,3,2,0,1
C09149,2025,3,March,4,4,0,1
C09149,2025,6,June,6,5,0,1
C09149,2025,7,July,7,6,0,1
C09150,2025,5,May,1,1,1,0
C09150,2025,6,June,2,2,0,1
C09151,2024,8,August,1,0,1,0
C09151,2024,12,December,2,0,0,0
C09151,2025,12,December,3,1,0,0
C09152,2024,7,July,1,1,1,0
C09152,2024,9,September,2,2,0,1
C09152,2025,1,January,3,3,0,1
C09152,2025,4,April,4,5,0,1
C09153,2024,8,August,1,1,1,0
C09153,2024,10,October,2,2,0,1
C09153,2024,11,November,3,3,0,1
C09153,2025,3,March,4,4,0,1
C09153,2025,4,April,5,5,0,1
C09153,2025,5,May,6,5,0,1
C09153,2025,6,June,7,5,0,1
C09153,2025,9,September,8,6,0,1
C09153,2025,10,October,10,7,0,1
C09153,2025,11,November,12,9,0,1
C09154,2024,8,August,1,1,1,0
C09154,2025,10,October,3,1,0,0
C09154,2025,11,November,5,2,0,1
C09155,2025,8,August,1,1,1,0
C09156,2024,12,December,1,1,1,0
C09156,2025,1,January,2,2,0,1
C09156,2025,2,February,3,2,0,1
C09156,2025,7,July,4,2,0,1
C09157,2025,10,October,1,1,1,0
C09157,2025,12,December,2,2,0,1
C09158,2025,4,April,1,1,1,0
C09158,2025,5,May,2,2,0,1
C09158,2025,6,June,3,2,0,1
C09159,2025,7,July,1,1,1,0
C09160,2024,9,September,1,1,1,0
C09160,2025,3,March,2,2,0,1
C09161,2024,8,August,1,1,1,0
C09161,2024,9,September,2,2,0,1
C09161,2024,11,November,3,3,0,1
C09161,2024,12,December,4,4,0,1
C09161,2025,2,February,5,5,0,1
C09161,2025,6,June,6,6,0,1
C09161,2025,9,September,8,7,0,1
C09162,2024,9,September,1,1,1,0
C09162,2024,12,December,2,2,0,1
C09162,2025,1,January,5,3,0,1
C09162,2025,3,March,6,4,0,1
C09162,2025,6,June,7,6,0,1
C09162,2025,9,September,9,7,0,1
C09162,2025,11,November,10,8,0,1
C09162,2025,12,December,11,9,0,1
C09163,2025,12,December,1,1,1,0
C09164,2024,10,October,1,0,1,0
C09164,2025,3,March,2,2,0,1
C09168,2024,9,September,1,1,1,0
C09168,2025,5,May,2,2,0,1
C09168,2025,8,August,3,2,0,1
C09169,2025,6,June,1,1,1,0
C09169,2025,8,August,2,2,0,1
C09169,2025,12,December,3,2,0,1
C09171,2025,2,February,1,1,1,0
C09171,2025,5,May,2,2,0,1
C09171,2025,8,August,3,2,0,1
C09171,2025,11,November,4,3,0,1
C09172,2024,7,July,1,1,1,0
C09173,2024,11,November,1,1,1,0
C09173,2025,6,June,2,2,0,1
C09174,2024,8,August,1,1,1,0
C09174,2024,9,September,2,2,0,1
C09174,2024,12,December,3,3,0,1
C09174,2025,4,April,4,4,0,1
C09174,2025,7,July,5,5,0,1
C09174,2025,9,September,6,7,0,1
C09174,2025,12,December,8,8,0,1
C09175,2025,11,November,1,1,1,0
C09175,2025,12,December,2,2,0,1
C09176,2025,3,March,1,1,1,0
C09176,2025,5,May,2,2,0,1
C09177,2024,10,October,1,0,1,0
C09177,2024,11,November,2,1,0,0
C09177,2025,7,July,3,1,0,0
C09177,2025,10,October,4,2,0,1
C09178,2024,9,September,1,1,1,0
C09178,2025,4,April,2,2,0,1
C09178,2025,12,December,3,2,0,1
C09179,2025,1,January,1,1,1,0
C09179,2025,9,September,2,2,0,1
C09180,2024,7,July,1,1,1,0
C09180,2025,3,March,2,2,0,1
C09180,2025,11,November,3,3,0,1
C09180,2025,12,December,4,4,0,1
C09181,2025,1,January,1,0,1,0
C09181,2025,2,February,2,1,0,0
C09182,2024,9,September,1,1,1,0
C09183,2024,8,August,1,1,1,0
C09183,2024,9,September,2,2,0,1
C09183,2024,12,December,3,3,0,1
C09183,2025,1,January,4,4,0,1
C09183,2025,7,July,5,5,0,1
C09183,2025,10,October,6,6,0,1
C09184,2024,10,October,1,1,1,0
C09184,2025,9,September,2,2,0,1
C09184,2025,11,November,3,3,0,1
C09185,2024,7,July,1,1,1,0
C09185,2025,3,March,2,2,0,1
C09186,2024,10,October,1,0,1,0
C09186,2024,11,November,2,0,0,0
C09186,2025,2,February,3,1,0,0
C09186,2025,3,March,4,2,0,1
C09186,2025,5,May,5,3,0,1
C09187,2025,10,October,1,1,1,0
C09187,2025,11,November,2,3,0,1
C09188,2024,9,September,1,1,1,0
C09188,2024,11,November,2,1,0,0
C09188,2025,8,August,3,2,0,1
C09188,2025,11,November,5,3,0,1
C09188,2025,12,December,6,4,0,1
C09189,2024,12,December,1,1,1,0
C09189,2025,10,October,2,2,0,1
C09190,2024,9,September,1,2,0,1
C09190,2025,1,January,3,3,0,1
C09190,2025,9,September,4,4,0,1
C09190,2025,10,October,5,6,0,1
C09191,2024,11,November,1,1,1,0
C09191,2024,12,December,2,2,0,1
C09191,2025,5,May,3,4,0,1
C09191,2025,7,July,5,5,0,1
C09191,2025,12,December,6,6,0,1
C09192,2024,8,August,1,2,0,1
C09192,2025,4,April,3,3,0,1
C09192,2025,5,May,4,4,0,1
C09192,2025,9,September,5,5,0,1
C09192,2025,10,October,6,6,0,1
C09192,2025,11,November,7,6,0,1
C09192,2025,12,December,8,7,0,1
C09193,2025,3,March,1,1,1,0
C09193,2025,4,April,2,2,0,1
C09193,2025,6,June,3,3,0,1
C09194,2024,9,September,1,1,1,0
C09194,2025,3,March,2,2,0,1
C09194,2025,10,October,3,3,0,1
C09195,2025,1,January,1,0,1,0
C09195,2025,10,October,2,0,0,0
C09196,2024,7,July,1,1,1,0
C09196,2024,11,November,2,2,0,1
C09196,2025,1,January,3,3,0,1
C09196,2025,4,April,4,4,0,1
C09196,2025,11,November,5,5,0,1
C09197,2024,9,September,1,1,1,0
C09197,2024,10,October,2,1,0,0
C09197,2024,11,November,3,1,0,0
C09197,2024,12,December,4,2,0,1
C09197,2025,5,May,5,3,0,1
C09197,2025,6,June,6,4,0,1
C09198,2024,11,November,1,1,1,0
C09198,2024,12,December,2,2,0,1
C09198,2025,1,January,3,4,0,1
C09198,2025,9,September,5,5,0,1
C09198,2025,10,October,6,5,0,1
C09199,2024,10,October,1,2,0,1
C09199,2025,1,January,3,3,0,1
C09201,2024,12,December,1,1,1,0
C09201,2025,3,March,2,2,0,1
C09202,2024,11,November,1,1,1,0
C09202,2025,3,March,2,2,0,1
C09202,2025,7,July,3,3,0,1
C09203,2024,9,September,1,1,1,0
C09203,2025,2,February,2,3,0,1
C09203,2025,3,March,4,3,0,1
C09203,2025,6,June,5,4,0,1
C09203,2025,7,July,6,5,0,1
C09203,2025,12,December,7,5,0,1
C09204,2025,3,March,1,0,1,0
C09204,2025,9,September,2,2,0,1
C09205,2024,8,August,1,1,1,0
C09205,2024,11,November,2,2,0,1
C09205,2025,3,March,3,4,0,1
C09205,2025,4,April,6,6,0,1
C09205,2025,9,September,8,7,0,1
C09205,2025,11,November,9,8,0,1
C09206,2024,10,October,1,1,1,0
C09206,2025,3,March,2,3,0,1
C09206,2025,5,May,4,4,0,1
C09206,2025,11,November,5,5,0,1
C09207,2024,8,August,1,1,1,0
C09207,2024,12,December,2,2,0,1
C09207,2025,2,February,3,3,0,1
C09207,2025,4,April,4,4,0,1
C09207,2025,8,August,5,4,0,1
C09208,2024,7,July,1,1,1,0
C09208,2024,12,December,2,2,0,1
C09208,2025,1,January,3,3,0,1
C09208,2025,5,May,4,4,0,1
C09208,2025,11,November,5,5,0,1
C09209,2024,8,August,1,1,1,0
C09209,2024,9,September,2,2,0,1
C09209,2024,10,October,3,3,0,1
C09209,2025,1,January,4,4,0,1
C09209,2025,4,April,5,5,0,1
C09209,2025,11,November,6,6,0,1
C09210,2024,11,November,1,0,1,0
C09211,2024,12,December,1,1,1,0
C09211,2025,3,March,2,2,0,1
C09211,2025,7,July,3,3,0,1
C09211,2025,11,November,4,3,0,1
C09212,2024,12,December,1,1,1,0
C09212,2025,4,April,2,2,0,1
C09212,2025,6,June,3,3,0,1
C09212,2025,12,December,4,4,0,1
C09213,2024,9,September,1,1,1,0
C09213,2024,10,October,2,2,0,1
C09213,2025,1,January,4,4,0,1
C09213,2025,2,February,6,6,0,1
C09213,2025,3,March,8,7,0,1
C09213,2025,8,August,9,10,0,1
C09213,2025,11,November,12,12,0,1
C09214,2025,1,January,1,1,1,0
C09214,2025,2,February,2,2,0,1
C09214,2025,3,March,3,3,0,1
C09214,2025,6,June,4,4,0,1
C09214,2025,10,October,5,4,0,1
C09214,2025,11,November,6,4,0,1
C09215,2024,10,October,1,1,1,0
C09215,2025,6,June,2,2,0,1
C09215,2025,10,October,3,3,0,1
C09215,2025,11,November,4,4,0,1
C09216,2025,5,May,1,1,1,0
C09216,2025,8,August,2,1,0,0
C09216,2025,10,October,3,2,0,1
C09217,2024,9,September,1,1,1,0
C09217,2025,1,January,2,2,0,1
C09217,2025,6,June,3,3,0,1
C09217,2025,8,August,4,4,0,1
C09218,2024,7,July,1,1,1,0
C09218,2024,10,October,2,1,0,0
C09218,2025,2,February,3,2,0,1
C09219,2024,10,October,1,1,1,0
C09219,2024,12,December,2,2,0,1
C09219,2025,1,January,4,3,0,1
C09219,2025,7,July,5,4,0,1
C09219,2025,10,October,6,5,0,1
C09219,2025,11,November,7,5,0,1
C09219,2025,12,December,8,7,0,1
C09220,2025,2,February,1,1,1,0
C09220,2025,3,March,2,2,0,1
C09220,2025,4,April,3,3,0,1
C09220,2025,9,September,4,4,0,1
C09220,2025,10,October,5,5,0,1
C09222,2024,10,October,1,1,1,0
C09222,2024,12,December,2,1,0,0
C09222,2025,7,July,3,2,0,1
C09223,2025,4,April,1,1,1,0
C09223,2025,6,June,2,2,0,1
C09224,2025,10,October,1,2,0,1
C09225,2024,7,July,1,1,1,0
C09225,2024,10,October,2,2,0,1
C09225,2025,1,January,3,3,0,1
C09225,2025,2,February,4,4,0,1
C09225,2025,3,March,5,5,0,1
C09225,2025,4,April,6,6,0,1
C09225,2025,5,May,7,7,0,1
C09225,2025,6,June,8,8,0,1
C09225,2025,7,July,9,9,0,1
C09226,2024,8,August,1,1,1,0
C09226,2024,11,November,2,2,0,1
C09226,2025,1,January,3,2,0,1
C09226,2025,11,November,4,2,0,1
C09227,2024,8,August,1,2,0,1
C09227,2024,10,October,3,2,0,1
C09227,2024,12,December,4,3,0,1
C09227,2025,2,February,6,4,0,1
C09227,2025,3,March,7,5,0,1
C09227,2025,5,May,8,6,0,1
C09227,2025,6,June,9,7,0,1
C09227,2025,9,September,10,7,0,1
C09227,2025,11,November,11,8,0,1
C09228,2024,9,September,1,1,1,0
C09228,2025,1,January,2,1,0,0
C09228,2025,2,February,3,3,0,1
C09228,2025,6,June,5,3,0,1
C09228,2025,9,September,6,5,0,1
C09228,2025,12,December,8,6,0,1
C09229,2024,8,August,1,1,1,0
C09230,2024,7,July,1,1,1,0
C09230,2025,2,February,2,2,0,1
C09230,2025,5,May,3,3,0,1
C09230,2025,7,July,4,4,0,1
C09231,2024,7,July,1,0,1,0
C09231,2025,10,October,2,1,0,0
C09231,2025,11,November,3,1,0,0
C09232,2024,10,October,1,1,1,0
C09232,2025,4,April,2,1,0,0
C09232,2025,5,May,3,1,0,0
C09232,2025,10,October,4,2,0,1
C09232,2025,12,December,5,3,0,1
C09233,2025,12,December,1,1,1,0
C09234,2024,8,August,1,0,1,0
C09234,2025,3,March,2,0,0,0
C09234,2025,12,December,3,1,0,0
C09235,2024,8,August,1,1,1,0
C09235,2024,11,November,2,1,0,0
C09235,2025,1,January,3,1,0,0
C09235,2025,5,May,4,2,0,1
C09236,2024,9,September,1,1,1,0
C09236,2024,10,October,2,2,0,1
C09236,2025,6,June,3,3,0,1
C09237,2024,7,July,1,1,1,0
C09237,2024,8,August,2,2,0,1
C09237,2025,12,December,3,3,0,1
C09238,2025,7,July,1,1,1,0
C09239,2025,1,January,1,1,1,0
C09239,2025,2,February,2,2,0,1
C09239,2025,3,March,3,3,0,1
C09239,2025,7,July,4,4,0,1
C09240,2024,7,July,1,1,1,0
C09240,2025,3,March,2,3,0,1
C09240,2025,6,June,4,4,0,1
C09241,2025,7,July,1,1,1,0
C09241,2025,11,November,2,2,0,1
C09242,2024,9,September,1,1,1,0
C09242,2024,10,October,2,2,0,1
C09242,2025,4,April,3,3,0,1
C09242,2025,11,November,4,4,0,1
C09243,2025,10,October,1,1,1,0
C09244,2024,11,November,1,1,1,0
C09244,2025,5,May,2,2,0,1
C09244,2025,6,June,3,2,0,1
C09244,2025,11,November,4,3,0,1
C09245,2024,10,October,1,0,1,0
C09245,2025,2,February,2,1,0,0
C09245,2025,4,April,3,2,0,1
C09245,2025,5,May,4,3,0,1
C09245,2025,7,July,5,4,0,1
C09245,2025,9,September,6,4,0,1
C09245,2025,10,October,7,5,0,1
C09245,2025,11,November,8,6,0,1
C09245,2025,12,December,9,7,0,1
C09246,2024,7,July,1,1,1,0
C09246,2025,3,March,2,2,0,1
C09246,2025,8,August,3,3,0,1
C09247,2024,12,December,1,1,1,0
C09247,2025,8,August,2,2,0,1
C09247,2025,12,December,3,3,0,1
C09248,2024,8,August,1,1,1,0
C09248,2025,6,June,2,2,0,1
C09249,2024,9,September,1,1,1,0
C09249,2025,11,November,2,2,0,1
C09250,2024,8,August,1,1,1,0
C09250,2024,10,October,2,1,0,0
C09250,2024,12,December,3,1,0,0
C09250,2025,4,April,4,2,0,1
C09250,2025,8,August,5,4,0,1
C09250,2025,9,September,7,5,0,1
C09251,2024,8,August,1,1,1,0
C09251,2025,1,January,2,3,0,1
C09251,2025,8,August,6,4,0,1
C09251,2025,9,September,7,5,0,1
C09251,2025,10,October,8,6,0,1
C09252,2025,3,March,1,1,1,0
C09252,2025,5,May,3,1,0,0
C09252,2025,6,June,4,2,0,1
C09252,2025,7,July,5,3,0,1
C09252,2025,11,November,7,4,0,1
C09253,2024,10,October,1,1,1,0
C09253,2025,8,August,2,2,0,1
C09253,2025,10,October,3,3,0,1
C09254,2025,7,July,1,1,1,0
C09255,2024,8,August,1,1,1,0
C09255,2024,12,December,2,2,0,1
C09256,2024,12,December,1,1,1,0
C09256,2025,1,January,2,2,0,1
C09257,2024,12,December,1,1,1,0
C09257,2025,1,January,2,2,0,1
C09257,2025,8,August,3,3,0,1
C09257,2025,10,October,4,4,0,1
C09258,2025,5,May,1,0,1,0
C09258,2025,8,August,2,1,0,0
C09259,2024,8,August,1,1,1,0
C09259,2024,10,October,2,2,0,1
C09259,2024,12,December,3,3,0,1
C09259,2025,7,July,4,4,0,1
C09259,2025,8,August,5,4,0,1
C09259,2025,9,September,6,4,0,1
C09259,2025,11,November,7,4,0,1
C09260,2024,12,December,1,0,1,0
C09260,2025,8,August,2,0,0,0
C09260,2025,9,September,3,1,0,0
C09260,2025,10,October,4,2,0,1
C09260,2025,11,November,5,3,0,1
C09261,2024,10,October,1,0,1,0
C09261,2025,11,November,2,1,0,0
C09262,2024,8,August,1,3,0,1
C09262,2024,9,September,4,4,0,1
C09262,2024,10,October,5,5,0,1
C09262,2025,2,February,6,6,0,1
C09262,2025,4,April,7,6,0,1
C09262,2025,10,October,8,8,0,1
C09262,2025,12,December,10,9,0,1
C09263,2024,12,December,1,1,1,0
C09263,2025,3,March,2,2,0,1
C09264,2024,7,July,1,1,1,0
C09264,2024,10,October,2,2,0,1
C09264,2025,1,January,3,3,0,1
C09264,2025,6,June,4,4,0,1
C09264,2025,9,September,5,4,0,1
C09265,2024,9,September,1,1,1,0
C09265,2025,1,January,2,1,0,0
C09266,2024,11,November,1,1,1,0
C09266,2025,1,January,2,2,0,1
C09266,2025,5,May,3,3,0,1
C09267,2024,12,December,1,1,1,0
C09267,2025,7,July,2,3,0,1
C09267,2025,8,August,4,4,0,1
C09268,2024,8,August,1,1,1,0
C09268,2024,11,November,2,3,0,1
C09268,2025,10,October,4,4,0,1
C09269,2024,8,August,1,1,1,0
C09269,2025,4,April,2,2,0,1
C09269,2025,8,August,3,3,0,1
C09270,2024,7,July,1,1,1,0
C09270,2024,10,October,2,1,0,0
C09270,2024,12,December,3,1,0,0
C09270,2025,2,February,4,2,0,1
C09271,2025,2,February,1,0,1,0
C09271,2025,4,April,2,2,0,1
C09271,2025,9,September,4,3,0,1
C09272,2024,8,August,1,1,1,0
C09272,2024,10,October,2,2,0,1
C09272,2025,2,February,3,3,0,1
C09272,2025,6,June,4,4,0,1
C09272,2025,7,July,5,5,0,1
C09273,2024,8,August,1,2,0,1
C09273,2024,9,September,3,2,0,1
C09273,2025,1,January,4,3,0,1
C09273,2025,2,February,5,4,0,1
C09273,2025,4,April,6,5,0,1
C09273,2025,5,May,7,6,0,1
C09273,2025,8,August,8,7,0,1
C09273,2025,9,September,9,8,0,1
C09273,2025,11,November,10,9,0,1
C09274,2024,12,December,1,1,1,0
C09274,2025,1,January,2,2,0,1
C09274,2025,8,August,3,3,0,1
C09274,2025,10,October,4,4,0,1
C09275,2024,12,December,1,1,1,0
C09275,2025,1,January,2,2,0,1
C09276,2025,7,July,1,1,1,0
C09276,2025,11,November,2,1,0,0
C09277,2025,1,January,1,0,1,0
C09277,2025,5,May,2,0,0,0
C09277,2025,9,September,3,0,0,0
C09277,2025,11,November,4,1,0,0
C09277,2025,12,December,5,2,0,1
C09278,2024,10,October,1,1,1,0
C09278,2025,2,February,2,2,0,1
C09279,2024,8,August,1,1,1,0
C09279,2024,9,September,2,2,0,1
C09279,2025,7,July,3,3,0,1
C09280,2025,1,January,1,2,0,1
C09280,2025,2,February,3,3,0,1
C09280,2025,6,June,4,4,0,1
C09280,2025,7,July,5,4,0,1
C09280,2025,8,August,6,5,0,1
C09281,2024,9,September,1,1,1,0
C09281,2024,12,December,2,2,0,1
C09281,2025,8,August,4,4,0,1
C09282,2024,9,September,1,1,1,0
C09282,2024,12,December,2,2,0,1
C09282,2025,1,January,3,3,0,1
C09282,2025,12,December,4,4,0,1
C09283,2025,1,January,1,2,0,1
C09283,2025,2,February,3,3,0,1
C09283,2025,3,March,4,3,0,1
C09283,2025,9,September,5,4,0,1
C09284,2025,10,October,1,1,1,0
C09285,2024,10,October,1,1,1,0
C09285,2025,4,April,2,2,0,1
C09285,2025,7,July,3,4,0,1
C09285,2025,8,August,5,5,0,1
C09287,2024,11,November,1,1,1,0
C09287,2025,12,December,3,2,0,1
C09288,2025,8,August,1,1,1,0
C09289,2024,10,October,1,1,1,0
C09289,2024,12,December,2,2,0,1
C09289,2025,8,August,3,4,0,1
C09289,2025,9,September,5,5,0,1
C09290,2024,11,November,1,0,1,0
C09290,2025,6,June,2,1,0,0
C09290,2025,9,September,3,2,0,1
C09291,2024,7,July,1,1,1,0
C09291,2024,9,September,3,2,0,1
C09291,2024,11,November,4,2,0,1
C09291,2025,2,February,5,4,0,1
C09291,2025,3,March,7,5,0,1
C09291,2025,6,June,8,6,0,1
C09291,2025,8,August,9,7,0,1
C09292,2024,9,September,1,1,1,0
C09292,2024,11,November,2,2,0,1
C09292,2025,6,June,4,2,0,1
C09292,2025,8,August,5,3,0,1
C09293,2024,8,August,1,2,0,1
C09293,2024,11,November,3,3,0,1
C09293,2025,2,February,4,4,0,1
C09293,2025,4,April,5,4,0,1
C09294,2024,12,December,1,0,1,0
C09294,2025,2,February,2,0,0,0
C09294,2025,11,November,3,1,0,0
C09295,2025,8,August,1,0,1,0
C09296,2024,7,July,1,1,1,0
C09296,2024,10,October,2,2,0,1
C09296,2025,5,May,3,4,0,1
C09296,2025,9,September,5,5,0,1
C09296,2025,10,October,6,6,0,1
C09297,2024,7,July,1,2,0,1
C09297,2024,10,October,3,5,0,1
C09297,2025,3,March,6,6,0,1
C09297,2025,6,June,7,6,0,1
C09297,2025,12,December,8,7,0,1
C09298,2024,12,December,1,0,1,0
C09298,2025,4,April,2,0,0,0
C09298,2025,8,August,3,1,0,0
C09298,2025,10,October,4,2,0,1
C09299,2024,8,August,1,1,1,0
C09299,2024,12,December,2,3,0,1
C09299,2025,6,June,5,4,0,1
C09299,2025,7,July,6,5,0,1
C09300,2025,1,January,1,0,1,0
C09300,2025,7,July,2,2,0,1
C09300,2025,11,November,4,3,0,1
C09301,2024,8,August,1,1,1,0
C09301,2024,11,November,2,1,0,0
C09301,2024,12,December,3,2,0,1
C09301,2025,1,January,4,2,0,1
C09301,2025,3,March,5,3,0,1
C09301,2025,6,June,6,3,0,1
C09302,2024,8,August,1,1,1,0
C09302,2024,10,October,2,2,0,1
C09302,2024,12,December,3,3,0,1
C09302,2025,6,June,4,4,0,1
C09302,2025,7,July,5,5,0,1
C09302,2025,8,August,6,6,0,1
C09302,2025,12,December,7,8,0,1
C09303,2025,1,January,1,1,1,0
C09303,2025,5,May,2,1,0,0
C09303,2025,8,August,3,2,0,1
C09304,2024,11,November,1,0,1,0
C09304,2025,6,June,2,1,0,0
C09304,2025,7,July,3,2,0,1
C09304,2025,8,August,4,3,0,1
C09304,2025,12,December,5,4,0,1
C09305,2024,9,September,1,0,1,0
C09305,2024,12,December,2,2,0,1
C09305,2025,2,February,4,3,0,1
C09305,2025,4,April,5,3,0,1
C09305,2025,5,May,6,4,0,1
C09306,2024,10,October,1,1,1,0
C09306,2024,11,November,2,1,0,0
C09306,2025,3,March,3,1,0,0
C09306,2025,4,April,4,1,0,0
C09306,2025,11,November,5,2,0,1
C09307,2024,10,October,1,1,1,0
C09307,2024,12,December,2,1,0,0
C09307,2025,6,June,3,2,0,1
C09307,2025,7,July,4,3,0,1
C09307,2025,9,September,5,4,0,1
C09308,2024,9,September,1,0,1,0
C09308,2025,5,May,2,1,0,0
C09308,2025,6,June,3,3,0,1
C09309,2025,4,April,1,1,1,0
C09309,2025,5,May,2,2,0,1
C09310,2024,7,July,1,1,1,0
C09310,2024,10,October,2,1,0,0
C09310,2025,9,September,3,1,0,0
C09311,2025,2,February,1,1,1,0
C09312,2025,1,January,1,0,1,0
C09314,2024,7,July,1,1,1,0
C09314,2025,6,June,2,2,0,1
C09315,2024,12,December,1,1,1,0
C09315,2025,2,February,2,2,0,1
C09315,2025,7,July,4,3,0,1
C09315,2025,8,August,5,4,0,1
C09316,2024,12,December,1,1,1,0
C09316,2025,9,September,2,1,0,0
C09316,2025,10,October,3,2,0,1
C09317,2025,3,March,1,1,1,0
C09317,2025,11,November,2,2,0,1
C09318,2024,7,July,1,1,1,0
C09318,2024,9,September,2,1,0,0
C09318,2025,7,July,3,1,0,0
C09318,2025,10,October,4,1,0,0
C09318,2025,12,December,5,2,0,1
C09319,2024,7,July,1,1,1,0
C09319,2024,11,November,2,2,0,1
C09319,2025,2,February,3,3,0,1
C09319,2025,7,July,4,4,0,1
C09319,2025,9,September,5,5,0,1
C09320,2024,7,July,1,1,1,0
C09320,2024,12,December,2,2,0,1
C09320,2025,4,April,3,3,0,1
C09320,2025,11,November,4,5,0,1
C09321,2025,1,January,1,1,1,0
C09321,2025,12,December,2,3,0,1
C09322,2024,10,October,1,1,1,0
C09322,2025,2,February,2,2,0,1
C09322,2025,7,July,3,3,0,1
C09323,2024,11,November,1,1,1,0
C09323,2025,1,January,2,2,0,1
C09323,2025,2,February,3,3,0,1
C09324,2025,7,July,1,1,1,0
C09324,2025,9,September,2,2,0,1
C09325,2024,7,July,1,0,1,0
C09325,2024,8,August,2,1,0,0
C09325,2024,12,December,3,2,0,1
C09325,2025,6,June,4,3,0,1
C09326,2024,8,August,1,0,1,0
C09326,2025,1,January,2,0,0,0
C09326,2025,2,February,3,1,0,0
C09326,2025,8,August,4,2,0,1
C09326,2025,10,October,5,4,0,1
C09327,2024,7,July,1,2,0,1
C09327,2024,10,October,3,3,0,1
C09327,2025,9,September,4,4,0,1
C09329,2024,7,July,1,1,1,0
C09329,2024,8,August,2,2,0,1
C09329,2025,4,April,3,3,0,1
C09329,2025,5,May,4,4,0,1
C09329,2025,11,November,5,4,0,1
C09330,2024,7,July,1,1,1,0
C09331,2024,9,September,1,1,1,0
C09331,2024,10,October,2,2,0,1
C09331,2024,12,December,4,3,0,1
C09331,2025,1,January,5,4,0,1
C09331,2025,3,March,6,5,0,1
C09331,2025,5,May,7,7,0,1
C09331,2025,6,June,9,9,0,1
C09331,2025,8,August,12,11,0,1
C09331,2025,11,November,14,12,0,1
C09331,2025,12,December,15,12,0,1
C09332,2024,12,December,1,1,1,0
C09332,2025,8,August,2,2,0,1
C09332,2025,11,November,3,2,0,1
C09332,2025,12,December,4,4,0,1
C09333,2025,1,January,1,2,0,1
C09334,2024,9,September,1,3,0,1
C09334,2024,10,October,4,4,0,1
C09334,2025,1,January,5,6,0,1
C09334,2025,2,February,7,7,0,1
C09334,2025,5,May,8,8,0,1
C09334,2025,7,July,9,9,0,1
C09335,2024,7,July,1,1,1,0
C09335,2024,11,November,2,2,0,1
C09335,2025,3,March,3,3,0,1
C09335,2025,12,December,4,3,0,1
C09336,2024,7,July,1,0,1,0
C09336,2024,10,October,2,1,0,0
C09336,2024,11,November,3,2,0,1
C09337,2024,7,July,1,1,1,0
C09337,2024,8,August,2,2,0,1
C09337,2025,3,March,3,3,0,1
C09337,2025,5,May,4,4,0,1
C09338,2024,8,August,1,1,1,0
C09338,2024,12,December,2,2,0,1
C09338,2025,2,February,3,3,0,1
C09338,2025,4,April,4,4,0,1
C09338,2025,7,July,5,5,0,1
C09338,2025,11,November,8,6,0,1
C09338,2025,12,December,9,7,0,1
C09339,2024,10,October,1,1,1,0
C09339,2025,6,June,2,2,0,1
C09339,2025,7,July,3,4,0,1
C09339,2025,9,September,5,5,0,1
C09340,2024,7,July,1,0,1,0
C09340,2024,8,August,2,2,0,1
C09340,2024,11,November,4,3,0,1
C09340,2025,5,May,5,4,0,1
C09340,2025,8,August,6,5,0,1
C09340,2025,10,October,8,7,0,1
C09340,2025,11,November,10,9,0,1
C09340,2025,12,December,12,9,0,1
C09341,2025,9,September,1,1,1,0
C09342,2025,3,March,1,1,1,0
C09342,2025,5,May,2,2,0,1
C09342,2025,12,December,3,3,0,1
C09343,2024,8,August,1,1,1,0
C09343,2025,3,March,3,2,0,1
C09343,2025,6,June,4,3,0,1
C09343,2025,7,July,6,4,0,1
C09343,2025,9,September,7,5,0,1
C09343,2025,12,December,8,6,0,1
C09344,2025,3,March,1,1,1,0
C09344,2025,4,April,2,2,0,1
C09345,2024,9,September,1,1,1,0
C09345,2024,12,December,2,2,0,1
C09345,2025,2,February,3,3,0,1
C09345,2025,10,October,4,4,0,1
C09346,2024,7,July,1,1,1,0
C09346,2025,6,June,2,2,0,1
C09346,2025,11,November,3,3,0,1
C09346,2025,12,December,4,4,0,1
C09347,2025,9,September,1,1,1,0
C09348,2025,2,February,1,0,1,0
C09348,2025,5,May,2,1,0,0
C09348,2025,10,October,3,3,0,1
C09348,2025,12,December,5,4,0,1
C09349,2024,10,October,1,1,1,0
C09349,2025,1,January,2,3,0,1
C09350,2024,9,September,1,1,1,0
C09350,2025,2,February,2,2,0,1
C09350,2025,4,April,3,2,0,1
C09350,2025,5,May,4,3,0,1
C09350,2025,6,June,5,4,0,1
C09350,2025,10,October,6,5,0,1
C09352,2025,5,May,1,1,1,0
C09353,2024,7,July,1,0,1,0
C09353,2024,10,October,2,1,0,0
C09353,2025,5,May,3,2,0,1
C09353,2025,6,June,4,3,0,1
C09353,2025,10,October,5,4,0,1
C09354,2025,2,February,1,1,1,0
C09354,2025,4,April,2,3,0,1
C09354,2025,5,May,4,5,0,1
C09354,2025,8,August,6,6,0,1
C09355,2025,5,May,1,1,1,0
C09356,2024,8,August,1,0,1,0
C09356,2024,9,September,2,1,0,0
C09356,2024,12,December,3,2,0,1
C09356,2025,9,September,4,3,0,1
C09356,2025,11,November,5,4,0,1
C09357,2024,10,October,1,1,1,0
C09357,2025,1,January,2,2,0,1
C09357,2025,3,March,3,3,0,1
C09357,2025,6,June,4,3,0,1
C09358,2024,7,July,1,1,1,0
C09358,2024,8,August,2,2,0,1
C09358,2024,11,November,3,3,0,1
C09358,2024,12,December,4,5,0,1
C09358,2025,3,March,6,6,0,1
C09358,2025,8,August,7,7,0,1
C09358,2025,9,September,8,8,0,1
C09358,2025,12,December,9,9,0,1
C09359,2024,7,July,1,1,1,0
C09359,2025,2,February,2,2,0,1
C09360,2025,2,February,1,1,1,0
C09360,2025,3,March,2,2,0,1
C09361,2024,7,July,1,0,1,0
C09361,2024,10,October,2,1,0,0
C09361,2025,1,January,3,1,0,0
C09361,2025,5,May,4,2,0,1
C09362,2025,2,February,1,1,1,0
C09363,2024,10,October,1,1,1,0
C09363,2024,12,December,2,2,0,1
C09364,2024,9,September,1,2,0,1
C09364,2024,11,November,3,3,0,1
C09364,2024,12,December,4,3,0,1
C09364,2025,6,June,5,4,0,1
C09364,2025,7,July,6,5,0,1
C09364,2025,9,September,7,6,0,1
C09364,2025,10,October,8,7,0,1
C09364,2025,11,November,9,8,0,1
C09365,2024,9,September,1,3,0,1
C09365,2024,11,November,4,4,0,1
C09365,2025,3,March,5,4,0,1
C09365,2025,5,May,6,6,0,1
C09365,2025,12,December,8,6,0,1
C09366,2024,12,December,1,1,1,0
C09366,2025,7,July,2,1,0,0
C09366,2025,10,October,3,3,0,1
C09366,2025,12,December,5,4,0,1
C09367,2025,6,June,1,1,1,0
C09367,2025,9,September,2,2,0,1
C09369,2024,7,July,1,1,1,0
C09369,2025,3,March,2,2,0,1
C09369,2025,5,May,3,3,0,1
C09369,2025,7,July,4,4,0,1
C09369,2025,9,September,5,5,0,1
C09369,2025,11,November,6,6,0,1
C09369,2025,12,December,7,7,0,1
C09370,2024,10,October,1,2,0,1
C09370,2024,12,December,3,3,0,1
C09370,2025,2,February,4,3,0,1
C09370,2025,5,May,5,4,0,1
C09370,2025,6,June,6,4,0,1
C09370,2025,9,September,7,4,0,1
C09371,2024,8,August,1,1,1,0
C09371,2025,12,December,2,2,0,1
C09372,2024,7,July,1,1,1,0
C09372,2025,2,February,2,1,0,0
C09372,2025,6,June,3,2,0,1
C09372,2025,9,September,4,3,0,1
C09372,2025,10,October,5,3,0,1
C09373,2024,9,September,1,1,1,0
C09373,2025,7,July,2,1,0,0
C09374,2024,7,July,1,1,1,0
C09374,2024,9,September,2,2,0,1
C09374,2024,12,December,3,3,0,1
C09375,2024,8,August,1,2,0,1
C09375,2025,1,January,3,3,0,1
C09375,2025,10,October,4,4,0,1
C09376,2024,8,August,1,1,1,0
C09376,2024,10,October,2,2,0,1
C09376,2024,12,December,3,3,0,1
C09376,2025,9,September,4,4,0,1
C09377,2025,3,March,1,0,1,0
C09377,2025,8,August,2,1,0,0
C09378,2024,12,December,1,1,1,0
C09378,2025,1,January,2,2,0,1
C09378,2025,8,August,3,4,0,1
C09378,2025,11,November,5,5,0,1
C09379,2025,7,July,1,1,1,0
C09379,2025,10,October,2,2,0,1
C09380,2025,4,April,1,1,1,0
C09380,2025,6,June,2,2,0,1
C09381,2024,11,November,1,1,1,0
C09381,2024,12,December,2,2,0,1
C09381,2025,3,March,4,2,0,1
C09382,2025,2,February,1,1,1,0
C09382,2025,5,May,2,2,0,1
C09382,2025,10,October,3,3,0,1
C09383,2024,11,November,1,1,1,0
C09383,2024,12,December,2,3,0,1
C09383,2025,3,March,5,4,0,1
C09383,2025,4,April,6,4,0,1
C09383,2025,5,May,7,6,0,1
C09383,2025,7,July,9,7,0,1
C09383,2025,8,August,10,8,0,1
C09384,2024,7,July,1,2,0,1
C09384,2025,3,March,3,3,0,1
C09384,2025,6,June,4,4,0,1
C09384,2025,8,August,5,5,0,1
C09385,2024,11,November,1,1,1,0
C09385,2025,4,April,2,2,0,1
C09386,2024,7,July,1,1,1,0
C09386,2025,2,February,2,2,0,1
C09388,2025,1,January,1,1,1,0
C09389,2025,5,May,1,1,1,0
C09389,2025,6,June,2,2,0,1
C09390,2024,12,December,1,1,1,0
C09390,2025,1,January,2,2,0,1
C09390,2025,2,February,3,2,0,1
C09390,2025,9,September,4,3,0,1
C09390,2025,12,December,6,4,0,1
C09391,2024,7,July,1,1,1,0
C09391,2024,8,August,2,2,0,1
C09391,2024,10,October,3,3,0,1
C09391,2025,2,February,4,3,0,1
C09391,2025,7,July,5,4,0,1
C09391,2025,9,September,6,7,0,1
C09391,2025,12,December,9,7,0,1
C09392,2025,6,June,1,1,1,0
C09392,2025,7,July,2,2,0,1
C09392,2025,11,November,3,2,0,1
C09393,2025,5,May,1,1,1,0
C09393,2025,8,August,2,2,0,1
C09394,2025,8,August,1,1,1,0
C09394,2025,9,September,2,2,0,1
C09395,2024,7,July,1,1,1,0
C09396,2024,7,July,1,0,1,0
C09396,2025,5,May,2,1,0,0
C09397,2024,7,July,1,1,1,0
C09397,2024,10,October,2,2,0,1
C09397,2025,6,June,3,3,0,1
C09397,2025,7,July,4,4,0,1
C09397,2025,8,August,6,5,0,1
C09397,2025,9,September,7,6,0,1
C09397,2025,10,October,8,7,0,1
C09398,2024,9,September,1,1,1,0
C09398,2024,12,December,2,2,0,1
C09398,2025,1,January,3,3,0,1
C09398,2025,2,February,4,4,0,1
C09398,2025,9,September,5,6,0,1
C09398,2025,12,December,7,6,0,1
C09399,2025,3,March,1,1,1,0
C09399,2025,10,October,2,2,0,1
C09400,2024,8,August,1,1,1,0
C09401,2025,4,April,1,1,1,0
C09401,2025,7,July,2,1,0,0
C09401,2025,10,October,3,1,0,0
C09401,2025,11,November,4,2,0,1
C09402,2024,10,October,1,1,1,0
C09402,2025,3,March,2,2,0,1
C09402,2025,5,May,3,3,0,1
C09402,2025,9,September,4,4,0,1
C09402,2025,12,December,5,5,0,1
C09403,2024,9,September,1,1,1,0
C09403,2025,2,February,2,2,0,1
C09403,2025,7,July,3,3,0,1
C09403,2025,9,September,4,4,0,1
C09403,2025,10,October,5,5,0,1
C09404,2024,12,December,1,1,1,0
C09404,2025,5,May,2,1,0,0
C09404,2025,12,December,3,1,0,0
C09405,2024,7,July,1,1,1,0
C09405,2025,4,April,2,1,0,0
C09405,2025,5,May,3,2,0,1
C09406,2025,2,February,1,1,1,0
C09406,2025,4,April,2,2,0,1
C09406,2025,7,July,3,2,0,1
C09406,2025,9,September,4,3,0,1
C09407,2025,3,March,1,0,1,0
C09407,2025,6,June,2,1,0,0
C09407,2025,7,July,3,2,0,1
C09407,2025,9,September,4,3,0,1
C09408,2025,7,July,1,1,1,0
C09410,2024,8,August,1,1,1,0
C09410,2024,10,October,2,2,0,1
C09410,2025,10,October,3,3,0,1
C09411,2025,5,May,1,0,1,0
C09411,2025,6,June,2,0,0,0
C09411,2025,9,September,3,1,0,0
C09412,2025,3,March,1,1,1,0
C09413,2024,7,July,1,1,1,0
C09413,2024,8,August,2,1,0,0
C09413,2024,12,December,3,3,0,1
C09414,2024,8,August,1,1,1,0
C09414,2024,11,November,2,2,0,1
C09414,2024,12,December,3,3,0,1
C09414,2025,1,January,4,4,0,1
C09414,2025,5,May,5,5,0,1
C09414,2025,11,November,6,6,0,1
C09415,2025,3,March,1,1,1,0
C09415,2025,5,May,2,2,0,1
C09415,2025,8,August,3,3,0,1
C09416,2025,12,December,1,1,1,0
C09417,2024,8,August,1,1,1,0
C09417,2025,8,August,2,2,0,1
C09418,2024,10,October,1,1,1,0
C09418,2025,2,February,2,2,0,1
C09418,2025,3,March,3,2,0,1
C09418,2025,4,April,4,3,0,1
C09419,2024,10,October,1,0,1,0
C09419,2025,6,June,2,1,0,0
C09419,2025,10,October,3,2,0,1
C09420,2024,8,August,1,1,1,0
C09420,2025,1,January,2,1,0,0
C09420,2025,5,May,3,2,0,1
C09421,2024,8,August,1,1,1,0
C09421,2025,3,March,2,2,0,1
C09421,2025,8,August,3,3,0,1
C09422,2024,8,August,1,1,1,0
C09422,2024,9,September,3,2,0,1
C09422,2024,10,October,4,3,0,1
C09422,2025,4,April,5,4,0,1
C09422,2025,7,July,7,5,0,1
C09422,2025,8,August,9,5,0,1
C09422,2025,10,October,10,6,0,1
C09423,2024,10,October,1,1,1,0
C09423,2025,2,February,2,1,0,0
C09423,2025,5,May,3,2,0,1
C09424,2024,7,July,1,1,1,0
C09424,2025,11,November,2,2,0,1
C09425,2025,4,April,1,1,1,0
C09425,2025,9,September,2,2,0,1
C09426,2025,1,January,1,1,1,0
C09426,2025,5,May,2,2,0,1
C09427,2024,9,September,1,1,1,0
C09427,2025,6,June,2,3,0,1
C09429,2025,3,March,1,1,1,0
C09429,2025,4,April,2,3,0,1
C09429,2025,7,July,4,5,0,1
C09429,2025,10,October,6,6,0,1
C09430,2025,4,April,1,0,1,0
C09431,2025,4,April,1,1,1,0
C09432,2024,8,August,1,1,1,0
C09432,2024,9,September,2,3,0,1
C09432,2025,1,January,4,4,0,1
C09432,2025,4,April,5,5,0,1
C09432,2025,7,July,6,6,0,1
C09432,2025,12,December,7,7,0,1
C09433,2024,10,October,1,1,1,0
C09433,2024,12,December,2,2,0,1
C09433,2025,5,May,3,4,0,1
C09433,2025,7,July,5,5,0,1
C09434,2024,8,August,1,1,1,0
C09434,2024,12,December,2,3,0,1
C09434,2025,1,January,4,4,0,1
C09434,2025,2,February,5,5,0,1
C09434,2025,6,June,6,6,0,1
C09435,2024,8,August,1,1,1,0
C09435,2025,2,February,2,3,0,1
C09435,2025,3,March,4,3,0,1
C09435,2025,12,December,5,4,0,1
C09436,2024,7,July,1,1,1,0
C09436,2025,5,May,3,2,0,1
C09436,2025,6,June,4,2,0,1
C09436,2025,8,August,5,2,0,1
C09436,2025,10,October,6,2,0,1
C09436,2025,12,December,7,3,0,1
C09437,2024,8,August,1,2,0,1
C09437,2024,9,September,3,3,0,1
C09437,2025,9,September,4,4,0,1
C09438,2024,8,August,1,1,1,0
C09438,2025,4,April,2,2,0,1
C09438,2025,5,May,3,3,0,1
C09439,2025,4,April,1,1,1,0
C09440,2025,8,August,1,0,1,0
C09440,2025,12,December,2,1,0,0
C09441,2024,7,July,1,0,1,0
C09441,2024,8,August,2,0,0,0
C09441,2024,10,October,3,1,0,0
C09441,2024,12,December,4,2,0,1
C09441,2025,2,February,5,3,0,1
C09442,2024,12,December,1,1,1,0
C09442,2025,1,January,2,3,0,1
C09442,2025,7,July,4,4,0,1
C09442,2025,8,August,5,5,0,1
C09442,2025,10,October,7,6,0,1
C09443,2025,4,April,1,1,1,0
C09444,2024,9,September,1,1,1,0
C09444,2025,1,January,2,2,0,1
C09444,2025,3,March,3,3,0,1
C09444,2025,7,July,5,3,0,1
C09444,2025,8,August,6,4,0,1
C09444,2025,12,December,7,5,0,1
C09445,2024,9,September,1,1,1,0
C09445,2024,10,October,2,2,0,1
C09445,2025,3,March,3,3,0,1
C09445,2025,7,July,4,3,0,1
C09445,2025,11,November,5,5,0,1
C09445,2025,12,December,7,7,0,1
C09446,2024,9,September,1,1,1,0
C09446,2024,12,December,2,2,0,1
C09446,2025,1,January,3,3,0,1
C09447,2024,10,October,1,1,1,0
C09447,2024,12,December,2,2,0,1
C09447,2025,5,May,3,3,0,1
C09447,2025,7,July,4,4,0,1
C09447,2025,9,September,5,5,0,1
C09447,2025,11,November,6,6,0,1
C09448,2024,9,September,1,1,1,0
C09448,2025,2,February,2,2,0,1
C09448,2025,10,October,3,3,0,1
C09448,2025,11,November,4,4,0,1
C09449,2024,12,December,1,1,1,0
C09449,2025,4,April,2,2,0,1
C09450,2025,2,February,1,1,1,0
C09450,2025,6,June,2,2,0,1
C09450,2025,8,August,3,3,0,1
C09450,2025,11,November,4,4,0,1
C09451,2024,10,October,1,1,1,0
C09451,2025,3,March,2,1,0,0
C09451,2025,5,May,3,3,0,1
C09451,2025,6,June,5,4,0,1
C09451,2025,8,August,6,5,0,1
C09451,2025,11,November,7,6,0,1
C09452,2024,12,December,1,1,1,0
C09452,2025,1,January,2,2,0,1
C09452,2025,5,May,3,3,0,1
C09452,2025,10,October,4,4,0,1
C09453,2024,8,August,1,1,1,0
C09453,2024,9,September,2,2,0,1
C09453,2024,10,October,3,3,0,1
C09453,2025,1,January,4,4,0,1
C09453,2025,2,February,5,5,0,1
C09454,2024,7,July,1,1,1,0
C09454,2025,6,June,2,2,0,1
C09455,2024,10,October,1,0,1,0
C09455,2025,3,March,2,1,0,0
C09455,2025,4,April,3,2,0,1
C09455,2025,10,October,4,3,0,1
C09456,2024,7,July,1,2,0,1
C09456,2024,8,August,3,3,0,1
C09456,2025,8,August,4,4,0,1
C09457,2024,7,July,1,1,1,0
C09457,2024,9,September,2,1,0,0
C09457,2025,3,March,3,2,0,1
C09457,2025,8,August,4,3,0,1
C09458,2025,2,February,1,1,1,0
C09458,2025,3,March,2,2,0,1
C09458,2025,4,April,3,3,0,1
C09458,2025,8,August,5,4,0,1
C09458,2025,9,September,6,5,0,1
C09459,2024,11,November,1,0,1,0
C09459,2025,5,May,2,1,0,0
C09459,2025,12,December,3,1,0,0
C09460,2025,1,January,1,0,1,0
C09461,2025,12,December,1,0,1,0
C09462,2025,5,May,1,1,1,0
C09462,2025,10,October,2,2,0,1
C09462,2025,11,November,3,3,0,1
C09462,2025,12,December,4,4,0,1
C09463,2024,10,October,1,1,1,0
C09464,2025,8,August,1,2,0,1
C09465,2024,7,July,1,0,1,0
C09465,2024,8,August,2,1,0,0
C09465,2025,2,February,3,2,0,1
C09465,2025,11,November,4,3,0,1
C09465,2025,12,December,5,4,0,1
C09466,2024,7,July,1,1,1,0
C09466,2024,10,October,3,1,0,0
C09466,2025,6,June,4,1,0,0
C09466,2025,8,August,5,2,0,1
C09466,2025,10,October,6,2,0,1
C09466,2025,11,November,7,3,0,1
C09467,2025,8,August,1,1,1,0
C09467,2025,11,November,2,2,0,1
C09468,2024,12,December,1,1,1,0
C09468,2025,4,April,2,2,0,1
C09468,2025,11,November,3,2,0,1
C09469,2025,7,July,1,0,1,0
C09470,2024,12,December,1,1,1,0
C09470,2025,2,February,2,2,0,1
C09470,2025,10,October,3,3,0,1
C09471,2024,8,August,1,1,1,0
C09471,2024,12,December,2,1,0,0
C09471,2025,1,January,3,2,0,1
C09471,2025,3,March,4,4,0,1
C09471,2025,6,June,6,4,0,1
C09471,2025,8,August,7,6,0,1
C09471,2025,10,October,9,8,0,1
C09472,2024,7,July,1,1,1,0
C09472,2024,10,October,2,2,0,1
C09472,2025,3,March,3,2,0,1
C09473,2024,7,July,1,0,1,0
C09473,2025,12,December,2,1,0,0
C09474,2024,7,July,1,1,1,0
C09474,2024,10,October,2,2,0,1
C09474,2024,11,November,3,3,0,1
C09474,2024,12,December,4,4,0,1
C09475,2024,12,December,1,1,1,0
C09476,2024,10,October,1,1,1,0
C09476,2024,11,November,2,1,0,0
C09476,2025,8,August,3,2,0,1
C09477,2024,7,July,1,1,1,0
C09477,2024,12,December,2,1,0,0
C09477,2025,3,March,3,2,0,1
C09477,2025,5,May,4,3,0,1
C09477,2025,6,June,5,4,0,1
C09478,2024,10,October,1,1,1,0
C09478,2024,11,November,3,2,0,1
C09478,2024,12,December,4,2,0,1
C09478,2025,10,October,5,2,0,1
C09479,2024,7,July,1,2,0,1
C09479,2025,1,January,3,3,0,1
C09479,2025,2,February,4,3,0,1
C09479,2025,4,April,5,3,0,1
C09479,2025,10,October,6,5,0,1
C09480,2025,8,August,1,1,1,0
C09480,2025,10,October,2,2,0,1
C09480,2025,11,November,3,3,0,1
C09480,2025,12,December,4,3,0,1
C09481,2025,5,May,1,1,1,0
C09482,2024,7,July,1,1,1,0
C09483,2024,7,July,1,3,0,1
C09483,2025,2,February,4,3,0,1
C09483,2025,6,June,5,4,0,1
C09483,2025,7,July,6,5,0,1
C09483,2025,10,October,7,7,0,1
C09484,2024,8,August,1,1,1,0
C09484,2024,12,December,2,2,0,1
C09484,2025,6,June,3,2,0,1
C09485,2024,9,September,1,0,1,0
C09485,2025,5,May,2,1,0,0
C09485,2025,8,August,3,1,0,0
C09486,2024,8,August,1,0,1,0
C09486,2024,9,September,2,1,0,0
C09486,2025,1,January,3,2,0,1
C09486,2025,3,March,4,3,0,1
C09486,2025,10,October,5,4,0,1
C09486,2025,12,December,6,5,0,1
C09487,2024,8,August,1,0,1,0
C09487,2024,9,September,2,1,0,0
C09487,2025,2,February,3,1,0,0
C09487,2025,5,May,4,1,0,0
C09488,2024,7,July,1,2,0,1
C09488,2024,11,November,3,2,0,1
C09488,2025,1,January,4,3,0,1
C09489,2024,10,October,1,0,1,0
C09489,2024,12,December,2,1,0,0
C09489,2025,7,July,3,2,0,1
C09490,2024,8,August,1,0,1,0
C09490,2024,9,September,2,0,0,0
C09490,2024,12,December,3,1,0,0
C09490,2025,10,October,4,2,0,1
C09490,2025,12,December,5,3,0,1
C09491,2025,1,January,1,2,0,1
C09491,2025,3,March,4,3,0,1
C09491,2025,4,April,5,4,0,1
C09491,2025,6,June,6,5,0,1
C09491,2025,8,August,7,6,0,1
C09492,2024,12,December,1,1,1,0
C09492,2025,2,February,2,2,0,1
C09492,2025,6,June,3,3,0,1
C09492,2025,12,December,4,4,0,1
C09493,2024,11,November,1,1,1,0
C09493,2025,3,March,2,2,0,1
C09493,2025,4,April,3,2,0,1
C09493,2025,5,May,4,3,0,1
C09493,2025,6,June,5,3,0,1
C09494,2025,2,February,1,1,1,0
C09494,2025,5,May,2,2,0,1
C09494,2025,8,August,3,3,0,1
C09494,2025,11,November,4,4,0,1
C09495,2024,8,August,1,1,1,0
C09495,2024,12,December,2,2,0,1
C09495,2025,1,January,4,3,0,1
C09495,2025,4,April,5,3,0,1
C09495,2025,7,July,6,4,0,1
C09495,2025,9,September,7,4,0,1
C09496,2024,8,August,1,0,1,0
C09496,2024,9,September,3,1,0,0
C09496,2024,11,November,4,1,0,0
C09496,2025,9,September,5,2,0,1
C09497,2025,1,January,1,1,1,0
C09497,2025,5,May,2,1,0,0
C09498,2025,4,April,1,0,1,0
C09498,2025,7,July,2,0,0,0
C09498,2025,9,September,3,0,0,0
C09498,2025,11,November,4,1,0,0
C09499,2024,10,October,1,1,1,0
C09499,2024,12,December,2,2,0,1
C09499,2025,2,February,3,2,0,1
C09499,2025,11,November,4,3,0,1
C09499,2025,12,December,5,4,0,1
C09501,2025,1,January,1,0,1,0
C09501,2025,3,March,2,0,0,0
C09501,2025,9,September,3,1,0,0
C09502,2025,5,May,1,1,1,0
C09502,2025,6,June,2,2,0,1
C09502,2025,10,October,3,3,0,1
C09503,2024,10,October,1,1,1,0
C09503,2025,1,January,2,1,0,0
C09503,2025,3,March,3,1,0,0
C09503,2025,7,July,4,2,0,1
C09503,2025,9,September,5,3,0,1
C09504,2024,9,September,1,1,1,0
C09504,2024,12,December,2,2,0,1
C09504,2025,1,January,3,3,0,1
C09504,2025,6,June,4,4,0,1
C09505,2024,7,July,1,1,1,0
C09505,2024,10,October,2,1,0,0
C09505,2024,11,November,3,3,0,1
C09505,2025,6,June,5,4,0,1
C09505,2025,7,July,6,5,0,1
C09505,2025,9,September,7,6,0,1
C09505,2025,10,October,8,7,0,1
C09506,2024,8,August,1,0,1,0
C09506,2024,10,October,2,1,0,0
C09506,2024,11,November,3,2,0,1
C09506,2025,5,May,4,3,0,1
C09506,2025,6,June,5,5,0,1
C09506,2025,12,December,7,6,0,1
C09507,2024,7,July,1,1,1,0
C09507,2024,9,September,2,2,0,1
C09507,2024,11,November,3,3,0,1
C09507,2025,2,February,4,4,0,1
C09507,2025,3,March,5,5,0,1
C09507,2025,6,June,6,6,0,1
C09507,2025,7,July,7,7,0,1
C09507,2025,11,November,8,7,0,1
C09508,2024,8,August,1,2,0,1
C09508,2024,11,November,3,3,0,1
C09508,2025,1,January,4,4,0,1
C09508,2025,5,May,5,5,0,1
C09508,2025,12,December,6,7,0,1
C09509,2024,8,August,1,1,1,0
C09509,2025,5,May,2,2,0,1
C09509,2025,8,August,3,3,0,1
C09510,2024,7,July,1,0,1,0
C09510,2024,9,September,2,1,0,0
C09510,2025,1,January,3,2,0,1
C09510,2025,8,August,4,3,0,1
C09510,2025,9,September,5,3,0,1
C09511,2025,2,February,1,1,1,0
C09511,2025,6,June,2,2,0,1
C09512,2025,1,January,1,1,1,0
C09512,2025,2,February,2,3,0,1
C09512,2025,4,April,4,3,0,1
C09512,2025,11,November,5,4,0,1
C09513,2024,7,July,1,1,1,0
C09513,2024,10,October,2,2,0,1
C09513,2025,5,May,4,3,0,1
C09513,2025,8,August,5,4,0,1
C09514,2024,12,December,1,1,1,0
C09514,2025,2,February,2,2,0,1
C09515,2024,8,August,1,0,1,0
C09515,2025,4,April,2,0,0,0
C09516,2024,12,December,1,1,1,0
C09517,2025,9,September,1,1,1,0
C09517,2025,11,November,2,2,0,1
C09517,2025,12,December,3,3,0,1
C09518,2024,8,August,1,1,1,0
C09518,2024,9,September,2,2,0,1
C09518,2025,3,March,3,3,0,1
C09518,2025,6,June,4,4,0,1
C09518,2025,9,September,5,5,0,1
C09518,2025,10,October,6,6,0,1
C09518,2025,12,December,7,7,0,1
C09519,2024,7,July,1,3,0,1
C09519,2024,9,September,4,4,0,1
C09519,2024,11,November,5,5,0,1
C09519,2025,4,April,6,5,0,1
C09519,2025,5,May,7,6,0,1
C09519,2025,9,September,8,8,0,1
C09519,2025,10,October,10,9,0,1
C09520,2024,12,December,1,1,1,0
C09520,2025,1,January,2,1,0,0
C09521,2024,12,December,1,1,1,0
C09521,2025,8,August,2,2,0,1
C09522,2024,8,August,1,1,1,0
C09522,2024,11,November,2,2,0,1
C09522,2025,6,June,3,4,0,1
C09522,2025,8,August,5,5,0,1
C09522,2025,12,December,6,6,0,1
C09523,2024,11,November,1,0,1,0
C09523,2025,3,March,2,1,0,0
C09524,2024,7,July,1,3,0,1
C09524,2025,5,May,4,4,0,1
C09524,2025,6,June,5,5,0,1
C09524,2025,7,July,6,7,0,1
C09524,2025,10,October,8,9,0,1
C09524,2025,12,December,10,9,0,1
C09525,2024,7,July,1,2,0,1
C09525,2025,3,March,3,3,0,1
C09525,2025,4,April,4,4,0,1
C09525,2025,6,June,5,6,0,1
C09525,2025,7,July,7,7,0,1
C09525,2025,9,September,8,9,0,1
C09526,2024,7,July,1,1,1,0
C09526,2024,11,November,2,1,0,0
C09526,2025,8,August,3,2,0,1
C09527,2025,5,May,1,1,1,0
C09527,2025,8,August,2,1,0,0
C09528,2025,3,March,1,1,1,0
C09528,2025,10,October,2,2,0,1
C09529,2024,10,October,1,1,1,0
C09530,2025,4,April,1,1,1,0
C09530,2025,7,July,2,2,0,1
C09530,2025,9,September,3,2,0,1
C09531,2024,8,August,1,0,1,0
C09531,2024,9,September,2,1,0,0
C09531,2025,1,January,3,2,0,1
C09531,2025,5,May,4,3,0,1
C09531,2025,11,November,5,5,0,1
C09533,2024,8,August,1,1,1,0
C09534,2024,9,September,1,1,1,0
C09534,2025,3,March,2,2,0,1
C09534,2025,10,October,3,3,0,1
C09535,2024,7,July,1,1,1,0
C09535,2024,11,November,2,2,0,1
C09535,2025,3,March,3,3,0,1
C09535,2025,8,August,4,4,0,1
C09536,2024,7,July,1,1,1,0
C09536,2024,8,August,2,2,0,1
C09536,2024,11,November,3,3,0,1
C09536,2024,12,December,5,4,0,1
C09536,2025,4,April,6,5,0,1
C09536,2025,5,May,7,6,0,1
C09536,2025,10,October,8,7,0,1
C09536,2025,11,November,9,7,0,1
C09537,2024,12,December,1,1,1,0
C09537,2025,1,January,2,2,0,1
C09537,2025,5,May,3,3,0,1
C09537,2025,8,August,4,4,0,1
C09538,2024,9,September,1,1,1,0
C09538,2024,10,October,2,2,0,1
C09538,2024,12,December,3,3,0,1
C09538,2025,7,July,4,4,0,1
C09538,2025,10,October,5,5,0,1
C09538,2025,11,November,6,5,0,1
C09538,2025,12,December,7,6,0,1
C09539,2024,12,December,1,0,1,0
C09539,2025,5,May,2,1,0,0
C09539,2025,10,October,3,2,0,1
C09540,2024,7,July,1,1,1,0
C09540,2024,9,September,2,2,0,1
C09540,2025,5,May,3,5,0,1
C09540,2025,7,July,6,5,0,1
C09541,2024,9,September,1,0,1,0
C09541,2025,1,January,2,1,0,0
C09541,2025,7,July,3,2,0,1
C09541,2025,9,September,4,2,0,1
C09542,2025,4,April,1,1,1,0
C09542,2025,11,November,2,2,0,1
C09543,2024,7,July,1,1,1,0
C09543,2024,8,August,2,1,0,0
C09543,2025,6,June,3,2,0,1
C09543,2025,7,July,4,3,0,1
C09544,2024,12,December,1,1,1,0
C09544,2025,1,January,2,2,0,1
C09545,2024,11,November,1,3,0,1
C09545,2025,6,June,4,4,0,1
C09545,2025,8,August,5,5,0,1
C09545,2025,10,October,6,6,0,1
C09546,2024,7,July,1,1,1,0
C09546,2024,8,August,2,3,0,1
C09546,2024,9,September,4,4,0,1
C09546,2024,10,October,5,5,0,1
C09546,2024,11,November,6,6,0,1
C09546,2025,1,January,7,8,0,1
C09546,2025,4,April,9,10,0,1
C09546,2025,5,May,11,11,0,1
C09546,2025,6,June,12,12,0,1
C09546,2025,7,July,13,13,0,1
C09547,2024,8,August,1,1,1,0
C09547,2025,2,February,2,1,0,0
C09548,2024,11,November,1,1,1,0
C09548,2025,2,February,2,1,0,0
C09548,2025,4,April,3,2,0,1
C09548,2025,5,May,4,2,0,1
C09548,2025,7,July,5,3,0,1
C09548,2025,10,October,6,3,0,1
C09548,2025,11,November,7,4,0,1
C09550,2025,5,May,1,1,1,0
C09552,2024,8,August,1,1,1,0
C09552,2024,11,November,2,2,0,1
C09552,2024,12,December,3,4,0,1
C09552,2025,10,October,5,5,0,1
C09553,2024,8,August,1,0,1,0
C09553,2025,5,May,3,1,0,0
C09553,2025,11,November,4,2,0,1
C09554,2024,7,July,1,1,1,0
C09554,2024,11,November,2,2,0,1
C09554,2024,12,December,3,2,0,1
C09554,2025,3,March,4,2,0,1
C09554,2025,9,September,6,3,0,1
C09555,2025,4,April,1,1,1,0
C09555,2025,7,July,2,2,0,1
C09556,2024,9,September,1,1,1,0
C09556,2025,4,April,2,2,0,1
C09556,2025,7,July,3,3,0,1
C09556,2025,12,December,4,4,0,1
C09557,2025,8,August,1,1,1,0
C09557,2025,10,October,2,2,0,1
C09558,2024,10,October,1,1,1,0
C09558,2024,12,December,2,2,0,1
C09559,2024,8,August,1,1,1,0
C09559,2025,1,January,2,1,0,0
C09559,2025,10,October,3,2,0,1
C09559,2025,12,December,4,3,0,1
C09560,2024,7,July,1,2,0,1
C09560,2024,8,August,3,3,0,1
C09560,2024,10,October,4,4,0,1
C09560,2024,12,December,5,4,0,1
C09560,2025,4,April,6,5,0,1
C09560,2025,6,June,7,6,0,1
C09560,2025,7,July,8,7,0,1
C09560,2025,9,September,9,7,0,1
C09560,2025,11,November,10,8,0,1
C09560,2025,12,December,11,9,0,1
C09561,2025,5,May,1,2,0,1
C09561,2025,6,June,3,3,0,1
C09562,2024,8,August,1,1,1,0
C09562,2025,2,February,2,2,0,1
C09562,2025,9,September,3,3,0,1
C09563,2025,4,April,1,1,1,0
C09563,2025,8,August,2,3,0,1
C09563,2025,10,October,4,3,0,1
C09563,2025,12,December,5,4,0,1
C09564,2024,10,October,1,1,1,0
C09564,2025,2,February,2,2,0,1
C09564,2025,4,April,3,3,0,1
C09564,2025,6,June,4,4,0,1
C09565,2024,8,August,1,1,1,0
C09566,2025,7,July,1,1,1,0
C09567,2025,2,February,1,2,0,1
C09567,2025,6,June,3,3,0,1
C09567,2025,10,October,4,4,0,1
C09567,2025,11,November,5,5,0,1
C09568,2024,10,October,1,1,1,0
C09568,2024,12,December,3,4,0,1
C09568,2025,4,April,6,6,0,1
C09568,2025,9,September,8,7,0,1
C09568,2025,11,November,9,8,0,1
C09569,2024,8,August,1,1,1,0
C09569,2025,2,February,2,1,0,0
C09569,2025,7,July,3,2,0,1
C09569,2025,11,November,4,2,0,1
C09570,2024,9,September,1,1,1,0
C09570,2025,12,December,2,2,0,1
C09571,2024,7,July,1,1,1,0
C09571,2024,8,August,2,2,0,1
C09571,2024,9,September,3,3,0,1
C09571,2024,10,October,4,4,0,1
C09571,2024,12,December,5,5,0,1
C09571,2025,1,January,6,6,0,1
C09571,2025,5,May,7,7,0,1
C09571,2025,9,September,8,8,0,1
C09572,2024,11,November,1,1,1,0
C09572,2025,6,June,2,1,0,0
C09573,2025,2,February,1,0,1,0
C09573,2025,9,September,2,1,0,0
C09573,2025,12,December,3,2,0,1
C09574,2024,8,August,1,1,1,0
C09574,2024,9,September,2,2,0,1
C09574,2024,12,December,3,4,0,1
C09574,2025,2,February,6,5,0,1
C09574,2025,6,June,7,7,0,1
C09574,2025,7,July,9,8,0,1
C09574,2025,8,August,10,9,0,1
C09575,2024,7,July,1,1,1,0
C09575,2024,10,October,2,1,0,0
C09575,2025,8,August,3,2,0,1
C09575,2025,10,October,4,3,0,1
C09576,2024,7,July,1,1,1,0
C09576,2024,10,October,2,2,0,1
C09576,2024,12,December,4,3,0,1
C09576,2025,4,April,5,4,0,1
C09576,2025,10,October,6,5,0,1
C09577,2024,10,October,1,1,1,0
C09577,2025,3,March,2,2,0,1
C09578,2024,8,August,1,1,1,0
C09580,2024,9,September,1,1,1,0
C09580,2024,12,December,2,1,0,0
C09580,2025,2,February,3,2,0,1
C09581,2024,7,July,1,0,1,0
C09581,2024,8,August,2,1,0,0
C09581,2025,6,June,3,2,0,1
C09581,2025,7,July,4,3,0,1
C09581,2025,9,September,5,3,0,1
C09581,2025,10,October,6,4,0,1
C09581,2025,11,November,7,4,0,1
C09582,2024,7,July,1,1,1,0
C09582,2024,11,November,2,2,0,1
C09582,2025,2,February,3,3,0,1
C09582,2025,7,July,4,4,0,1
C09582,2025,8,August,5,5,0,1
C09582,2025,11,November,6,6,0,1
C09583,2024,8,August,1,1,1,0
C09583,2024,11,November,2,2,0,1
C09583,2025,6,June,3,3,0,1
C09583,2025,11,November,4,5,0,1
C09584,2024,11,November,1,1,1,0
C09584,2025,2,February,2,2,0,1
C09584,2025,4,April,3,3,0,1
C09584,2025,9,September,4,5,0,1
C09585,2024,7,July,1,1,1,0
C09585,2024,11,November,2,2,0,1
C09585,2025,6,June,3,3,0,1
C09586,2024,7,July,1,1,1,0
C09586,2024,9,September,2,1,0,0
C09586,2025,7,July,3,2,0,1
C09586,2025,11,November,4,2,0,1
C09587,2024,9,September,1,0,1,0
C09587,2024,10,October,2,1,0,0
C09588,2024,8,August,1,1,1,0
C09588,2025,6,June,2,2,0,1
C09588,2025,9,September,3,3,0,1
C09589,2025,3,March,1,1,1,0
C09589,2025,4,April,2,2,0,1
C09589,2025,7,July,3,3,0,1
C09590,2024,9,September,1,1,1,0
C09590,2024,12,December,3,1,0,0
C09590,2025,9,September,4,2,0,1
C09591,2024,7,July,1,1,1,0
C09591,2025,3,March,2,1,0,0
C09591,2025,7,July,3,2,0,1
C09591,2025,8,August,4,3,0,1
C09591,2025,12,December,5,3,0,1
C09592,2025,3,March,1,1,1,0
C09592,2025,4,April,2,2,0,1
C09592,2025,5,May,3,3,0,1
C09592,2025,6,June,4,4,0,1
C09593,2025,1,January,1,1,1,0
C09593,2025,5,May,2,2,0,1
C09593,2025,7,July,3,3,0,1
C09594,2025,5,May,1,1,1,0
C09594,2025,7,July,2,1,0,0
C09594,2025,10,October,3,2,0,1
C09595,2024,10,October,1,1,1,0
C09596,2024,7,July,1,0,1,0
C09596,2024,10,October,2,1,0,0
C09596,2024,11,November,3,3,0,1
C09596,2024,12,December,6,4,0,1
C09596,2025,1,January,7,4,0,1
C09596,2025,3,March,8,4,0,1
C09596,2025,5,May,9,4,0,1
C09596,2025,7,July,10,5,0,1
C09596,2025,9,September,11,6,0,1
C09596,2025,10,October,12,7,0,1
C09596,2025,12,December,13,8,0,1
C09597,2024,9,September,1,0,1,0
C09597,2025,4,April,2,2,0,1
C09597,2025,10,October,4,2,0,1
C09597,2025,12,December,5,3,0,1
C09598,2024,9,September,1,1,1,0
C09598,2024,11,November,2,3,0,1
C09598,2025,5,May,4,3,0,1
C09598,2025,6,June,5,4,0,1
C09598,2025,8,August,6,5,0,1
C09598,2025,9,September,7,6,0,1
C09598,2025,10,October,9,7,0,1
C09599,2025,11,November,1,0,1,0
C09600,2024,7,July,1,0,1,0
C09600,2024,8,August,2,0,0,0
C09600,2025,1,January,3,0,0,0
C09600,2025,2,February,4,2,0,1
C09600,2025,6,June,6,3,0,1
C09601,2024,8,August,1,0,1,0
C09601,2024,10,October,2,1,0,0
C09601,2025,3,March,3,2,0,1
C09601,2025,10,October,4,3,0,1
C09602,2024,7,July,1,1,1,0
C09602,2024,11,November,2,1,0,0
C09603,2024,8,August,1,1,1,0
C09603,2024,12,December,2,1,0,0
C09604,2024,10,October,1,1,1,0
C09604,2024,12,December,2,2,0,1
C09605,2024,11,November,1,1,1,0
C09605,2024,12,December,2,2,0,1
C09605,2025,7,July,3,3,0,1
C09606,2024,9,September,1,1,1,0
C09606,2025,4,April,2,2,0,1
C09606,2025,7,July,3,3,0,1
C09607,2024,11,November,1,1,1,0
C09608,2024,7,July,1,0,1,0
C09608,2024,8,August,2,1,0,0
C09608,2025,1,January,3,2,0,1
C09608,2025,5,May,4,4,0,1
C09608,2025,11,November,6,5,0,1
C09608,2025,12,December,7,6,0,1
C09609,2024,7,July,1,1,1,0
C09609,2024,12,December,2,2,0,1
C09609,2025,4,April,3,3,0,1
C09609,2025,5,May,4,4,0,1
C09609,2025,8,August,5,5,0,1
C09610,2024,8,August,1,0,1,0
C09610,2024,11,November,2,1,0,0
C09610,2025,6,June,3,2,0,1
C09610,2025,12,December,4,3,0,1
C09611,2024,8,August,1,1,1,0
C09611,2025,5,May,2,2,0,1
C09611,2025,12,December,3,3,0,1
C09612,2024,7,July,1,0,1,0
C09612,2024,12,December,2,1,0,0
C09613,2024,9,September,1,1,1,0
C09613,2025,3,March,2,2,0,1
C09613,2025,8,August,3,3,0,1
C09614,2024,12,December,1,1,1,0
C09614,2025,5,May,2,1,0,0
C09614,2025,7,July,3,2,0,1
C09615,2024,8,August,1,1,1,0
C09615,2024,11,November,2,2,0,1
C09615,2025,8,August,3,3,0,1
C09615,2025,9,September,4,4,0,1
C09615,2025,12,December,5,5,0,1
C09616,2025,3,March,1,1,1,0
C09616,2025,12,December,2,2,0,1
C09617,2024,7,July,1,1,1,0
C09617,2024,12,December,2,2,0,1
C09618,2025,4,April,1,1,1,0
C09618,2025,5,May,2,3,0,1
C09618,2025,10,October,4,4,0,1
C09619,2024,7,July,1,1,1,0
C09619,2024,8,August,2,2,0,1
C09619,2024,10,October,3,3,0,1
C09619,2024,11,November,4,4,0,1
C09619,2025,2,February,5,5,0,1
C09619,2025,3,March,6,6,0,1
C09619,2025,4,April,7,9,0,1
C09619,2025,6,June,11,10,0,1
C09619,2025,11,November,12,10,0,1
C09620,2024,7,July,1,1,1,0
C09620,2024,8,August,2,2,0,1
C09620,2024,10,October,3,3,0,1
C09620,2025,2,February,4,4,0,1
C09620,2025,5,May,5,5,0,1
C09620,2025,6,June,7,6,0,1
C09621,2024,8,August,1,1,1,0
C09621,2024,11,November,2,2,0,1
C09621,2024,12,December,3,3,0,1
C09621,2025,5,May,4,3,0,1
C09621,2025,6,June,5,4,0,1
C09621,2025,7,July,6,5,0,1
C09622,2024,11,November,1,1,1,0
C09622,2025,10,October,2,2,0,1
C09622,2025,12,December,3,3,0,1
C09624,2024,7,July,1,1,1,0
C09624,2024,8,August,2,2,0,1
C09624,2024,10,October,3,2,0,1
C09624,2025,1,January,4,2,0,1
C09624,2025,3,March,5,2,0,1
C09624,2025,5,May,6,3,0,1
C09625,2024,9,September,1,1,1,0
C09625,2024,12,December,2,1,0,0
C09625,2025,2,February,3,2,0,1
C09625,2025,5,May,4,3,0,1
C09625,2025,6,June,5,4,0,1
C09626,2024,7,July,1,0,1,0
C09626,2025,9,September,2,1,0,0
C09627,2025,10,October,1,1,1,0
C09627,2025,12,December,2,2,0,1
C09628,2024,8,August,1,1,1,0
C09628,2025,2,February,2,2,0,1
C09628,2025,5,May,3,3,0,1
C09629,2025,4,April,1,2,0,1
C09629,2025,8,August,3,3,0,1
C09629,2025,10,October,4,4,0,1
C09630,2024,12,December,1,1,1,0
C09631,2024,12,December,1,1,1,0
C09631,2025,7,July,2,2,0,1
C09631,2025,9,September,3,3,0,1
C09632,2024,7,July,1,1,1,0
C09632,2025,9,September,2,1,0,0
C09633,2025,2,February,1,1,1,0
C09633,2025,4,April,2,2,0,1
C09633,2025,6,June,3,2,0,1
C09633,2025,7,July,5,3,0,1
C09633,2025,8,August,6,4,0,1
C09633,2025,9,September,7,5,0,1
C09634,2024,9,September,1,1,1,0
C09634,2024,10,October,2,2,0,1
C09634,2025,8,August,3,3,0,1
C09634,2025,9,September,4,4,0,1
C09635,2024,9,September,1,1,1,0
C09635,2024,12,December,2,3,0,1
C09635,2025,7,July,4,4,0,1
C09636,2024,10,October,1,1,1,0
C09636,2024,11,November,2,2,0,1
C09636,2025,1,January,3,5,0,1
C09636,2025,7,July,6,6,0,1
C09636,2025,9,September,7,7,0,1
C09637,2024,10,October,1,0,1,0
C09637,2024,11,November,2,1,0,0
C09637,2025,5,May,3,2,0,1
C09637,2025,6,June,4,3,0,1
C09637,2025,10,October,5,5,0,1
C09637,2025,11,November,7,6,0,1
C09637,2025,12,December,8,7,0,1
C09638,2024,12,December,1,1,1,0
C09638,2025,3,March,2,2,0,1
C09638,2025,6,June,3,3,0,1
C09638,2025,11,November,4,3,0,1
C09639,2024,9,September,1,0,1,0
C09639,2025,3,March,2,1,0,0
C09639,2025,4,April,3,1,0,0
C09639,2025,9,September,4,2,0,1
C09640,2025,1,January,1,1,1,0
C09640,2025,2,February,2,2,0,1
C09641,2024,7,July,1,1,1,0
C09641,2024,11,November,2,2,0,1
C09641,2025,3,March,3,3,0,1
C09641,2025,4,April,4,4,0,1
C09641,2025,8,August,5,5,0,1
C09642,2024,7,July,1,1,1,0
C09642,2024,8,August,2,2,0,1
C09642,2024,10,October,3,3,0,1
C09642,2024,12,December,4,4,0,1
C09642,2025,1,January,5,4,0,1
C09642,2025,2,February,7,6,0,1
C09642,2025,3,March,9,8,0,1
C09642,2025,6,June,11,9,0,1
C09642,2025,8,August,12,10,0,1
C09642,2025,12,December,13,12,0,1
C09643,2024,7,July,1,1,1,0
C09643,2024,12,December,2,2,0,1
C09644,2025,2,February,1,1,1,0
C09644,2025,4,April,2,2,0,1
C09644,2025,8,August,3,3,0,1
C09644,2025,11,November,4,4,0,1
C09644,2025,12,December,5,5,0,1
C09645,2024,7,July,1,1,1,0
C09645,2024,8,August,2,2,0,1
C09645,2025,3,March,3,3,0,1
C09645,2025,4,April,4,4,0,1
C09645,2025,8,August,5,4,0,1
C09645,2025,10,October,6,4,0,1
C09646,2024,7,July,1,1,1,0
C09646,2024,12,December,2,2,0,1
C09647,2024,8,August,1,0,1,0
C09647,2024,10,October,2,1,0,0
C09647,2025,1,January,3,2,0,1
C09648,2025,1,January,1,0,1,0
C09648,2025,11,November,2,0,0,0
C09648,2025,12,December,3,1,0,0
C09649,2025,1,January,1,1,1,0
C09650,2024,7,July,1,0,1,0
C09650,2024,10,October,2,1,0,0
C09650,2025,2,February,3,1,0,0
C09651,2025,11,November,1,1,1,0
C09652,2024,12,December,1,1,1,0
C09652,2025,11,November,2,2,0,1
C09652,2025,12,December,3,3,0,1
C09653,2024,7,July,1,1,1,0
C09653,2024,8,August,2,3,0,1
C09653,2025,2,February,4,4,0,1
C09653,2025,4,April,5,6,0,1
C09653,2025,9,September,7,7,0,1
C09653,2025,12,December,8,8,0,1
C09654,2024,10,October,1,1,1,0
C09655,2024,8,August,1,1,1,0
C09655,2024,9,September,2,2,0,1
C09656,2024,7,July,1,1,1,0
C09656,2025,1,January,2,2,0,1
C09656,2025,5,May,3,3,0,1
C09656,2025,10,October,5,4,0,1
C09656,2025,11,November,6,6,0,1
C09656,2025,12,December,8,8,0,1
C09657,2024,7,July,1,0,1,0
C09658,2024,7,July,1,1,1,0
C09658,2024,11,November,2,2,0,1
C09658,2025,7,July,3,2,0,1
C09658,2025,8,August,4,3,0,1
C09658,2025,12,December,5,3,0,1
C09659,2024,9,September,1,0,1,0
C09659,2024,10,October,2,1,0,0
C09659,2025,1,January,3,2,0,1
C09659,2025,8,August,4,3,0,1
C09660,2024,8,August,1,1,1,0
C09660,2024,12,December,2,2,0,1
C09660,2025,4,April,3,3,0,1
C09660,2025,7,July,4,4,0,1
C09662,2025,8,August,1,0,1,0
C09663,2024,11,November,1,1,1,0
C09663,2025,1,January,2,1,0,0
C09663,2025,4,April,3,2,0,1
C09663,2025,6,June,4,4,0,1
C09664,2024,11,November,1,1,1,0
C09664,2025,10,October,2,2,0,1
C09664,2025,12,December,3,3,0,1
C09665,2025,10,October,1,1,1,0
C09666,2025,5,May,1,1,1,0
C09666,2025,11,November,2,1,0,0
C09666,2025,12,December,3,2,0,1
C09667,2024,9,September,1,2,0,1
C09667,2024,10,October,3,3,0,1
C09667,2025,2,February,4,3,0,1
C09667,2025,5,May,5,4,0,1
C09667,2025,9,September,6,5,0,1
C09668,2025,1,January,1,1,1,0
C09668,2025,2,February,2,1,0,0
C09668,2025,6,June,3,2,0,1
C09668,2025,10,October,5,2,0,1
C09668,2025,12,December,6,3,0,1
C09669,2025,1,January,1,1,1,0
C09669,2025,3,March,2,3,0,1
C09669,2025,7,July,4,3,0,1
C09669,2025,8,August,5,4,0,1
C09670,2024,7,July,1,2,0,1
C09670,2024,11,November,3,3,0,1
C09670,2024,12,December,4,4,0,1
C09670,2025,3,March,5,5,0,1
C09670,2025,6,June,7,5,0,1
C09670,2025,8,August,8,6,0,1
C09670,2025,12,December,9,7,0,1
C09671,2024,9,September,1,1,1,0
C09671,2025,6,June,2,2,0,1
C09672,2024,12,December,1,1,1,0
C09672,2025,1,January,2,2,0,1
C09673,2024,9,September,1,1,1,0
C09673,2025,3,March,2,2,0,1
C09673,2025,9,September,3,3,0,1
C09674,2025,1,January,1,0,1,0
C09674,2025,6,June,2,0,0,0
C09675,2024,7,July,1,1,1,0
C09675,2024,10,October,2,2,0,1
C09675,2024,12,December,3,4,0,1
C09675,2025,9,September,5,4,0,1
C09675,2025,11,November,6,5,0,1
C09676,2024,7,July,1,1,1,0
C09676,2024,9,September,2,1,0,0
C09676,2024,11,November,3,2,0,1
C09676,2025,2,February,4,3,0,1
C09676,2025,11,November,5,4,0,1
C09677,2024,9,September,1,1,1,0
C09677,2024,10,October,2,1,0,0
C09677,2024,11,November,3,1,0,0
C09677,2025,12,December,4,3,0,1
C09678,2024,9,September,1,0,1,0
C09678,2024,10,October,2,0,0,0
C09678,2024,11,November,3,0,0,0
C09679,2024,9,September,1,1,1,0
C09679,2024,11,November,2,2,0,1
C09679,2025,2,February,3,3,0,1
C09679,2025,3,March,4,5,0,1
C09680,2025,1,January,1,1,1,0
C09680,2025,8,August,2,2,0,1
C09680,2025,11,November,3,3,0,1
C09681,2024,7,July,1,1,1,0
C09681,2025,10,October,2,2,0,1
C09682,2024,8,August,1,1,1,0
C09682,2024,10,October,2,2,0,1
C09682,2025,1,January,3,2,0,1
C09682,2025,4,April,4,2,0,1
C09682,2025,7,July,5,3,0,1
C09682,2025,12,December,6,4,0,1
C09683,2025,3,March,1,1,1,0
C09683,2025,7,July,2,2,0,1
C09683,2025,8,August,3,3,0,1
C09683,2025,11,November,4,4,0,1
C09684,2024,8,August,1,1,1,0
C09684,2024,9,September,2,2,0,1
C09684,2024,12,December,3,2,0,1
C09684,2025,2,February,4,3,0,1
C09684,2025,11,November,5,4,0,1
C09685,2025,1,January,1,0,1,0
C09685,2025,6,June,2,1,0,0
C09686,2024,10,October,1,1,1,0
C09686,2025,2,February,2,3,0,1
C09686,2025,11,November,4,4,0,1
C09686,2025,12,December,5,5,0,1
C09687,2025,9,September,1,0,1,0
C09688,2024,12,December,1,1,1,0
C09689,2025,6,June,1,0,1,0
C09690,2024,9,September,1,1,1,0
C09690,2024,10,October,2,2,0,1
C09690,2025,3,March,3,3,0,1
C09690,2025,6,June,4,4,0,1
C09691,2025,2,February,1,2,0,1
C09691,2025,5,May,3,2,0,1
C09692,2024,7,July,1,2,0,1
C09692,2024,11,November,3,3,0,1
C09692,2025,12,December,4,4,0,1
C09693,2024,11,November,1,0,1,0
C09693,2025,2,February,2,1,0,0
C09693,2025,7,July,3,2,0,1
C09693,2025,9,September,4,3,0,1
C09694,2024,7,July,1,1,1,0
C09694,2024,11,November,2,1,0,0
C09694,2024,12,December,3,3,0,1
C09694,2025,1,January,5,5,0,1
C09694,2025,2,February,7,5,0,1
C09694,2025,3,March,8,6,0,1
C09694,2025,4,April,9,7,0,1
C09694,2025,5,May,10,9,0,1
C09694,2025,6,June,13,10,0,1
C09695,2024,10,October,1,0,1,0
C09695,2024,11,November,2,2,0,1
C09695,2025,1,January,4,3,0,1
C09695,2025,6,June,5,5,0,1
C09695,2025,10,October,8,7,0,1
C09695,2025,12,December,10,7,0,1
C09696,2024,9,September,1,2,0,1
C09696,2025,5,May,3,5,0,1
C09697,2024,8,August,1,1,1,0
C09697,2025,9,September,2,2,0,1
C09697,2025,10,October,3,3,0,1
C09698,2025,2,February,1,0,1,0
C09698,2025,4,April,2,0,0,0
C09698,2025,8,August,3,1,0,0
C09698,2025,10,October,4,2,0,1
C09698,2025,12,December,5,3,0,1
C09699,2024,10,October,1,0,1,0
C09699,2024,11,November,2,1,0,0
C09699,2024,12,December,3,2,0,1
C09699,2025,6,June,4,3,0,1
C09699,2025,7,July,5,4,0,1
C09699,2025,9,September,6,5,0,1
C09700,2024,7,July,1,2,0,1
C09700,2024,9,September,3,3,0,1
C09700,2024,10,October,4,4,0,1
C09700,2024,11,November,5,6,0,1
C09700,2024,12,December,7,7,0,1
C09700,2025,7,July,8,8,0,1
C09700,2025,8,August,9,9,0,1
C09700,2025,9,September,10,11,0,1
C09701,2024,8,August,1,1,1,0
C09701,2024,9,September,2,1,0,0
C09701,2025,5,May,3,2,0,1
C09702,2024,11,November,1,1,1,0
C09702,2025,5,May,2,2,0,1
C09703,2024,10,October,1,1,1,0
C09703,2025,2,February,2,2,0,1
C09703,2025,9,September,3,3,0,1
C09703,2025,10,October,4,4,0,1
C09703,2025,11,November,5,5,0,1
C09704,2024,10,October,1,2,0,1
C09704,2024,12,December,3,3,0,1
C09704,2025,4,April,4,4,0,1
C09704,2025,9,September,5,5,0,1
C09704,2025,10,October,6,6,0,1
C09704,2025,11,November,7,8,0,1
C09705,2025,3,March,1,1,1,0
C09705,2025,4,April,2,2,0,1
C09705,2025,5,May,4,3,0,1
C09705,2025,7,July,5,5,0,1
C09705,2025,11,November,7,6,0,1
C09706,2024,8,August,1,0,1,0
C09706,2025,3,March,2,1,0,0
C09706,2025,7,July,4,2,0,1
C09706,2025,9,September,5,2,0,1
C09707,2025,2,February,1,1,1,0
C09707,2025,4,April,2,2,0,1
C09707,2025,5,May,3,3,0,1
C09708,2024,9,September,1,1,1,0
C09708,2024,10,October,2,2,0,1
C09708,2025,2,February,4,3,0,1
C09709,2025,1,January,1,2,0,1
C09709,2025,3,March,3,3,0,1
C09709,2025,6,June,4,4,0,1
C09709,2025,8,August,5,5,0,1
C09710,2024,7,July,1,1,1,0
C09710,2025,1,January,3,2,0,1
C09710,2025,4,April,4,3,0,1
C09710,2025,9,September,5,4,0,1
C09710,2025,11,November,6,5,0,1
C09711,2024,7,July,1,1,1,0
C09711,2025,3,March,2,2,0,1
C09711,2025,8,August,3,3,0,1
C09711,2025,11,November,4,4,0,1
C09712,2024,10,October,1,1,1,0
C09712,2025,5,May,2,2,0,1
C09712,2025,11,November,3,3,0,1
C09712,2025,12,December,4,4,0,1
C09713,2024,9,September,1,1,1,0
C09713,2024,10,October,2,1,0,0
C09713,2024,11,November,3,4,0,1
C09713,2025,2,February,6,5,0,1
C09713,2025,3,March,8,5,0,1
C09713,2025,4,April,9,7,0,1
C09713,2025,9,September,11,8,0,1
C09713,2025,12,December,12,9,0,1
C09714,2024,7,July,1,1,1,0
C09714,2024,10,October,2,2,0,1
C09714,2025,5,May,3,3,0,1
C09714,2025,6,June,4,4,0,1
C09715,2024,8,August,1,1,1,0
C09716,2024,10,October,1,1,1,0
C09716,2025,6,June,2,2,0,1
C09716,2025,9,September,3,3,0,1
C09716,2025,11,November,4,5,0,1
C09717,2024,7,July,1,1,1,0
C09717,2024,9,September,2,2,0,1
C09717,2025,1,January,3,2,0,1
C09718,2025,8,August,1,1,1,0
C09718,2025,12,December,2,2,0,1
C09720,2025,5,May,1,1,1,0
C09720,2025,6,June,2,1,0,0
C09720,2025,8,August,3,2,0,1
C09721,2024,10,October,1,0,1,0
C09721,2025,8,August,2,1,0,0
C09722,2025,8,August,1,1,1,0
C09722,2025,11,November,2,1,0,0
C09723,2024,7,July,1,0,1,0
C09723,2024,8,August,2,1,0,0
C09723,2025,6,June,3,2,0,1
C09723,2025,7,July,4,3,0,1
C09724,2024,9,September,1,1,1,0
C09724,2024,11,November,2,2,0,1
C09724,2025,1,January,3,3,0,1
C09724,2025,6,June,4,4,0,1
C09725,2024,10,October,1,1,1,0
C09725,2024,12,December,2,1,0,0
C09725,2025,3,March,3,2,0,1
C09725,2025,10,October,4,4,0,1
C09725,2025,12,December,6,5,0,1
C09726,2024,9,September,1,1,1,0
C09726,2024,11,November,2,2,0,1
C09726,2025,2,February,3,4,0,1
C09726,2025,5,May,5,6,0,1
C09727,2024,10,October,1,1,1,0
C09727,2025,7,July,2,2,0,1
C09727,2025,9,September,3,3,0,1
C09728,2024,11,November,1,1,1,0
C09728,2024,12,December,2,2,0,1
C09728,2025,8,August,3,3,0,1
C09728,2025,9,September,4,3,0,1
C09728,2025,10,October,5,4,0,1
C09729,2024,9,September,1,1,1,0
C09729,2025,1,January,2,2,0,1
C09729,2025,4,April,4,3,0,1
C09730,2024,8,August,1,1,1,0
C09730,2024,12,December,2,1,0,0
C09730,2025,1,January,3,2,0,1
C09730,2025,2,February,4,3,0,1
C09730,2025,9,September,5,4,0,1
C09731,2024,7,July,1,1,1,0
C09731,2024,9,September,2,2,0,1
C09731,2025,7,July,3,3,0,1
C09731,2025,8,August,4,4,0,1
C09731,2025,9,September,5,4,0,1
C09732,2024,8,August,1,1,1,0
C09732,2025,1,January,2,2,0,1
C09733,2025,5,May,1,0,1,0
C09733,2025,12,December,2,1,0,0
C09734,2024,8,August,1,1,1,0
C09734,2024,10,October,2,1,0,0
C09734,2024,11,November,3,2,0,1
C09734,2024,12,December,4,3,0,1
C09734,2025,4,April,5,4,0,1
C09734,2025,7,July,6,4,0,1
C09734,2025,8,August,7,6,0,1
C09734,2025,11,November,9,7,0,1
C09734,2025,12,December,10,9,0,1
C09735,2024,8,August,1,1,1,0
C09735,2024,11,November,2,3,0,1
C09735,2025,6,June,4,5,0,1
C09735,2025,7,July,6,7,0,1
C09736,2024,8,August,1,1,1,0
C09736,2024,12,December,2,2,0,1
C09736,2025,4,April,3,3,0,1
C09736,2025,7,July,4,4,0,1
C09736,2025,8,August,5,5,0,1
C09736,2025,10,October,6,6,0,1
C09737,2024,12,December,1,0,1,0
C09737,2025,1,January,2,2,0,1
C09737,2025,9,September,4,3,0,1
C09738,2024,9,September,1,1,1,0
C09738,2025,2,February,2,2,0,1
C09738,2025,4,April,3,3,0,1
C09740,2024,9,September,1,1,1,0
C09740,2024,10,October,3,3,0,1
C09740,2024,11,November,5,4,0,1
C09740,2025,7,July,6,4,0,1
C09740,2025,9,September,7,5,0,1
C09740,2025,12,December,8,6,0,1
C09741,2024,11,November,1,1,1,0
C09741,2025,3,March,2,2,0,1
C09741,2025,7,July,3,3,0,1
C09742,2024,8,August,1,1,1,0
C09742,2024,9,September,2,2,0,1
C09742,2025,4,April,3,4,0,1
C09742,2025,5,May,5,5,0,1
C09742,2025,7,July,6,7,0,1
C09742,2025,9,September,8,8,0,1
C09742,2025,10,October,9,9,0,1
C09742,2025,12,December,10,10,0,1
C09743,2024,9,September,1,0,1,0
C09743,2025,3,March,2,1,0,0
C09743,2025,6,June,3,1,0,0
C09744,2024,8,August,1,1,1,0
C09744,2024,10,October,2,1,0,0
C09744,2025,6,June,3,2,0,1
C09745,2024,7,July,1,0,1,0
C09745,2024,11,November,2,1,0,0
C09745,2025,4,April,3,2,0,1
C09745,2025,11,November,4,3,0,1
C09746,2024,11,November,1,1,1,0
C09746,2025,4,April,2,2,0,1
C09747,2025,12,December,1,1,1,0
C09748,2025,4,April,1,1,1,0
C09749,2024,7,July,1,1,1,0
C09749,2025,2,February,2,1,0,0
C09749,2025,3,March,3,2,0,1
C09749,2025,4,April,4,4,0,1
C09749,2025,5,May,6,4,0,1
C09749,2025,7,July,7,5,0,1
C09751,2025,8,August,1,1,1,0
C09752,2024,10,October,1,1,1,0
C09752,2025,7,July,2,2,0,1
C09752,2025,12,December,3,3,0,1
C09753,2025,3,March,1,1,1,0
C09753,2025,7,July,2,1,0,0
C09753,2025,12,December,3,2,0,1
C09754,2025,1,January,1,1,1,0
C09754,2025,5,May,2,2,0,1
C09754,2025,7,July,3,3,0,1
C09754,2025,8,August,4,4,0,1
C09754,2025,9,September,5,5,0,1
C09754,2025,12,December,6,6,0,1
C09755,2024,10,October,1,1,1,0
C09755,2024,12,December,2,2,0,1
C09755,2025,4,April,3,3,0,1
C09755,2025,7,July,4,4,0,1
C09756,2025,8,August,1,0,1,0
C09756,2025,11,November,2,1,0,0
C09757,2024,7,July,1,0,1,0
C09757,2024,8,August,2,2,0,1
C09757,2024,9,September,4,3,0,1
C09758,2024,8,August,1,0,1,0
C09758,2024,9,September,2,1,0,0
C09758,2024,10,October,3,2,0,1
C09758,2024,12,December,4,4,0,1
C09758,2025,1,January,6,5,0,1
C09758,2025,4,April,7,6,0,1
C09758,2025,7,July,8,6,0,1
C09758,2025,12,December,9,6,0,1
C09759,2025,6,June,1,1,1,0
C09760,2024,7,July,1,1,1,0
C09760,2024,8,August,2,2,0,1
C09760,2024,12,December,3,4,0,1
C09760,2025,1,January,5,5,0,1
C09760,2025,3,March,6,7,0,1
C09760,2025,11,November,8,7,0,1
C09761,2024,7,July,1,1,1,0
C09761,2024,11,November,2,1,0,0
C09761,2024,12,December,3,2,0,1
C09761,2025,1,January,4,3,0,1
C09762,2024,11,November,1,1,1,0
C09762,2024,12,December,2,2,0,1
C09762,2025,9,September,3,2,0,1
C09762,2025,10,October,4,3,0,1
C09762,2025,11,November,5,4,0,1
C09763,2025,1,January,1,1,1,0
C09763,2025,9,September,2,2,0,1
C09764,2024,8,August,1,1,1,0
C09765,2025,1,January,1,1,1,0
C09765,2025,9,September,2,2,0,1
C09765,2025,11,November,3,3,0,1
C09768,2024,7,July,1,1,1,0
C09768,2024,10,October,2,2,0,1
C09768,2024,11,November,3,3,0,1
C09768,2024,12,December,4,4,0,1
C09768,2025,1,January,5,5,0,1
C09768,2025,3,March,6,6,0,1
C09768,2025,9,September,7,7,0,1
C09769,2024,12,December,1,1,1,0
C09769,2025,8,August,2,2,0,1
C09769,2025,12,December,3,3,0,1
C09770,2025,4,April,1,1,1,0
C09771,2025,4,April,1,1,1,0
C09771,2025,8,August,2,2,0,1
C09773,2025,6,June,1,1,1,0
C09774,2024,11,November,1,0,1,0
C09774,2025,1,January,2,1,0,0
C09775,2025,3,March,1,0,1,0
C09775,2025,6,June,2,1,0,0
C09776,2025,6,June,1,1,1,0
C09776,2025,11,November,2,2,0,1
C09776,2025,12,December,3,3,0,1
C09777,2024,9,September,1,1,1,0
C09778,2024,8,August,1,1,1,0
C09778,2024,9,September,2,1,0,0
C09778,2024,11,November,3,1,0,0
C09778,2025,6,June,4,3,0,1
C09778,2025,8,August,6,4,0,1
C09779,2025,5,May,1,1,1,0
C09779,2025,8,August,2,2,0,1
C09779,2025,12,December,3,4,0,1
C09780,2025,2,February,1,1,1,0
C09780,2025,9,September,2,2,0,1
C09780,2025,10,October,3,3,0,1
C09781,2024,7,July,1,1,1,0
C09781,2024,9,September,2,2,0,1
C09781,2024,10,October,3,3,0,1
C09782,2024,8,August,1,1,1,0
C09782,2024,12,December,2,2,0,1
C09782,2025,10,October,3,3,0,1
C09783,2024,12,December,1,1,1,0
C09783,2025,7,July,2,2,0,1
C09783,2025,12,December,3,3,0,1
C09784,2024,7,July,1,1,1,0
C09784,2024,10,October,2,3,0,1
C09785,2025,2,February,1,1,1,0
C09785,2025,3,March,2,2,0,1
C09785,2025,11,November,3,3,0,1
C09786,2024,7,July,1,0,1,0
C09786,2024,9,September,2,1,0,0
C09786,2025,11,November,3,2,0,1
C09788,2024,12,December,1,1,1,0
C09788,2025,4,April,2,1,0,0
C09789,2025,2,February,1,1,1,0
C09789,2025,6,June,2,1,0,0
C09789,2025,8,August,3,1,0,0
C09789,2025,9,September,4,2,0,1
C09790,2024,12,December,1,1,1,0
C09790,2025,1,January,2,2,0,1
C09790,2025,5,May,3,3,0,1
C09790,2025,6,June,4,3,0,1
C09790,2025,9,September,5,4,0,1
C09790,2025,11,November,6,5,0,1
C09791,2024,11,November,1,1,1,0
C09791,2025,4,April,2,3,0,1
C09791,2025,10,October,4,3,0,1
C09791,2025,12,December,5,3,0,1
C09792,2025,2,February,1,1,1,0
C09792,2025,4,April,2,2,0,1
C09793,2024,8,August,1,1,1,0
C09793,2024,12,December,2,2,0,1
C09793,2025,4,April,3,3,0,1
C09793,2025,9,September,4,4,0,1
C09793,2025,10,October,5,6,0,1
C09794,2024,8,August,1,0,1,0
C09794,2024,10,October,2,0,0,0
C09794,2025,1,January,3,1,0,0
C09794,2025,4,April,4,2,0,1
C09794,2025,5,May,5,3,0,1
C09795,2024,7,July,1,1,1,0
C09795,2025,4,April,2,2,0,1
C09795,2025,9,September,3,3,0,1
C09796,2024,9,September,1,2,0,1
C09796,2025,2,February,3,3,0,1
C09796,2025,8,August,4,4,0,1
C09797,2024,7,July,1,1,1,0
C09797,2024,8,August,2,2,0,1
C09797,2025,1,January,3,3,0,1
C09798,2024,7,July,1,1,1,0
C09798,2024,8,August,2,1,0,0
C09798,2025,6,June,3,2,0,1
C09798,2025,9,September,4,3,0,1
C09799,2024,8,August,1,1,1,0
C09799,2024,10,October,2,3,0,1
C09800,2025,6,June,1,0,1,0
C09802,2024,7,July,1,1,1,0
C09802,2024,12,December,2,2,0,1
C09803,2024,11,November,1,1,1,0
C09804,2025,8,August,1,1,1,0
C09805,2024,7,July,1,1,1,0
C09805,2024,10,October,2,2,0,1
C09805,2024,12,December,3,3,0,1
C09805,2025,3,March,4,4,0,1
C09805,2025,8,August,6,5,0,1
C09805,2025,11,November,7,6,0,1
C09805,2025,12,December,8,7,0,1
C09806,2024,9,September,1,1,1,0
C09806,2024,12,December,2,2,0,1
C09806,2025,4,April,3,3,0,1
C09806,2025,8,August,4,4,0,1
C09807,2025,3,March,1,1,1,0
C09807,2025,5,May,2,2,0,1
C09807,2025,11,November,3,3,0,1
C09808,2024,7,July,1,1,1,0
C09808,2025,3,March,2,3,0,1
C09808,2025,5,May,4,6,0,1
C09808,2025,6,June,7,7,0,1
C09808,2025,11,November,8,8,0,1
C09809,2024,8,August,1,1,1,0
C09809,2024,9,September,2,2,0,1
C09809,2025,1,January,3,3,0,1
C09809,2025,10,October,4,4,0,1
C09810,2024,11,November,1,1,1,0
C09810,2025,2,February,2,2,0,1
C09810,2025,4,April,3,3,0,1
C09811,2024,7,July,1,1,1,0
C09811,2024,8,August,2,2,0,1
C09811,2025,2,February,3,4,0,1
C09811,2025,5,May,5,6,0,1
C09812,2024,12,December,1,1,1,0
C09812,2025,6,June,2,1,0,0
C09813,2024,10,October,1,2,0,1
C09813,2024,11,November,3,3,0,1
C09813,2025,1,January,4,3,0,1
C09813,2025,3,March,6,4,0,1
C09813,2025,7,July,7,5,0,1
C09814,2024,7,July,1,1,1,0
C09814,2024,9,September,2,2,0,1
C09814,2024,10,October,3,3,0,1
C09814,2024,11,November,4,4,0,1
C09814,2024,12,December,5,4,0,1
C09814,2025,5,May,6,5,0,1
C09814,2025,6,June,7,6,0,1
C09814,2025,7,July,8,7,0,1
C09814,2025,8,August,9,8,0,1
C09814,2025,10,October,10,9,0,1
C09816,2024,9,September,1,1,1,0
C09816,2025,5,May,2,2,0,1
C09816,2025,6,June,3,3,0,1
C09816,2025,11,November,5,4,0,1
C09817,2024,10,October,1,1,1,0
C09817,2025,9,September,2,1,0,0
C09817,2025,10,October,3,2,0,1
C09817,2025,12,December,4,3,0,1
C09818,2025,1,January,1,1,1,0
C09818,2025,7,July,2,2,0,1
C09818,2025,10,October,3,3,0,1
C09819,2024,11,November,1,2,0,1
C09819,2024,12,December,3,3,0,1
C09819,2025,2,February,4,4,0,1
C09819,2025,4,April,5,5,0,1
C09819,2025,6,June,6,7,0,1
C09819,2025,9,September,8,8,0,1
C09819,2025,11,November,9,10,0,1
C09820,2024,10,October,1,1,1,0
C09821,2024,11,November,1,1,1,0
C09821,2025,1,January,2,2,0,1
C09822,2024,7,July,1,1,1,0
C09822,2024,10,October,2,2,0,1
C09822,2025,5,May,3,2,0,1
C09823,2024,7,July,1,1,1,0
C09825,2025,2,February,1,1,1,0
C09826,2024,7,July,1,1,1,0
C09826,2025,5,May,2,2,0,1
C09826,2025,9,September,3,3,0,1
C09826,2025,11,November,4,4,0,1
C09827,2024,8,August,1,1,1,0
C09827,2025,1,January,2,2,0,1
C09827,2025,4,April,3,3,0,1
C09827,2025,10,October,4,5,0,1
C09828,2024,11,November,1,0,1,0
C09828,2025,2,February,2,1,0,0
C09828,2025,10,October,3,2,0,1
C09828,2025,12,December,4,2,0,1
C09829,2024,9,September,1,1,1,0
C09829,2025,6,June,2,1,0,0
C09829,2025,7,July,3,3,0,1
C09829,2025,8,August,5,4,0,1
C09829,2025,9,September,7,5,0,1
C09830,2024,12,December,1,1,1,0
C09830,2025,5,May,2,2,0,1
C09830,2025,11,November,3,3,0,1
C09831,2024,9,September,1,1,1,0
C09831,2024,10,October,2,2,0,1
C09831,2025,4,April,3,3,0,1
C09831,2025,7,July,4,5,0,1
C09831,2025,11,November,6,6,0,1
C09832,2024,7,July,1,1,1,0
C09832,2024,9,September,2,3,0,1
C09832,2025,3,March,4,5,0,1
C09832,2025,6,June,6,6,0,1
C09832,2025,7,July,7,7,0,1
C09833,2024,11,November,1,1,1,0
C09833,2024,12,December,2,2,0,1
C09833,2025,4,April,3,3,0,1
C09833,2025,5,May,4,4,0,1
C09833,2025,6,June,5,4,0,1
C09833,2025,8,August,6,5,0,1
C09833,2025,9,September,7,6,0,1
C09833,2025,12,December,8,6,0,1
C09834,2024,9,September,1,1,1,0
C09834,2024,10,October,2,1,0,0
C09834,2024,11,November,3,2,0,1
C09834,2025,4,April,4,3,0,1
C09834,2025,8,August,5,6,0,1
C09834,2025,11,November,8,7,0,1
C09835,2024,10,October,1,2,0,1
C09835,2025,10,October,3,3,0,1
C09835,2025,11,November,4,4,0,1
C09836,2025,11,November,1,1,1,0
C09838,2024,7,July,1,1,1,0
C09838,2024,8,August,2,1,0,0
C09838,2024,10,October,3,2,0,1
C09838,2024,11,November,4,3,0,1
C09838,2024,12,December,5,3,0,1
C09838,2025,2,February,6,5,0,1
C09838,2025,6,June,8,6,0,1
C09838,2025,7,July,9,6,0,1
C09838,2025,8,August,10,7,0,1
C09838,2025,9,September,11,8,0,1
C09839,2024,11,November,1,1,1,0
C09839,2024,12,December,2,2,0,1
C09839,2025,3,March,3,3,0,1
C09840,2024,7,July,1,2,0,1
C09840,2024,8,August,3,4,0,1
C09840,2024,9,September,5,5,0,1
C09840,2025,4,April,6,6,0,1
C09840,2025,5,May,7,7,0,1
C09840,2025,11,November,8,8,0,1
C09841,2025,6,June,1,1,1,0
C09841,2025,8,August,2,2,0,1
C09842,2024,9,September,1,1,1,0
C09842,2024,11,November,2,2,0,1
C09843,2024,10,October,1,1,1,0
C09843,2025,8,August,2,1,0,0
C09843,2025,9,September,3,2,0,1
C09843,2025,12,December,4,3,0,1
C09844,2024,10,October,1,1,1,0
C09844,2025,7,July,2,3,0,1
C09844,2025,11,November,4,4,0,1
C09845,2024,7,July,1,0,1,0
C09845,2024,11,November,2,0,0,0
C09845,2025,2,February,3,0,0,0
C09845,2025,8,August,4,1,0,0
C09845,2025,10,October,5,1,0,0
C09845,2025,11,November,6,1,0,0
C09846,2024,7,July,1,1,1,0
C09846,2024,9,September,2,4,0,1
C09846,2024,11,November,6,5,0,1
C09846,2025,4,April,7,7,0,1
C09846,2025,5,May,9,8,0,1
C09846,2025,8,August,10,9,0,1
C09846,2025,11,November,11,10,0,1
C09847,2024,9,September,1,1,1,0
C09847,2025,3,March,2,2,0,1
C09847,2025,4,April,3,3,0,1
C09847,2025,8,August,5,4,0,1
C09848,2024,11,November,1,0,1,0
C09848,2025,1,January,2,1,0,0
C09848,2025,4,April,3,2,0,1
C09848,2025,5,May,4,2,0,1
C09848,2025,7,July,5,3,0,1
C09848,2025,11,November,6,5,0,1
C09848,2025,12,December,8,6,0,1
C09849,2025,4,April,1,2,0,1
C09849,2025,6,June,3,3,0,1
C09849,2025,12,December,4,4,0,1
C09850,2025,6,June,1,0,1,0
C09850,2025,7,July,2,0,0,0
C09851,2024,7,July,1,0,1,0
C09851,2024,11,November,2,1,0,0
C09851,2025,12,December,4,2,0,1
C09852,2024,8,August,1,1,1,0
C09852,2025,4,April,2,2,0,1
C09852,2025,9,September,3,3,0,1
C09852,2025,11,November,4,4,0,1
C09853,2025,1,January,1,1,1,0
C09853,2025,6,June,2,2,0,1
C09853,2025,7,July,3,3,0,1
C09853,2025,12,December,4,4,0,1
C09854,2024,7,July,1,1,1,0
C09854,2024,11,November,2,2,0,1
C09854,2025,5,May,3,3,0,1
C09855,2025,4,April,1,0,1,0
C09856,2024,7,July,1,1,1,0
C09856,2024,8,August,2,2,0,1
C09856,2024,12,December,3,3,0,1
C09856,2025,7,July,5,3,0,1
C09857,2025,6,June,1,1,1,0
C09858,2025,4,April,1,0,1,0
C09858,2025,7,July,2,1,0,0
C09858,2025,11,November,3,2,0,1
C09859,2024,9,September,1,2,0,1
C09859,2024,11,November,3,3,0,1
C09860,2024,10,October,1,1,1,0
C09860,2025,1,January,2,2,0,1
C09860,2025,10,October,3,3,0,1
C09861,2024,7,July,1,1,1,0
C09861,2024,8,August,2,2,0,1
C09861,2024,9,September,3,3,0,1
C09861,2024,10,October,4,4,0,1
C09861,2025,4,April,5,5,0,1
C09861,2025,5,May,6,6,0,1
C09861,2025,8,August,7,7,0,1
C09861,2025,10,October,10,8,0,1
C09862,2024,8,August,1,0,1,0
C09862,2024,10,October,2,2,0,1
C09862,2024,12,December,4,3,0,1
C09862,2025,2,February,5,4,0,1
C09862,2025,9,September,6,4,0,1
C09862,2025,10,October,7,5,0,1
C09863,2025,2,February,1,1,1,0
C09863,2025,9,September,2,2,0,1
C09863,2025,10,October,3,3,0,1
C09864,2024,7,July,1,1,1,0
C09864,2025,9,September,2,2,0,1
C09864,2025,12,December,3,3,0,1
C09865,2024,7,July,1,1,1,0
C09865,2024,11,November,2,2,0,1
C09865,2025,9,September,3,3,0,1
C09865,2025,10,October,4,3,0,1
C09865,2025,12,December,5,4,0,1
C09866,2024,7,July,1,1,1,0
C09867,2024,11,November,1,1,1,0
C09868,2024,7,July,1,0,1,0
C09869,2024,8,August,1,1,1,0
C09870,2024,10,October,1,1,1,0
C09870,2025,1,January,2,1,0,0
C09870,2025,3,March,3,2,0,1
C09870,2025,8,August,4,3,0,1
C09870,2025,9,September,5,3,0,1
C09871,2024,11,November,1,1,1,0
C09871,2025,7,July,2,2,0,1
C09871,2025,11,November,3,3,0,1
C09872,2024,11,November,1,1,1,0
C09872,2025,11,November,2,2,0,1
C09872,2025,12,December,3,3,0,1
C09873,2024,8,August,1,2,0,1
C09873,2025,5,May,3,3,0,1
C09873,2025,7,July,4,3,0,1
C09873,2025,8,August,5,4,0,1
C09874,2024,10,October,1,1,1,0
C09874,2024,12,December,2,1,0,0
C09874,2025,2,February,3,2,0,1
C09874,2025,4,April,4,3,0,1
C09875,2024,8,August,1,1,1,0
C09875,2024,9,September,2,2,0,1
C09875,2024,10,October,3,3,0,1
C09875,2024,12,December,4,3,0,1
C09875,2025,2,February,5,4,0,1
C09875,2025,6,June,6,5,0,1
C09875,2025,7,July,7,6,0,1
C09875,2025,8,August,8,7,0,1
C09875,2025,9,September,9,8,0,1
C09875,2025,10,October,10,9,0,1
C09876,2024,11,November,1,2,0,1
C09876,2025,12,December,3,3,0,1
C09877,2024,9,September,1,1,1,0
C09877,2024,12,December,2,2,0,1
C09877,2025,10,October,3,3,0,1
C09878,2025,5,May,1,1,1,0
C09878,2025,9,September,2,2,0,1
C09878,2025,12,December,3,3,0,1
C09879,2025,7,July,1,1,1,0
C09879,2025,9,September,2,2,0,1
C09880,2025,3,March,1,1,1,0
C09880,2025,8,August,2,2,0,1
C09880,2025,12,December,3,3,0,1
C09881,2024,8,August,1,1,1,0
C09881,2024,9,September,3,2,0,1
C09881,2024,10,October,4,3,0,1
C09881,2024,12,December,5,4,0,1
C09881,2025,3,March,6,5,0,1
C09881,2025,7,July,7,6,0,1
C09881,2025,8,August,8,7,0,1
C09881,2025,10,October,9,8,0,1
C09882,2024,11,November,1,1,1,0
C09882,2024,12,December,2,2,0,1
C09882,2025,1,January,3,3,0,1
C09882,2025,3,March,4,4,0,1
C09882,2025,8,August,5,5,0,1
C09882,2025,10,October,7,6,0,1
C09882,2025,11,November,8,8,0,1
C09882,2025,12,December,11,9,0,1
C09883,2024,7,July,1,1,1,0
C09883,2024,9,September,2,2,0,1
C09883,2024,10,October,3,3,0,1
C09883,2025,1,January,4,5,0,1
C09883,2025,3,March,6,5,0,1
C09883,2025,4,April,7,6,0,1
C09884,2025,7,July,1,1,1,0
C09885,2024,10,October,1,1,1,0
C09885,2024,11,November,2,1,0,0
C09886,2024,8,August,1,0,1,0
C09886,2024,9,September,2,1,0,0
C09886,2025,2,February,3,2,0,1
C09886,2025,6,June,4,3,0,1
C09886,2025,7,July,5,4,0,1
C09886,2025,8,August,6,4,0,1
C09886,2025,12,December,7,5,0,1
C09887,2025,1,January,1,1,1,0
C09887,2025,5,May,2,2,0,1
C09887,2025,6,June,3,3,0,1
C09887,2025,7,July,4,4,0,1
C09888,2024,10,October,1,1,1,0
C09888,2024,11,November,2,2,0,1
C09889,2024,8,August,1,1,1,0
C09889,2024,10,October,2,2,0,1
C09889,2025,4,April,3,3,0,1
C09889,2025,11,November,4,4,0,1
C09890,2025,2,February,1,1,1,0
C09890,2025,11,November,2,2,0,1
C09891,2024,7,July,1,1,1,0
C09891,2024,8,August,2,2,0,1
C09891,2025,2,February,3,3,0,1
C09891,2025,5,May,4,4,0,1
C09891,2025,11,November,5,5,0,1
C09892,2024,11,November,1,1,1,0
C09892,2025,2,February,2,2,0,1
C09892,2025,3,March,3,4,0,1
C09893,2025,1,January,1,1,1,0
C09893,2025,2,February,2,2,0,1
C09893,2025,3,March,3,4,0,1
C09893,2025,4,April,5,5,0,1
C09893,2025,5,May,6,6,0,1
C09893,2025,8,August,8,7,0,1
C09893,2025,9,September,9,8,0,1
C09894,2024,10,October,1,1,1,0
C09894,2025,4,April,2,2,0,1
C09894,2025,11,November,3,2,0,1
C09894,2025,12,December,4,3,0,1
C09895,2024,10,October,1,1,1,0
C09895,2025,4,April,2,2,0,1
C09895,2025,12,December,3,3,0,1
C09896,2024,7,July,1,1,1,0
C09897,2025,8,August,1,1,1,0
C09897,2025,11,November,2,2,0,1
C09898,2025,2,February,1,2,0,1
C09898,2025,5,May,3,2,0,1
C09898,2025,6,June,4,3,0,1
C09899,2024,11,November,1,0,1,0
C09899,2025,11,November,2,1,0,0
C09900,2025,1,January,1,1,1,0
C09900,2025,10,October,2,1,0,0
C09900,2025,12,December,3,2,0,1
C09901,2025,3,March,1,0,1,0
C09901,2025,6,June,2,2,0,1
C09901,2025,8,August,4,3,0,1
C09901,2025,10,October,5,4,0,1
C09902,2025,1,January,1,1,1,0
C09902,2025,2,February,2,2,0,1
C09902,2025,10,October,3,2,0,1
C09903,2024,10,October,1,1,1,0
C09903,2025,3,March,2,2,0,1
C09903,2025,8,August,3,5,0,1
C09904,2024,8,August,1,1,1,0
C09904,2024,11,November,2,2,0,1
C09904,2024,12,December,3,4,0,1
C09904,2025,1,January,5,5,0,1
C09904,2025,3,March,6,6,0,1
C09904,2025,5,May,7,7,0,1
C09904,2025,6,June,8,8,0,1
C09904,2025,8,August,11,8,0,1
C09904,2025,9,September,12,9,0,1
C09904,2025,11,November,13,10,0,1
C09905,2024,8,August,1,2,0,1
C09905,2024,9,September,3,3,0,1
C09905,2024,11,November,4,4,0,1
C09905,2024,12,December,5,5,0,1
C09905,2025,6,June,6,5,0,1
C09906,2024,9,September,1,1,1,0
C09906,2025,9,September,2,2,0,1
C09906,2025,10,October,3,2,0,1
C09907,2024,10,October,1,1,1,0
C09907,2025,1,January,2,5,0,1
C09907,2025,2,February,7,8,0,1
C09907,2025,3,March,10,9,0,1
C09908,2025,2,February,1,1,1,0
C09908,2025,11,November,2,2,0,1
C09909,2024,7,July,1,1,1,0
C09909,2024,10,October,2,2,0,1
C09909,2025,4,April,3,3,0,1
C09910,2024,10,October,1,1,1,0
C09910,2025,1,January,2,2,0,1
C09910,2025,2,February,3,3,0,1
C09910,2025,4,April,4,4,0,1
C09911,2025,6,June,1,1,1,0
C09911,2025,12,December,2,3,0,1
C09912,2024,11,November,1,1,1,0
C09912,2025,5,May,2,2,0,1
C09912,2025,12,December,3,3,0,1
C09913,2024,9,September,1,1,1,0
C09913,2025,4,April,2,2,0,1
C09913,2025,6,June,3,3,0,1
C09913,2025,7,July,4,4,0,1
C09914,2024,8,August,1,1,1,0
C09914,2024,12,December,2,2,0,1
C09914,2025,6,June,3,3,0,1
C09914,2025,10,October,4,3,0,1
C09914,2025,12,December,5,3,0,1
C09915,2024,9,September,1,1,1,0
C09915,2024,11,November,2,2,0,1
C09915,2025,1,January,3,3,0,1
C09915,2025,5,May,4,4,0,1
C09915,2025,6,June,5,5,0,1
C09916,2024,9,September,1,1,1,0
C09916,2025,5,May,2,1,0,0
C09916,2025,7,July,3,2,0,1
C09916,2025,8,August,4,3,0,1
C09916,2025,12,December,5,4,0,1
C09917,2024,8,August,1,1,1,0
C09917,2025,1,January,2,2,0,1
C09917,2025,4,April,4,4,0,1
C09917,2025,7,July,6,5,0,1
C09917,2025,8,August,7,6,0,1
C09917,2025,10,October,8,7,0,1
C09917,2025,11,November,10,8,0,1
C09918,2024,11,November,1,0,1,0
C09918,2025,9,September,2,1,0,0
C09918,2025,11,November,3,2,0,1
C09919,2024,9,September,1,1,1,0
C09920,2024,8,August,1,1,1,0
C09920,2024,12,December,2,2,0,1
C09920,2025,3,March,3,3,0,1
C09920,2025,5,May,4,5,0,1
C09920,2025,12,December,6,8,0,1
C09921,2024,9,September,1,1,1,0
C09921,2024,12,December,2,2,0,1
C09921,2025,5,May,3,2,0,1
C09922,2025,2,February,1,1,1,0
C09922,2025,5,May,2,2,0,1
C09922,2025,8,August,3,3,0,1
C09922,2025,9,September,4,3,0,1
C09923,2025,1,January,1,3,0,1
C09923,2025,8,August,4,3,0,1
C09924,2024,11,November,1,0,1,0
C09924,2025,8,August,2,0,0,0
C09924,2025,9,September,3,1,0,0
C09925,2024,8,August,1,1,1,0
C09925,2025,8,August,2,2,0,1
C09926,2024,9,September,1,1,1,0
C09926,2024,10,October,2,2,0,1
C09926,2024,11,November,3,3,0,1
C09926,2024,12,December,4,4,0,1
C09926,2025,7,July,5,5,0,1
C09926,2025,10,October,6,6,0,1
C09926,2025,11,November,7,7,0,1
C09926,2025,12,December,8,8,0,1
C09927,2024,10,October,1,1,1,0
C09927,2024,12,December,2,2,0,1
C09927,2025,4,April,3,4,0,1
C09927,2025,9,September,5,5,0,1
C09928,2025,11,November,1,0,1,0
C09929,2024,12,December,1,0,1,0
C09929,2025,2,February,2,0,0,0
C09929,2025,4,April,3,1,0,0
C09929,2025,5,May,4,3,0,1
C09929,2025,6,June,6,4,0,1
C09929,2025,9,September,7,5,0,1
C09930,2024,9,September,1,1,1,0
C09930,2024,12,December,2,2,0,1
C09930,2025,3,March,3,3,0,1
C09930,2025,6,June,4,4,0,1
C09930,2025,8,August,5,5,0,1
C09931,2024,9,September,1,0,1,0
C09932,2024,8,August,1,0,1,0
C09932,2024,9,September,2,1,0,0
C09932,2025,3,March,3,2,0,1
C09932,2025,6,June,4,3,0,1
C09932,2025,7,July,5,5,0,1
C09933,2025,7,July,1,0,1,0
C09933,2025,11,November,2,1,0,0
C09934,2025,2,February,1,1,1,0
C09934,2025,6,June,2,2,0,1
C09934,2025,11,November,3,3,0,1
C09935,2025,1,January,1,1,1,0
C09935,2025,3,March,2,2,0,1
C09935,2025,5,May,3,3,0,1
C09935,2025,6,June,4,4,0,1
C09935,2025,8,August,5,5,0,1
C09935,2025,9,September,6,6,0,1
C09936,2024,12,December,1,0,1,0
C09936,2025,5,May,2,1,0,0
C09937,2024,7,July,1,0,1,0
C09937,2025,2,February,2,1,0,0
C09937,2025,5,May,3,2,0,1
C09937,2025,7,July,4,4,0,1
C09937,2025,12,December,6,5,0,1
C09938,2024,10,October,1,1,1,0
C09938,2024,11,November,2,3,0,1
C09938,2025,3,March,4,4,0,1
C09938,2025,11,November,5,5,0,1
C09938,2025,12,December,6,7,0,1
C09939,2025,11,November,1,1,1,0
C09939,2025,12,December,2,2,0,1
C09940,2024,8,August,1,1,1,0
C09940,2024,10,October,2,2,0,1
C09940,2025,9,September,3,2,0,1
C09940,2025,12,December,4,3,0,1
C09942,2024,9,September,1,0,1,0
C09942,2025,4,April,2,1,0,0
C09942,2025,6,June,3,2,0,1
C09942,2025,12,December,4,3,0,1
C09943,2024,10,October,1,1,1,0
C09943,2025,1,January,2,2,0,1
C09943,2025,3,March,3,3,0,1
C09943,2025,6,June,4,4,0,1
C09943,2025,8,August,5,5,0,1
C09944,2024,7,July,1,1,1,0
C09944,2025,6,June,2,2,0,1
C09945,2025,11,November,1,2,0,1
C09945,2025,12,December,3,3,0,1
C09946,2024,7,July,1,1,1,0
C09946,2025,6,June,2,2,0,1
C09946,2025,8,August,3,3,0,1
C09947,2025,1,January,1,1,1,0
C09948,2024,9,September,1,0,1,0
C09948,2025,6,June,2,1,0,0
C09948,2025,11,November,3,2,0,1
C09949,2024,12,December,1,1,1,0
C09949,2025,2,February,2,1,0,0
C09949,2025,7,July,3,2,0,1
C09949,2025,9,September,4,3,0,1
C09949,2025,11,November,5,4,0,1
C09949,2025,12,December,6,5,0,1
C09950,2024,11,November,1,0,1,0
C09950,2025,1,January,2,1,0,0
C09950,2025,3,March,3,1,0,0
C09951,2025,1,January,1,1,1,0
C09951,2025,6,June,2,2,0,1
C09952,2024,12,December,1,1,1,0
C09952,2025,2,February,2,2,0,1
C09952,2025,8,August,3,3,0,1
C09952,2025,11,November,4,4,0,1
C09953,2024,7,July,1,1,1,0
C09953,2024,10,October,2,2,0,1
C09953,2025,3,March,3,4,0,1
C09953,2025,7,July,5,4,0,1
C09953,2025,12,December,6,5,0,1
C09954,2024,11,November,1,1,1,0
C09954,2024,12,December,2,2,0,1
C09954,2025,5,May,3,4,0,1
C09954,2025,6,June,5,4,0,1
C09954,2025,8,August,6,6,0,1
C09955,2025,2,February,1,1,1,0
C09955,2025,4,April,2,1,0,0
C09955,2025,6,June,4,2,0,1
C09955,2025,9,September,5,3,0,1
C09956,2025,6,June,1,1,1,0
C09956,2025,10,October,3,3,0,1
C09957,2024,7,July,1,0,1,0
C09957,2025,1,January,2,1,0,0
C09957,2025,2,February,3,2,0,1
C09957,2025,9,September,4,2,0,1
C09958,2025,2,February,1,1,1,0
C09958,2025,8,August,2,2,0,1
C09959,2024,12,December,1,1,1,0
C09960,2024,8,August,1,1,1,0
C09960,2024,9,September,2,2,0,1
C09960,2025,3,March,3,3,0,1
C09960,2025,7,July,4,4,0,1
C09960,2025,8,August,5,4,0,1
C09960,2025,11,November,6,5,0,1
C09961,2024,8,August,1,2,0,1
C09961,2024,11,November,3,3,0,1
C09961,2025,1,January,4,4,0,1
C09961,2025,8,August,5,5,0,1
C09962,2024,10,October,1,1,1,0
C09962,2025,3,March,2,1,0,0
C09963,2024,9,September,1,0,1,0
C09963,2024,11,November,2,1,0,0
C09963,2025,2,February,3,2,0,1
C09963,2025,7,July,4,3,0,1
C09963,2025,8,August,5,4,0,1
C09963,2025,9,September,6,6,0,1
C09963,2025,11,November,8,7,0,1
C09964,2024,9,September,1,1,1,0
C09964,2024,10,October,3,2,0,1
C09964,2024,12,December,5,3,0,1
C09964,2025,6,June,6,4,0,1
C09964,2025,11,November,7,5,0,1
C09965,2024,7,July,1,1,1,0
C09965,2024,9,September,2,2,0,1
C09965,2025,3,March,3,2,0,1
C09965,2025,7,July,4,3,0,1
C09965,2025,8,August,5,4,0,1
C09965,2025,9,September,6,6,0,1
C09965,2025,10,October,8,8,0,1
C09965,2025,12,December,10,8,0,1
C09966,2024,10,October,1,1,1,0
C09966,2025,2,February,2,2,0,1
C09966,2025,5,May,3,3,0,1
C09966,2025,10,October,4,4,0,1
C09967,2024,10,October,1,1,1,0
C09967,2025,2,February,2,1,0,0
C09967,2025,6,June,3,2,0,1
C09967,2025,8,August,4,3,0,1
C09968,2024,10,October,1,1,1,0
C09968,2025,8,August,2,2,0,1
C09969,2024,7,July,1,1,1,0
C09969,2025,2,February,2,2,0,1
C09969,2025,5,May,3,5,0,1
C09969,2025,7,July,6,6,0,1
C09969,2025,12,December,7,7,0,1
C09970,2024,9,September,1,1,1,0
C09970,2024,10,October,2,4,0,1
C09970,2025,2,February,5,5,0,1
C09970,2025,5,May,6,6,0,1
C09970,2025,7,July,7,7,0,1
C09971,2024,8,August,1,1,1,0
C09971,2024,10,October,3,1,0,0
C09971,2024,11,November,4,2,0,1
C09971,2025,3,March,6,3,0,1
C09971,2025,5,May,7,4,0,1
C09972,2024,8,August,1,1,1,0
C09972,2024,9,September,2,2,0,1
C09972,2024,10,October,3,2,0,1
C09972,2024,11,November,4,4,0,1
C09972,2025,1,January,6,5,0,1
C09973,2024,12,December,1,1,1,0
C09973,2025,1,January,2,1,0,0
C09973,2025,7,July,3,2,0,1
C09973,2025,10,October,4,3,0,1
C09973,2025,12,December,5,3,0,1
C09974,2024,7,July,1,1,1,0
C09974,2024,11,November,2,2,0,1
C09974,2025,5,May,3,3,0,1
C09974,2025,8,August,4,5,0,1
C09974,2025,9,September,6,6,0,1
C09975,2025,2,February,1,1,1,0
C09975,2025,5,May,3,2,0,1
C09976,2025,4,April,1,1,1,0
C09976,2025,6,June,2,2,0,1
C09976,2025,9,September,3,5,0,1
C09976,2025,10,October,6,6,0,1
C09977,2024,10,October,1,1,1,0
C09977,2024,11,November,2,2,0,1
C09977,2025,1,January,3,3,0,1
C09977,2025,2,February,4,5,0,1
C09977,2025,4,April,6,6,0,1
C09979,2024,10,October,1,1,1,0
C09979,2025,9,September,2,1,0,0
C09979,2025,10,October,3,2,0,1
C09979,2025,11,November,4,3,0,1
C09980,2024,8,August,1,1,1,0
C09980,2024,12,December,2,1,0,0
C09980,2025,4,April,3,2,0,1
C09980,2025,7,July,4,3,0,1
C09980,2025,8,August,5,3,0,1
C09980,2025,9,September,6,4,0,1
C09980,2025,10,October,7,5,0,1
C09980,2025,12,December,8,6,0,1
C09981,2024,9,September,1,0,1,0
C09981,2025,1,January,2,1,0,0
C09981,2025,4,April,3,2,0,1
C09981,2025,11,November,4,3,0,1
C09982,2024,7,July,1,1,1,0
C09983,2025,8,August,1,2,0,1
C09984,2024,8,August,1,1,1,0
C09984,2024,12,December,2,2,0,1
C09984,2025,10,October,3,3,0,1
C09985,2024,7,July,1,1,1,0
C09985,2024,10,October,2,2,0,1
C09987,2024,7,July,1,1,1,0
C09988,2024,7,July,1,0,1,0
C09988,2025,1,January,2,1,0,0
C09988,2025,11,November,3,2,0,1
C09989,2025,8,August,1,1,1,0
C09989,2025,9,September,2,2,0,1
C09990,2025,1,January,1,0,1,0
C09990,2025,2,February,2,1,0,0
C09990,2025,9,September,3,2,0,1
C09990,2025,11,November,4,3,0,1
C09990,2025,12,December,5,4,0,1
C09991,2024,9,September,1,1,1,0
C09991,2024,12,December,2,3,0,1
C09991,2025,9,September,4,4,0,1
C09992,2024,11,November,1,1,1,0
C09992,2025,3,March,2,2,0,1
C09992,2025,8,August,3,3,0,1
C09992,2025,12,December,4,3,0,1
C09993,2025,7,July,1,1,1,0
C09994,2024,10,October,1,1,1,0
C09994,2025,5,May,2,1,0,0
C09994,2025,7,July,3,2,0,1
C09994,2025,10,October,4,3,0,1
C09995,2024,10,October,1,1,1,0
C09995,2025,1,January,2,3,0,1
C09996,2024,10,October,1,1,1,0
C09996,2025,6,June,2,1,0,0
C09996,2025,8,August,3,2,0,1
C09996,2025,9,September,4,3,0,1
C09996,2025,12,December,5,4,0,1
C09997,2024,7,July,1,0,1,0
C09997,2024,8,August,2,0,0,0
C09997,2024,9,September,3,0,0,0
C09997,2025,1,January,4,1,0,0
C09997,2025,6,June,5,1,0,0
C09997,2025,7,July,6,1,0,0
C09997,2025,10,October,7,2,0,1
C09998,2024,8,August,1,1,1,0
C09998,2025,7,July,2,2,0,1
C09998,2025,9,September,3,3,0,1
C09998,2025,12,December,4,3,0,1
C09999,2024,8,August,1,1,1,0
C09999,2025,11,November,2,1,0,0
C10000,2024,7,July,1,1,1,0
C10000,2024,8,August,2,2,0,1
C10000,2025,3,March,3,3,0,1
C10000,2025,8,August,4,5,0,1
C10000,2025,9,September,6,6,0,1
C10001,2025,1,January,1,1,1,0
C10001,2025,6,June,2,3,0,1
C10001,2025,7,July,4,4,0,1
C10001,2025,9,September,5,5,0,1
C10001,2025,11,November,6,7,0,1
C10002,2024,10,October,1,1,1,0
C10002,2024,12,December,2,1,0,0
C10002,2025,2,February,3,1,0,0
C10002,2025,10,October,4,1,0,0
C10002,2025,12,December,5,2,0,1
C10004,2024,8,August,1,0,1,0
C10004,2024,10,October,2,1,0,0
C10005,2024,10,October,1,1,1,0
C10005,2025,11,November,2,3,0,1
C10007,2024,8,August,1,1,1,0
C10007,2025,3,March,2,2,0,1
C10007,2025,5,May,3,3,0,1
C10007,2025,10,October,4,4,0,1
C10008,2024,11,November,1,0,1,0
C10008,2025,1,January,2,1,0,0
C10008,2025,2,February,3,2,0,1
C10008,2025,4,April,4,3,0,1
C10008,2025,10,October,5,4,0,1
C10008,2025,11,November,6,5,0,1
C10008,2025,12,December,8,6,0,1
C10009,2024,7,July,1,1,1,0
C10009,2025,1,January,2,2,0,1
C10009,2025,7,July,3,3,0,1
C10009,2025,10,October,4,4,0,1
C10009,2025,12,December,5,4,0,1
C10010,2024,9,September,1,2,0,1
C10010,2024,10,October,3,2,0,1
C10010,2024,12,December,4,3,0,1
C10010,2025,1,January,5,4,0,1
C10010,2025,12,December,6,5,0,1
C10011,2024,7,July,1,1,1,0
C10011,2024,9,September,2,2,0,1
C10011,2025,1,January,3,3,0,1
C10011,2025,6,June,4,4,0,1
C10011,2025,7,July,5,5,0,1
C10012,2025,2,February,1,1,1,0
C10012,2025,10,October,2,2,0,1
C10013,2024,8,August,1,1,1,0
C10013,2024,10,October,2,2,0,1
C10013,2025,2,February,3,3,0,1
C10013,2025,5,May,5,4,0,1
C10013,2025,8,August,6,5,0,1
C10013,2025,9,September,7,6,0,1
C10014,2025,3,March,1,1,1,0
C10015,2024,10,October,1,1,1,0
C10015,2024,11,November,2,2,0,1
C10015,2025,11,November,3,2,0,1
C10016,2024,12,December,1,1,1,0
C10016,2025,1,January,2,2,0,1
C10017,2025,1,January,1,1,1,0
C10018,2025,11,November,1,0,1,0
C10019,2024,10,October,1,1,1,0
C10019,2024,12,December,2,3,0,1
C10019,2025,8,August,4,4,0,1
C10019,2025,12,December,5,5,0,1
C10020,2024,12,December,1,0,1,0
C10020,2025,12,December,2,0,0,0
C10021,2024,7,July,1,1,1,0
C10021,2024,9,September,2,2,0,1
C10021,2024,11,November,3,3,0,1
C10021,2025,3,March,4,4,0,1
C10021,2025,8,August,5,6,0,1
C10021,2025,11,November,7,7,0,1
C10022,2024,11,November,1,1,1,0
C10022,2025,7,July,2,2,0,1
C10023,2025,3,March,1,1,1,0
C10023,2025,10,October,2,1,0,0
C10024,2024,11,November,1,1,1,0
C10024,2024,12,December,2,2,0,1
C10025,2024,10,October,1,0,1,0
C10025,2024,11,November,2,1,0,0
C10025,2025,5,May,3,2,0,1
C10026,2024,10,October,1,0,1,0
C10026,2025,6,June,2,2,0,1
C10026,2025,10,October,4,4,0,1
C10027,2024,8,August,1,1,1,0
C10027,2024,11,November,2,1,0,0
C10027,2024,12,December,3,1,0,0
C10027,2025,1,January,4,2,0,1
C10027,2025,6,June,5,3,0,1
C10028,2024,7,July,1,1,1,0
C10028,2024,12,December,2,2,0,1
C10028,2025,9,September,3,3,0,1
C10029,2024,9,September,1,1,1,0
C10029,2024,12,December,2,2,0,1
C10029,2025,1,January,3,3,0,1
C10029,2025,3,March,4,4,0,1
C10029,2025,6,June,5,5,0,1
C10029,2025,10,October,6,6,0,1
C10029,2025,12,December,7,7,0,1
C10030,2025,10,October,1,1,1,0
C10031,2024,8,August,1,1,1,0
C10031,2024,9,September,2,2,0,1
C10031,2024,11,November,3,4,0,1
C10031,2025,1,January,5,5,0,1
C10031,2025,2,February,6,6,0,1
C10031,2025,5,May,7,11,0,1
C10031,2025,7,July,12,12,0,1
C10031,2025,8,August,13,12,0,1
C10032,2024,10,October,1,1,1,0
C10032,2025,9,September,2,2,0,1
C10033,2024,7,July,1,0,1,0
C10033,2025,3,March,2,1,0,0
C10033,2025,4,April,3,2,0,1
C10033,2025,10,October,4,3,0,1
C10034,2024,9,September,1,1,1,0
C10034,2024,11,November,2,2,0,1
C10034,2025,2,February,3,3,0,1
C10034,2025,7,July,4,4,0,1
C10034,2025,8,August,5,4,0,1
C10035,2024,7,July,1,1,1,0
C10035,2024,10,October,2,2,0,1
C10035,2024,11,November,3,3,0,1
C10035,2025,2,February,4,4,0,1
C10035,2025,4,April,5,5,0,1
C10035,2025,5,May,6,6,0,1
C10035,2025,9,September,7,7,0,1
C10036,2025,1,January,1,0,1,0
C10036,2025,11,November,2,1,0,0
C10036,2025,12,December,3,2,0,1
C10037,2025,2,February,1,1,1,0
C10037,2025,7,July,2,2,0,1
C10037,2025,8,August,3,3,0,1
C10038,2024,9,September,1,2,0,1
C10038,2024,12,December,3,3,0,1
C10038,2025,1,January,4,4,0,1
C10038,2025,7,July,5,5,0,1
C10038,2025,8,August,6,6,0,1
C10038,2025,11,November,7,7,0,1
C10038,2025,12,December,8,8,0,1
C10039,2025,10,October,1,1,1,0
C10040,2024,11,November,1,1,1,0
C10040,2025,1,January,2,2,0,1
C10040,2025,2,February,3,3,0,1
C10040,2025,3,March,4,5,0,1
C10040,2025,7,July,6,6,0,1
C10040,2025,8,August,7,7,0,1
C10041,2024,10,October,1,1,1,0
C10041,2025,3,March,2,3,0,1
C10041,2025,4,April,4,3,0,1
C10041,2025,7,July,5,4,0,1
C10041,2025,9,September,6,5,0,1
C10041,2025,10,October,7,6,0,1
C10042,2024,7,July,1,2,0,1
C10042,2024,10,October,3,3,0,1
C10042,2025,6,June,4,5,0,1
C10042,2025,9,September,6,5,0,1
C10043,2024,7,July,1,1,1,0
C10043,2024,10,October,2,2,0,1
C10043,2025,1,January,3,3,0,1
C10043,2025,4,April,4,4,0,1
C10043,2025,10,October,5,5,0,1
C10044,2024,9,September,1,1,1,0
C10044,2024,12,December,2,2,0,1
C10044,2025,3,March,3,3,0,1
C10044,2025,5,May,4,3,0,1
C10044,2025,9,September,6,4,0,1
C10045,2025,7,July,1,1,1,0
C10046,2025,10,October,1,1,1,0
C10047,2024,7,July,1,1,1,0
C10047,2024,12,December,2,2,0,1
C10047,2025,1,January,3,3,0,1
C10047,2025,2,February,4,4,0,1
C10047,2025,3,March,5,4,0,1
C10047,2025,11,November,6,5,0,1
C10047,2025,12,December,7,6,0,1
C10048,2025,1,January,1,1,1,0
C10048,2025,12,December,2,2,0,1
C10049,2024,10,October,1,1,1,0
C10049,2024,12,December,2,2,0,1
C10049,2025,5,May,3,3,0,1
C10049,2025,10,October,4,4,0,1
C10050,2024,8,August,1,1,1,0
C10050,2024,11,November,2,2,0,1
C10050,2024,12,December,3,3,0,1
C10051,2024,10,October,1,1,1,0
C10051,2025,6,June,2,2,0,1
C10051,2025,7,July,3,3,0,1
C10052,2024,8,August,1,1,1,0
C10052,2024,9,September,2,3,0,1
C10052,2024,11,November,4,4,0,1
C10052,2025,3,March,5,4,0,1
C10052,2025,5,May,6,5,0,1
C10052,2025,6,June,7,6,0,1
C10052,2025,7,July,8,7,0,1
C10052,2025,8,August,9,8,0,1
C10052,2025,9,September,10,9,0,1
C10052,2025,11,November,11,10,0,1
C10053,2025,2,February,1,1,1,0
C10053,2025,5,May,2,2,0,1
C10053,2025,9,September,3,3,0,1
C10054,2024,11,November,1,0,1,0
C10054,2025,7,July,2,1,0,0
C10055,2025,1,January,1,0,1,0
C10055,2025,3,March,2,1,0,0
C10055,2025,8,August,3,2,0,1
C10056,2025,3,March,1,1,1,0
C10057,2024,10,October,1,1,1,0
C10057,2024,11,November,2,2,0,1
C10057,2025,1,January,3,3,0,1
C10058,2024,7,July,1,0,1,0
C10058,2024,10,October,2,2,0,1
C10058,2025,12,December,4,3,0,1
C10059,2024,7,July,1,0,1,0
C10059,2024,12,December,2,1,0,0
C10059,2025,1,January,3,2,0,1
C10059,2025,9,September,4,2,0,1
C10059,2025,12,December,5,2,0,1
C10060,2024,9,September,1,2,0,1
C10060,2025,1,January,3,3,0,1
C10060,2025,11,November,4,4,0,1
C10061,2024,12,December,1,1,1,0
C10061,2025,11,November,2,2,0,1
C10062,2025,7,July,1,1,1,0
C10062,2025,12,December,2,2,0,1
C10063,2025,10,October,1,1,1,0
C10063,2025,12,December,2,2,0,1
C10064,2024,8,August,1,1,1,0
C10064,2024,9,September,2,1,0,0
C10064,2025,10,October,3,2,0,1
C10064,2025,12,December,4,3,0,1
C10065,2024,11,November,1,0,1,0
C10066,2024,11,November,1,1,1,0
C10066,2025,3,March,2,2,0,1
C10066,2025,5,May,3,4,0,1
C10067,2024,9,September,1,2,0,1
C10067,2025,1,January,3,3,0,1
C10067,2025,6,June,4,3,0,1
C10067,2025,9,September,5,4,0,1
C10068,2024,7,July,1,1,1,0
C10068,2025,3,March,2,2,0,1
C10069,2024,9,September,1,1,1,0
C10069,2025,1,January,2,1,0,0
C10069,2025,12,December,3,1,0,0
C10070,2025,6,June,1,1,1,0
C10070,2025,9,September,2,2,0,1
C10070,2025,11,November,3,3,0,1
C10071,2024,7,July,1,1,1,0
C10071,2025,6,June,2,2,0,1
C10071,2025,10,October,3,3,0,1
C10071,2025,11,November,4,4,0,1
C10071,2025,12,December,5,5,0,1
C10072,2025,10,October,1,1,1,0
C10073,2024,8,August,1,0,1,0
C10073,2024,9,September,2,1,0,0
C10073,2025,4,April,3,2,0,1
C10073,2025,6,June,4,3,0,1
C10074,2024,12,December,1,1,1,0
C10074,2025,3,March,2,2,0,1
C10074,2025,7,July,3,2,0,1
C10075,2025,12,December,1,2,0,1
C10076,2024,8,August,1,1,1,0
C10076,2024,12,December,2,2,0,1
C10076,2025,3,March,3,2,0,1
C10076,2025,12,December,4,2,0,1
C10077,2024,9,September,1,0,1,0
C10077,2025,6,June,2,1,0,0
C10078,2024,11,November,1,1,1,0
C10078,2025,2,February,2,2,0,1
C10078,2025,4,April,3,3,0,1
C10079,2024,9,September,1,1,1,0
C10079,2025,4,April,2,2,0,1
C10079,2025,5,May,3,3,0,1
C10079,2025,7,July,4,5,0,1
C10080,2025,11,November,1,1,1,0
C10081,2024,7,July,1,1,1,0
C10081,2024,10,October,2,2,0,1
C10081,2024,11,November,3,4,0,1
C10081,2025,1,January,5,4,0,1
C10081,2025,7,July,6,4,0,1
C10081,2025,8,August,7,5,0,1
C10081,2025,10,October,8,7,0,1
C10082,2024,7,July,1,1,1,0
C10082,2025,7,July,2,2,0,1
C10082,2025,10,October,3,3,0,1
C10083,2025,4,April,1,1,1,0
C10083,2025,8,August,2,2,0,1
C10083,2025,9,September,3,3,0,1
C10084,2024,10,October,1,2,0,1
C10084,2025,4,April,3,3,0,1
C10084,2025,11,November,4,4,0,1
C10085,2025,1,January,1,1,1,0
C10086,2025,1,January,1,1,1,0
C10086,2025,5,May,2,2,0,1
C10087,2024,7,July,1,1,1,0
C10087,2025,1,January,2,2,0,1
C10087,2025,3,March,3,4,0,1
C10087,2025,9,September,5,6,0,1
C10088,2025,3,March,1,1,1,0
C10088,2025,4,April,2,2,0,1
C10088,2025,5,May,3,3,0,1
C10089,2024,7,July,1,1,1,0
C10089,2024,8,August,2,2,0,1
C10089,2025,2,February,3,5,0,1
C10090,2024,11,November,1,0,1,0
C10090,2024,12,December,2,0,0,0
C10090,2025,8,August,3,1,0,0
C10090,2025,9,September,4,3,0,1
C10092,2025,11,November,1,1,1,0
C10093,2024,7,July,1,1,1,0
C10093,2025,2,February,2,3,0,1
C10093,2025,4,April,4,3,0,1
C10093,2025,5,May,5,3,0,1
C10093,2025,7,July,7,4,0,1
C10093,2025,10,October,8,5,0,1
C10094,2024,11,November,1,1,1,0
C10094,2025,10,October,2,2,0,1
C10095,2024,8,August,1,1,1,0
C10095,2025,4,April,2,2,0,1
C10095,2025,11,November,3,3,0,1
C10096,2025,2,February,1,1,1,0
C10096,2025,6,June,2,2,0,1
C10096,2025,12,December,3,3,0,1
C10097,2024,11,November,1,1,1,0
C10098,2024,8,August,1,1,1,0
C10098,2025,3,March,2,1,0,0
C10098,2025,4,April,3,2,0,1
C10098,2025,7,July,4,3,0,1
C10098,2025,8,August,5,4,0,1
C10099,2025,8,August,1,1,1,0
C10100,2024,11,November,1,0,1,0
C10100,2025,8,August,2,1,0,0
C10100,2025,12,December,3,2,0,1
C10101,2024,7,July,1,1,1,0
C10101,2024,10,October,2,2,0,1
C10101,2024,11,November,3,3,0,1
C10101,2024,12,December,4,4,0,1
C10101,2025,8,August,5,5,0,1
C10101,2025,9,September,6,6,0,1
C10102,2024,9,September,1,1,1,0
C10102,2024,12,December,2,2,0,1
C10102,2025,4,April,3,3,0,1
C10103,2024,7,July,1,1,1,0
C10103,2025,2,February,2,2,0,1
C10105,2024,7,July,1,1,1,0
C10105,2024,8,August,2,2,0,1
C10105,2024,9,September,3,4,0,1
C10105,2024,11,November,5,4,0,1
C10105,2025,5,May,6,5,0,1
C10105,2025,7,July,7,6,0,1
C10105,2025,8,August,8,7,0,1
C10105,2025,10,October,9,8,0,1
C10106,2024,10,October,1,1,1,0
C10106,2024,11,November,3,1,0,0
C10106,2025,1,January,4,2,0,1
C10106,2025,4,April,5,3,0,1
C10106,2025,8,August,6,5,0,1
C10106,2025,12,December,8,6,0,1
C10107,2024,11,November,1,1,1,0
C10107,2025,1,January,2,1,0,0
C10107,2025,9,September,3,2,0,1
C10107,2025,12,December,4,4,0,1
C10108,2025,6,June,1,2,0,1
C10108,2025,11,November,3,3,0,1
C10109,2024,9,September,1,1,1,0
C10109,2024,11,November,2,2,0,1
C10109,2025,2,February,3,3,0,1
C10110,2024,10,October,1,0,1,0
C10111,2025,8,August,1,0,1,0
C10111,2025,9,September,2,1,0,0
C10112,2024,10,October,1,1,1,0
C10112,2024,11,November,2,2,0,1
C10112,2025,1,January,3,3,0,1
C10112,2025,3,March,4,4,0,1
C10113,2024,9,September,1,1,1,0
C10113,2025,3,March,2,1,0,0
C10113,2025,5,May,3,2,0,1
C10113,2025,9,September,4,3,0,1
C10114,2024,7,July,1,1,1,0
C10114,2024,11,November,2,2,0,1
C10114,2025,12,December,3,4,0,1
C10115,2025,8,August,1,1,1,0
C10116,2024,7,July,1,1,1,0
C10116,2025,3,March,2,2,0,1
C10117,2025,1,January,1,1,1,0
C10117,2025,4,April,2,2,0,1
C10117,2025,8,August,3,3,0,1
C10117,2025,10,October,4,5,0,1
C10118,2024,10,October,1,1,1,0
C10119,2025,5,May,1,1,1,0
C10120,2025,1,January,1,1,1,0
C10120,2025,11,November,2,2,0,1
C10122,2024,10,October,1,1,1,0
C10122,2024,12,December,2,2,0,1
C10122,2025,5,May,3,3,0,1
C10122,2025,7,July,4,4,0,1
C10123,2024,11,November,1,1,1,0
C10123,2025,5,May,2,3,0,1
C10124,2025,1,January,1,1,1,0
C10124,2025,2,February,2,2,0,1
C10124,2025,7,July,3,3,0,1
C10124,2025,8,August,4,4,0,1
C10125,2024,12,December,1,0,1,0
C10125,2025,3,March,2,1,0,0
C10125,2025,6,June,3,2,0,1
C10125,2025,7,July,4,4,0,1
C10125,2025,12,December,6,5,0,1
C10126,2024,10,October,1,0,1,0
C10126,2025,4,April,2,1,0,0
C10126,2025,10,October,3,3,0,1
C10126,2025,11,November,5,4,0,1
C10127,2024,12,December,1,0,1,0
C10127,2025,10,October,2,1,0,0
C10128,2024,8,August,1,1,1,0
C10128,2024,10,October,2,2,0,1
C10128,2025,5,May,3,3,0,1
C10128,2025,6,June,4,4,0,1
C10128,2025,7,July,5,5,0,1
C10128,2025,8,August,6,6,0,1
C10128,2025,10,October,7,6,0,1
C10129,2024,10,October,1,0,1,0
C10129,2025,8,August,3,2,0,1
C10130,2025,2,February,1,1,1,0
C10130,2025,4,April,2,2,0,1
C10130,2025,12,December,3,3,0,1
C10131,2025,2,February,1,1,1,0
C10131,2025,3,March,2,1,0,0
C10131,2025,5,May,3,2,0,1
C10131,2025,9,September,4,3,0,1
C10131,2025,10,October,5,4,0,1
C10131,2025,12,December,6,6,0,1
C10132,2024,11,November,1,1,1,0
C10132,2024,12,December,2,2,0,1
C10132,2025,11,November,3,3,0,1
C10132,2025,12,December,4,4,0,1
C10133,2024,8,August,1,1,1,0
C10133,2025,4,April,2,2,0,1
C10133,2025,6,June,3,3,0,1
C10134,2025,5,May,1,1,1,0
C10134,2025,6,June,2,2,0,1
C10134,2025,10,October,3,5,0,1
C10135,2024,7,July,1,0,1,0
C10135,2024,10,October,2,1,0,0
C10135,2025,1,January,3,2,0,1
C10135,2025,3,March,4,3,0,1
C10135,2025,6,June,5,4,0,1
C10135,2025,11,November,6,6,0,1
C10136,2025,10,October,1,1,1,0
C10137,2024,11,November,1,1,1,0
C10137,2024,12,December,2,3,0,1
C10137,2025,6,June,4,4,0,1
C10137,2025,8,August,5,5,0,1
C10137,2025,12,December,6,5,0,1
C10138,2025,12,December,1,1,1,0
C10140,2025,8,August,1,1,1,0
C10141,2025,3,March,1,1,1,0
C10141,2025,9,September,2,2,0,1
C10142,2024,7,July,1,1,1,0
C10142,2024,8,August,2,2,0,1
C10142,2024,11,November,3,3,0,1
C10142,2025,1,January,4,4,0,1
C10142,2025,8,August,5,5,0,1
C10143,2024,8,August,1,0,1,0
C10143,2025,2,February,2,1,0,0
C10143,2025,8,August,3,2,0,1
C10144,2024,8,August,1,1,1,0
C10144,2025,4,April,2,2,0,1
C10144,2025,9,September,3,3,0,1
C10145,2024,10,October,1,1,1,0
C10145,2025,8,August,2,1,0,0
C10145,2025,11,November,3,2,0,1
C10146,2024,8,August,1,2,0,1
C10146,2025,1,January,3,3,0,1
C10146,2025,2,February,4,4,0,1
C10147,2024,7,July,1,1,1,0
C10147,2024,12,December,2,3,0,1
C10147,2025,2,February,4,4,0,1
C10147,2025,9,September,5,5,0,1
C10147,2025,10,October,6,6,0,1
C10148,2025,1,January,1,1,1,0
C10148,2025,3,March,3,2,0,1
C10148,2025,7,July,4,3,0,1
C10148,2025,8,August,5,4,0,1
C10149,2024,8,August,1,1,1,0
C10149,2025,4,April,2,2,0,1
C10149,2025,9,September,3,4,0,1
C10150,2024,11,November,1,1,1,0
C10151,2024,12,December,1,1,1,0
C10151,2025,1,January,2,2,0,1
C10151,2025,2,February,3,2,0,1
C10151,2025,4,April,4,3,0,1
C10152,2024,8,August,1,0,1,0
C10152,2025,5,May,2,0,0,0
C10152,2025,12,December,3,1,0,0
C10153,2025,10,October,1,0,1,0
C10154,2025,3,March,1,1,1,0
C10154,2025,6,June,2,1,0,0
C10154,2025,9,September,3,1,0,0
C10154,2025,10,October,4,2,0,1
C10155,2025,10,October,1,1,1,0
C10155,2025,11,November,2,2,0,1
C10156,2024,7,July,1,1,1,0
C10156,2024,9,September,2,2,0,1
C10156,2024,10,October,3,3,0,1
C10156,2025,2,February,5,4,0,1
C10156,2025,7,July,6,5,0,1
C10156,2025,11,November,7,6,0,1
C10156,2025,12,December,8,7,0,1
C10157,2024,7,July,1,1,1,0
C10157,2024,10,October,2,2,0,1
C10157,2025,3,March,3,5,0,1
C10157,2025,5,May,6,5,0,1
C10158,2024,9,September,1,1,1,0
C10158,2024,10,October,2,2,0,1
C10158,2025,4,April,3,3,0,1
C10159,2024,9,September,1,1,1,0
C10159,2025,3,March,2,2,0,1
C10159,2025,8,August,3,3,0,1
C10160,2024,10,October,1,1,1,0
C10160,2025,6,June,2,1,0,0
C10160,2025,7,July,3,2,0,1
C10160,2025,8,August,5,2,0,1
C10160,2025,10,October,6,3,0,1
C10161,2024,9,September,1,1,1,0
C10161,2025,5,May,2,1,0,0
C10161,2025,6,June,3,2,0,1
C10161,2025,11,November,5,2,0,1
C10162,2024,11,November,1,1,1,0
C10162,2025,1,January,2,2,0,1
C10163,2024,9,September,1,2,0,1
C10163,2024,12,December,3,2,0,1
C10163,2025,1,January,4,3,0,1
C10163,2025,5,May,5,4,0,1
C10163,2025,7,July,6,5,0,1
C10163,2025,8,August,7,6,0,1
C10163,2025,10,October,8,7,0,1
C10164,2024,12,December,1,1,1,0
C10164,2025,1,January,2,3,0,1
C10164,2025,2,February,4,4,0,1
C10164,2025,3,March,5,5,0,1
C10164,2025,7,July,6,6,0,1
C10164,2025,11,November,7,8,0,1
C10165,2024,10,October,1,0,1,0
C10165,2025,4,April,2,2,0,1
C10166,2024,7,July,1,1,1,0
C10166,2024,11,November,2,2,0,1
C10166,2024,12,December,3,3,0,1
C10166,2025,4,April,4,4,0,1
C10166,2025,6,June,5,4,0,1
C10166,2025,8,August,6,5,0,1
C10166,2025,11,November,7,5,0,1
C10166,2025,12,December,8,5,0,1
C10167,2025,1,January,1,0,1,0
C10167,2025,11,November,2,0,0,0
C10168,2024,8,August,1,1,1,0
C10168,2025,1,January,2,2,0,1
C10168,2025,4,April,3,3,0,1
C10168,2025,10,October,4,4,0,1
C10168,2025,12,December,5,5,0,1
C10169,2024,7,July,1,1,1,0
C10169,2024,8,August,2,2,0,1
C10169,2024,11,November,3,3,0,1
C10170,2024,8,August,1,1,1,0
C10170,2025,3,March,2,1,0,0
C10170,2025,4,April,3,2,0,1
C10170,2025,11,November,4,3,0,1
C10170,2025,12,December,5,4,0,1
C10171,2025,2,February,1,1,1,0
C10172,2024,9,September,1,0,1,0
C10172,2024,11,November,2,2,0,1
C10172,2024,12,December,4,3,0,1
C10174,2025,7,July,1,1,1,0
C10175,2024,7,July,1,1,1,0
C10176,2024,11,November,1,1,1,0
C10176,2024,12,December,2,2,0,1
C10176,2025,4,April,3,3,0,1
C10176,2025,5,May,4,4,0,1
C10176,2025,8,August,6,5,0,1
C10177,2024,7,July,1,1,1,0
C10177,2025,2,February,2,3,0,1
C10177,2025,4,April,4,4,0,1
C10177,2025,5,May,5,6,0,1
C10177,2025,8,August,7,7,0,1
C10177,2025,9,September,8,7,0,1
C10178,2024,10,October,1,0,1,0
C10178,2024,11,November,2,0,0,0
C10179,2024,8,August,1,2,0,1
C10179,2025,1,January,3,3,0,1
C10180,2024,7,July,1,1,1,0
C10180,2024,11,November,2,2,0,1
C10180,2025,4,April,3,3,0,1
C10180,2025,5,May,4,4,0,1
C10180,2025,7,July,5,5,0,1
C10180,2025,10,October,6,6,0,1
C10181,2025,5,May,1,0,1,0
C10182,2025,7,July,1,0,1,0
C10182,2025,12,December,2,0,0,0
C10183,2024,12,December,1,1,1,0
C10183,2025,7,July,2,1,0,0
C10183,2025,12,December,3,2,0,1
C10184,2024,11,November,1,1,1,0
C10184,2025,8,August,2,4,0,1
C10185,2025,7,July,1,1,1,0
C10185,2025,10,October,2,1,0,0
C10186,2024,9,September,1,1,1,0
C10186,2024,11,November,2,2,0,1
C10186,2025,7,July,3,3,0,1
C10187,2025,7,July,1,1,1,0
C10188,2024,7,July,1,1,1,0
C10188,2024,8,August,2,2,0,1
C10188,2024,10,October,3,3,0,1
C10188,2024,11,November,4,4,0,1
C10188,2025,4,April,5,4,0,1
C10188,2025,5,May,6,6,0,1
C10188,2025,6,June,8,8,0,1
C10188,2025,8,August,10,10,0,1
C10189,2024,10,October,1,1,1,0
C10189,2024,11,November,3,2,0,1
C10189,2025,8,August,4,2,0,1
C10189,2025,11,November,5,3,0,1
C10190,2024,9,September,1,1,1,0
C10190,2025,4,April,2,2,0,1
C10190,2025,6,June,3,2,0,1
C10191,2025,5,May,1,1,1,0
C10191,2025,7,July,2,2,0,1
C10191,2025,8,August,3,3,0,1
C10191,2025,10,October,4,5,0,1
C10191,2025,11,November,6,6,0,1
C10192,2025,6,June,1,1,1,0
C10192,2025,7,July,2,2,0,1
C10192,2025,9,September,3,2,0,1
C10193,2024,7,July,1,1,1,0
C10193,2024,10,October,2,2,0,1
C10193,2025,3,March,3,3,0,1
C10193,2025,9,September,4,4,0,1
C10194,2024,8,August,1,1,1,0
C10194,2024,12,December,2,2,0,1
C10194,2025,7,July,3,3,0,1
C10194,2025,9,September,4,4,0,1
C10195,2025,3,March,1,1,1,0
C10195,2025,4,April,3,2,0,1
C10196,2025,5,May,1,1,1,0
C10196,2025,6,June,2,2,0,1
C10196,2025,8,August,3,3,0,1
C10196,2025,10,October,4,4,0,1
C10197,2025,5,May,1,0,1,0
C10197,2025,7,July,2,1,0,0
C10197,2025,8,August,3,1,0,0
C10198,2025,5,May,1,1,1,0
C10198,2025,12,December,2,2,0,1
C10199,2025,1,January,1,1,1,0
C10199,2025,5,May,2,2,0,1
C10199,2025,6,June,3,3,0,1
C10199,2025,9,September,4,4,0,1
C10199,2025,12,December,5,5,0,1
C10201,2024,7,July,1,2,0,1
C10201,2024,8,August,3,3,0,1
C10201,2024,11,November,4,4,0,1
C10201,2025,4,April,5,5,0,1
C10201,2025,9,September,6,6,0,1
C10201,2025,12,December,7,7,0,1
C10202,2025,3,March,1,1,1,0
C10202,2025,4,April,2,2,0,1
C10202,2025,8,August,3,3,0,1
C10202,2025,9,September,5,4,0,1
C10202,2025,12,December,6,5,0,1
C10203,2024,10,October,1,1,1,0
C10203,2025,10,October,2,3,0,1
C10204,2024,11,November,1,1,1,0
C10204,2025,2,February,2,2,0,1
C10204,2025,3,March,3,3,0,1
C10204,2025,6,June,4,4,0,1
C10204,2025,12,December,5,4,0,1
C10205,2024,12,December,1,0,1,0
C10205,2025,7,July,2,0,0,0
C10205,2025,9,September,3,1,0,0
C10205,2025,10,October,4,2,0,1
C10206,2024,8,August,1,1,1,0
C10206,2025,7,July,2,2,0,1
C10206,2025,9,September,4,3,0,1
C10207,2024,7,July,1,1,1,0
C10207,2024,11,November,2,2,0,1
C10207,2025,3,March,3,3,0,1
C10207,2025,4,April,4,4,0,1
C10207,2025,8,August,5,5,0,1
C10207,2025,9,September,6,6,0,1
C10209,2024,7,July,1,0,1,0
C10209,2024,8,August,2,1,0,0
C10209,2024,12,December,3,2,0,1
C10209,2025,4,April,4,3,0,1
C10209,2025,7,July,5,4,0,1
C10209,2025,11,November,6,5,0,1
C10209,2025,12,December,7,6,0,1
C10210,2025,11,November,1,0,1,0
C10211,2024,9,September,1,1,1,0
C10211,2025,12,December,2,2,0,1
C10212,2024,12,December,1,2,0,1
C10212,2025,6,June,3,3,0,1
C10212,2025,7,July,4,5,0,1
C10213,2025,8,August,1,1,1,0
C10214,2025,10,October,1,2,0,1
C10214,2025,11,November,3,3,0,1
C10215,2024,7,July,1,1,1,0
C10215,2025,8,August,2,2,0,1
C10216,2024,9,September,1,1,1,0
C10216,2025,1,January,2,2,0,1
C10216,2025,5,May,3,4,0,1
C10216,2025,9,September,5,5,0,1
C10216,2025,10,October,6,6,0,1
C10216,2025,11,November,7,8,0,1
C10217,2024,7,July,1,1,1,0
C10217,2024,10,October,2,2,0,1
C10217,2025,4,April,3,3,0,1
C10217,2025,5,May,4,4,0,1
C10217,2025,11,November,5,4,0,1
C10218,2024,8,August,1,1,1,0
C10218,2025,6,June,2,2,0,1
C10219,2024,9,September,1,1,1,0
C10219,2025,2,February,2,2,0,1
C10219,2025,7,July,3,3,0,1
C10219,2025,12,December,4,4,0,1
C10220,2024,9,September,1,1,1,0
C10220,2025,2,February,2,2,0,1
C10220,2025,12,December,3,3,0,1
C10221,2024,8,August,1,1,1,0
C10221,2024,9,September,2,2,0,1
C10221,2025,2,February,3,3,0,1
C10221,2025,3,March,4,4,0,1
C10221,2025,4,April,5,5,0,1
C10221,2025,8,August,6,6,0,1
C10221,2025,10,October,7,7,0,1
C10221,2025,11,November,8,8,0,1
C10221,2025,12,December,9,9,0,1
C10222,2024,8,August,1,1,1,0
C10222,2025,10,October,2,2,0,1
C10222,2025,11,November,3,3,0,1
C10223,2024,8,August,1,2,0,1
C10223,2024,9,September,3,4,0,1
C10223,2024,11,November,5,5,0,1
C10223,2025,2,February,6,6,0,1
C10223,2025,4,April,7,7,0,1
C10223,2025,11,November,8,8,0,1
C10224,2024,10,October,1,1,1,0
C10224,2024,11,November,2,2,0,1
C10224,2025,6,June,3,3,0,1
C10224,2025,8,August,4,4,0,1
C10225,2024,8,August,1,0,1,0
C10226,2024,9,September,1,1,1,0
C10227,2024,7,July,1,0,1,0
C10227,2024,8,August,2,1,0,0
C10227,2024,9,September,3,2,0,1
C10227,2024,11,November,4,3,0,1
C10227,2024,12,December,5,3,0,1
C10227,2025,4,April,6,3,0,1
C10227,2025,6,June,7,4,0,1
C10227,2025,7,July,8,5,0,1
C10227,2025,8,August,9,6,0,1
C10227,2025,11,November,10,7,0,1
C10228,2024,7,July,1,1,1,0
C10228,2024,9,September,2,2,0,1
C10228,2025,4,April,3,3,0,1
C10228,2025,5,May,4,4,0,1
C10229,2024,11,November,1,1,1,0
C10229,2025,8,August,2,2,0,1
C10230,2025,4,April,1,1,1,0
C10230,2025,7,July,2,2,0,1
C10231,2025,2,February,1,0,1,0
C10231,2025,7,July,2,1,0,0
C10231,2025,9,September,3,2,0,1
C10231,2025,12,December,4,3,0,1
C10232,2025,5,May,1,1,1,0
C10232,2025,11,November,2,2,0,1
C10232,2025,12,December,3,3,0,1
C10233,2025,2,February,1,1,1,0
C10234,2024,7,July,1,1,1,0
C10234,2024,11,November,2,1,0,0
C10234,2025,1,January,3,2,0,1
C10234,2025,2,February,4,3,0,1
C10235,2024,7,July,1,1,1,0
C10236,2024,11,November,1,1,1,0
C10236,2025,2,February,2,2,0,1
C10236,2025,7,July,3,3,0,1
C10237,2025,3,March,1,1,1,0
C10237,2025,4,April,2,3,0,1
C10237,2025,12,December,4,4,0,1
C10238,2025,10,October,1,1,1,0
C10239,2024,7,July,1,1,1,0
C10239,2024,9,September,2,2,0,1
C10239,2024,10,October,3,3,0,1
C10239,2025,1,January,4,4,0,1
C10240,2024,7,July,1,0,1,0
C10240,2024,8,August,2,1,0,0
C10240,2024,9,September,3,2,0,1
C10240,2024,10,October,4,2,0,1
C10240,2024,12,December,5,3,0,1
C10240,2025,4,April,6,4,0,1
C10240,2025,10,October,7,6,0,1
C10240,2025,11,November,9,7,0,1
C10240,2025,12,December,10,8,0,1
C10241,2025,1,January,1,1,1,0
C10241,2025,2,February,2,1,0,0
C10241,2025,6,June,3,2,0,1
C10241,2025,9,September,4,3,0,1
C10242,2024,10,October,1,1,1,0
C10242,2025,4,April,2,2,0,1
C10243,2024,8,August,1,1,1,0
C10243,2025,1,January,2,2,0,1
C10243,2025,6,June,3,3,0,1
C10243,2025,11,November,4,4,0,1
C10244,2024,8,August,1,1,1,0
C10244,2025,9,September,2,2,0,1
C10244,2025,11,November,3,3,0,1
C10245,2024,9,September,1,1,1,0
C10245,2024,12,December,2,2,0,1
C10245,2025,1,January,3,3,0,1
C10245,2025,5,May,4,4,0,1
C10246,2024,7,July,1,1,1,0
C10246,2024,9,September,2,3,0,1
C10246,2025,1,January,4,3,0,1
C10246,2025,9,September,5,4,0,1
C10247,2024,11,November,1,0,1,0
C10248,2024,7,July,1,1,1,0
C10248,2024,8,August,2,1,0,0
C10248,2024,11,November,3,2,0,1
C10248,2025,2,February,4,3,0,1
C10248,2025,3,March,5,3,0,1
C10248,2025,7,July,6,4,0,1
C10248,2025,10,October,7,5,0,1
C10248,2025,11,November,8,7,0,1
C10250,2024,12,December,1,1,1,0
C10250,2025,2,February,2,2,0,1
C10250,2025,6,June,3,2,0,1
C10250,2025,9,September,5,3,0,1
C10250,2025,11,November,6,4,0,1
C10251,2024,10,October,1,0,1,0
C10251,2024,12,December,3,1,0,0
C10251,2025,7,July,4,3,0,1
C10251,2025,9,September,6,4,0,1
C10251,2025,10,October,7,5,0,1
C10252,2024,7,July,1,1,1,0
C10252,2024,10,October,2,2,0,1
C10252,2024,11,November,3,4,0,1
C10252,2025,4,April,5,4,0,1
C10252,2025,8,August,6,6,0,1
C10252,2025,10,October,8,7,0,1
C10253,2025,6,June,1,1,1,0
C10253,2025,7,July,2,2,0,1
C10254,2024,7,July,1,1,1,0
C10254,2024,8,August,2,1,0,0
C10254,2025,4,April,3,2,0,1
C10254,2025,7,July,4,3,0,1
C10255,2024,8,August,1,1,1,0
C10255,2025,1,January,2,2,0,1
C10255,2025,4,April,3,3,0,1
C10255,2025,5,May,4,4,0,1
C10256,2024,7,July,1,1,1,0
C10256,2024,11,November,2,2,0,1
C10256,2025,1,January,4,3,0,1
C10256,2025,4,April,5,3,0,1
C10256,2025,8,August,6,4,0,1
C10256,2025,11,November,7,5,0,1
C10257,2025,2,February,1,1,1,0
C10257,2025,5,May,2,2,0,1
C10257,2025,6,June,3,2,0,1
C10257,2025,8,August,4,3,0,1
C10258,2024,8,August,1,1,1,0
C10259,2024,7,July,1,1,1,0
C10259,2025,8,August,2,2,0,1
C10260,2025,1,January,1,1,1,0
C10260,2025,3,March,2,2,0,1
C10261,2024,10,October,1,1,1,0
C10261,2025,10,October,2,2,0,1
C10262,2025,1,January,1,1,1,0
C10262,2025,4,April,3,2,0,1
C10262,2025,10,October,4,2,0,1
C10263,2024,9,September,1,1,1,0
C10263,2024,12,December,2,2,0,1
C10263,2025,2,February,3,3,0,1
C10263,2025,5,May,4,4,0,1
C10263,2025,12,December,5,5,0,1
C10264,2024,9,September,1,1,1,0
C10264,2024,10,October,2,1,0,0
C10265,2024,11,November,1,1,1,0
C10265,2024,12,December,2,2,0,1
C10265,2025,6,June,4,4,0,1
C10265,2025,8,August,6,5,0,1
C10265,2025,12,December,7,6,0,1
C10266,2025,1,January,1,1,1,0
C10266,2025,2,February,2,2,0,1
C10266,2025,11,November,3,3,0,1
C10267,2024,10,October,1,1,1,0
C10267,2025,1,January,2,2,0,1
C10267,2025,2,February,3,3,0,1
C10267,2025,3,March,4,5,0,1
C10267,2025,4,April,6,6,0,1
C10267,2025,5,May,7,7,0,1
C10267,2025,6,June,8,8,0,1
C10267,2025,10,October,9,9,0,1
C10268,2024,9,September,1,1,1,0
C10268,2025,4,April,2,2,0,1
C10268,2025,5,May,4,3,0,1
C10268,2025,7,July,5,5,0,1
C10268,2025,10,October,7,7,0,1
C10269,2025,9,September,1,1,1,0
C10270,2025,5,May,1,1,1,0
C10270,2025,9,September,2,2,0,1
C10270,2025,10,October,3,3,0,1
C10271,2024,7,July,1,1,1,0
C10271,2024,12,December,2,2,0,1
C10271,2025,1,January,3,2,0,1
C10271,2025,3,March,4,2,0,1
C10271,2025,8,August,5,3,0,1
C10272,2024,7,July,1,1,1,0
C10273,2024,9,September,1,1,1,0
C10273,2025,2,February,2,2,0,1
C10273,2025,3,March,3,3,0,1
C10273,2025,4,April,4,5,0,1
C10273,2025,8,August,6,6,0,1
C10274,2025,1,January,1,2,0,1
C10274,2025,3,March,3,3,0,1
C10275,2024,9,September,1,0,1,0
C10275,2024,12,December,2,1,0,0
C10276,2024,10,October,1,1,1,0
C10276,2024,12,December,2,1,0,0
C10276,2025,2,February,3,2,0,1
C10277,2024,10,October,1,2,0,1
C10277,2025,12,December,3,3,0,1
C10278,2024,11,November,1,1,1,0
C10278,2025,5,May,2,2,0,1
C10278,2025,6,June,3,5,0,1
C10278,2025,7,July,6,6,0,1
C10278,2025,8,August,7,7,0,1
C10278,2025,10,October,8,8,0,1
C10278,2025,12,December,9,9,0,1
C10279,2024,10,October,1,1,1,0
C10279,2024,12,December,2,2,0,1
C10279,2025,5,May,4,3,0,1
C10279,2025,6,June,5,4,0,1
C10280,2024,7,July,1,1,1,0
C10280,2024,8,August,2,2,0,1
C10281,2024,7,July,1,2,0,1
C10281,2025,1,January,3,3,0,1
C10282,2025,10,October,1,1,1,0
C10283,2024,10,October,1,2,0,1
C10283,2024,11,November,3,3,0,1
C10283,2025,2,February,4,3,0,1
C10283,2025,3,March,5,5,0,1
C10283,2025,5,May,7,6,0,1
C10283,2025,6,June,8,7,0,1
C10284,2024,7,July,1,1,1,0
C10284,2024,11,November,2,2,0,1
C10284,2024,12,December,3,3,0,1
C10284,2025,2,February,4,3,0,1
C10284,2025,3,March,5,4,0,1
C10284,2025,4,April,6,5,0,1
C10284,2025,6,June,7,6,0,1
C10284,2025,7,July,8,7,0,1
C10284,2025,8,August,9,8,0,1
C10284,2025,10,October,10,9,0,1
C10284,2025,11,November,11,10,0,1
C10284,2025,12,December,12,11,0,1
C10285,2024,9,September,1,2,0,1
C10285,2024,10,October,3,3,0,1
C10285,2024,11,November,4,4,0,1
C10285,2025,1,January,5,5,0,1
C10285,2025,3,March,6,7,0,1
C10285,2025,4,April,8,8,0,1
C10285,2025,6,June,9,9,0,1
C10285,2025,7,July,10,11,0,1
C10285,2025,10,October,12,12,0,1
C10285,2025,11,November,13,13,0,1
C10286,2024,11,November,1,1,1,0
C10287,2025,2,February,1,1,1,0
C10289,2024,8,August,1,1,1,0
C10290,2024,9,September,1,1,1,0
C10290,2025,5,May,2,2,0,1
C10292,2024,7,July,1,1,1,0
C10292,2025,3,March,2,2,0,1
C10292,2025,11,November,3,3,0,1
C10293,2024,12,December,1,1,1,0
C10293,2025,3,March,2,2,0,1
C10293,2025,8,August,3,3,0,1
C10293,2025,12,December,4,4,0,1
C10294,2024,10,October,1,1,1,0
C10294,2024,11,November,2,2,0,1
C10294,2024,12,December,3,3,0,1
C10295,2024,9,September,1,4,0,1
C10295,2024,12,December,5,5,0,1
C10295,2025,2,February,6,6,0,1
C10295,2025,10,October,7,6,0,1
C10295,2025,11,November,8,7,0,1
C10295,2025,12,December,9,8,0,1
C10296,2024,9,September,1,1,1,0
C10296,2024,10,October,2,1,0,0
C10296,2025,6,June,3,2,0,1
C10296,2025,12,December,4,3,0,1
C10297,2024,7,July,1,1,1,0
C10297,2024,11,November,2,2,0,1
C10297,2025,1,January,3,3,0,1
C10297,2025,3,March,4,4,0,1
C10297,2025,4,April,6,5,0,1
C10297,2025,5,May,7,6,0,1
C10297,2025,6,June,8,6,0,1
C10297,2025,9,September,9,7,0,1
C10297,2025,10,October,10,7,0,1
C10297,2025,12,December,11,7,0,1
C10298,2024,10,October,1,1,1,0
C10298,2024,12,December,2,2,0,1
C10298,2025,2,February,3,3,0,1
C10298,2025,3,March,4,4,0,1
C10298,2025,4,April,5,5,0,1
C10298,2025,6,June,6,6,0,1
C10298,2025,9,September,7,7,0,1
C10299,2024,8,August,1,0,1,0
C10299,2024,10,October,2,1,0,0
C10299,2025,1,January,3,2,0,1
C10299,2025,8,August,4,3,0,1
C10300,2025,2,February,1,0,1,0
C10300,2025,9,September,2,0,0,0
C10300,2025,12,December,3,1,0,0
C10301,2025,1,January,1,1,1,0
C10302,2024,9,September,1,1,1,0
C10302,2025,6,June,2,2,0,1
C10303,2024,9,September,1,2,0,1
C10303,2024,12,December,3,3,0,1
C10303,2025,1,January,4,3,0,1
C10303,2025,7,July,5,3,0,1
C10303,2025,11,November,6,5,0,1
C10304,2024,8,August,1,1,1,0
C10304,2024,11,November,2,2,0,1
C10304,2024,12,December,3,2,0,1
C10304,2025,2,February,4,2,0,1
C10304,2025,4,April,5,3,0,1
C10304,2025,5,May,6,4,0,1
C10304,2025,8,August,7,4,0,1
C10304,2025,11,November,8,5,0,1
C10305,2025,1,January,1,1,1,0
C10305,2025,3,March,2,2,0,1
C10305,2025,7,July,3,2,0,1
C10306,2024,10,October,1,0,1,0
C10306,2025,1,January,2,1,0,0
C10306,2025,5,May,3,2,0,1
C10306,2025,6,June,4,2,0,1
C10306,2025,11,November,5,3,0,1
C10307,2024,8,August,1,1,1,0
C10307,2025,2,February,2,2,0,1
C10307,2025,3,March,3,3,0,1
C10307,2025,5,May,5,5,0,1
C10307,2025,6,June,8,6,0,1
C10307,2025,8,August,9,8,0,1
C10307,2025,11,November,11,9,0,1
C10307,2025,12,December,12,10,0,1
C10308,2024,8,August,1,1,1,0
C10308,2025,3,March,2,2,0,1
C10308,2025,5,May,3,3,0,1
C10308,2025,6,June,4,4,0,1
C10308,2025,8,August,5,5,0,1
C10308,2025,11,November,6,6,0,1
C10309,2025,4,April,1,1,1,0
C10309,2025,10,October,2,2,0,1
C10310,2024,7,July,1,1,1,0
C10310,2024,10,October,2,2,0,1
C10310,2024,11,November,3,3,0,1
C10310,2025,7,July,4,4,0,1
C10310,2025,9,September,5,5,0,1
C10311,2024,7,July,1,1,1,0
C10311,2024,11,November,2,1,0,0
C10311,2024,12,December,3,2,0,1
C10311,2025,3,March,4,3,0,1
C10312,2024,7,July,1,0,1,0
C10312,2025,5,May,2,1,0,0
C10313,2024,7,July,1,1,1,0
C10313,2024,10,October,2,2,0,1
C10313,2025,6,June,3,3,0,1
C10314,2025,5,May,1,1,1,0
C10315,2024,7,July,1,1,1,0
C10315,2025,1,January,2,2,0,1
C10315,2025,2,February,3,3,0,1
C10315,2025,5,May,4,3,0,1
C10315,2025,6,June,5,3,0,1
C10315,2025,8,August,6,4,0,1
C10316,2025,1,January,1,1,1,0
C10316,2025,9,September,2,2,0,1
C10316,2025,10,October,3,2,0,1
C10317,2024,8,August,1,1,1,0
C10317,2024,10,October,2,2,0,1
C10317,2025,9,September,3,2,0,1
C10317,2025,11,November,4,3,0,1
C10317,2025,12,December,5,3,0,1
C10318,2024,8,August,1,1,1,0
C10318,2025,3,March,2,1,0,0
C10318,2025,6,June,3,2,0,1
C10319,2025,7,July,1,1,1,0
C10319,2025,9,September,2,2,0,1
C10319,2025,12,December,3,3,0,1
C10320,2025,5,May,1,1,1,0
C10320,2025,8,August,2,2,0,1
C10320,2025,9,September,3,3,0,1
C10320,2025,12,December,4,3,0,1
C10321,2025,3,March,1,1,1,0
C10321,2025,7,July,2,2,0,1
C10322,2025,2,February,1,1,1,0
C10322,2025,7,July,2,2,0,1
C10323,2024,10,October,1,0,1,0
C10323,2025,12,December,2,1,0,0
C10324,2024,7,July,1,0,1,0
C10324,2025,2,February,2,1,0,0
C10324,2025,4,April,3,2,0,1
C10324,2025,12,December,4,3,0,1
C10325,2024,9,September,1,1,1,0
C10326,2024,8,August,1,1,1,0
C10326,2024,10,October,2,3,0,1
C10326,2025,4,April,4,4,0,1
C10327,2024,10,October,1,1,1,0
C10327,2025,3,March,2,1,0,0
C10328,2024,7,July,1,2,0,1
C10328,2024,9,September,3,2,0,1
C10328,2024,12,December,4,3,0,1
C10328,2025,2,February,5,5,0,1
C10328,2025,3,March,7,6,0,1
C10328,2025,8,August,8,7,0,1
C10329,2024,10,October,1,2,0,1
C10329,2025,5,May,3,3,0,1
C10329,2025,10,October,4,3,0,1
C10330,2024,9,September,1,1,1,0
C10330,2025,3,March,2,2,0,1
C10330,2025,7,July,3,2,0,1
C10330,2025,9,September,4,3,0,1
C10333,2025,2,February,1,1,1,0
C10333,2025,3,March,2,2,0,1
C10334,2024,9,September,1,0,1,0
C10334,2024,11,November,2,2,0,1
C10334,2025,5,May,4,2,0,1
C10334,2025,6,June,5,3,0,1
C10334,2025,7,July,6,3,0,1
C10334,2025,9,September,7,3,0,1
C10335,2024,9,September,1,1,1,0
C10336,2024,9,September,1,2,0,1
C10336,2025,5,May,4,4,0,1
C10336,2025,11,November,6,5,0,1
C10336,2025,12,December,7,6,0,1
C10337,2024,10,October,1,1,1,0
C10337,2025,2,February,2,3,0,1
C10337,2025,3,March,4,4,0,1
C10337,2025,6,June,5,5,0,1
C10337,2025,10,October,7,6,0,1
C10338,2024,10,October,1,0,1,0
C10339,2025,4,April,1,1,1,0
C10340,2024,9,September,1,1,1,0
C10340,2025,9,September,2,2,0,1
C10341,2024,10,October,1,1,1,0
C10341,2024,11,November,2,1,0,0
C10341,2025,3,March,3,2,0,1
C10341,2025,4,April,4,3,0,1
C10341,2025,6,June,5,4,0,1
C10342,2024,7,July,1,1,1,0
C10342,2024,12,December,2,2,0,1
C10342,2025,2,February,3,2,0,1
C10342,2025,8,August,4,4,0,1
C10342,2025,9,September,6,4,0,1
C10342,2025,11,November,7,5,0,1
C10342,2025,12,December,8,6,0,1
C10344,2024,7,July,1,1,1,0
C10345,2024,12,December,1,1,1,0
C10345,2025,1,January,2,1,0,0
C10345,2025,4,April,3,1,0,0
C10345,2025,6,June,4,1,0,0
C10345,2025,8,August,5,2,0,1
C10345,2025,12,December,6,3,0,1
C10346,2024,10,October,1,1,1,0
C10346,2025,2,February,2,2,0,1
C10346,2025,5,May,3,3,0,1
C10346,2025,6,June,4,3,0,1
C10346,2025,8,August,5,4,0,1
C10348,2024,8,August,1,1,1,0
C10348,2025,2,February,2,2,0,1
C10348,2025,5,May,3,3,0,1
C10348,2025,7,July,4,4,0,1
C10348,2025,10,October,5,5,0,1
C10349,2025,4,April,1,0,1,0
C10349,2025,7,July,2,1,0,0
C10350,2025,10,October,1,1,1,0
C10351,2024,8,August,1,1,1,0
C10351,2024,11,November,2,2,0,1
C10351,2025,4,April,4,3,0,1
C10351,2025,8,August,5,4,0,1
C10351,2025,12,December,6,5,0,1
C10352,2025,4,April,1,1,1,0
C10352,2025,6,June,2,2,0,1
C10352,2025,8,August,3,3,0,1
C10352,2025,11,November,4,4,0,1
C10353,2024,12,December,1,1,1,0
C10353,2025,3,March,2,2,0,1
C10353,2025,7,July,3,2,0,1
C10353,2025,10,October,4,2,0,1
C10355,2024,8,August,1,2,0,1
C10355,2024,12,December,3,3,0,1
C10355,2025,3,March,4,3,0,1
C10355,2025,6,June,5,4,0,1
C10355,2025,7,July,6,4,0,1
C10355,2025,10,October,7,4,0,1
C10356,2024,9,September,1,1,1,0
C10356,2025,7,July,2,2,0,1
C10357,2024,7,July,1,1,1,0
C10357,2024,8,August,2,2,0,1
C10357,2024,10,October,3,3,0,1
C10357,2024,12,December,4,4,0,1
C10357,2025,2,February,5,6,0,1
C10357,2025,6,June,7,7,0,1
C10357,2025,11,November,8,8,0,1
C10358,2024,12,December,1,1,1,0
C10358,2025,2,February,2,1,0,0
C10358,2025,5,May,3,2,0,1
C10358,2025,9,September,4,3,0,1
C10359,2024,7,July,1,1,1,0
C10359,2024,8,August,2,2,0,1
C10359,2025,2,February,4,2,0,1
C10359,2025,5,May,5,4,0,1
C10359,2025,8,August,7,5,0,1
C10359,2025,11,November,8,6,0,1
C10359,2025,12,December,9,7,0,1
C10360,2024,9,September,1,1,1,0
C10360,2024,10,October,2,2,0,1
C10360,2025,7,July,3,3,0,1
C10361,2024,9,September,1,1,1,0
C10361,2024,12,December,2,2,0,1
C10361,2025,2,February,3,3,0,1
C10361,2025,3,March,4,4,0,1
C10361,2025,7,July,5,5,0,1
C10361,2025,10,October,6,5,0,1
C10362,2024,7,July,1,2,0,1
C10362,2024,9,September,3,3,0,1
C10362,2025,2,February,4,4,0,1
C10362,2025,3,March,5,5,0,1
C10362,2025,5,May,6,6,0,1
C10362,2025,6,June,7,7,0,1
C10363,2024,7,July,1,1,1,0
C10363,2024,9,September,2,2,0,1
C10363,2025,11,November,4,3,0,1
C10364,2024,7,July,1,1,1,0
C10364,2024,11,November,4,2,0,1
C10364,2024,12,December,5,2,0,1
C10364,2025,1,January,6,3,0,1
C10364,2025,6,June,8,4,0,1
C10364,2025,8,August,9,5,0,1
C10364,2025,9,September,10,6,0,1
C10364,2025,11,November,11,7,0,1
C10364,2025,12,December,12,8,0,1
C10365,2024,11,November,1,1,1,0
C10365,2025,4,April,2,3,0,1
C10365,2025,6,June,4,4,0,1
C10365,2025,7,July,5,5,0,1
C10366,2024,10,October,1,1,1,0
C10367,2025,4,April,1,1,1,0
C10368,2024,12,December,1,1,1,0
C10368,2025,2,February,2,2,0,1
C10369,2025,4,April,1,1,1,0
C10369,2025,9,September,2,2,0,1
C10370,2024,7,July,1,0,1,0
C10370,2024,9,September,2,1,0,0
C10370,2024,11,November,3,2,0,1
C10370,2025,2,February,4,4,0,1
C10370,2025,12,December,6,5,0,1
C10371,2024,7,July,1,3,0,1
C10371,2024,10,October,4,4,0,1
C10371,2025,9,September,5,5,0,1
C10371,2025,11,November,6,6,0,1
C10372,2024,9,September,1,1,1,0
C10372,2025,2,February,2,2,0,1
C10372,2025,4,April,3,3,0,1
C10372,2025,9,September,4,4,0,1
C10372,2025,11,November,5,5,0,1
C10373,2024,10,October,1,1,1,0
C10373,2025,4,April,2,2,0,1
C10373,2025,9,September,3,3,0,1
C10373,2025,10,October,4,5,0,1
C10374,2025,9,September,1,1,1,0
C10376,2024,7,July,1,1,1,0
C10376,2024,8,August,2,2,0,1
C10376,2024,9,September,3,4,0,1
C10376,2024,11,November,5,5,0,1
C10376,2024,12,December,6,6,0,1
C10376,2025,2,February,7,7,0,1
C10376,2025,3,March,8,8,0,1
C10376,2025,4,April,9,9,0,1
C10376,2025,7,July,10,10,0,1
C10377,2024,9,September,1,1,1,0
C10377,2025,3,March,2,2,0,1
C10377,2025,4,April,3,3,0,1
C10378,2024,8,August,1,1,1,0
C10378,2025,2,February,2,2,0,1
C10378,2025,3,March,3,4,0,1
C10378,2025,8,August,5,5,0,1
C10379,2024,8,August,1,1,1,0
C10379,2024,9,September,2,2,0,1
C10379,2024,11,November,3,3,0,1
C10379,2024,12,December,4,4,0,1
C10379,2025,1,January,5,5,0,1
C10379,2025,2,February,6,6,0,1
C10379,2025,3,March,7,7,0,1
C10379,2025,6,June,8,8,0,1
C10379,2025,7,July,9,8,0,1
C10379,2025,12,December,10,9,0,1
C10380,2024,8,August,1,2,0,1
C10380,2024,9,September,3,3,0,1
C10380,2025,4,April,4,4,0,1
C10380,2025,7,July,5,5,0,1
C10381,2025,2,February,1,0,1,0
C10381,2025,5,May,2,1,0,0
C10381,2025,7,July,3,2,0,1
C10381,2025,9,September,4,3,0,1
C10382,2024,7,July,1,0,1,0
C10382,2024,9,September,2,1,0,0
C10382,2024,10,October,3,1,0,0
C10382,2025,3,March,4,1,0,0
C10382,2025,6,June,5,2,0,1
C10382,2025,9,September,6,4,0,1
C10382,2025,10,October,8,5,0,1
C10383,2024,12,December,1,0,1,0
C10383,2025,1,January,2,0,0,0
C10383,2025,10,October,3,1,0,0
C10384,2025,1,January,1,1,1,0
C10384,2025,8,August,2,2,0,1
C10384,2025,12,December,3,3,0,1
C10385,2024,9,September,1,1,1,0
C10385,2024,11,November,2,2,0,1
C10385,2025,5,May,3,4,0,1
C10385,2025,7,July,5,4,0,1
C10386,2025,3,March,1,1,1,0
C10386,2025,4,April,2,2,0,1
C10386,2025,12,December,3,3,0,1
C10387,2024,12,December,1,0,1,0
C10387,2025,1,January,2,1,0,0
C10387,2025,11,November,3,3,0,1
C10388,2024,7,July,1,2,0,1
C10388,2024,8,August,4,3,0,1
C10388,2024,9,September,5,4,0,1
C10388,2025,4,April,6,5,0,1
C10388,2025,9,September,7,6,0,1
C10388,2025,10,October,8,7,0,1
C10389,2025,6,June,1,1,1,0
C10389,2025,7,July,2,2,0,1
C10389,2025,9,September,3,3,0,1
C10390,2024,8,August,1,1,1,0
C10390,2025,3,March,2,2,0,1
C10390,2025,5,May,3,3,0,1
C10391,2024,12,December,1,1,1,0
C10391,2025,3,March,3,3,0,1
C10391,2025,5,May,5,3,0,1
C10391,2025,8,August,6,4,0,1
C10392,2024,9,September,1,1,1,0
C10392,2024,12,December,2,4,0,1
C10392,2025,1,January,5,5,0,1
C10392,2025,3,March,7,6,0,1
C10392,2025,4,April,8,7,0,1
C10393,2024,7,July,1,1,1,0
C10393,2024,8,August,2,1,0,0
C10393,2024,9,September,3,2,0,1
C10393,2024,12,December,4,3,0,1
C10393,2025,5,May,5,5,0,1
C10393,2025,6,June,7,6,0,1
C10393,2025,7,July,8,7,0,1
C10394,2025,9,September,1,1,1,0
C10395,2025,6,June,1,1,1,0
C10395,2025,7,July,3,2,0,1
C10395,2025,8,August,4,3,0,1
C10395,2025,10,October,5,4,0,1
C10395,2025,12,December,6,5,0,1
C10396,2024,8,August,1,1,1,0
C10396,2024,9,September,2,2,0,1
C10396,2025,12,December,3,3,0,1
C10397,2024,12,December,1,1,1,0
C10397,2025,4,April,2,3,0,1
C10398,2024,7,July,1,1,1,0
C10398,2024,9,September,2,1,0,0
C10398,2024,10,October,3,2,0,1
C10398,2025,4,April,4,3,0,1
C10398,2025,7,July,5,4,0,1
C10398,2025,8,August,6,5,0,1
C10399,2025,3,March,1,1,1,0
C10399,2025,5,May,2,2,0,1
C10400,2024,10,October,1,1,1,0
C10400,2024,11,November,2,3,0,1
C10400,2025,2,February,4,4,0,1
C10400,2025,6,June,5,4,0,1
C10401,2024,10,October,1,0,1,0
C10401,2025,3,March,2,1,0,0
C10401,2025,6,June,3,2,0,1
C10401,2025,11,November,4,3,0,1
C10402,2024,7,July,1,1,1,0
C10402,2024,9,September,2,4,0,1
C10402,2024,11,November,5,5,0,1
C10402,2024,12,December,6,5,0,1
C10402,2025,3,March,7,6,0,1
C10402,2025,4,April,9,7,0,1
C10402,2025,5,May,10,8,0,1
C10403,2025,2,February,1,0,1,0
C10403,2025,11,November,2,1,0,0
C10404,2024,8,August,1,1,1,0
C10404,2024,9,September,2,2,0,1
C10404,2025,8,August,3,3,0,1
C10405,2024,10,October,1,1,1,0
C10405,2024,12,December,2,2,0,1
C10405,2025,4,April,3,3,0,1
C10405,2025,5,May,4,4,0,1
C10405,2025,10,October,5,5,0,1
C10405,2025,12,December,6,6,0,1
C10407,2024,9,September,1,1,1,0
C10407,2024,12,December,2,2,0,1
C10407,2025,2,February,3,4,0,1
C10407,2025,6,June,5,5,0,1
C10407,2025,7,July,6,5,0,1
C10408,2024,7,July,1,2,0,1
C10408,2024,11,November,3,3,0,1
C10408,2024,12,December,4,3,0,1
C10408,2025,3,March,5,5,0,1
C10408,2025,4,April,7,7,0,1
C10408,2025,9,September,9,8,0,1
C10408,2025,12,December,10,9,0,1
C10409,2025,1,January,1,1,1,0
C10409,2025,2,February,2,2,0,1
C10409,2025,6,June,3,3,0,1
C10409,2025,9,September,4,4,0,1
C10410,2025,7,July,1,1,1,0
C10411,2024,7,July,1,0,1,0
C10411,2025,2,February,2,1,0,0
C10411,2025,10,October,3,2,0,1
C10411,2025,11,November,4,3,0,1
C10412,2024,8,August,1,1,1,0
C10412,2024,11,November,2,1,0,0
C10412,2025,3,March,3,2,0,1
C10412,2025,5,May,4,3,0,1
C10413,2024,7,July,1,1,1,0
C10413,2024,8,August,2,2,0,1
C10413,2025,5,May,3,3,0,1
C10414,2025,6,June,1,1,1,0
C10415,2025,1,January,1,1,1,0
C10415,2025,3,March,2,2,0,1
C10415,2025,10,October,3,3,0,1
C10415,2025,12,December,4,4,0,1
C10416,2024,10,October,1,1,1,0
C10416,2024,12,December,2,2,0,1
C10416,2025,1,January,3,3,0,1
C10416,2025,9,September,4,4,0,1
C10416,2025,10,October,5,4,0,1
C10416,2025,12,December,6,5,0,1
C10417,2025,1,January,1,1,1,0
C10417,2025,7,July,2,3,0,1
C10418,2024,10,October,1,2,0,1
C10418,2024,11,November,3,3,0,1
C10419,2025,1,January,1,1,1,0
C10419,2025,4,April,2,2,0,1
C10419,2025,7,July,3,3,0,1
C10420,2024,7,July,1,1,1,0
C10420,2024,10,October,2,2,0,1
C10420,2025,5,May,3,3,0,1
C10421,2024,9,September,1,2,0,1
C10421,2025,4,April,3,3,0,1
C10421,2025,5,May,4,3,0,1
C10422,2025,1,January,1,1,1,0
C10422,2025,3,March,2,2,0,1
C10423,2024,11,November,1,0,1,0
C10423,2025,2,February,2,1,0,0
C10423,2025,3,March,3,3,0,1
C10423,2025,11,November,5,4,0,1
C10423,2025,12,December,6,5,0,1
C10424,2024,11,November,1,1,1,0
C10424,2025,5,May,2,2,0,1
C10425,2024,7,July,1,1,1,0
C10425,2024,10,October,2,2,0,1
C10425,2024,11,November,3,3,0,1
C10425,2025,3,March,4,4,0,1
C10425,2025,6,June,5,5,0,1
C10425,2025,7,July,6,6,0,1
C10426,2024,10,October,1,1,1,0
C10426,2024,11,November,2,2,0,1
C10426,2025,9,September,3,2,0,1
C10426,2025,12,December,4,2,0,1
C10427,2024,10,October,1,1,1,0
C10428,2024,7,July,1,1,1,0
C10428,2025,3,March,2,2,0,1
C10428,2025,9,September,3,3,0,1
C10429,2024,12,December,1,0,1,0
C10429,2025,2,February,2,0,0,0
C10429,2025,11,November,3,0,0,0
C10430,2025,3,March,1,1,1,0
C10430,2025,4,April,2,2,0,1
C10431,2024,7,July,1,1,1,0
C10431,2024,8,August,2,1,0,0
C10431,2024,9,September,3,2,0,1
C10431,2025,3,March,4,2,0,1
C10431,2025,4,April,5,3,0,1
C10431,2025,5,May,6,4,0,1
C10431,2025,8,August,7,5,0,1
C10431,2025,9,September,8,6,0,1
C10432,2024,9,September,1,1,1,0
C10432,2024,12,December,2,2,0,1
C10432,2025,4,April,3,2,0,1
C10432,2025,7,July,4,3,0,1
C10432,2025,11,November,5,3,0,1
C10433,2024,7,July,1,1,1,0
C10433,2024,9,September,2,2,0,1
C10433,2024,10,October,3,2,0,1
C10433,2025,1,January,4,3,0,1
C10433,2025,8,August,5,4,0,1
C10433,2025,10,October,6,5,0,1
C10433,2025,11,November,7,6,0,1
C10433,2025,12,December,8,7,0,1
C10434,2025,8,August,1,1,1,0
C10434,2025,9,September,3,2,0,1
C10435,2024,12,December,1,1,1,0
C10435,2025,3,March,2,2,0,1
C10436,2024,12,December,1,0,1,0
C10436,2025,1,January,2,0,0,0
C10436,2025,10,October,3,0,0,0
C10437,2024,8,August,1,1,1,0
C10437,2024,9,September,2,1,0,0
C10437,2024,10,October,3,2,0,1
C10437,2025,9,September,4,3,0,1
C10438,2024,9,September,1,1,1,0
C10438,2024,10,October,2,1,0,0
C10438,2025,5,May,3,2,0,1
C10438,2025,8,August,4,3,0,1
C10439,2024,8,August,1,1,1,0
C10439,2025,5,May,2,2,0,1
C10439,2025,10,October,3,3,0,1
C10440,2024,7,July,1,1,1,0
C10440,2025,1,January,2,2,0,1
C10440,2025,2,February,3,3,0,1
C10440,2025,5,May,4,3,0,1
C10440,2025,6,June,5,4,0,1
C10440,2025,7,July,6,5,0,1
C10440,2025,8,August,7,6,0,1
C10440,2025,11,November,9,7,0,1
C10440,2025,12,December,10,8,0,1
C10441,2024,10,October,1,1,1,0
C10441,2025,6,June,2,2,0,1
C10441,2025,8,August,3,3,0,1
C10441,2025,12,December,4,4,0,1
C10442,2024,7,July,1,0,1,0
C10442,2024,10,October,2,1,0,0
C10442,2025,1,January,3,2,0,1
C10442,2025,4,April,4,4,0,1
C10442,2025,9,September,6,5,0,1
C10443,2025,1,January,1,0,1,0
C10443,2025,3,March,2,1,0,0
C10443,2025,5,May,3,1,0,0
C10443,2025,10,October,4,2,0,1
C10443,2025,12,December,5,3,0,1
C10444,2024,7,July,1,1,1,0
C10444,2025,7,July,2,2,0,1
C10444,2025,8,August,3,3,0,1
C10445,2024,9,September,1,1,1,0
C10445,2025,12,December,2,1,0,0
C10446,2025,3,March,1,2,0,1
C10446,2025,10,October,3,3,0,1
C10447,2025,8,August,1,1,1,0
C10448,2024,10,October,1,1,1,0
C10448,2024,11,November,2,1,0,0
C10449,2024,7,July,1,0,1,0
C10449,2025,5,May,2,1,0,0
C10450,2024,8,August,1,1,1,0
C10450,2025,5,May,2,2,0,1
C10450,2025,6,June,3,3,0,1
C10451,2024,9,September,1,0,1,0
C10451,2025,4,April,3,1,0,0
C10452,2025,3,March,1,2,0,1
C10452,2025,4,April,3,3,0,1
C10452,2025,7,July,4,3,0,1
C10452,2025,8,August,5,3,0,1
C10452,2025,11,November,6,4,0,1
C10453,2024,11,November,1,0,1,0
C10453,2025,1,January,2,1,0,0
C10453,2025,5,May,3,1,0,0
C10453,2025,10,October,4,2,0,1
C10453,2025,11,November,5,3,0,1
C10453,2025,12,December,6,4,0,1
C10454,2025,3,March,1,0,1,0
C10454,2025,12,December,2,3,0,1
C10455,2024,7,July,1,1,1,0
C10455,2025,1,January,2,2,0,1
C10455,2025,3,March,3,2,0,1
C10455,2025,6,June,4,3,0,1
C10457,2024,8,August,1,0,1,0
C10457,2025,6,June,2,1,0,0
C10457,2025,11,November,3,2,0,1
C10457,2025,12,December,4,3,0,1
C10458,2024,12,December,1,1,1,0
C10458,2025,4,April,2,2,0,1
C10458,2025,5,May,3,3,0,1
C10458,2025,9,September,4,4,0,1
C10458,2025,12,December,5,5,0,1
C10459,2024,7,July,1,1,1,0
C10459,2024,11,November,2,2,0,1
C10459,2025,10,October,3,3,0,1
C10460,2024,9,September,1,1,1,0
C10460,2025,1,January,2,2,0,1
C10460,2025,8,August,3,3,0,1
C10462,2024,9,September,1,1,1,0
C10462,2025,12,December,2,3,0,1
C10463,2024,9,September,1,1,1,0
C10463,2024,11,November,3,2,0,1
C10463,2024,12,December,5,3,0,1
C10463,2025,1,January,6,5,0,1
C10463,2025,4,April,8,6,0,1
C10463,2025,7,July,9,7,0,1
C10463,2025,8,August,10,9,0,1
C10463,2025,9,September,12,12,0,1
C10463,2025,12,December,15,13,0,1
C10464,2024,10,October,1,1,1,0
C10464,2025,5,May,2,2,0,1
C10464,2025,10,October,3,2,0,1
C10464,2025,12,December,4,2,0,1
C10465,2024,11,November,1,1,1,0
C10465,2024,12,December,2,1,0,0
C10465,2025,3,March,3,2,0,1
C10465,2025,5,May,4,3,0,1
C10465,2025,10,October,5,4,0,1
C10465,2025,12,December,6,5,0,1
C10466,2024,10,October,1,1,1,0
C10466,2025,2,February,2,2,0,1
C10466,2025,3,March,3,3,0,1
C10466,2025,10,October,4,4,0,1
C10467,2024,10,October,1,1,1,0
C10467,2024,12,December,2,2,0,1
C10467,2025,3,March,3,3,0,1
C10467,2025,5,May,4,4,0,1
C10468,2025,7,July,1,0,1,0
C10468,2025,9,September,2,1,0,0
C10469,2025,1,January,1,2,0,1
C10469,2025,2,February,3,3,0,1
C10470,2024,8,August,1,0,1,0
C10470,2024,9,September,2,1,0,0
C10470,2025,7,July,3,2,0,1
C10470,2025,9,September,4,3,0,1
C10471,2024,8,August,1,1,1,0
C10471,2024,11,November,2,2,0,1
C10471,2024,12,December,3,3,0,1
C10471,2025,1,January,4,4,0,1
C10471,2025,9,September,5,5,0,1
C10472,2024,7,July,1,1,1,0
C10472,2024,11,November,2,1,0,0
C10472,2025,2,February,3,3,0,1
C10472,2025,4,April,5,4,0,1
C10473,2025,11,November,1,1,1,0
C10474,2024,12,December,1,1,1,0
C10474,2025,9,September,2,3,0,1
C10474,2025,10,October,4,3,0,1
C10475,2024,7,July,1,1,1,0
C10475,2024,10,October,2,1,0,0
C10475,2025,3,March,3,2,0,1
C10475,2025,5,May,4,4,0,1
C10475,2025,10,October,6,5,0,1
C10476,2024,9,September,1,1,1,0
C10476,2025,9,September,2,1,0,0
C10477,2025,6,June,1,1,1,0
C10477,2025,7,July,2,2,0,1
C10477,2025,10,October,3,3,0,1
C10478,2024,7,July,1,1,1,0
C10478,2024,9,September,2,2,0,1
C10478,2024,11,November,4,4,0,1
C10478,2025,5,May,6,5,0,1
C10478,2025,12,December,7,6,0,1
C10479,2024,9,September,1,0,1,0
C10479,2024,12,December,2,1,0,0
C10479,2025,5,May,3,2,0,1
C10480,2024,12,December,1,0,1,0
C10481,2024,8,August,1,1,1,0
C10481,2024,10,October,2,2,0,1
C10482,2025,9,September,1,1,1,0
C10483,2024,9,September,1,1,1,0
C10483,2025,10,October,2,2,0,1
C10484,2025,5,May,1,1,1,0
C10484,2025,9,September,2,2,0,1
C10484,2025,12,December,3,3,0,1
C10485,2024,7,July,1,1,1,0
C10485,2025,3,March,2,2,0,1
C10486,2024,10,October,1,2,0,1
C10486,2024,12,December,3,3,0,1
C10486,2025,3,March,4,3,0,1
C10486,2025,5,May,5,4,0,1
C10486,2025,8,August,6,5,0,1
C10487,2024,10,October,1,2,0,1
C10487,2024,12,December,3,2,0,1
C10487,2025,4,April,4,3,0,1
C10487,2025,11,November,5,4,0,1
C10488,2024,7,July,1,1,1,0
C10488,2024,8,August,2,1,0,0
C10488,2025,3,March,3,2,0,1
C10488,2025,12,December,4,3,0,1
C10489,2024,8,August,1,1,1,0
C10489,2024,9,September,2,2,0,1
C10489,2024,10,October,3,3,0,1
C10489,2024,12,December,4,4,0,1
C10489,2025,4,April,5,5,0,1
C10489,2025,6,June,6,6,0,1
C10489,2025,8,August,7,7,0,1
C10490,2025,8,August,1,1,1,0
C10490,2025,12,December,2,2,0,1
C10491,2024,8,August,1,1,1,0
C10491,2024,11,November,2,2,0,1
C10491,2025,3,March,3,3,0,1
C10491,2025,6,June,4,4,0,1
C10492,2024,11,November,1,1,1,0
C10492,2025,9,September,2,1,0,0
C10492,2025,10,October,3,2,0,1
C10492,2025,11,November,4,3,0,1
C10495,2025,12,December,1,1,1,0
C10496,2024,12,December,1,1,1,0
C10496,2025,2,February,2,2,0,1
C10496,2025,4,April,3,3,0,1
C10496,2025,11,November,4,4,0,1
C10496,2025,12,December,5,5,0,1
C10497,2024,11,November,1,1,1,0
C10497,2025,1,January,2,2,0,1
C10497,2025,12,December,3,4,0,1
C10498,2024,7,July,1,1,1,0
C10498,2024,10,October,2,2,0,1
C10498,2024,12,December,3,3,0,1
C10498,2025,7,July,4,4,0,1
C10499,2025,2,February,1,1,1,0
C10499,2025,4,April,2,2,0,1
C10499,2025,7,July,3,3,0,1
C10499,2025,12,December,4,4,0,1
C10500,2024,9,September,1,1,1,0
C10500,2024,12,December,2,2,0,1
C10500,2025,1,January,3,3,0,1
C10500,2025,4,April,5,3,0,1
C10502,2024,12,December,1,0,1,0
C10502,2025,3,March,2,1,0,0
C10503,2024,8,August,1,1,1,0
C10503,2024,12,December,2,3,0,1
C10503,2025,3,March,4,4,0,1
C10503,2025,6,June,5,5,0,1
C10503,2025,7,July,7,6,0,1
C10503,2025,12,December,8,6,0,1
C10505,2024,7,July,1,0,1,0
C10505,2024,8,August,2,1,0,0
C10505,2024,10,October,3,2,0,1
C10505,2025,1,January,4,3,0,1
C10506,2024,12,December,1,2,0,1
C10506,2025,4,April,4,3,0,1
C10506,2025,9,September,5,4,0,1
C10507,2024,7,July,1,1,1,0
C10507,2024,11,November,2,2,0,1
C10507,2025,1,January,3,3,0,1
C10507,2025,3,March,4,4,0,1
C10507,2025,4,April,6,5,0,1
C10507,2025,9,September,7,7,0,1
C10507,2025,10,October,10,8,0,1
C10507,2025,12,December,11,9,0,1
C10509,2025,1,January,1,1,1,0
C10509,2025,3,March,2,2,0,1
C10509,2025,4,April,3,3,0,1
C10509,2025,9,September,4,4,0,1
C10510,2024,8,August,1,1,1,0
C10510,2024,10,October,2,2,0,1
C10510,2025,3,March,3,3,0,1
C10510,2025,6,June,4,4,0,1
C10510,2025,10,October,5,5,0,1
C10511,2025,6,June,1,1,1,0
C10512,2025,10,October,1,1,1,0
C10512,2025,11,November,2,2,0,1
C10513,2024,8,August,1,1,1,0
C10513,2024,10,October,2,1,0,0
C10513,2025,4,April,3,2,0,1
C10513,2025,7,July,4,4,0,1
C10513,2025,9,September,6,5,0,1
C10514,2025,3,March,1,1,1,0
C10514,2025,4,April,2,1,0,0
C10514,2025,8,August,3,1,0,0
C10514,2025,12,December,4,3,0,1
C10515,2024,9,September,1,1,1,0
C10515,2024,11,November,2,2,0,1
C10515,2025,6,June,4,3,0,1
C10516,2024,10,October,1,1,1,0
C10516,2024,12,December,2,2,0,1
C10516,2025,6,June,3,3,0,1
C10516,2025,8,August,4,4,0,1
C10516,2025,11,November,5,5,0,1
C10517,2024,9,September,1,1,1,0
C10517,2025,11,November,2,2,0,1
C10518,2024,8,August,1,1,1,0
C10518,2024,10,October,2,3,0,1
C10518,2025,4,April,6,4,0,1
C10518,2025,5,May,7,5,0,1
C10518,2025,6,June,8,6,0,1
C10518,2025,10,October,10,7,0,1
C10519,2025,1,January,1,1,1,0
C10519,2025,3,March,2,2,0,1
C10520,2024,8,August,1,1,1,0
C10520,2025,2,February,2,2,0,1
C10520,2025,6,June,3,3,0,1
C10520,2025,7,July,4,4,0,1
C10520,2025,8,August,5,4,0,1
C10521,2025,1,January,1,1,1,0
C10521,2025,3,March,2,2,0,1
C10522,2025,8,August,1,1,1,0
C10523,2024,7,July,1,1,1,0
C10523,2024,8,August,2,1,0,0
C10523,2024,10,October,3,2,0,1
C10523,2024,12,December,4,2,0,1
C10523,2025,1,January,5,2,0,1
C10523,2025,2,February,6,3,0,1
C10523,2025,7,July,7,3,0,1
C10523,2025,11,November,8,4,0,1
C10524,2024,12,December,1,1,1,0
C10525,2024,12,December,1,1,1,0
C10525,2025,2,February,2,1,0,0
C10525,2025,7,July,3,2,0,1
C10526,2025,1,January,1,1,1,0
C10526,2025,6,June,2,2,0,1
C10526,2025,9,September,3,3,0,1
C10526,2025,12,December,4,4,0,1
C10528,2025,9,September,1,0,1,0
C10528,2025,11,November,2,2,0,1
C10529,2024,11,November,1,1,1,0
C10529,2025,3,March,2,2,0,1
C10529,2025,4,April,3,3,0,1
C10529,2025,7,July,4,4,0,1
C10530,2025,4,April,1,0,1,0
C10531,2024,9,September,1,1,1,0
C10531,2024,10,October,2,2,0,1
C10531,2025,1,January,3,3,0,1
C10531,2025,5,May,4,5,0,1
C10531,2025,6,June,6,6,0,1
C10532,2024,11,November,1,1,1,0
C10532,2025,5,May,2,2,0,1
C10533,2024,7,July,1,1,1,0
C10533,2024,9,September,2,2,0,1
C10533,2025,10,October,3,3,0,1
C10534,2024,10,October,1,1,1,0
C10535,2025,8,August,1,1,1,0
C10536,2024,7,July,1,1,1,0
C10536,2025,2,February,2,1,0,0
C10536,2025,10,October,3,2,0,1
C10537,2024,9,September,1,0,1,0
C10537,2024,12,December,2,1,0,0
C10537,2025,1,January,3,2,0,1
C10538,2024,12,December,1,1,1,0
C10538,2025,3,March,2,2,0,1
C10538,2025,9,September,3,3,0,1
C10539,2024,12,December,1,0,1,0
C10539,2025,6,June,2,1,0,0
C10540,2024,12,December,1,0,1,0
C10540,2025,10,October,2,1,0,0
C10541,2024,8,August,1,1,1,0
C10541,2024,10,October,3,1,0,0
C10541,2025,4,April,4,1,0,0
C10542,2025,6,June,1,1,1,0
C10542,2025,11,November,2,3,0,1
C10543,2025,6,June,1,1,1,0
C10543,2025,8,August,2,2,0,1
C10543,2025,11,November,4,3,0,1
C10544,2024,10,October,1,3,0,1
C10544,2025,1,January,4,3,0,1
C10544,2025,2,February,5,3,0,1
C10544,2025,11,November,6,3,0,1
C10545,2024,10,October,1,0,1,0
C10545,2025,3,March,2,1,0,0
C10545,2025,10,October,3,2,0,1
C10546,2024,9,September,1,1,1,0
C10546,2024,12,December,2,2,0,1
C10546,2025,7,July,3,3,0,1
C10546,2025,12,December,4,4,0,1
C10547,2024,12,December,1,1,1,0
C10547,2025,1,January,2,2,0,1
C10547,2025,5,May,3,2,0,1
C10547,2025,10,October,4,3,0,1
C10547,2025,11,November,5,4,0,1
C10548,2025,1,January,1,1,1,0
C10548,2025,5,May,2,1,0,0
C10549,2024,8,August,1,1,1,0
C10549,2025,3,March,2,2,0,1
C10549,2025,5,May,3,3,0,1
C10549,2025,7,July,4,3,0,1
C10549,2025,9,September,5,4,0,1
C10549,2025,11,November,6,4,0,1
C10549,2025,12,December,7,5,0,1
C10550,2024,9,September,1,1,1,0
C10550,2025,6,June,2,1,0,0
C10551,2025,5,May,1,1,1,0
C10551,2025,7,July,2,2,0,1
C10552,2024,10,October,1,1,1,0
C10552,2025,8,August,2,3,0,1
C10552,2025,9,September,4,4,0,1
C10553,2024,10,October,1,1,1,0
C10553,2024,12,December,2,2,0,1
C10553,2025,1,January,3,3,0,1
C10553,2025,2,February,4,4,0,1
C10553,2025,4,April,5,5,0,1
C10554,2025,3,March,1,0,1,0
C10554,2025,7,July,2,1,0,0
C10554,2025,10,October,3,2,0,1
C10554,2025,11,November,4,3,0,1
C10555,2024,10,October,1,1,1,0
C10556,2025,5,May,1,1,1,0
C10556,2025,8,August,2,2,0,1
C10557,2025,3,March,1,1,1,0
C10558,2024,10,October,1,1,1,0
C10558,2024,12,December,2,2,0,1
C10559,2024,7,July,1,1,1,0
C10559,2024,12,December,2,2,0,1
C10559,2025,4,April,3,3,0,1
C10559,2025,10,October,4,5,0,1
C10560,2024,9,September,1,1,1,0
C10560,2024,10,October,2,2,0,1
C10560,2025,2,February,3,3,0,1
C10560,2025,9,September,4,4,0,1
C10560,2025,10,October,5,4,0,1
C10560,2025,11,November,6,6,0,1
C10560,2025,12,December,8,6,0,1
C10561,2025,2,February,1,1,1,0
C10561,2025,4,April,2,2,0,1
C10561,2025,8,August,3,3,0,1
C10562,2024,9,September,1,0,1,0
C10562,2025,6,June,2,1,0,0
C10562,2025,9,September,3,2,0,1
C10563,2024,8,August,1,1,1,0
C10563,2024,10,October,2,2,0,1
C10563,2025,4,April,3,3,0,1
C10563,2025,6,June,4,4,0,1
C10563,2025,7,July,5,6,0,1
C10563,2025,10,October,7,7,0,1
C10564,2024,7,July,1,1,1,0
C10564,2024,10,October,2,2,0,1
C10564,2024,12,December,3,3,0,1
C10564,2025,1,January,4,4,0,1
C10564,2025,2,February,5,5,0,1
C10564,2025,5,May,6,8,0,1
C10564,2025,9,September,9,9,0,1
C10564,2025,12,December,10,10,0,1
C10565,2025,3,March,1,1,1,0
C10566,2024,9,September,1,1,1,0
C10566,2024,10,October,2,3,0,1
C10566,2024,11,November,4,4,0,1
C10566,2025,3,March,5,5,0,1
C10566,2025,5,May,6,6,0,1
C10566,2025,6,June,7,7,0,1
C10566,2025,7,July,8,8,0,1
C10568,2024,7,July,1,1,1,0
C10568,2024,8,August,2,2,0,1
C10568,2024,9,September,3,3,0,1
C10568,2025,6,June,4,3,0,1
C10568,2025,10,October,5,4,0,1
C10569,2024,11,November,1,1,1,0
C10569,2025,6,June,2,2,0,1
C10569,2025,7,July,3,3,0,1
C10569,2025,9,September,4,4,0,1
C10570,2024,8,August,1,1,1,0
C10570,2024,12,December,2,2,0,1
C10570,2025,2,February,3,4,0,1
C10570,2025,3,March,5,5,0,1
C10570,2025,5,May,6,6,0,1
C10570,2025,7,July,7,7,0,1
C10570,2025,8,August,8,8,0,1
C10570,2025,9,September,9,10,0,1
C10570,2025,10,October,11,10,0,1
C10570,2025,12,December,12,11,0,1
C10571,2024,8,August,1,1,1,0
C10571,2024,9,September,2,2,0,1
C10571,2025,3,March,3,4,0,1
C10571,2025,8,August,5,5,0,1
C10571,2025,9,September,6,6,0,1
C10572,2024,8,August,1,1,1,0
C10572,2024,10,October,2,1,0,0
C10572,2025,5,May,3,2,0,1
C10573,2025,8,August,1,1,1,0
C10574,2024,9,September,1,1,1,0
C10574,2024,12,December,2,2,0,1
C10574,2025,5,May,3,3,0,1
C10574,2025,12,December,4,5,0,1
C10575,2025,7,July,1,1,1,0
C10575,2025,9,September,2,2,0,1
C10576,2024,10,October,1,1,1,0
C10576,2025,5,May,2,2,0,1
C10576,2025,12,December,3,2,0,1
C10577,2024,7,July,1,1,1,0
C10577,2024,11,November,2,2,0,1
C10577,2025,1,January,4,3,0,1
C10577,2025,5,May,5,4,0,1
C10577,2025,9,September,6,5,0,1
C10577,2025,11,November,7,6,0,1
C10578,2024,12,December,1,1,1,0
C10579,2024,8,August,1,1,1,0
C10579,2025,1,January,2,2,0,1
C10579,2025,9,September,3,3,0,1
C10579,2025,10,October,4,3,0,1
C10580,2025,3,March,1,1,1,0
C10580,2025,7,July,2,1,0,0
C10581,2024,7,July,1,1,1,0
C10581,2024,9,September,2,3,0,1
C10581,2024,11,November,4,4,0,1
C10581,2025,2,February,5,5,0,1
C10581,2025,5,May,6,7,0,1
C10581,2025,8,August,8,8,0,1
C10581,2025,9,September,9,9,0,1
C10582,2025,8,August,1,0,1,0
C10582,2025,10,October,2,1,0,0
C10583,2024,10,October,1,1,1,0
C10583,2025,1,January,2,2,0,1
C10583,2025,2,February,3,3,0,1
C10583,2025,5,May,4,4,0,1
C10583,2025,10,October,5,5,0,1
C10583,2025,12,December,6,5,0,1
C10584,2024,11,November,1,0,1,0
C10584,2025,1,January,2,1,0,0
C10584,2025,3,March,3,2,0,1
C10584,2025,5,May,4,3,0,1
C10584,2025,6,June,5,4,0,1
C10584,2025,9,September,6,5,0,1
C10584,2025,11,November,7,8,0,1
C10585,2024,8,August,1,1,1,0
C10585,2024,11,November,2,2,0,1
C10585,2025,3,March,3,3,0,1
C10585,2025,6,June,4,4,0,1
C10585,2025,7,July,6,5,0,1
C10585,2025,9,September,7,7,0,1
C10585,2025,10,October,9,8,0,1
C10586,2025,2,February,1,1,1,0
C10587,2025,7,July,1,1,1,0
C10587,2025,8,August,2,2,0,1
C10588,2024,8,August,1,1,1,0
C10588,2024,10,October,2,1,0,0
C10588,2025,4,April,3,3,0,1
C10588,2025,7,July,6,4,0,1
C10588,2025,11,November,7,5,0,1
C10589,2024,7,July,1,1,1,0
C10589,2024,8,August,2,2,0,1
C10589,2025,1,January,3,2,0,1
C10589,2025,8,August,4,3,0,1
C10589,2025,10,October,5,4,0,1
C10590,2025,3,March,1,0,1,0
C10591,2025,6,June,1,1,1,0
C10591,2025,9,September,2,2,0,1
C10592,2025,3,March,1,1,1,0
C10592,2025,10,October,2,2,0,1
C10593,2025,3,March,1,1,1,0
C10593,2025,4,April,2,2,0,1
C10593,2025,8,August,3,3,0,1
C10594,2024,10,October,1,1,1,0
C10594,2025,5,May,2,2,0,1
C10594,2025,8,August,3,2,0,1
C10594,2025,11,November,4,3,0,1
C10596,2025,1,January,1,1,1,0
C10596,2025,4,April,2,3,0,1
C10596,2025,6,June,4,4,0,1
C10596,2025,9,September,5,5,0,1
C10597,2024,10,October,1,0,1,0
C10597,2025,2,February,2,1,0,0
C10598,2024,9,September,1,1,1,0
C10598,2025,4,April,2,2,0,1
C10598,2025,9,September,3,3,0,1
C10599,2025,1,January,1,1,1,0
C10599,2025,7,July,2,1,0,0
C10599,2025,12,December,3,2,0,1
C10600,2024,11,November,1,1,1,0
C10600,2025,7,July,2,2,0,1
C10601,2024,11,November,1,1,1,0
C10601,2025,6,June,2,2,0,1
C10601,2025,8,August,3,3,0,1
C10602,2024,8,August,1,1,1,0
C10602,2024,12,December,2,2,0,1
C10602,2025,2,February,3,3,0,1
C10602,2025,10,October,4,4,0,1
C10603,2025,4,April,1,0,1,0
C10603,2025,8,August,2,1,0,0
C10604,2024,9,September,1,2,0,1
C10604,2024,11,November,3,2,0,1
C10604,2025,5,May,4,4,0,1
C10604,2025,7,July,6,5,0,1
C10604,2025,12,December,7,6,0,1
C10605,2025,2,February,1,1,1,0
C10605,2025,3,March,2,1,0,0
C10606,2024,8,August,1,1,1,0
C10606,2024,11,November,2,2,0,1
C10606,2025,6,June,3,3,0,1
C10606,2025,7,July,4,4,0,1
C10607,2025,3,March,1,1,1,0
C10607,2025,5,May,2,2,0,1
C10607,2025,7,July,3,3,0,1
C10608,2024,11,November,1,1,1,0
C10608,2025,10,October,2,1,0,0
C10609,2024,12,December,1,1,1,0
C10609,2025,2,February,2,3,0,1
C10609,2025,7,July,4,4,0,1
C10609,2025,8,August,5,5,0,1
C10609,2025,9,September,6,6,0,1
C10609,2025,11,November,7,7,0,1
C10610,2024,8,August,1,0,1,0
C10610,2024,10,October,2,1,0,0
C10610,2024,11,November,3,2,0,1
C10610,2025,2,February,4,3,0,1
C10610,2025,3,March,5,4,0,1
C10610,2025,4,April,6,5,0,1
C10610,2025,11,November,7,5,0,1
C10611,2024,7,July,1,1,1,0
C10611,2025,2,February,2,1,0,0
C10612,2024,10,October,1,1,1,0
C10612,2025,5,May,2,1,0,0
C10613,2024,8,August,1,1,1,0
C10613,2025,1,January,2,2,0,1
C10614,2024,7,July,1,1,1,0
C10614,2025,8,August,2,1,0,0
C10615,2024,11,November,1,1,1,0
C10615,2025,7,July,2,2,0,1
C10615,2025,8,August,3,4,0,1
C10615,2025,9,September,5,6,0,1
C10615,2025,11,November,7,8,0,1
C10616,2024,7,July,1,1,1,0
C10616,2024,11,November,2,2,0,1
C10616,2025,1,January,3,3,0,1
C10616,2025,4,April,4,5,0,1
C10616,2025,5,May,7,6,0,1
C10616,2025,8,August,8,7,0,1
C10616,2025,9,September,9,9,0,1
C10616,2025,12,December,11,10,0,1
C10617,2024,9,September,1,1,1,0
C10617,2025,2,February,2,3,0,1
C10617,2025,4,April,4,4,0,1
C10618,2025,1,January,1,0,1,0
C10618,2025,10,October,2,1,0,0
C10618,2025,11,November,3,1,0,0
C10619,2024,12,December,1,1,1,0
C10619,2025,2,February,2,2,0,1
C10619,2025,4,April,3,3,0,1
C10619,2025,5,May,4,4,0,1
C10619,2025,8,August,5,4,0,1
C10619,2025,10,October,6,5,0,1
C10619,2025,11,November,7,7,0,1
C10620,2024,7,July,1,1,1,0
C10621,2024,7,July,1,1,1,0
C10621,2024,10,October,3,2,0,1
C10621,2024,11,November,4,3,0,1
C10621,2025,12,December,5,3,0,1
C10622,2025,1,January,1,1,1,0
C10622,2025,2,February,2,2,0,1
C10622,2025,4,April,3,2,0,1
C10622,2025,5,May,4,3,0,1
C10622,2025,10,October,5,5,0,1
C10622,2025,11,November,7,6,0,1
C10623,2024,7,July,1,0,1,0
C10623,2025,2,February,2,1,0,0
C10623,2025,3,March,3,2,0,1
C10623,2025,6,June,4,3,0,1
C10623,2025,10,October,5,4,0,1
C10623,2025,12,December,6,5,0,1
C10624,2025,7,July,1,1,1,0
C10624,2025,10,October,2,2,0,1
C10625,2025,5,May,1,1,1,0
C10625,2025,10,October,2,2,0,1
C10626,2024,7,July,1,1,1,0
C10626,2024,8,August,2,2,0,1
C10626,2025,7,July,5,2,0,1
C10627,2025,12,December,1,0,1,0
C10628,2024,10,October,1,1,1,0
C10628,2025,3,March,2,2,0,1
C10628,2025,8,August,3,3,0,1
C10628,2025,12,December,4,4,0,1
C10629,2025,1,January,1,1,1,0
C10629,2025,3,March,2,2,0,1
C10629,2025,9,September,3,3,0,1
C10630,2024,12,December,1,1,1,0
C10630,2025,4,April,2,2,0,1
C10630,2025,5,May,3,2,0,1
C10630,2025,8,August,4,3,0,1
C10630,2025,10,October,5,5,0,1
C10631,2024,10,October,1,0,1,0
C10631,2025,4,April,2,1,0,0
C10631,2025,7,July,3,2,0,1
C10631,2025,8,August,4,3,0,1
C10632,2025,6,June,1,0,1,0
C10633,2025,4,April,1,1,1,0
C10633,2025,8,August,2,2,0,1
C10633,2025,9,September,3,3,0,1
C10633,2025,10,October,4,3,0,1
C10634,2024,9,September,1,1,1,0
C10634,2024,10,October,2,2,0,1
C10635,2025,2,February,1,1,1,0
C10635,2025,10,October,2,2,0,1
C10636,2024,8,August,1,1,1,0
C10636,2024,10,October,2,2,0,1
C10636,2025,3,March,3,3,0,1
C10636,2025,7,July,4,4,0,1
C10636,2025,8,August,5,5,0,1
C10637,2024,11,November,1,1,1,0
C10637,2025,5,May,2,2,0,1
C10637,2025,6,June,4,3,0,1
C10637,2025,11,November,5,3,0,1
C10638,2025,1,January,1,1,1,0
C10638,2025,10,October,2,2,0,1
C10639,2024,10,October,1,2,0,1
C10639,2025,2,February,3,3,0,1
C10639,2025,8,August,4,4,0,1
C10640,2024,11,November,1,1,1,0
C10640,2025,4,April,2,2,0,1
C10640,2025,5,May,3,3,0,1
C10640,2025,9,September,4,3,0,1
C10641,2024,7,July,1,1,1,0
C10641,2024,8,August,2,2,0,1
C10641,2024,11,November,3,3,0,1
C10641,2025,6,June,4,4,0,1
C10641,2025,7,July,5,5,0,1
C10642,2025,8,August,1,2,0,1
C10643,2024,10,October,1,0,1,0
C10643,2025,1,January,2,2,0,1
C10643,2025,9,September,4,3,0,1
C10643,2025,10,October,5,5,0,1
C10643,2025,12,December,7,6,0,1
C10644,2024,8,August,1,1,1,0
C10644,2024,9,September,2,3,0,1
C10644,2025,5,May,4,4,0,1
C10644,2025,8,August,5,5,0,1
C10644,2025,9,September,6,6,0,1
C10645,2024,8,August,1,1,1,0
C10645,2024,12,December,2,2,0,1
C10645,2025,1,January,3,2,0,1
C10645,2025,8,August,4,4,0,1
C10646,2025,6,June,1,1,1,0
C10646,2025,8,August,2,2,0,1
C10646,2025,11,November,3,3,0,1
C10647,2025,7,July,1,1,1,0
C10648,2024,8,August,1,2,0,1
C10648,2024,9,September,3,3,0,1
C10648,2025,5,May,4,3,0,1
C10650,2024,10,October,1,1,1,0
C10650,2025,3,March,2,2,0,1
C10651,2025,5,May,1,1,1,0
C10651,2025,11,November,2,2,0,1
C10652,2025,4,April,1,0,1,0
C10653,2024,10,October,1,1,1,0
C10653,2025,8,August,2,2,0,1
C10654,2025,2,February,1,1,1,0
C10655,2024,9,September,1,1,1,0
C10655,2025,4,April,2,2,0,1
C10655,2025,6,June,3,3,0,1
C10655,2025,9,September,4,4,0,1
C10655,2025,10,October,5,6,0,1
C10656,2024,7,July,1,0,1,0
C10656,2024,8,August,2,1,0,0
C10656,2025,1,January,3,1,0,0
C10656,2025,2,February,4,2,0,1
C10656,2025,5,May,5,3,0,1
C10656,2025,7,July,6,5,0,1
C10656,2025,9,September,8,5,0,1
C10657,2024,11,November,1,1,1,0
C10657,2025,1,January,2,2,0,1
C10657,2025,4,April,4,2,0,1
C10657,2025,9,September,5,3,0,1
C10658,2024,8,August,1,1,1,0
C10658,2025,2,February,2,2,0,1
C10658,2025,4,April,3,3,0,1
C10658,2025,5,May,4,4,0,1
C10658,2025,6,June,5,5,0,1
C10658,2025,9,September,6,6,0,1
C10659,2024,10,October,1,1,1,0
C10660,2024,10,October,1,1,1,0
C10660,2025,7,July,2,1,0,0
C10660,2025,10,October,3,1,0,0
C10661,2024,8,August,1,1,1,0
C10661,2024,11,November,2,2,0,1
C10661,2025,1,January,3,3,0,1
C10661,2025,3,March,4,4,0,1
C10661,2025,5,May,5,5,0,1
C10662,2024,11,November,1,1,1,0
C10662,2024,12,December,2,2,0,1
C10663,2024,8,August,1,2,0,1
C10663,2025,5,May,3,2,0,1
C10663,2025,6,June,4,3,0,1
C10663,2025,7,July,5,4,0,1
C10664,2024,10,October,1,0,1,0
C10664,2025,4,April,2,0,0,0
C10664,2025,6,June,3,1,0,0
C10665,2024,10,October,1,1,1,0
C10665,2025,8,August,2,2,0,1
C10666,2024,8,August,1,0,1,0
C10666,2025,2,February,2,1,0,0
C10666,2025,7,July,4,2,0,1
C10666,2025,9,September,5,3,0,1
C10666,2025,10,October,6,3,0,1
C10666,2025,12,December,7,3,0,1
C10667,2024,12,December,1,1,1,0
C10667,2025,3,March,2,2,0,1
C10669,2024,9,September,1,0,1,0
C10669,2024,11,November,2,1,0,0
C10669,2025,3,March,3,2,0,1
C10669,2025,4,April,4,3,0,1
C10669,2025,7,July,5,4,0,1
C10669,2025,10,October,6,5,0,1
C10670,2024,8,August,1,1,1,0
C10670,2025,1,January,2,2,0,1
C10670,2025,5,May,3,3,0,1
C10670,2025,12,December,4,4,0,1
C10671,2024,10,October,1,1,1,0
C10671,2024,12,December,2,2,0,1
C10671,2025,2,February,3,3,0,1
C10671,2025,4,April,4,4,0,1
C10671,2025,5,May,5,5,0,1
C10672,2024,12,December,1,1,1,0
C10672,2025,3,March,2,2,0,1
C10673,2025,5,May,1,1,1,0
C10673,2025,8,August,2,2,0,1
C10673,2025,10,October,3,3,0,1
C10674,2025,2,February,1,0,1,0
C10674,2025,3,March,2,1,0,0
C10675,2024,11,November,1,0,1,0
C10675,2025,1,January,3,0,0,0
C10675,2025,4,April,4,1,0,0
C10676,2025,1,January,1,1,1,0
C10676,2025,12,December,2,2,0,1
C10677,2025,5,May,1,2,0,1
C10678,2024,8,August,1,0,1,0
C10678,2024,9,September,2,1,0,0
C10678,2025,10,October,3,3,0,1
C10678,2025,11,November,5,4,0,1
C10679,2025,7,July,1,0,1,0
C10680,2025,10,October,1,1,1,0
C10681,2024,11,November,1,1,1,0
C10681,2024,12,December,2,3,0,1
C10681,2025,7,July,4,4,0,1
C10681,2025,12,December,5,6,0,1
C10682,2024,12,December,1,1,1,0
C10682,2025,7,July,3,2,0,1
C10682,2025,9,September,4,3,0,1
C10682,2025,10,October,5,3,0,1
C10683,2024,8,August,1,1,1,0
C10683,2024,9,September,2,2,0,1
C10683,2024,12,December,3,3,0,1
C10683,2025,6,June,4,4,0,1
C10684,2024,7,July,1,1,1,0
C10684,2024,8,August,2,2,0,1
C10684,2024,10,October,3,3,0,1
C10684,2025,1,January,4,4,0,1
C10684,2025,3,March,5,5,0,1
C10684,2025,6,June,6,6,0,1
C10684,2025,11,November,7,7,0,1
C10684,2025,12,December,8,7,0,1
C10685,2024,7,July,1,1,1,0
C10685,2025,4,April,2,1,0,0
C10685,2025,6,June,3,2,0,1
C10685,2025,10,October,4,3,0,1
C10685,2025,12,December,5,4,0,1
C10686,2025,6,June,1,1,1,0
C10686,2025,7,July,2,1,0,0
C10687,2025,3,March,1,1,1,0
C10688,2024,7,July,1,0,1,0
C10688,2025,5,May,2,1,0,0
C10689,2025,6,June,1,1,1,0
C10689,2025,9,September,2,2,0,1
C10690,2025,5,May,1,1,1,0
C10691,2024,8,August,1,1,1,0
C10691,2024,10,October,2,2,0,1
C10691,2024,11,November,3,3,0,1
C10691,2025,3,March,4,4,0,1
C10691,2025,4,April,5,5,0,1
C10692,2024,8,August,1,0,1,0
C10692,2024,9,September,2,1,0,0
C10693,2024,7,July,1,2,0,1
C10693,2024,9,September,3,3,0,1
C10693,2024,10,October,4,4,0,1
C10693,2025,6,June,5,6,0,1
C10693,2025,8,August,7,7,0,1
C10694,2025,5,May,1,1,1,0
C10694,2025,10,October,2,2,0,1
C10694,2025,11,November,3,2,0,1
C10695,2025,4,April,1,2,0,1
C10695,2025,7,July,3,3,0,1
C10695,2025,9,September,4,4,0,1
C10695,2025,10,October,5,5,0,1
C10696,2025,1,January,1,2,0,1
C10696,2025,2,February,3,2,0,1
C10696,2025,11,November,4,2,0,1
C10697,2024,8,August,1,1,1,0
C10697,2024,9,September,2,2,0,1
C10697,2024,11,November,3,2,0,1
C10697,2024,12,December,4,4,0,1
C10697,2025,7,July,6,5,0,1
C10698,2024,10,October,1,1,1,0
C10698,2024,11,November,2,1,0,0
C10698,2024,12,December,3,2,0,1
C10698,2025,2,February,4,3,0,1
C10698,2025,10,October,5,4,0,1
C10699,2024,7,July,1,1,1,0
C10699,2024,11,November,2,2,0,1
C10699,2025,3,March,3,3,0,1
C10699,2025,5,May,4,4,0,1
C10699,2025,8,August,5,5,0,1
C10700,2024,7,July,1,0,1,0
C10700,2024,8,August,2,2,0,1
C10700,2024,9,September,4,3,0,1
C10700,2025,10,October,5,4,0,1
C10701,2024,7,July,1,1,1,0
C10701,2025,5,May,2,2,0,1
C10702,2025,1,January,1,1,1,0
C10702,2025,4,April,2,2,0,1
C10703,2025,3,March,1,1,1,0
C10703,2025,8,August,2,1,0,0
C10705,2024,12,December,1,1,1,0
C10705,2025,4,April,2,2,0,1
C10705,2025,8,August,3,2,0,1
C10705,2025,11,November,4,3,0,1
C10706,2025,7,July,1,1,1,0
C10706,2025,9,September,2,2,0,1
C10706,2025,12,December,3,3,0,1
C10707,2025,1,January,1,1,1,0
C10707,2025,2,February,2,2,0,1
C10707,2025,6,June,3,3,0,1
C10707,2025,8,August,4,4,0,1
C10708,2024,10,October,1,1,1,0
C10709,2025,1,January,1,0,1,0
C10709,2025,11,November,2,3,0,1
C10709,2025,12,December,5,4,0,1
C10710,2025,6,June,1,1,1,0
C10711,2024,8,August,1,1,1,0
C10711,2025,4,April,2,2,0,1
C10712,2024,9,September,1,1,1,0
C10712,2025,7,July,2,2,0,1
C10713,2024,7,July,1,1,1,0
C10713,2024,8,August,2,2,0,1
C10713,2024,9,September,3,2,0,1
C10713,2024,10,October,4,5,0,1
C10713,2024,11,November,7,5,0,1
C10713,2025,3,March,8,6,0,1
C10713,2025,7,July,9,7,0,1
C10713,2025,12,December,10,9,0,1
C10714,2024,7,July,1,1,1,0
C10715,2024,10,October,1,1,1,0
C10715,2025,8,August,2,2,0,1
C10715,2025,10,October,3,2,0,1
C10716,2025,2,February,1,1,1,0
C10716,2025,7,July,2,2,0,1
C10716,2025,12,December,3,3,0,1
C10717,2024,12,December,1,1,1,0
C10717,2025,5,May,2,2,0,1
C10717,2025,6,June,3,3,0,1
C10717,2025,8,August,4,4,0,1
C10718,2024,10,October,1,1,1,0
C10718,2025,9,September,2,1,0,0
C10718,2025,10,October,3,2,0,1
C10718,2025,11,November,4,3,0,1
C10719,2024,7,July,1,1,1,0
C10719,2025,2,February,2,1,0,0
C10719,2025,5,May,3,3,0,1
C10719,2025,6,June,5,4,0,1
C10719,2025,7,July,6,5,0,1
C10719,2025,9,September,7,6,0,1
C10719,2025,12,December,8,6,0,1
C10720,2024,11,November,1,1,1,0
C10720,2025,4,April,2,2,0,1
C10720,2025,8,August,3,3,0,1
C10721,2024,7,July,1,1,1,0
C10721,2024,12,December,2,3,0,1
C10721,2025,7,July,4,4,0,1
C10722,2024,10,October,1,2,0,1
C10722,2025,3,March,4,3,0,1
C10722,2025,4,April,5,5,0,1
C10722,2025,7,July,7,7,0,1
C10722,2025,9,September,9,8,0,1
C10722,2025,10,October,10,8,0,1
C10723,2024,11,November,1,0,1,0
C10723,2025,1,January,2,1,0,0
C10724,2025,3,March,1,1,1,0
C10724,2025,5,May,2,1,0,0
C10724,2025,10,October,4,2,0,1
C10725,2025,9,September,1,0,1,0
C10725,2025,10,October,2,1,0,0
C10726,2024,7,July,1,1,1,0
C10726,2024,11,November,2,2,0,1
C10726,2025,1,January,3,3,0,1
C10727,2025,2,February,1,1,1,0
C10727,2025,9,September,2,2,0,1
C10727,2025,12,December,3,3,0,1
C10728,2024,9,September,1,1,1,0
C10728,2025,6,June,2,2,0,1
C10728,2025,7,July,3,3,0,1
C10728,2025,8,August,4,3,0,1
C10728,2025,9,September,5,4,0,1
C10729,2024,8,August,1,1,1,0
C10730,2024,7,July,1,1,1,0
C10730,2024,11,November,2,2,0,1
C10730,2025,4,April,3,2,0,1
C10730,2025,7,July,4,3,0,1
C10730,2025,11,November,5,4,0,1
C10731,2024,8,August,1,1,1,0
C10731,2024,9,September,2,2,0,1
C10731,2025,2,February,3,3,0,1
C10733,2025,4,April,1,1,1,0
C10733,2025,7,July,2,2,0,1
C10734,2025,2,February,1,0,1,0
C10734,2025,11,November,2,1,0,0
C10735,2024,8,August,1,1,1,0
C10735,2024,9,September,2,2,0,1
C10735,2024,11,November,3,3,0,1
C10735,2025,1,January,5,4,0,1
C10736,2025,3,March,1,1,1,0
C10737,2024,10,October,1,1,1,0
C10737,2025,4,April,2,2,0,1
C10737,2025,6,June,3,2,0,1
C10737,2025,7,July,4,3,0,1
C10737,2025,9,September,5,4,0,1
C10738,2024,9,September,1,1,1,0
C10738,2024,10,October,2,2,0,1
C10738,2025,3,March,3,3,0,1
C10738,2025,4,April,4,4,0,1
C10738,2025,12,December,5,4,0,1
C10739,2024,7,July,1,1,1,0
C10739,2024,9,September,2,2,0,1
C10739,2025,7,July,3,3,0,1
C10740,2024,10,October,1,0,1,0
C10740,2024,11,November,2,1,0,0
C10740,2025,4,April,4,2,0,1
C10740,2025,11,November,5,3,0,1
C10741,2024,8,August,1,1,1,0
C10741,2024,9,September,2,2,0,1
C10741,2025,2,February,3,3,0,1
C10741,2025,8,August,4,4,0,1
C10742,2024,7,July,1,0,1,0
C10742,2024,8,August,2,1,0,0
C10742,2024,11,November,3,2,0,1
C10742,2025,1,January,4,3,0,1
C10742,2025,6,June,5,4,0,1
C10742,2025,7,July,6,5,0,1
C10742,2025,8,August,7,6,0,1
C10743,2024,9,September,1,0,1,0
C10743,2024,10,October,2,1,0,0
C10743,2025,1,January,3,1,0,0
C10743,2025,3,March,4,2,0,1
C10743,2025,4,April,5,2,0,1
C10743,2025,6,June,6,3,0,1
C10743,2025,8,August,7,4,0,1
C10743,2025,9,September,8,4,0,1
C10744,2024,10,October,1,0,1,0
C10744,2025,5,May,2,1,0,0
C10744,2025,7,July,3,2,0,1
C10744,2025,9,September,4,3,0,1
C10744,2025,10,October,5,4,0,1
C10745,2024,12,December,1,1,1,0
C10746,2024,7,July,1,1,1,0
C10746,2024,10,October,3,2,0,1
C10746,2024,11,November,4,3,0,1
C10746,2025,6,June,5,4,0,1
C10746,2025,7,July,6,5,0,1
C10746,2025,8,August,7,6,0,1
C10746,2025,10,October,8,7,0,1
C10746,2025,12,December,9,9,0,1
C10747,2024,9,September,1,1,1,0
C10747,2024,10,October,2,2,0,1
C10747,2024,11,November,3,3,0,1
C10748,2025,2,February,1,1,1,0
C10748,2025,3,March,2,2,0,1
C10748,2025,5,May,3,3,0,1
C10748,2025,6,June,4,3,0,1
C10748,2025,7,July,5,3,0,1
C10748,2025,9,September,6,4,0,1
C10748,2025,11,November,8,5,0,1
C10749,2025,9,September,1,1,1,0
C10750,2024,7,July,1,1,1,0
C10750,2024,10,October,2,1,0,0
C10751,2025,1,January,1,1,1,0
C10751,2025,5,May,2,2,0,1
C10751,2025,9,September,3,3,0,1
C10752,2024,12,December,1,1,1,0
C10752,2025,7,July,2,2,0,1
C10752,2025,8,August,3,3,0,1
C10753,2024,9,September,1,1,1,0
C10753,2024,10,October,3,2,0,1
C10753,2025,3,March,4,3,0,1
C10753,2025,6,June,5,3,0,1
C10754,2025,4,April,1,1,1,0
C10754,2025,8,August,2,3,0,1
C10754,2025,9,September,4,3,0,1
C10754,2025,11,November,5,4,0,1
C10756,2024,8,August,1,1,1,0
C10756,2024,12,December,2,2,0,1
C10756,2025,2,February,3,3,0,1
C10756,2025,3,March,4,4,0,1
C10756,2025,5,May,5,5,0,1
C10756,2025,8,August,6,5,0,1
C10756,2025,12,December,7,6,0,1
C10757,2024,8,August,1,1,1,0
C10757,2025,3,March,2,2,0,1
C10758,2024,11,November,1,1,1,0
C10759,2025,3,March,1,1,1,0
C10759,2025,4,April,2,2,0,1
C10759,2025,9,September,3,3,0,1
C10761,2024,9,September,1,0,1,0
C10761,2024,11,November,2,1,0,0
C10761,2025,2,February,3,2,0,1
C10761,2025,3,March,4,3,0,1
C10761,2025,5,May,5,4,0,1
C10761,2025,6,June,6,5,0,1
C10761,2025,11,November,7,5,0,1
C10761,2025,12,December,8,6,0,1
C10762,2025,2,February,1,1,1,0
C10762,2025,3,March,2,2,0,1
C10764,2024,7,July,1,0,1,0
C10764,2025,7,July,2,1,0,0
C10764,2025,10,October,3,3,0,1
C10765,2025,1,January,1,1,1,0
C10765,2025,7,July,2,2,0,1
C10766,2024,10,October,1,2,0,1
C10766,2025,6,June,3,2,0,1
C10766,2025,8,August,4,3,0,1
C10766,2025,9,September,5,4,0,1
C10766,2025,10,October,7,5,0,1
C10767,2025,8,August,1,1,1,0
C10767,2025,10,October,2,2,0,1
C10767,2025,11,November,3,3,0,1
C10768,2024,11,November,1,1,1,0
C10768,2025,6,June,2,2,0,1
C10769,2025,5,May,1,1,1,0
C10769,2025,10,October,2,2,0,1
C10770,2024,12,December,1,1,1,0
C10770,2025,1,January,2,2,0,1
C10770,2025,3,March,3,2,0,1
C10770,2025,6,June,4,3,0,1
C10771,2024,9,September,1,1,1,0
C10771,2024,11,November,3,2,0,1
C10771,2024,12,December,4,3,0,1
C10771,2025,1,January,5,4,0,1
C10771,2025,6,June,6,5,0,1
C10771,2025,8,August,7,5,0,1
C10771,2025,11,November,8,7,0,1
C10772,2024,7,July,1,1,1,0
C10772,2024,8,August,2,2,0,1
C10772,2025,1,January,3,3,0,1
C10772,2025,6,June,4,4,0,1
C10773,2024,7,July,1,1,1,0
C10773,2024,12,December,2,1,0,0
C10773,2025,6,June,3,2,0,1
C10773,2025,8,August,4,3,0,1
C10774,2024,8,August,1,1,1,0
C10774,2024,10,October,2,2,0,1
C10774,2024,11,November,3,3,0,1
C10775,2024,7,July,1,1,1,0
C10775,2024,8,August,2,3,0,1
C10775,2025,1,January,4,4,0,1
C10775,2025,6,June,5,5,0,1
C10775,2025,8,August,6,6,0,1
C10776,2025,2,February,1,0,1,0
C10776,2025,3,March,2,1,0,0
C10776,2025,9,September,3,2,0,1
C10776,2025,12,December,4,3,0,1
C10777,2024,9,September,1,0,1,0
C10777,2025,1,January,2,0,0,0
C10777,2025,3,March,3,1,0,0
C10777,2025,4,April,4,2,0,1
C10777,2025,7,July,5,3,0,1
C10778,2024,12,December,1,2,0,1
C10779,2025,4,April,1,1,1,0
C10780,2024,8,August,1,0,1,0
C10780,2025,1,January,2,1,0,0
C10780,2025,5,May,3,2,0,1
C10781,2024,9,September,1,1,1,0
C10781,2024,12,December,2,2,0,1
C10781,2025,1,January,4,3,0,1
C10781,2025,6,June,5,4,0,1
C10781,2025,12,December,6,5,0,1
C10782,2024,9,September,1,1,1,0
C10782,2024,11,November,2,2,0,1
C10782,2024,12,December,3,3,0,1
C10782,2025,5,May,4,4,0,1
C10782,2025,9,September,5,5,0,1
C10782,2025,11,November,6,6,0,1
C10782,2025,12,December,7,7,0,1
C10783,2024,11,November,1,0,1,0
C10783,2025,1,January,2,2,0,1
C10783,2025,7,July,5,3,0,1
C10783,2025,10,October,6,3,0,1
C10784,2024,11,November,1,1,1,0
C10785,2024,8,August,1,1,1,0
C10785,2025,3,March,2,3,0,1
C10785,2025,7,July,4,4,0,1
C10787,2024,7,July,1,0,1,0
C10787,2024,9,September,2,1,0,0
C10787,2024,10,October,3,2,0,1
C10787,2024,11,November,4,2,0,1
C10787,2025,4,April,5,3,0,1
C10787,2025,5,May,6,4,0,1
C10787,2025,8,August,7,5,0,1
C10788,2024,9,September,1,1,1,0
C10788,2025,6,June,2,2,0,1
C10788,2025,7,July,3,3,0,1
C10789,2024,12,December,1,0,1,0
C10789,2025,3,March,2,1,0,0
C10789,2025,5,May,3,2,0,1
C10789,2025,7,July,4,2,0,1
C10789,2025,11,November,5,3,0,1
C10789,2025,12,December,6,4,0,1
C10790,2024,7,July,1,0,1,0
C10790,2024,11,November,2,1,0,0
C10790,2025,1,January,3,2,0,1
C10790,2025,7,July,4,3,0,1
C10790,2025,8,August,5,4,0,1
C10791,2025,4,April,1,0,1,0
C10791,2025,5,May,2,1,0,0
C10791,2025,10,October,3,2,0,1
C10792,2024,8,August,1,1,1,0
C10792,2024,12,December,2,1,0,0
C10792,2025,2,February,3,2,0,1
C10793,2024,8,August,1,1,1,0
C10794,2024,11,November,1,1,1,0
C10794,2025,7,July,2,2,0,1
C10794,2025,9,September,3,3,0,1
C10794,2025,12,December,4,4,0,1
C10795,2024,12,December,1,0,1,0
C10795,2025,6,June,2,1,0,0
C10796,2025,1,January,1,1,1,0
C10796,2025,2,February,2,1,0,0
C10796,2025,4,April,3,2,0,1
C10797,2024,10,October,1,0,1,0
C10797,2024,11,November,2,0,0,0
C10797,2024,12,December,3,1,0,0
C10797,2025,6,June,4,3,0,1
C10797,2025,9,September,7,4,0,1
C10797,2025,10,October,8,5,0,1
C10797,2025,12,December,9,6,0,1
C10798,2024,8,August,1,1,1,0
C10798,2024,9,September,2,4,0,1
C10798,2024,11,November,5,5,0,1
C10798,2025,2,February,6,6,0,1
C10798,2025,4,April,7,6,0,1
C10798,2025,5,May,8,7,0,1
C10798,2025,10,October,9,8,0,1
C10799,2025,3,March,1,1,1,0
C10799,2025,7,July,2,2,0,1
C10799,2025,10,October,3,3,0,1
C10800,2024,7,July,1,1,1,0
C10800,2024,8,August,2,2,0,1
C10800,2025,5,May,3,3,0,1
C10800,2025,7,July,4,3,0,1
C10800,2025,8,August,5,4,0,1
C10800,2025,10,October,6,5,0,1
C10800,2025,11,November,7,6,0,1
C10801,2025,1,January,1,0,1,0
C10801,2025,4,April,2,1,0,0
C10801,2025,8,August,3,2,0,1
C10802,2025,7,July,1,1,1,0
C10803,2024,12,December,1,1,1,0
C10803,2025,9,September,2,1,0,0
C10803,2025,10,October,3,2,0,1
C10804,2024,9,September,1,1,1,0
C10804,2024,12,December,2,2,0,1
C10804,2025,10,October,3,2,0,1
C10805,2024,8,August,1,1,1,0
C10805,2024,10,October,2,1,0,0
C10805,2024,12,December,3,1,0,0
C10805,2025,4,April,5,2,0,1
C10805,2025,6,June,6,3,0,1
C10805,2025,7,July,7,4,0,1
C10805,2025,8,August,8,6,0,1
C10805,2025,9,September,10,7,0,1
C10806,2024,10,October,1,1,1,0
C10806,2025,4,April,2,2,0,1
C10806,2025,8,August,3,3,0,1
C10806,2025,10,October,4,4,0,1
C10807,2024,7,July,1,1,1,0
C10807,2024,11,November,2,2,0,1
C10808,2024,9,September,1,1,1,0
C10808,2024,12,December,2,2,0,1
C10808,2025,4,April,3,3,0,1
C10808,2025,5,May,4,4,0,1
C10809,2024,11,November,1,1,1,0
C10809,2025,9,September,2,3,0,1
C10810,2024,9,September,1,1,1,0
C10810,2024,11,November,2,1,0,0
C10811,2025,2,February,1,1,1,0
C10811,2025,3,March,2,2,0,1
C10811,2025,5,May,3,3,0,1
C10811,2025,6,June,4,4,0,1
C10811,2025,7,July,5,4,0,1
C10812,2024,11,November,1,1,1,0
C10812,2025,12,December,2,1,0,0
C10813,2024,9,September,1,0,1,0
C10813,2024,10,October,2,1,0,0
C10813,2024,12,December,3,3,0,1
C10813,2025,5,May,5,4,0,1
C10813,2025,7,July,6,5,0,1
C10813,2025,8,August,7,6,0,1
C10813,2025,12,December,8,7,0,1
C10814,2024,9,September,1,1,1,0
C10814,2024,12,December,2,2,0,1
C10814,2025,2,February,3,3,0,1
C10814,2025,8,August,4,4,0,1
C10814,2025,11,November,6,5,0,1
C10815,2024,8,August,1,1,1,0
C10815,2024,10,October,2,2,0,1
C10815,2024,11,November,3,3,0,1
C10815,2025,4,April,4,4,0,1
C10815,2025,7,July,5,5,0,1
C10815,2025,10,October,6,8,0,1
C10815,2025,12,December,10,9,0,1
C10816,2024,10,October,1,1,1,0
C10816,2025,1,January,2,2,0,1
C10817,2024,7,July,1,1,1,0
C10818,2024,10,October,1,1,1,0
C10818,2024,11,November,2,2,0,1
C10818,2025,2,February,3,3,0,1
C10818,2025,3,March,4,4,0,1
C10818,2025,5,May,5,5,0,1
C10818,2025,6,June,6,7,0,1
C10818,2025,8,August,8,8,0,1
C10818,2025,10,October,9,9,0,1
C10818,2025,11,November,10,10,0,1
C10819,2025,4,April,1,1,1,0
C10819,2025,6,June,2,3,0,1
C10820,2024,8,August,1,1,1,0
C10820,2024,9,September,2,2,0,1
C10820,2025,1,January,3,3,0,1
C10820,2025,6,June,4,3,0,1
C10820,2025,9,September,5,4,0,1
C10820,2025,10,October,6,4,0,1
C10820,2025,11,November,7,5,0,1
C10821,2024,9,September,1,1,1,0
C10821,2025,1,January,2,2,0,1
C10821,2025,5,May,3,3,0,1
C10822,2024,11,November,1,1,1,0
C10822,2025,9,September,2,2,0,1
C10823,2025,6,June,1,0,1,0
C10823,2025,7,July,2,1,0,0
C10823,2025,11,November,3,2,0,1
C10824,2024,7,July,1,1,1,0
C10824,2025,8,August,2,2,0,1
C10825,2024,8,August,1,1,1,0
C10825,2024,11,November,2,1,0,0
C10825,2025,2,February,3,2,0,1
C10825,2025,7,July,4,3,0,1
C10825,2025,10,October,5,4,0,1
C10826,2024,8,August,1,1,1,0
C10826,2025,3,March,2,2,0,1
C10826,2025,8,August,3,2,0,1
C10827,2025,2,February,1,1,1,0
C10827,2025,4,April,2,2,0,1
C10827,2025,12,December,3,3,0,1
C10828,2024,10,October,1,1,1,0
C10828,2025,2,February,3,2,0,1
C10831,2024,7,July,1,1,1,0
C10831,2024,12,December,2,2,0,1
C10831,2025,8,August,3,3,0,1
C10833,2024,11,November,1,1,1,0
C10833,2024,12,December,2,2,0,1
C10833,2025,1,January,3,3,0,1
C10833,2025,6,June,4,4,0,1
C10833,2025,10,October,5,5,0,1
C10833,2025,12,December,6,6,0,1
C10835,2024,8,August,1,0,1,0
C10835,2024,9,September,2,1,0,0
C10835,2025,8,August,3,2,0,1
C10835,2025,11,November,4,4,0,1
C10835,2025,12,December,6,5,0,1
C10836,2024,8,August,1,1,1,0
C10836,2025,2,February,2,2,0,1
C10836,2025,9,September,3,3,0,1
C10836,2025,10,October,4,4,0,1
C10837,2024,9,September,1,2,0,1
C10837,2024,11,November,3,3,0,1
C10837,2025,4,April,4,4,0,1
C10837,2025,6,June,5,5,0,1
C10837,2025,9,September,6,6,0,1
C10837,2025,12,December,7,9,0,1
C10838,2024,8,August,1,1,1,0
C10838,2025,10,October,2,2,0,1
C10839,2024,7,July,1,1,1,0
C10839,2024,8,August,3,2,0,1
C10839,2024,11,November,4,4,0,1
C10839,2025,2,February,6,5,0,1
C10839,2025,3,March,7,6,0,1
C10840,2025,4,April,1,1,1,0
C10840,2025,6,June,2,2,0,1
C10840,2025,7,July,3,3,0,1
C10840,2025,11,November,4,4,0,1
C10841,2024,8,August,1,1,1,0
C10841,2024,12,December,2,2,0,1
C10841,2025,6,June,3,3,0,1
C10842,2024,10,October,1,1,1,0
C10842,2025,3,March,2,2,0,1
C10842,2025,7,July,3,2,0,1
C10842,2025,10,October,4,3,0,1
C10843,2025,1,January,1,1,1,0
C10843,2025,2,February,2,2,0,1
C10843,2025,4,April,3,4,0,1
C10843,2025,8,August,5,5,0,1
C10844,2024,9,September,1,0,1,0
C10844,2024,12,December,2,1,0,0
C10844,2025,5,May,3,2,0,1
C10844,2025,9,September,4,3,0,1
C10845,2024,7,July,1,1,1,0
C10845,2024,11,November,2,1,0,0
C10845,2025,6,June,3,2,0,1
C10846,2024,11,November,1,1,1,0
C10846,2025,1,January,2,2,0,1
C10846,2025,11,November,3,2,0,1
C10847,2024,12,December,1,1,1,0
C10848,2024,8,August,1,0,1,0
C10848,2024,12,December,2,1,0,0
C10848,2025,2,February,3,2,0,1
C10848,2025,3,March,4,3,0,1
C10849,2025,2,February,1,1,1,0
C10849,2025,11,November,2,2,0,1
C10850,2025,3,March,1,1,1,0
C10850,2025,5,May,2,2,0,1
C10852,2024,8,August,1,1,1,0
C10852,2025,1,January,2,2,0,1
C10852,2025,10,October,3,3,0,1
C10853,2024,8,August,1,1,1,0
C10853,2024,10,October,2,2,0,1
C10853,2025,2,February,4,3,0,1
C10853,2025,3,March,5,4,0,1
C10853,2025,7,July,6,4,0,1
C10854,2024,9,September,1,1,1,0
C10854,2024,11,November,2,2,0,1
C10854,2024,12,December,3,2,0,1
C10854,2025,2,February,4,3,0,1
C10854,2025,3,March,5,4,0,1
C10854,2025,5,May,6,6,0,1
C10854,2025,7,July,8,7,0,1
C10854,2025,8,August,9,8,0,1
C10854,2025,11,November,10,9,0,1
C10854,2025,12,December,11,9,0,1
C10855,2024,7,July,1,1,1,0
C10855,2024,11,November,2,2,0,1
C10855,2024,12,December,3,2,0,1
C10855,2025,1,January,4,4,0,1
C10855,2025,5,May,6,6,0,1
C10855,2025,6,June,8,7,0,1
C10855,2025,8,August,9,8,0,1
C10855,2025,11,November,10,8,0,1
C10856,2024,10,October,1,1,1,0
C10856,2024,12,December,2,2,0,1
C10856,2025,2,February,3,3,0,1
C10856,2025,3,March,4,4,0,1
C10856,2025,7,July,5,4,0,1
C10856,2025,9,September,6,6,0,1
C10857,2024,7,July,1,0,1,0
C10857,2024,9,September,2,1,0,0
C10857,2025,1,January,4,1,0,0
C10857,2025,2,February,5,2,0,1
C10857,2025,7,July,6,3,0,1
C10857,2025,9,September,8,4,0,1
C10857,2025,11,November,9,5,0,1
C10858,2024,7,July,1,0,1,0
C10858,2025,2,February,2,1,0,0
C10858,2025,10,October,3,2,0,1
C10858,2025,11,November,4,3,0,1
C10859,2024,7,July,1,1,1,0
C10859,2024,11,November,2,1,0,0
C10859,2024,12,December,3,2,0,1
C10859,2025,2,February,4,3,0,1
C10859,2025,3,March,5,4,0,1
C10859,2025,9,September,6,5,0,1
C10859,2025,11,November,7,6,0,1
C10860,2024,11,November,1,1,1,0
C10860,2024,12,December,2,2,0,1
C10860,2025,11,November,3,3,0,1
C10860,2025,12,December,4,4,0,1
C10861,2024,12,December,1,1,1,0
C10862,2025,3,March,1,1,1,0
C10863,2025,7,July,1,1,1,0
C10863,2025,8,August,2,2,0,1
C10864,2025,4,April,1,0,1,0
C10865,2024,9,September,1,1,1,0
C10865,2024,12,December,2,2,0,1
C10865,2025,7,July,3,3,0,1
C10865,2025,10,October,5,4,0,1
C10865,2025,12,December,6,4,0,1
C10866,2024,8,August,1,1,1,0
C10866,2025,1,January,2,2,0,1
C10866,2025,7,July,3,3,0,1
C10867,2025,5,May,1,1,1,0
C10867,2025,8,August,2,1,0,0
C10867,2025,12,December,3,2,0,1
C10868,2025,10,October,1,1,1,0
C10868,2025,11,November,2,2,0,1
C10869,2024,7,July,1,1,1,0
C10869,2024,8,August,2,2,0,1
C10869,2025,5,May,4,4,0,1
C10869,2025,6,June,6,5,0,1
C10869,2025,7,July,7,6,0,1
C10869,2025,8,August,8,7,0,1
C10869,2025,10,October,9,8,0,1
C10870,2024,7,July,1,1,1,0
C10870,2025,2,February,2,2,0,1
C10870,2025,9,September,3,3,0,1
C10870,2025,12,December,4,4,0,1
C10871,2024,7,July,1,1,1,0
C10871,2024,9,September,4,1,0,0
C10871,2024,12,December,5,3,0,1
C10871,2025,1,January,7,4,0,1
C10871,2025,2,February,8,4,0,1
C10871,2025,9,September,9,4,0,1
C10872,2024,12,December,1,1,1,0
C10872,2025,8,August,2,2,0,1
C10873,2024,9,September,1,1,1,0
C10873,2025,1,January,3,2,0,1
C10873,2025,4,April,4,3,0,1
C10873,2025,10,October,5,4,0,1
C10874,2024,12,December,1,1,1,0
C10874,2025,3,March,2,2,0,1
C10874,2025,8,August,3,4,0,1
C10875,2024,7,July,1,1,1,0
C10875,2024,8,August,2,3,0,1
C10875,2024,12,December,4,5,0,1
C10875,2025,5,May,6,5,0,1
C10875,2025,6,June,7,6,0,1
C10875,2025,8,August,8,7,0,1
C10877,2025,3,March,1,1,1,0
C10877,2025,4,April,2,2,0,1
C10877,2025,9,September,3,2,0,1
C10878,2024,7,July,1,1,1,0
C10878,2024,12,December,2,2,0,1
C10878,2025,1,January,3,3,0,1
C10878,2025,4,April,4,4,0,1
C10878,2025,5,May,5,5,0,1
C10878,2025,7,July,6,7,0,1
C10878,2025,8,August,8,9,0,1
C10879,2025,3,March,1,1,1,0
C10879,2025,8,August,2,2,0,1
C10879,2025,10,October,3,2,0,1
C10879,2025,12,December,4,3,0,1
C10880,2024,7,July,1,1,1,0
C10880,2024,9,September,2,2,0,1
C10880,2024,10,October,3,3,0,1
C10880,2024,11,November,4,4,0,1
C10880,2025,3,March,5,7,0,1
C10880,2025,4,April,8,7,0,1
C10880,2025,5,May,9,8,0,1
C10880,2025,6,June,10,9,0,1
C10880,2025,7,July,11,9,0,1
C10880,2025,9,September,12,10,0,1
C10881,2024,12,December,1,1,1,0
C10881,2025,3,March,2,1,0,0
C10881,2025,12,December,3,2,0,1
C10882,2024,9,September,1,1,1,0
C10882,2025,2,February,2,2,0,1
C10883,2024,7,July,1,1,1,0
C10883,2025,3,March,2,2,0,1
C10884,2024,8,August,1,1,1,0
C10884,2024,11,November,2,3,0,1
C10884,2025,2,February,4,4,0,1
C10885,2024,7,July,1,1,1,0
C10885,2025,3,March,2,2,0,1
C10885,2025,4,April,3,3,0,1
C10885,2025,12,December,4,6,0,1
C10886,2025,2,February,1,1,1,0
C10887,2024,8,August,1,1,1,0
C10887,2024,10,October,2,1,0,0
C10887,2025,10,October,3,2,0,1
C10888,2025,2,February,1,1,1,0
C10888,2025,10,October,2,3,0,1
C10889,2025,3,March,1,1,1,0
C10889,2025,6,June,2,2,0,1
C10890,2025,1,January,1,1,1,0
C10890,2025,5,May,2,2,0,1
C10891,2024,9,September,1,1,1,0
C10891,2025,7,July,2,2,0,1
C10891,2025,9,September,3,3,0,1
C10891,2025,12,December,4,4,0,1
C10892,2024,9,September,1,1,1,0
C10892,2024,11,November,2,2,0,1
C10892,2024,12,December,3,3,0,1
C10892,2025,1,January,4,4,0,1
C10892,2025,4,April,5,6,0,1
C10893,2024,9,September,1,1,1,0
C10893,2024,10,October,2,2,0,1
C10893,2024,11,November,3,3,0,1
C10893,2025,1,January,4,4,0,1
C10893,2025,3,March,5,4,0,1
C10893,2025,5,May,6,5,0,1
C10893,2025,8,August,7,6,0,1
C10893,2025,10,October,8,7,0,1
C10893,2025,12,December,9,8,0,1
C10894,2024,11,November,1,1,1,0
C10895,2024,10,October,1,2,0,1
C10895,2024,12,December,4,3,0,1
C10895,2025,3,March,5,5,0,1
C10895,2025,4,April,7,6,0,1
C10895,2025,7,July,8,6,0,1
C10896,2024,9,September,1,0,1,0
C10896,2025,3,March,2,1,0,0
C10897,2024,7,July,1,1,1,0
C10897,2024,9,September,2,1,0,0
C10897,2024,10,October,3,3,0,1
C10897,2025,3,March,5,4,0,1
C10897,2025,9,September,6,5,0,1
C10898,2024,8,August,1,1,1,0
C10898,2024,9,September,2,2,0,1
C10898,2024,12,December,3,4,0,1
C10898,2025,2,February,5,5,0,1
C10898,2025,6,June,6,6,0,1
C10898,2025,9,September,7,6,0,1
C10899,2024,11,November,1,1,1,0
C10899,2025,2,February,2,2,0,1
C10900,2024,7,July,1,0,1,0
C10900,2024,8,August,2,1,0,0
C10900,2025,1,January,3,1,0,0
C10900,2025,6,June,4,2,0,1
C10900,2025,11,November,5,3,0,1
C10901,2024,7,July,1,1,1,0
C10901,2025,2,February,2,1,0,0
C10901,2025,8,August,3,2,0,1
C10901,2025,11,November,4,3,0,1
C10903,2024,7,July,1,1,1,0
C10903,2024,11,November,2,2,0,1
C10903,2025,3,March,3,2,0,1
C10904,2025,7,July,1,1,1,0
C10905,2024,9,September,1,1,1,0
C10905,2024,11,November,2,2,0,1
C10905,2024,12,December,3,3,0,1
C10905,2025,1,January,4,4,0,1
C10905,2025,4,April,5,5,0,1
C10905,2025,10,October,6,6,0,1
C10906,2024,11,November,1,1,1,0
C10906,2025,2,February,2,2,0,1
C10906,2025,4,April,3,3,0,1
C10906,2025,9,September,4,4,0,1
C10907,2025,3,March,1,1,1,0
C10907,2025,5,May,2,2,0,1
C10907,2025,8,August,3,2,0,1
C10908,2025,7,July,1,1,1,0
C10908,2025,10,October,2,2,0,1
C10909,2024,12,December,1,1,1,0
C10909,2025,1,January,2,2,0,1
C10909,2025,2,February,3,2,0,1
C10909,2025,5,May,5,3,0,1
C10909,2025,6,June,6,5,0,1
C10910,2024,7,July,1,1,1,0
C10910,2024,9,September,2,2,0,1
C10910,2024,11,November,3,3,0,1
C10910,2024,12,December,4,3,0,1
C10910,2025,6,June,5,3,0,1
C10910,2025,8,August,6,5,0,1
C10910,2025,10,October,8,6,0,1
C10910,2025,11,November,10,8,0,1
C10911,2024,8,August,1,1,1,0
C10911,2024,9,September,2,2,0,1
C10911,2025,1,January,3,3,0,1
C10911,2025,5,May,4,4,0,1
C10911,2025,6,June,5,5,0,1
C10911,2025,8,August,6,6,0,1
C10912,2025,1,January,1,0,1,0
C10913,2024,8,August,1,1,1,0
C10913,2025,8,August,2,2,0,1
C10913,2025,9,September,3,3,0,1
C10913,2025,10,October,4,3,0,1
C10914,2024,7,July,1,1,1,0
C10914,2024,11,November,2,3,0,1
C10914,2025,2,February,4,3,0,1
C10914,2025,11,November,5,3,0,1
C10914,2025,12,December,6,4,0,1
C10915,2024,10,October,1,1,1,0
C10915,2025,4,April,2,2,0,1
C10916,2025,8,August,1,1,1,0
C10916,2025,9,September,2,2,0,1
C10916,2025,12,December,3,3,0,1
C10917,2024,9,September,1,0,1,0
C10917,2024,10,October,2,1,0,0
C10917,2025,8,August,3,2,0,1
C10917,2025,11,November,4,3,0,1
C10918,2024,11,November,1,0,1,0
C10918,2025,4,April,2,1,0,0
C10919,2024,7,July,1,0,1,0
C10919,2025,3,March,2,0,0,0
C10919,2025,12,December,3,1,0,0
C10920,2024,11,November,1,0,1,0
C10920,2025,10,October,2,1,0,0
C10922,2024,10,October,1,1,1,0
C10922,2025,7,July,2,2,0,1
C10922,2025,9,September,3,3,0,1
C10923,2024,8,August,1,1,1,0
C10923,2025,3,March,2,3,0,1
C10923,2025,4,April,4,3,0,1
C10923,2025,5,May,5,4,0,1
C10924,2024,9,September,1,1,1,0
C10924,2025,9,September,2,2,0,1
C10925,2024,9,September,1,1,1,0
C10925,2024,12,December,2,2,0,1
C10926,2024,10,October,1,1,1,0
C10926,2024,12,December,2,3,0,1
C10926,2025,3,March,4,3,0,1
C10926,2025,7,July,5,5,0,1
C10926,2025,12,December,7,6,0,1
C10927,2025,3,March,1,0,1,0
C10928,2024,9,September,1,0,1,0
C10928,2025,2,February,2,1,0,0
C10928,2025,3,March,3,3,0,1
C10928,2025,8,August,5,4,0,1
C10928,2025,11,November,6,5,0,1
C10929,2024,7,July,1,1,1,0
C10929,2024,9,September,3,2,0,1
C10929,2024,12,December,4,3,0,1
C10929,2025,3,March,5,4,0,1
C10929,2025,6,June,6,4,0,1
C10929,2025,10,October,7,6,0,1
C10929,2025,11,November,9,8,0,1
C10929,2025,12,December,12,9,0,1
C10930,2025,11,November,1,0,1,0
C10931,2025,5,May,1,0,1,0
C10932,2025,2,February,1,1,1,0
C10933,2024,7,July,1,0,1,0
C10933,2024,8,August,2,1,0,0
C10933,2024,9,September,3,1,0,0
C10933,2025,2,February,4,1,0,0
C10933,2025,10,October,5,2,0,1
C10933,2025,11,November,6,2,0,1
C10934,2024,8,August,1,2,0,1
C10934,2024,9,September,3,3,0,1
C10934,2024,11,November,4,4,0,1
C10934,2025,9,September,5,5,0,1
C10934,2025,11,November,6,5,0,1
C10935,2024,10,October,1,1,1,0
C10936,2024,12,December,1,1,1,0
C10936,2025,6,June,2,2,0,1
C10936,2025,7,July,3,3,0,1
C10936,2025,9,September,4,3,0,1
C10936,2025,10,October,5,4,0,1
C10936,2025,11,November,6,5,0,1
C10936,2025,12,December,7,7,0,1
C10937,2025,4,April,1,3,0,1
C10937,2025,7,July,5,4,0,1
C10937,2025,12,December,6,5,0,1
C10938,2024,12,December,1,1,1,0
C10938,2025,7,July,2,1,0,0
C10939,2024,7,July,1,1,1,0
C10939,2024,10,October,2,2,0,1
C10940,2025,11,November,1,1,1,0
C10941,2024,11,November,1,0,1,0
C10941,2025,7,July,2,1,0,0
C10941,2025,8,August,3,2,0,1
C10941,2025,10,October,4,4,0,1
C10942,2024,10,October,1,1,1,0
C10942,2025,6,June,2,1,0,0
C10942,2025,7,July,3,2,0,1
C10942,2025,11,November,4,3,0,1
C10943,2024,11,November,1,1,1,0
C10943,2025,4,April,2,2,0,1
C10943,2025,7,July,3,3,0,1
C10944,2024,10,October,1,1,1,0
C10944,2025,1,January,2,2,0,1
C10944,2025,7,July,3,2,0,1
C10945,2024,11,November,1,1,1,0
C10945,2024,12,December,3,3,0,1
C10945,2025,5,May,5,4,0,1
C10945,2025,10,October,6,5,0,1
C10946,2024,10,October,1,1,1,0
C10946,2025,4,April,2,1,0,0
C10946,2025,7,July,3,2,0,1
C10946,2025,10,October,4,3,0,1
C10947,2025,2,February,1,1,1,0
C10947,2025,11,November,2,2,0,1
C10947,2025,12,December,3,3,0,1
C10948,2024,10,October,1,1,1,0
C10948,2025,7,July,2,2,0,1
C10949,2025,8,August,1,2,0,1
C10949,2025,11,November,3,3,0,1
C10950,2025,3,March,1,1,1,0
C10950,2025,5,May,2,2,0,1
C10952,2025,7,July,1,1,1,0
C10952,2025,8,August,2,2,0,1
C10953,2024,8,August,1,2,0,1
C10953,2024,9,September,3,3,0,1
C10953,2024,11,November,4,4,0,1
C10953,2025,1,January,5,5,0,1
C10953,2025,4,April,6,5,0,1
C10953,2025,5,May,7,6,0,1
C10953,2025,10,October,8,8,0,1
C10954,2025,2,February,1,1,1,0
C10954,2025,5,May,2,2,0,1
C10955,2024,11,November,1,2,0,1
C10955,2024,12,December,3,3,0,1
C10955,2025,1,January,4,4,0,1
C10955,2025,5,May,5,5,0,1
C10955,2025,7,July,6,6,0,1
C10955,2025,9,September,7,8,0,1
C10955,2025,11,November,9,9,0,1
C10955,2025,12,December,10,10,0,1
C10956,2025,9,September,1,1,1,0
C10956,2025,12,December,2,1,0,0
C10957,2025,1,January,1,1,1,0
C10957,2025,2,February,2,2,0,1
C10957,2025,5,May,3,2,0,1
C10958,2025,1,January,1,1,1,0
C10958,2025,2,February,2,2,0,1
C10958,2025,12,December,3,3,0,1
C10959,2024,7,July,1,1,1,0
C10959,2024,10,October,2,2,0,1
C10959,2025,1,January,3,3,0,1
C10959,2025,4,April,4,3,0,1
C10959,2025,5,May,5,4,0,1
C10960,2024,8,August,1,1,1,0
C10960,2024,9,September,2,2,0,1
C10960,2025,6,June,3,4,0,1
C10960,2025,7,July,5,4,0,1
C10961,2024,12,December,1,1,1,0
C10961,2025,2,February,2,2,0,1
C10961,2025,4,April,3,3,0,1
C10961,2025,11,November,4,4,0,1
C10962,2025,1,January,1,1,1,0
C10963,2025,1,January,1,1,1,0
C10963,2025,11,November,2,2,0,1
C10964,2025,1,January,1,1,1,0
C10964,2025,2,February,2,1,0,0
C10964,2025,7,July,3,2,0,1
C10964,2025,10,October,4,3,0,1
C10964,2025,11,November,5,4,0,1
C10965,2024,7,July,1,1,1,0
C10965,2024,11,November,2,1,0,0
C10965,2024,12,December,3,3,0,1
C10965,2025,2,February,5,4,0,1
C10965,2025,11,November,6,4,0,1
C10965,2025,12,December,7,6,0,1
C10966,2024,10,October,1,0,1,0
C10966,2025,12,December,2,1,0,0
C10967,2024,11,November,1,1,1,0
C10967,2025,2,February,2,2,0,1
C10967,2025,4,April,3,2,0,1
C10967,2025,6,June,4,4,0,1
C10967,2025,10,October,6,4,0,1
C10967,2025,11,November,7,5,0,1
C10968,2025,7,July,1,3,0,1
C10968,2025,8,August,5,7,0,1
C10969,2024,9,September,1,1,1,0
C10969,2025,1,January,2,2,0,1
C10969,2025,4,April,3,5,0,1
C10969,2025,5,May,6,6,0,1
C10969,2025,8,August,7,7,0,1
C10969,2025,10,October,8,8,0,1
C10970,2024,10,October,1,2,0,1
C10970,2025,1,January,3,3,0,1
C10970,2025,4,April,4,4,0,1
C10970,2025,6,June,5,5,0,1
C10970,2025,11,November,6,6,0,1
C10971,2025,1,January,1,1,1,0
C10971,2025,7,July,2,1,0,0
C10971,2025,11,November,3,1,0,0
C10972,2024,7,July,1,1,1,0
C10972,2024,8,August,2,2,0,1
C10972,2024,9,September,3,3,0,1
C10972,2024,10,October,4,4,0,1
C10972,2025,1,January,5,6,0,1
C10972,2025,2,February,7,6,0,1
C10972,2025,6,June,8,6,0,1
C10972,2025,7,July,9,8,0,1
C10972,2025,10,October,11,9,0,1
C10973,2025,1,January,1,1,1,0
C10973,2025,11,November,2,2,0,1
C10974,2024,7,July,1,1,1,0
C10974,2024,11,November,2,2,0,1
C10974,2025,2,February,3,3,0,1
C10974,2025,5,May,4,4,0,1
C10974,2025,6,June,5,5,0,1
C10975,2024,11,November,1,1,1,0
C10975,2025,2,February,2,2,0,1
C10976,2025,5,May,1,0,1,0
C10976,2025,9,September,2,1,0,0
C10976,2025,10,October,3,2,0,1
C10977,2024,11,November,1,2,0,1
C10977,2025,1,January,3,3,0,1
C10978,2024,12,December,1,1,1,0
C10978,2025,5,May,2,2,0,1
C10978,2025,8,August,3,3,0,1
C10979,2024,8,August,1,1,1,0
C10979,2024,10,October,2,2,0,1
C10979,2024,11,November,3,2,0,1
C10979,2024,12,December,4,3,0,1
C10979,2025,1,January,5,3,0,1
C10979,2025,7,July,6,4,0,1
C10979,2025,9,September,7,5,0,1
C10980,2024,7,July,1,1,1,0
C10980,2024,9,September,2,2,0,1
C10980,2024,10,October,3,3,0,1
C10980,2024,11,November,4,4,0,1
C10980,2025,1,January,5,7,0,1
C10980,2025,3,March,8,8,0,1
C10980,2025,6,June,9,9,0,1
C10980,2025,9,September,10,10,0,1
C10980,2025,11,November,12,11,0,1
C10982,2025,1,January,1,1,1,0
C10982,2025,2,February,2,2,0,1
C10982,2025,3,March,3,3,0,1
C10982,2025,7,July,4,4,0,1
C10982,2025,8,August,5,5,0,1
C10982,2025,11,November,6,5,0,1
C10983,2024,7,July,1,1,1,0
C10983,2024,8,August,2,2,0,1
C10983,2025,1,January,3,3,0,1
C10983,2025,2,February,4,3,0,1
C10983,2025,7,July,5,4,0,1
C10983,2025,8,August,6,5,0,1
C10984,2024,11,November,1,0,1,0
C10984,2024,12,December,2,2,0,1
C10984,2025,5,May,4,3,0,1
C10984,2025,7,July,5,4,0,1
C10985,2024,11,November,1,0,1,0
C10985,2025,7,July,2,1,0,0
C10985,2025,12,December,3,2,0,1
C10986,2024,7,July,1,1,1,0
C10986,2024,8,August,2,2,0,1
C10986,2025,10,October,3,3,0,1
C10987,2024,8,August,1,2,0,1
C10987,2024,10,October,3,3,0,1
C10987,2024,12,December,4,4,0,1
C10987,2025,2,February,5,5,0,1
C10987,2025,8,August,6,6,0,1
C10987,2025,11,November,7,7,0,1
C10987,2025,12,December,8,8,0,1
C10988,2024,7,July,1,2,0,1
C10988,2024,10,October,3,3,0,1
C10988,2024,12,December,4,4,0,1
C10988,2025,2,February,5,5,0,1
C10988,2025,3,March,6,6,0,1
C10988,2025,11,November,8,7,0,1
C10989,2024,11,November,1,2,0,1
C10989,2025,8,August,3,3,0,1
C10989,2025,12,December,4,4,0,1
C10990,2025,2,February,1,1,1,0
C10990,2025,4,April,2,2,0,1
C10991,2024,7,July,1,2,0,1
C10991,2024,10,October,3,3,0,1
C10991,2024,11,November,4,4,0,1
C10991,2025,3,March,6,5,0,1
C10991,2025,4,April,7,6,0,1
C10991,2025,5,May,8,7,0,1
C10991,2025,6,June,9,8,0,1
C10991,2025,9,September,10,9,0,1
C10991,2025,12,December,12,10,0,1
C10992,2024,7,July,1,0,1,0
C10992,2024,9,September,2,0,0,0
C10992,2025,2,February,3,1,0,0
C10992,2025,4,April,4,2,0,1
C10992,2025,6,June,6,4,0,1
C10992,2025,9,September,8,5,0,1
C10992,2025,11,November,9,7,0,1
C10993,2024,8,August,1,1,1,0
C10993,2024,9,September,2,2,0,1
C10993,2024,11,November,3,3,0,1
C10993,2025,2,February,4,4,0,1
C10993,2025,3,March,5,5,0,1
C10993,2025,5,May,6,7,0,1
C10993,2025,6,June,8,8,0,1
C10993,2025,8,August,9,10,0,1
C10994,2024,8,August,1,0,1,0
C10994,2024,9,September,2,1,0,0
C10994,2024,11,November,3,3,0,1
C10994,2025,7,July,5,3,0,1
C10994,2025,9,September,6,3,0,1
C10994,2025,10,October,7,3,0,1
C10994,2025,12,December,8,5,0,1
C10995,2024,9,September,1,1,1,0
C10995,2025,8,August,2,1,0,0
C10995,2025,10,October,3,2,0,1
C10997,2025,1,January,1,0,1,0
C10998,2024,9,September,1,1,1,0
C10998,2025,5,May,2,2,0,1
C10999,2024,10,October,1,0,1,0
C10999,2025,2,February,2,1,0,0
C10999,2025,7,July,3,2,0,1
C11000,2024,7,July,1,1,1,0
C11000,2024,9,September,2,2,0,1
C11000,2025,7,July,3,3,0,1
C11000,2025,9,September,4,4,0,1
C11000,2025,10,October,5,5,0,1
C11001,2024,9,September,1,0,1,0
C11001,2024,11,November,2,1,0,0
C11001,2025,3,March,3,2,0,1
C11001,2025,6,June,4,3,0,1
C11001,2025,7,July,5,3,0,1
C11002,2024,7,July,1,1,1,0
C11002,2024,8,August,2,1,0,0
C11002,2024,9,September,3,2,0,1
C11002,2024,10,October,5,3,0,1
C11002,2024,12,December,7,4,0,1
C11002,2025,7,July,8,4,0,1
C11002,2025,9,September,9,5,0,1
C11002,2025,10,October,10,6,0,1
C11002,2025,11,November,11,7,0,1
C11003,2025,9,September,1,2,0,1
C11004,2024,8,August,1,1,1,0
C11004,2025,2,February,2,2,0,1
C11004,2025,4,April,3,3,0,1
C11005,2024,7,July,1,0,1,0
C11005,2024,8,August,2,1,0,0
C11005,2025,3,March,3,2,0,1
C11005,2025,4,April,5,3,0,1
C11005,2025,5,May,6,4,0,1
C11005,2025,10,October,7,6,0,1
C11006,2024,7,July,1,2,0,1
C11006,2024,8,August,3,2,0,1
C11006,2024,11,November,4,3,0,1
C11006,2024,12,December,5,4,0,1
C11006,2025,9,September,6,4,0,1
C11006,2025,12,December,7,5,0,1
C11007,2024,9,September,1,1,1,0
C11007,2024,11,November,2,2,0,1
C11007,2024,12,December,3,3,0,1
C11008,2024,7,July,1,0,1,0
C11008,2024,8,August,2,1,0,0
C11008,2024,9,September,3,2,0,1
C11008,2024,10,October,4,3,0,1
C11008,2024,12,December,5,5,0,1
C11008,2025,1,January,7,5,0,1
C11008,2025,4,April,8,6,0,1
C11008,2025,7,July,9,7,0,1
C11008,2025,8,August,10,11,0,1
C11008,2025,9,September,14,12,0,1
C11009,2025,6,June,1,0,1,0
C11009,2025,7,July,2,0,0,0
C11010,2025,1,January,1,1,1,0
C11010,2025,4,April,2,2,0,1
C11010,2025,6,June,4,3,0,1
C11011,2024,8,August,1,1,1,0
C11011,2024,12,December,2,2,0,1
C11011,2025,1,January,3,4,0,1
C11011,2025,2,February,5,5,0,1
C11011,2025,3,March,7,6,0,1
C11011,2025,4,April,8,6,0,1
C11011,2025,10,October,9,7,0,1
C11012,2024,7,July,1,1,1,0
C11012,2024,8,August,2,2,0,1
C11013,2025,4,April,1,0,1,0
C11014,2024,11,November,1,1,1,0
C11015,2025,10,October,1,1,1,0
C11015,2025,11,November,2,2,0,1
C11016,2024,10,October,1,1,1,0
C11017,2024,12,December,1,1,1,0
C11017,2025,3,March,2,2,0,1
C11017,2025,4,April,3,3,0,1
C11017,2025,7,July,4,4,0,1
C11017,2025,11,November,5,5,0,1
C11017,2025,12,December,6,7,0,1
C11018,2024,12,December,1,1,1,0
C11018,2025,9,September,2,2,0,1
C11018,2025,11,November,3,3,0,1
C11019,2024,8,August,1,1,1,0
C11019,2024,11,November,2,2,0,1
C11019,2025,2,February,3,3,0,1
C11019,2025,3,March,4,5,0,1
C11019,2025,4,April,6,6,0,1
C11019,2025,7,July,7,7,0,1
C11019,2025,9,September,8,8,0,1
C11019,2025,10,October,9,9,0,1
C11021,2025,2,February,1,1,1,0
C11022,2025,10,October,1,1,1,0
C11023,2025,1,January,1,1,1,0
C11023,2025,6,June,2,2,0,1
C11024,2025,7,July,1,1,1,0
C11025,2024,7,July,1,0,1,0
C11025,2024,12,December,2,1,0,0
C11025,2025,2,February,3,1,0,0
C11025,2025,4,April,4,3,0,1
C11026,2024,9,September,1,1,1,0
C11026,2025,1,January,2,2,0,1
C11027,2024,11,November,1,1,1,0
C11027,2025,3,March,2,2,0,1
C11027,2025,5,May,4,4,0,1
C11027,2025,6,June,6,5,0,1
C11027,2025,10,October,7,6,0,1
C11028,2024,9,September,1,1,1,0
C11028,2025,1,January,2,2,0,1
C11028,2025,6,June,3,3,0,1
C11028,2025,7,July,4,4,0,1
C11028,2025,8,August,5,5,0,1
C11029,2024,10,October,1,1,1,0
C11030,2025,5,May,1,1,1,0
C11031,2024,10,October,1,1,1,0
C11031,2025,1,January,2,2,0,1
C11031,2025,3,March,3,3,0,1
C11031,2025,4,April,5,4,0,1
C11031,2025,9,September,6,4,0,1
C11031,2025,10,October,7,5,0,1
C11032,2024,7,July,1,1,1,0
C11032,2024,8,August,2,2,0,1
C11034,2024,7,July,1,2,0,1
C11034,2024,8,August,3,3,0,1
C11034,2024,9,September,4,4,0,1
C11034,2024,10,October,5,5,0,1
C11034,2024,12,December,6,6,0,1
C11034,2025,2,February,7,7,0,1
C11034,2025,3,March,8,8,0,1
C11034,2025,8,August,9,8,0,1
C11034,2025,9,September,10,8,0,1
C11034,2025,11,November,11,9,0,1
C11035,2025,8,August,1,0,1,0
C11035,2025,12,December,2,1,0,0
C11036,2024,9,September,1,1,1,0
C11036,2025,1,January,2,2,0,1
C11036,2025,4,April,3,3,0,1
C11036,2025,11,November,4,3,0,1
C11037,2025,1,January,1,1,1,0
C11037,2025,3,March,2,2,0,1
C11037,2025,11,November,3,3,0,1
C11038,2024,10,October,1,1,1,0
C11038,2025,10,October,2,2,0,1
C11039,2025,3,March,1,0,1,0
C11039,2025,7,July,2,1,0,0
C11039,2025,11,November,3,1,0,0
C11040,2024,8,August,1,1,1,0
C11040,2024,10,October,2,2,0,1
C11040,2024,12,December,3,3,0,1
C11040,2025,5,May,5,4,0,1
C11040,2025,6,June,6,5,0,1
C11040,2025,11,November,7,6,0,1
C11040,2025,12,December,8,7,0,1
C11041,2024,9,September,1,1,1,0
C11041,2024,11,November,2,2,0,1
C11041,2024,12,December,3,3,0,1
C11041,2025,2,February,5,3,0,1
C11041,2025,8,August,6,4,0,1
C11041,2025,9,September,7,4,0,1
C11041,2025,12,December,8,4,0,1
C11043,2025,4,April,1,1,1,0
C11043,2025,8,August,2,2,0,1
C11044,2025,3,March,1,1,1,0
C11044,2025,12,December,2,2,0,1
C11045,2024,9,September,1,1,1,0
C11045,2025,12,December,2,2,0,1
C11046,2025,3,March,1,1,1,0
C11046,2025,12,December,2,2,0,1
C11048,2025,1,January,1,1,1,0
C11048,2025,6,June,2,2,0,1
C11049,2025,9,September,1,0,1,0
C11050,2025,7,July,1,1,1,0
C11050,2025,12,December,2,2,0,1
C11051,2024,11,November,1,2,0,1
C11051,2025,1,January,3,3,0,1
C11051,2025,5,May,4,4,0,1
C11051,2025,9,September,6,5,0,1
C11051,2025,12,December,7,6,0,1
C11052,2025,8,August,1,1,1,0
C11052,2025,9,September,2,2,0,1
C11053,2024,7,July,1,1,1,0
C11053,2024,12,December,2,1,0,0
C11053,2025,10,October,3,2,0,1
C11053,2025,12,December,4,3,0,1
C11055,2024,11,November,1,0,1,0
C11055,2024,12,December,2,1,0,0
C11055,2025,4,April,3,2,0,1
C11055,2025,6,June,4,3,0,1
C11055,2025,12,December,5,3,0,1
C11056,2024,7,July,1,2,0,1
C11056,2024,8,August,3,3,0,1
C11056,2024,12,December,4,4,0,1
C11056,2025,2,February,5,5,0,1
C11056,2025,9,September,6,6,0,1
C11057,2025,2,February,1,1,1,0
C11057,2025,6,June,2,2,0,1
C11057,2025,7,July,3,3,0,1
C11058,2024,7,July,1,1,1,0
C11058,2024,8,August,2,1,0,0
C11058,2024,10,October,3,2,0,1
C11058,2025,9,September,4,3,0,1
C11058,2025,11,November,5,4,0,1
C11059,2024,9,September,1,0,1,0
C11059,2024,10,October,2,1,0,0
C11059,2025,7,July,3,2,0,1
C11059,2025,9,September,4,3,0,1
C11060,2024,8,August,1,0,1,0
C11060,2024,12,December,2,2,0,1
C11060,2025,1,January,4,3,0,1
C11060,2025,6,June,5,4,0,1
C11060,2025,12,December,6,5,0,1
C11061,2024,7,July,1,1,1,0
C11061,2024,11,November,2,2,0,1
C11061,2025,3,March,3,3,0,1
C11061,2025,7,July,4,4,0,1
C11062,2024,9,September,1,1,1,0
C11062,2024,10,October,2,1,0,0
C11062,2025,4,April,3,2,0,1
C11062,2025,9,September,4,3,0,1
C11063,2025,6,June,1,1,1,0
C11063,2025,7,July,2,2,0,1
C11064,2025,2,February,1,1,1,0
C11064,2025,3,March,2,2,0,1
C11064,2025,8,August,3,3,0,1
C11065,2024,12,December,1,1,1,0
C11065,2025,1,January,2,2,0,1
C11065,2025,3,March,3,3,0,1
C11065,2025,4,April,4,4,0,1
C11065,2025,6,June,5,5,0,1
C11066,2024,9,September,1,1,1,0
C11066,2024,10,October,2,2,0,1
C11066,2025,7,July,4,3,0,1
C11066,2025,8,August,5,4,0,1
C11068,2024,9,September,1,1,1,0
C11068,2024,12,December,2,1,0,0
C11069,2024,7,July,1,1,1,0
C11069,2024,8,August,2,2,0,1
C11069,2025,3,March,3,3,0,1
C11069,2025,4,April,4,4,0,1
C11069,2025,10,October,5,5,0,1
C11070,2025,1,January,1,1,1,0
C11070,2025,12,December,2,2,0,1
C11071,2024,10,October,1,1,1,0
C11071,2024,12,December,2,2,0,1
C11071,2025,1,January,4,3,0,1
C11071,2025,2,February,5,4,0,1
C11071,2025,6,June,6,5,0,1
C11072,2024,10,October,1,1,1,0
C11072,2025,2,February,2,2,0,1
C11072,2025,8,August,3,3,0,1
C11072,2025,9,September,4,4,0,1
C11073,2024,10,October,1,0,1,0
C11073,2024,12,December,2,1,0,0
C11073,2025,11,November,3,2,0,1
C11074,2025,2,February,1,0,1,0
C11074,2025,7,July,2,1,0,0
C11074,2025,9,September,3,2,0,1
C11074,2025,10,October,4,3,0,1
C11075,2024,10,October,1,0,1,0
C11075,2025,6,June,2,1,0,0
C11075,2025,12,December,3,2,0,1
C11076,2024,8,August,1,0,1,0
C11076,2024,12,December,2,2,0,1
C11076,2025,6,June,4,3,0,1
C11076,2025,8,August,5,4,0,1
C11077,2025,5,May,1,1,1,0
C11077,2025,9,September,2,4,0,1
C11078,2024,8,August,1,1,1,0
C11079,2024,11,November,1,0,1,0
C11080,2025,1,January,1,0,1,0
C11080,2025,3,March,2,1,0,0
C11080,2025,4,April,3,2,0,1
C11080,2025,11,November,4,4,0,1
C11081,2024,8,August,1,1,1,0
C11081,2025,1,January,2,2,0,1
C11081,2025,2,February,3,2,0,1
C11082,2024,7,July,1,1,1,0
C11082,2024,12,December,2,3,0,1
C11082,2025,3,March,4,4,0,1
C11082,2025,9,September,5,6,0,1
C11083,2024,9,September,1,1,1,0
C11083,2025,8,August,2,2,0,1
C11084,2025,1,January,1,0,1,0
C11084,2025,5,May,2,1,0,0
C11084,2025,11,November,3,2,0,1
C11085,2025,7,July,1,1,1,0
C11085,2025,10,October,2,2,0,1
C11086,2025,1,January,1,1,1,0
C11086,2025,6,June,3,1,0,0
C11087,2024,9,September,1,1,1,0
C11088,2024,9,September,1,1,1,0
C11088,2025,2,February,2,2,0,1
C11089,2025,1,January,1,1,1,0
C11089,2025,4,April,2,2,0,1
C11090,2024,7,July,1,0,1,0
C11090,2024,9,September,2,1,0,0
C11090,2024,10,October,3,2,0,1
C11090,2024,12,December,4,3,0,1
C11090,2025,1,January,5,4,0,1
C11090,2025,3,March,6,5,0,1
C11090,2025,7,July,7,6,0,1
C11090,2025,9,September,8,7,0,1
C11090,2025,12,December,9,8,0,1
C11091,2024,12,December,1,1,1,0
C11091,2025,3,March,2,2,0,1
C11091,2025,4,April,3,3,0,1
C11091,2025,9,September,5,4,0,1
C11092,2025,5,May,1,1,1,0
C11092,2025,7,July,2,2,0,1
C11093,2025,5,May,1,1,1,0
C11093,2025,11,November,2,2,0,1
C11095,2024,11,November,1,1,1,0
C11095,2025,2,February,2,2,0,1
C11095,2025,6,June,3,3,0,1
C11095,2025,11,November,4,3,0,1
C11096,2024,9,September,1,1,1,0
C11096,2024,10,October,2,1,0,0
C11096,2024,12,December,3,2,0,1
C11096,2025,2,February,4,2,0,1
C11096,2025,7,July,5,3,0,1
C11096,2025,10,October,6,4,0,1
C11097,2024,8,August,1,1,1,0
C11097,2025,3,March,2,2,0,1
C11097,2025,4,April,3,3,0,1
C11097,2025,6,June,4,4,0,1
C11097,2025,9,September,5,5,0,1
C11098,2024,11,November,1,0,1,0
C11098,2025,1,January,2,1,0,0
C11098,2025,4,April,3,2,0,1
C11098,2025,5,May,4,3,0,1
C11099,2024,8,August,1,0,1,0
C11099,2024,11,November,2,1,0,0
C11099,2025,1,January,3,2,0,1
C11099,2025,10,October,4,3,0,1
C11100,2024,9,September,1,1,1,0
C11100,2025,3,March,3,2,0,1
C11100,2025,4,April,4,3,0,1
C11101,2024,9,September,1,1,1,0
C11101,2024,11,November,2,2,0,1
C11101,2025,10,October,3,3,0,1
C11101,2025,12,December,4,4,0,1
C11102,2025,1,January,1,1,1,0
C11102,2025,2,February,2,2,0,1
C11102,2025,8,August,3,2,0,1
C11103,2025,1,January,1,0,1,0
C11103,2025,3,March,2,1,0,0
C11103,2025,4,April,3,2,0,1
C11103,2025,10,October,4,3,0,1
C11104,2025,2,February,1,1,1,0
C11104,2025,10,October,2,2,0,1
C11105,2024,12,December,1,1,1,0
C11106,2025,1,January,1,0,1,0
C11106,2025,5,May,2,1,0,0
C11107,2024,7,July,1,1,1,0
C11107,2024,11,November,2,2,0,1
C11107,2024,12,December,3,3,0,1
C11107,2025,1,January,4,4,0,1
C11107,2025,2,February,5,5,0,1
C11107,2025,8,August,6,7,0,1
C11108,2024,11,November,1,1,1,0
C11108,2024,12,December,2,2,0,1
C11109,2025,10,October,1,1,1,0
C11110,2024,12,December,1,1,1,0
C11110,2025,6,June,2,2,0,1
C11111,2024,10,October,1,1,1,0
C11111,2025,5,May,2,2,0,1
C11112,2024,7,July,1,3,0,1
C11112,2024,8,August,4,4,0,1
C11112,2024,10,October,5,5,0,1
C11112,2025,2,February,7,6,0,1
C11112,2025,4,April,8,7,0,1
C11112,2025,6,June,9,8,0,1
C11112,2025,11,November,10,9,0,1
C11112,2025,12,December,11,9,0,1
C11113,2025,2,February,1,1,1,0
C11113,2025,3,March,2,1,0,0
C11113,2025,9,September,3,2,0,1
C11113,2025,11,November,4,3,0,1
C11113,2025,12,December,5,4,0,1
C11114,2024,12,December,1,1,1,0
C11114,2025,4,April,2,2,0,1
C11114,2025,10,October,3,3,0,1
C11115,2024,7,July,1,1,1,0
C11115,2025,1,January,2,2,0,1
C11115,2025,6,June,3,2,0,1
C11115,2025,8,August,4,2,0,1
C11115,2025,9,September,5,3,0,1
C11115,2025,11,November,6,4,0,1
C11116,2025,9,September,1,1,1,0
C11116,2025,10,October,2,2,0,1
C11117,2025,5,May,1,1,1,0
C11117,2025,9,September,2,3,0,1
C11117,2025,11,November,5,4,0,1
C11117,2025,12,December,6,5,0,1
C11118,2024,8,August,1,1,1,0
C11118,2025,8,August,2,2,0,1
C11119,2025,1,January,1,1,1,0
C11120,2024,7,July,1,1,1,0
C11120,2024,10,October,2,1,0,0
C11120,2024,12,December,3,1,0,0
C11120,2025,3,March,4,3,0,1
C11120,2025,8,August,6,4,0,1
C11120,2025,9,September,7,5,0,1
C11120,2025,10,October,8,6,0,1
C11122,2024,7,July,1,1,1,0
C11123,2024,9,September,1,2,0,1
C11123,2024,12,December,3,3,0,1
C11123,2025,1,January,4,4,0,1
C11123,2025,2,February,5,5,0,1
C11123,2025,7,July,6,6,0,1
C11123,2025,8,August,7,7,0,1
C11123,2025,10,October,8,8,0,1
C11123,2025,12,December,9,9,0,1
C11124,2024,7,July,1,0,1,0
C11124,2024,11,November,2,1,0,0
C11124,2025,3,March,3,2,0,1
C11124,2025,4,April,4,3,0,1
C11124,2025,5,May,5,4,0,1
C11124,2025,10,October,6,5,0,1
C11124,2025,11,November,7,6,0,1
C11125,2024,7,July,1,1,1,0
C11125,2024,8,August,2,2,0,1
C11125,2024,12,December,3,3,0,1
C11125,2025,1,January,4,4,0,1
C11125,2025,3,March,5,5,0,1
C11125,2025,5,May,6,6,0,1
C11126,2024,8,August,1,1,1,0
C11126,2024,9,September,3,2,0,1
C11126,2025,1,January,4,4,0,1
C11126,2025,2,February,6,5,0,1
C11126,2025,4,April,7,6,0,1
C11126,2025,7,July,8,7,0,1
C11126,2025,8,August,9,8,0,1
C11126,2025,9,September,11,9,0,1
C11126,2025,11,November,12,10,0,1
C11127,2024,12,December,1,1,1,0
C11127,2025,1,January,2,2,0,1
C11127,2025,2,February,3,3,0,1
C11128,2024,11,November,1,1,1,0
C11128,2025,10,October,2,2,0,1
C11129,2024,9,September,1,0,1,0
C11129,2024,12,December,2,1,0,0
C11129,2025,3,March,4,2,0,1
C11130,2024,10,October,1,1,1,0
C11130,2024,11,November,2,2,0,1
C11131,2024,12,December,1,0,1,0
C11131,2025,4,April,2,1,0,0
C11131,2025,6,June,3,2,0,1
C11131,2025,9,September,4,2,0,1
C11131,2025,12,December,5,2,0,1
C11132,2024,7,July,1,2,0,1
C11132,2024,8,August,3,3,0,1
C11132,2024,9,September,4,4,0,1
C11132,2025,2,February,5,5,0,1
C11132,2025,4,April,6,5,0,1
C11132,2025,11,November,7,5,0,1
C11133,2024,11,November,1,0,1,0
C11133,2024,12,December,2,1,0,0
C11134,2024,9,September,1,1,1,0
C11134,2024,10,October,2,2,0,1
C11134,2024,11,November,3,3,0,1
C11134,2025,1,January,4,4,0,1
C11134,2025,2,February,5,5,0,1
C11134,2025,6,June,6,5,0,1
C11134,2025,7,July,7,6,0,1
C11135,2024,11,November,1,1,1,0
C11135,2025,10,October,2,2,0,1
C11136,2024,7,July,1,1,1,0
C11136,2024,10,October,2,2,0,1
C11136,2024,12,December,3,3,0,1
C11136,2025,2,February,4,4,0,1
C11136,2025,3,March,5,5,0,1
C11136,2025,4,April,6,6,0,1
C11136,2025,12,December,7,7,0,1
C11137,2024,7,July,1,1,1,0
C11137,2024,8,August,2,2,0,1
C11137,2024,9,September,5,3,0,1
C11137,2024,10,October,6,3,0,1
C11137,2025,5,May,7,4,0,1
C11137,2025,6,June,8,5,0,1
C11137,2025,7,July,9,6,0,1
C11137,2025,10,October,10,7,0,1
C11137,2025,11,November,11,8,0,1
C11137,2025,12,December,12,9,0,1
C11138,2024,9,September,1,3,0,1
C11138,2024,11,November,4,4,0,1
C11138,2024,12,December,5,5,0,1
C11138,2025,2,February,6,5,0,1
C11138,2025,3,March,7,6,0,1
C11138,2025,6,June,8,6,0,1
C11138,2025,7,July,9,6,0,1
C11138,2025,8,August,10,7,0,1
C11139,2025,7,July,1,1,1,0
C11139,2025,10,October,2,1,0,0
C11140,2024,7,July,1,1,1,0
C11140,2024,9,September,2,2,0,1
C11140,2025,10,October,3,2,0,1
C11142,2025,2,February,1,1,1,0
C11142,2025,11,November,2,2,0,1
C11143,2025,3,March,1,1,1,0
C11143,2025,9,September,2,1,0,0
C11143,2025,12,December,3,2,0,1
C11144,2024,7,July,1,1,1,0
C11144,2025,3,March,2,2,0,1
C11144,2025,6,June,3,3,0,1
C11144,2025,7,July,4,4,0,1
C11144,2025,9,September,5,5,0,1
C11145,2024,7,July,1,1,1,0
C11145,2024,8,August,2,2,0,1
C11145,2024,10,October,3,3,0,1
C11145,2025,9,September,4,5,0,1
C11146,2024,10,October,1,1,1,0
C11146,2024,11,November,2,2,0,1
C11146,2024,12,December,3,3,0,1
C11146,2025,1,January,4,4,0,1
C11146,2025,2,February,5,5,0,1
C11146,2025,3,March,6,5,0,1
C11146,2025,8,August,7,6,0,1
C11146,2025,11,November,8,7,0,1
C11147,2024,7,July,1,1,1,0
C11147,2024,12,December,2,2,0,1
C11147,2025,4,April,3,3,0,1
C11147,2025,5,May,4,4,0,1
C11147,2025,6,June,5,5,0,1
C11147,2025,9,September,6,6,0,1
C11147,2025,10,October,7,7,0,1
C11147,2025,11,November,8,8,0,1
C11149,2024,9,September,1,1,1,0
C11149,2024,12,December,2,3,0,1
C11149,2025,4,April,5,3,0,1
C11149,2025,6,June,6,5,0,1
C11149,2025,8,August,8,6,0,1
C11149,2025,11,November,9,7,0,1
C11150,2025,5,May,1,0,1,0
C11150,2025,12,December,2,1,0,0
C11151,2025,1,January,1,1,1,0
C11151,2025,12,December,2,2,0,1
C11152,2024,11,November,1,1,1,0
C11152,2025,4,April,2,1,0,0
C11152,2025,7,July,3,2,0,1
C11153,2025,5,May,1,1,1,0
C11154,2024,7,July,1,1,1,0
C11154,2024,10,October,2,1,0,0
C11155,2025,2,February,1,1,1,0
C11155,2025,7,July,2,2,0,1
C11155,2025,10,October,3,3,0,1
C11156,2024,10,October,1,0,1,0
C11156,2025,5,May,2,1,0,0
C11156,2025,6,June,3,2,0,1
C11157,2024,8,August,1,1,1,0
C11157,2024,9,September,2,2,0,1
C11157,2025,1,January,3,2,0,1
C11157,2025,2,February,4,3,0,1
C11157,2025,3,March,5,4,0,1
C11158,2024,7,July,1,1,1,0
C11158,2024,9,September,2,3,0,1
C11158,2025,3,March,4,4,0,1
C11158,2025,7,July,5,5,0,1
C11159,2025,5,May,1,1,1,0
C11160,2025,10,October,1,1,1,0
C11160,2025,12,December,2,2,0,1
C11161,2024,7,July,1,1,1,0
C11161,2024,9,September,2,2,0,1
C11161,2024,11,November,3,2,0,1
C11161,2024,12,December,4,2,0,1
C11161,2025,1,January,5,3,0,1
C11161,2025,2,February,7,4,0,1
C11161,2025,4,April,8,5,0,1
C11161,2025,10,October,9,6,0,1
C11161,2025,11,November,10,7,0,1
C11161,2025,12,December,12,8,0,1
C11162,2024,10,October,1,2,0,1
C11162,2024,12,December,3,4,0,1
C11162,2025,3,March,5,5,0,1
C11163,2024,11,November,1,2,0,1
C11163,2024,12,December,3,4,0,1
C11163,2025,2,February,5,6,0,1
C11163,2025,5,May,7,7,0,1
C11163,2025,6,June,8,8,0,1
C11163,2025,7,July,9,9,0,1
C11163,2025,8,August,10,10,0,1
C11163,2025,11,November,11,11,0,1
C11163,2025,12,December,12,13,0,1
C11164,2025,3,March,1,1,1,0
C11164,2025,4,April,2,2,0,1
C11164,2025,6,June,4,3,0,1
C11164,2025,12,December,5,3,0,1
C11165,2025,9,September,1,1,1,0
C11167,2024,10,October,1,0,1,0
C11167,2024,11,November,2,1,0,0
C11167,2025,1,January,3,2,0,1
C11167,2025,4,April,4,3,0,1
C11167,2025,10,October,5,4,0,1
C11168,2024,9,September,1,0,1,0
C11168,2024,12,December,2,0,0,0
C11168,2025,2,February,3,1,0,0
C11168,2025,4,April,4,3,0,1
C11168,2025,5,May,6,3,0,1
C11169,2024,9,September,1,1,1,0
C11169,2025,3,March,2,2,0,1
C11169,2025,4,April,3,4,0,1
C11169,2025,8,August,5,5,0,1
C11169,2025,10,October,6,6,0,1
C11169,2025,11,November,7,7,0,1
C11170,2024,7,July,1,1,1,0
C11170,2024,10,October,2,2,0,1
C11170,2025,4,April,3,3,0,1
C11170,2025,5,May,4,4,0,1
C11170,2025,8,August,5,4,0,1
C11171,2025,6,June,1,2,0,1
C11171,2025,10,October,3,3,0,1
C11171,2025,11,November,4,4,0,1
C11172,2024,9,September,1,1,1,0
C11172,2024,11,November,2,2,0,1
C11172,2025,4,April,3,3,0,1
C11172,2025,11,November,4,4,0,1
C11173,2024,8,August,1,1,1,0
C11173,2024,10,October,2,2,0,1
C11173,2024,11,November,3,2,0,1
C11173,2024,12,December,4,3,0,1
C11173,2025,1,January,5,4,0,1
C11173,2025,5,May,6,5,0,1
C11173,2025,6,June,7,6,0,1
C11173,2025,7,July,8,7,0,1
C11173,2025,8,August,10,8,0,1
C11173,2025,10,October,11,8,0,1
C11174,2025,5,May,1,1,1,0
C11176,2024,12,December,1,0,1,0
C11176,2025,12,December,2,0,0,0
C11177,2024,7,July,1,1,1,0
C11177,2024,10,October,2,3,0,1
C11177,2025,4,April,4,3,0,1
C11178,2024,10,October,1,1,1,0
C11178,2025,1,January,2,2,0,1
C11178,2025,11,November,3,3,0,1
C11179,2024,7,July,1,1,1,0
C11179,2024,10,October,2,2,0,1
C11179,2025,2,February,3,2,0,1
C11179,2025,3,March,4,3,0,1
C11179,2025,12,December,5,4,0,1
C11180,2024,11,November,1,1,1,0
C11180,2025,4,April,2,2,0,1
C11181,2024,8,August,1,1,1,0
C11181,2024,9,September,3,2,0,1
C11181,2025,11,November,4,3,0,1
C11182,2024,11,November,1,1,1,0
C11182,2025,3,March,2,2,0,1
C11183,2024,7,July,1,1,1,0
C11183,2025,2,February,2,2,0,1
C11184,2024,7,July,1,1,1,0
C11184,2024,11,November,3,2,0,1
C11184,2025,4,April,4,2,0,1
C11185,2025,1,January,1,1,1,0
C11185,2025,2,February,3,2,0,1
C11185,2025,5,May,4,4,0,1
C11186,2024,11,November,1,1,1,0
C11187,2024,7,July,1,1,1,0
C11187,2024,8,August,2,2,0,1
C11187,2024,10,October,3,3,0,1
C11187,2025,1,January,4,4,0,1
C11187,2025,2,February,5,5,0,1
C11187,2025,3,March,6,6,0,1
C11187,2025,4,April,7,6,0,1
C11187,2025,5,May,8,7,0,1
C11187,2025,7,July,9,9,0,1
C11187,2025,8,August,11,9,0,1
C11187,2025,11,November,12,10,0,1
C11188,2024,7,July,1,2,0,1
C11188,2024,8,August,3,4,0,1
C11188,2024,10,October,5,5,0,1
C11188,2024,12,December,6,5,0,1
C11188,2025,4,April,7,6,0,1
C11188,2025,5,May,9,7,0,1
C11188,2025,7,July,10,8,0,1
C11188,2025,9,September,11,10,0,1
C11188,2025,11,November,13,11,0,1
C11189,2025,6,June,1,1,1,0
C11189,2025,7,July,2,2,0,1
C11189,2025,10,October,3,2,0,1
C11190,2024,11,November,1,1,1,0
C11190,2025,1,January,2,2,0,1
C11190,2025,3,March,3,2,0,1
C11190,2025,4,April,4,2,0,1
C11190,2025,5,May,5,3,0,1
C11190,2025,12,December,6,4,0,1
C11191,2025,8,August,1,1,1,0
C11191,2025,11,November,2,2,0,1
C11191,2025,12,December,3,3,0,1
C11192,2024,9,September,1,1,1,0
C11192,2025,1,January,2,2,0,1
C11193,2024,7,July,1,0,1,0
C11193,2024,8,August,2,1,0,0
C11193,2024,9,September,3,2,0,1
C11193,2025,10,October,4,3,0,1
C11193,2025,11,November,5,4,0,1
C11194,2024,10,October,1,0,1,0
C11194,2024,12,December,2,1,0,0
C11194,2025,6,June,3,2,0,1
C11194,2025,9,September,4,2,0,1
C11195,2024,12,December,1,1,1,0
C11195,2025,1,January,2,1,0,0
C11195,2025,2,February,3,2,0,1
C11195,2025,5,May,5,3,0,1
C11195,2025,6,June,7,3,0,1
C11195,2025,7,July,8,4,0,1
C11195,2025,10,October,9,5,0,1
C11195,2025,11,November,10,6,0,1
C11195,2025,12,December,11,7,0,1
C11197,2024,9,September,1,1,1,0
C11197,2024,11,November,2,1,0,0
C11197,2025,1,January,3,1,0,0
C11198,2024,7,July,1,2,0,1
C11198,2024,10,October,3,3,0,1
C11198,2024,11,November,4,4,0,1
C11198,2024,12,December,5,5,0,1
C11198,2025,5,May,6,6,0,1
C11198,2025,12,December,7,7,0,1
C11199,2024,10,October,1,1,1,0
C11199,2025,4,April,2,1,0,0
C11200,2024,8,August,1,1,1,0
C11200,2025,10,October,2,2,0,1
C11201,2024,9,September,1,1,1,0
C11201,2025,6,June,2,2,0,1
C11201,2025,9,September,3,3,0,1
C11201,2025,11,November,4,4,0,1
C11202,2025,2,February,1,1,1,0
C11202,2025,4,April,2,2,0,1
C11202,2025,6,June,3,2,0,1
C11202,2025,10,October,4,3,0,1
C11203,2024,10,October,1,1,1,0
C11203,2025,4,April,2,2,0,1
C11203,2025,8,August,3,3,0,1
C11203,2025,9,September,4,4,0,1
C11203,2025,10,October,5,5,0,1
C11203,2025,12,December,6,5,0,1
C11204,2024,11,November,1,1,1,0
C11204,2025,4,April,2,2,0,1
C11204,2025,7,July,3,3,0,1
C11204,2025,8,August,4,4,0,1
C11206,2024,9,September,1,0,1,0
C11206,2024,10,October,2,1,0,0
C11206,2024,12,December,3,2,0,1
C11206,2025,1,January,4,3,0,1
C11206,2025,4,April,5,3,0,1
C11206,2025,7,July,6,4,0,1
C11206,2025,10,October,7,5,0,1
C11206,2025,11,November,8,7,0,1
C11207,2024,8,August,1,1,1,0
C11208,2025,3,March,1,1,1,0
C11208,2025,4,April,2,2,0,1
C11209,2024,7,July,1,1,1,0
C11209,2024,12,December,2,2,0,1
C11209,2025,1,January,3,3,0,1
C11209,2025,2,February,4,4,0,1
C11209,2025,7,July,5,5,0,1
C11209,2025,11,November,6,6,0,1
C11210,2024,7,July,1,0,1,0
C11210,2025,4,April,2,1,0,0
C11210,2025,9,September,3,3,0,1
C11211,2025,1,January,1,1,1,0
C11211,2025,3,March,2,2,0,1
C11211,2025,7,July,3,3,0,1
C11212,2025,4,April,1,1,1,0
C11212,2025,7,July,2,2,0,1
C11212,2025,11,November,3,3,0,1
C11212,2025,12,December,4,4,0,1
C11214,2024,7,July,1,1,1,0
C11214,2024,9,September,2,2,0,1
C11214,2024,11,November,3,4,0,1
C11214,2024,12,December,5,5,0,1
C11214,2025,4,April,6,6,0,1
C11214,2025,5,May,7,7,0,1
C11214,2025,6,June,8,8,0,1
C11214,2025,7,July,9,9,0,1
C11215,2024,8,August,1,1,1,0
C11215,2025,1,January,2,2,0,1
C11215,2025,5,May,3,3,0,1
C11215,2025,10,October,4,4,0,1
C11216,2024,9,September,1,1,1,0
C11216,2024,10,October,3,1,0,0
C11216,2024,11,November,4,1,0,0
C11216,2024,12,December,5,2,0,1
C11216,2025,3,March,6,2,0,1
C11216,2025,5,May,7,3,0,1
C11216,2025,7,July,8,4,0,1
C11216,2025,9,September,9,6,0,1
C11217,2024,8,August,1,2,0,1
C11217,2024,11,November,4,3,0,1
C11217,2025,3,March,5,3,0,1
C11217,2025,6,June,6,3,0,1
C11217,2025,7,July,7,4,0,1
C11217,2025,10,October,9,5,0,1
C11217,2025,11,November,10,6,0,1
C11218,2025,9,September,1,1,1,0
C11219,2024,7,July,1,0,1,0
C11219,2024,11,November,2,1,0,0
C11219,2025,5,May,3,1,0,0
C11219,2025,10,October,4,2,0,1
C11220,2024,8,August,1,1,1,0
C11220,2025,1,January,2,2,0,1
C11220,2025,3,March,3,2,0,1
C11220,2025,9,September,4,3,0,1
C11221,2024,9,September,1,1,1,0
C11221,2024,10,October,2,3,0,1
C11221,2024,11,November,4,5,0,1
C11221,2025,4,April,6,5,0,1
C11221,2025,7,July,7,6,0,1
C11221,2025,9,September,8,7,0,1
C11222,2024,7,July,1,1,1,0
C11222,2024,8,August,2,2,0,1
C11222,2024,9,September,3,3,0,1
C11222,2024,11,November,4,4,0,1
C11222,2025,3,March,5,6,0,1
C11222,2025,5,May,7,7,0,1
C11222,2025,7,July,8,7,0,1
C11222,2025,8,August,9,8,0,1
C11222,2025,9,September,10,9,0,1
C11222,2025,11,November,11,10,0,1
C11223,2024,9,September,1,1,1,0
C11223,2024,10,October,2,3,0,1
C11223,2024,12,December,4,4,0,1
C11223,2025,6,June,5,4,0,1
C11223,2025,7,July,6,5,0,1
C11223,2025,11,November,7,6,0,1
C11224,2024,8,August,1,1,1,0
C11224,2024,9,September,2,3,0,1
C11224,2025,1,January,4,4,0,1
C11224,2025,4,April,5,5,0,1
C11224,2025,8,August,6,6,0,1
C11225,2024,7,July,1,2,0,1
C11225,2024,9,September,3,3,0,1
C11225,2024,10,October,4,5,0,1
C11225,2025,3,March,6,6,0,1
C11225,2025,4,April,7,6,0,1
C11225,2025,8,August,8,7,0,1
C11226,2024,10,October,1,1,1,0
C11226,2025,1,January,2,2,0,1
C11226,2025,3,March,3,2,0,1
C11226,2025,4,April,4,3,0,1
C11226,2025,6,June,5,3,0,1
C11226,2025,7,July,6,4,0,1
C11226,2025,8,August,7,4,0,1
C11227,2025,12,December,1,0,1,0
C11228,2024,8,August,1,0,1,0
C11228,2025,5,May,2,1,0,0
C11228,2025,8,August,3,2,0,1
C11228,2025,9,September,5,5,0,1
C11229,2025,1,January,1,2,0,1
C11229,2025,4,April,3,4,0,1
C11229,2025,5,May,5,6,0,1
C11229,2025,9,September,7,7,0,1
C11229,2025,10,October,8,8,0,1
C11229,2025,11,November,9,9,0,1
C11229,2025,12,December,10,10,0,1
C11230,2025,5,May,1,0,1,0
C11230,2025,7,July,2,1,0,0
C11231,2024,8,August,1,2,0,1
C11231,2024,9,September,3,3,0,1
C11231,2024,11,November,4,4,0,1
C11231,2024,12,December,5,5,0,1
C11231,2025,5,May,6,6,0,1
C11231,2025,6,June,7,7,0,1
C11231,2025,7,July,8,8,0,1
C11231,2025,10,October,9,8,0,1
C11231,2025,11,November,11,9,0,1
C11232,2024,8,August,1,1,1,0
C11232,2024,12,December,2,3,0,1
C11232,2025,4,April,4,4,0,1
C11232,2025,7,July,6,4,0,1
C11232,2025,12,December,7,5,0,1
C11233,2024,7,July,1,1,1,0
C11233,2025,6,June,2,1,0,0
C11233,2025,7,July,3,2,0,1
C11233,2025,11,November,4,2,0,1
C11233,2025,12,December,5,2,0,1
C11234,2025,7,July,1,1,1,0
C11234,2025,11,November,2,2,0,1
C11236,2024,10,October,1,1,1,0
C11236,2025,5,May,2,2,0,1
C11236,2025,12,December,3,3,0,1
C11237,2024,10,October,1,1,1,0
C11237,2025,10,October,2,2,0,1
C11238,2024,11,November,1,1,1,0
C11239,2024,9,September,1,1,1,0
C11239,2025,7,July,2,2,0,1
C11239,2025,8,August,3,4,0,1
C11239,2025,9,September,5,5,0,1
C11239,2025,11,November,6,6,0,1
C11240,2025,4,April,1,0,1,0
C11240,2025,6,June,2,2,0,1
C11241,2024,9,September,1,1,1,0
C11241,2024,12,December,2,2,0,1
C11242,2025,5,May,1,2,0,1
C11242,2025,11,November,4,2,0,1
C11242,2025,12,December,5,4,0,1
C11243,2024,9,September,1,1,1,0
C11243,2025,1,January,2,2,0,1
C11243,2025,2,February,3,3,0,1
C11243,2025,3,March,4,4,0,1
C11243,2025,6,June,5,5,0,1
C11243,2025,9,September,6,6,0,1
C11244,2024,10,October,1,0,1,0
C11245,2024,7,July,1,1,1,0
C11245,2025,2,February,2,1,0,0
C11245,2025,6,June,3,1,0,0
C11245,2025,7,July,5,2,0,1
C11246,2024,9,September,1,1,1,0
C11246,2025,4,April,2,2,0,1
C11246,2025,12,December,3,2,0,1
C11248,2024,12,December,1,1,1,0
C11248,2025,8,August,2,2,0,1
C11248,2025,10,October,3,3,0,1
C11249,2024,7,July,1,2,0,1
C11249,2025,5,May,3,2,0,1
C11249,2025,6,June,4,3,0,1
C11250,2025,1,January,1,1,1,0
C11250,2025,10,October,2,2,0,1
C11250,2025,11,November,3,3,0,1
C11251,2024,9,September,1,0,1,0
C11251,2024,12,December,2,1,0,0
C11252,2024,8,August,1,1,1,0
C11252,2024,9,September,2,4,0,1
C11252,2024,10,October,5,5,0,1
C11252,2024,11,November,6,5,0,1
C11252,2024,12,December,7,5,0,1
C11252,2025,2,February,8,6,0,1
C11252,2025,7,July,9,6,0,1
C11252,2025,11,November,10,6,0,1
C11253,2024,8,August,1,1,1,0
C11253,2024,9,September,2,2,0,1
C11253,2025,3,March,3,2,0,1
C11253,2025,5,May,4,2,0,1
C11253,2025,7,July,5,3,0,1
C11253,2025,9,September,6,4,0,1
C11254,2024,7,July,1,1,1,0
C11254,2024,8,August,2,2,0,1
C11254,2024,9,September,3,3,0,1
C11254,2024,11,November,4,4,0,1
C11254,2025,2,February,5,5,0,1
C11254,2025,5,May,6,6,0,1
C11254,2025,7,July,7,6,0,1
C11254,2025,10,October,8,7,0,1
C11255,2024,10,October,1,1,1,0
C11255,2024,12,December,3,2,0,1
C11255,2025,2,February,4,2,0,1
C11255,2025,3,March,5,3,0,1
C11255,2025,6,June,6,3,0,1
C11255,2025,7,July,7,4,0,1
C11255,2025,8,August,8,5,0,1
C11255,2025,10,October,9,6,0,1
C11256,2025,5,May,1,1,1,0
C11256,2025,6,June,2,2,0,1
C11256,2025,7,July,3,3,0,1
C11257,2024,7,July,1,1,1,0
C11257,2025,6,June,2,2,0,1
C11257,2025,8,August,3,2,0,1
C11258,2025,4,April,1,1,1,0
C11258,2025,5,May,2,2,0,1
C11258,2025,8,August,3,3,0,1
C11259,2024,12,December,1,1,1,0
C11259,2025,5,May,2,2,0,1
C11259,2025,7,July,3,3,0,1
C11260,2024,8,August,1,0,1,0
C11260,2024,11,November,2,1,0,0
C11260,2025,7,July,3,2,0,1
C11260,2025,8,August,4,3,0,1
C11260,2025,12,December,5,4,0,1
C11261,2024,11,November,1,1,1,0
C11261,2025,3,March,2,2,0,1
C11262,2025,2,February,1,0,1,0
C11262,2025,11,November,2,1,0,0
C11262,2025,12,December,3,1,0,0
C11263,2024,11,November,1,1,1,0
C11263,2024,12,December,2,2,0,1
C11263,2025,1,January,3,3,0,1
C11264,2024,9,September,1,1,1,0
C11264,2024,10,October,2,3,0,1
C11264,2024,12,December,4,4,0,1
C11264,2025,2,February,5,5,0,1
C11264,2025,7,July,6,6,0,1
C11264,2025,10,October,7,7,0,1
C11264,2025,12,December,8,8,0,1
C11265,2024,9,September,1,1,1,0
C11265,2024,12,December,2,1,0,0
C11265,2025,2,February,3,2,0,1
C11265,2025,4,April,4,3,0,1
C11265,2025,5,May,5,4,0,1
C11265,2025,7,July,6,5,0,1
C11265,2025,9,September,7,6,0,1
C11265,2025,11,November,8,7,0,1
C11266,2024,10,October,1,1,1,0
C11266,2025,8,August,2,2,0,1
C11266,2025,11,November,3,3,0,1
C11266,2025,12,December,4,4,0,1
C11267,2025,1,January,1,1,1,0
C11267,2025,5,May,2,2,0,1
C11268,2025,5,May,1,1,1,0
C11269,2025,8,August,1,1,1,0
C11269,2025,11,November,2,2,0,1
C11270,2024,12,December,1,1,1,0
C11270,2025,4,April,2,2,0,1
C11270,2025,6,June,3,3,0,1
C11270,2025,11,November,4,4,0,1
C11271,2024,7,July,1,1,1,0
C11271,2024,8,August,2,3,0,1
C11271,2025,2,February,4,3,0,1
C11272,2024,12,December,1,1,1,0
C11272,2025,2,February,2,3,0,1
C11272,2025,3,March,4,4,0,1
C11272,2025,8,August,5,4,0,1
C11272,2025,9,September,6,5,0,1
C11272,2025,10,October,7,6,0,1
C11272,2025,12,December,8,7,0,1
C11273,2024,11,November,1,1,1,0
C11273,2025,8,August,2,2,0,1
C11274,2025,3,March,1,1,1,0
C11274,2025,8,August,2,1,0,0
C11275,2024,10,October,1,1,1,0
C11275,2025,2,February,2,2,0,1
C11275,2025,3,March,3,3,0,1
C11275,2025,7,July,4,3,0,1
C11275,2025,8,August,6,4,0,1
C11275,2025,12,December,7,5,0,1
C11276,2024,7,July,1,0,1,0
C11276,2024,11,November,2,2,0,1
C11276,2025,3,March,4,3,0,1
C11276,2025,4,April,5,3,0,1
C11276,2025,6,June,6,4,0,1
C11276,2025,9,September,7,6,0,1
C11277,2025,8,August,1,1,1,0
C11277,2025,12,December,2,2,0,1
C11278,2025,8,August,1,1,1,0
C11279,2024,9,September,1,1,1,0
C11280,2024,12,December,1,1,1,0
C11280,2025,3,March,3,2,0,1
C11280,2025,6,June,4,3,0,1
C11280,2025,10,October,5,4,0,1
C11280,2025,11,November,6,5,0,1
C11280,2025,12,December,7,6,0,1
C11281,2024,7,July,1,1,1,0
C11281,2024,10,October,2,2,0,1
C11281,2024,11,November,3,4,0,1
C11281,2025,4,April,5,5,0,1
C11282,2025,10,October,1,1,1,0
C11282,2025,11,November,2,2,0,1
C11283,2025,5,May,1,1,1,0
C11283,2025,12,December,2,2,0,1
C11284,2025,1,January,1,1,1,0
C11284,2025,4,April,2,2,0,1
C11285,2025,4,April,1,1,1,0
C11286,2024,7,July,1,1,1,0
C11286,2024,8,August,2,2,0,1
C11286,2024,9,September,3,3,0,1
C11286,2025,8,August,4,4,0,1
C11287,2024,7,July,1,1,1,0
C11287,2024,11,November,2,2,0,1
C11287,2025,1,January,3,2,0,1
C11287,2025,4,April,4,3,0,1
C11287,2025,10,October,5,4,0,1
C11287,2025,11,November,6,5,0,1
C11288,2024,10,October,1,1,1,0
C11288,2025,9,September,2,1,0,0
C11289,2024,8,August,1,1,1,0
C11289,2025,6,June,2,2,0,1
C11289,2025,9,September,3,3,0,1
C11290,2024,10,October,1,1,1,0
C11290,2024,12,December,2,1,0,0
C11290,2025,1,January,3,1,0,0
C11290,2025,3,March,4,1,0,0
C11290,2025,4,April,5,2,0,1
C11290,2025,8,August,6,3,0,1
C11290,2025,10,October,7,5,0,1
C11290,2025,12,December,9,7,0,1
C11291,2025,1,January,1,0,1,0
C11292,2024,8,August,1,1,1,0
C11292,2024,9,September,2,2,0,1
C11292,2024,12,December,3,3,0,1
C11292,2025,4,April,5,3,0,1
C11292,2025,5,May,6,4,0,1
C11292,2025,10,October,7,5,0,1
C11292,2025,11,November,8,6,0,1
C11293,2024,10,October,1,1,1,0
C11294,2025,3,March,1,1,1,0
C11294,2025,5,May,2,2,0,1
C11295,2024,9,September,1,1,1,0
C11295,2025,7,July,2,2,0,1
C11295,2025,8,August,3,4,0,1
C11295,2025,11,November,5,5,0,1
C11295,2025,12,December,6,6,0,1
C11296,2024,11,November,1,2,0,1
C11296,2025,2,February,3,3,0,1
C11296,2025,7,July,4,5,0,1
C11296,2025,8,August,6,6,0,1
C11297,2024,9,September,1,0,1,0
C11298,2024,7,July,1,0,1,0
C11298,2024,11,November,2,1,0,0
C11298,2025,5,May,3,1,0,0
C11298,2025,8,August,4,2,0,1
C11298,2025,9,September,5,3,0,1
C11299,2024,9,September,1,2,0,1
C11299,2024,11,November,3,4,0,1
C11299,2024,12,December,5,5,0,1
C11299,2025,5,May,6,6,0,1
C11299,2025,11,November,7,7,0,1
C11301,2025,1,January,1,0,1,0
C11301,2025,7,July,2,1,0,0
C11302,2024,9,September,1,0,1,0
C11302,2024,10,October,2,1,0,0
C11302,2024,11,November,3,2,0,1
C11302,2025,2,February,4,3,0,1
C11302,2025,10,October,5,5,0,1
C11302,2025,12,December,7,6,0,1
C11303,2025,5,May,1,1,1,0
C11303,2025,10,October,2,2,0,1
C11303,2025,12,December,3,3,0,1
C11305,2024,9,September,1,2,0,1
C11305,2025,1,January,3,3,0,1
C11305,2025,3,March,4,3,0,1
C11305,2025,4,April,5,3,0,1
C11305,2025,6,June,6,3,0,1
C11305,2025,7,July,7,4,0,1
C11305,2025,10,October,8,4,0,1
C11306,2025,2,February,1,1,1,0
C11306,2025,9,September,2,2,0,1
C11306,2025,11,November,3,3,0,1
C11307,2024,7,July,1,0,1,0
C11308,2024,8,August,1,1,1,0
C11308,2025,3,March,2,2,0,1
C11309,2024,8,August,1,1,1,0
C11309,2024,9,September,2,3,0,1
C11310,2025,3,March,1,1,1,0
C11310,2025,7,July,2,1,0,0
C11311,2025,2,February,1,1,1,0
C11311,2025,4,April,2,2,0,1
C11311,2025,5,May,3,3,0,1
C11311,2025,6,June,4,4,0,1
C11311,2025,7,July,5,5,0,1
C11312,2024,11,November,1,1,1,0
C11312,2025,5,May,2,2,0,1
C11312,2025,9,September,3,3,0,1
C11312,2025,11,November,4,4,0,1
C11313,2024,7,July,1,1,1,0
C11313,2024,10,October,2,1,0,0
C11313,2025,9,September,3,1,0,0
C11313,2025,10,October,4,2,0,1
C11314,2024,7,July,1,0,1,0
C11314,2024,10,October,2,1,0,0
C11314,2024,12,December,3,2,0,1
C11314,2025,1,January,4,4,0,1
C11314,2025,6,June,6,5,0,1
C11314,2025,7,July,7,7,0,1
C11314,2025,8,August,10,9,0,1
C11314,2025,10,October,12,10,0,1
C11315,2025,5,May,1,0,1,0
C11317,2025,4,April,1,1,1,0
C11318,2024,10,October,1,1,1,0
C11318,2025,9,September,2,3,0,1
C11318,2025,10,October,4,3,0,1
C11318,2025,11,November,5,4,0,1
C11319,2024,7,July,1,0,1,0
C11319,2024,10,October,2,1,0,0
C11319,2025,4,April,3,2,0,1
C11320,2025,7,July,1,1,1,0
C11320,2025,10,October,2,2,0,1
C11321,2024,7,July,1,1,1,0
C11321,2024,11,November,2,2,0,1
C11321,2025,4,April,3,3,0,1
C11321,2025,12,December,4,4,0,1
C11322,2024,7,July,1,1,1,0
C11322,2024,8,August,2,2,0,1
C11322,2024,9,September,3,3,0,1
C11322,2024,12,December,4,3,0,1
C11322,2025,3,March,5,4,0,1
C11322,2025,4,April,6,5,0,1
C11322,2025,8,August,7,6,0,1
C11322,2025,9,September,8,6,0,1
C11322,2025,11,November,9,7,0,1
C11323,2024,11,November,1,1,1,0
C11323,2024,12,December,2,2,0,1
C11323,2025,5,May,3,3,0,1
C11323,2025,7,July,4,4,0,1
C11324,2024,10,October,1,1,1,0
C11324,2025,1,January,2,2,0,1
C11324,2025,4,April,3,4,0,1
C11324,2025,6,June,5,5,0,1
C11324,2025,11,November,6,6,0,1
C11325,2024,8,August,1,0,1,0
C11325,2024,10,October,2,0,0,0
C11325,2025,2,February,3,1,0,0
C11325,2025,3,March,5,2,0,1
C11325,2025,7,July,7,3,0,1
C11325,2025,8,August,8,4,0,1
C11325,2025,12,December,9,5,0,1
C11326,2024,9,September,1,1,1,0
C11326,2025,9,September,2,1,0,0
C11327,2024,7,July,1,1,1,0
C11327,2025,4,April,2,2,0,1
C11327,2025,7,July,3,3,0,1
C11327,2025,11,November,4,4,0,1
C11328,2024,10,October,1,1,1,0
C11328,2024,11,November,2,3,0,1
C11328,2025,4,April,4,3,0,1
C11328,2025,6,June,5,4,0,1
C11328,2025,9,September,6,5,0,1
C11328,2025,12,December,7,6,0,1
C11329,2024,8,August,1,1,1,0
C11329,2025,2,February,2,2,0,1
C11329,2025,7,July,3,2,0,1
C11329,2025,8,August,4,4,0,1
C11329,2025,11,November,6,5,0,1
C11329,2025,12,December,7,6,0,1
C11330,2024,8,August,1,1,1,0
C11330,2024,11,November,2,2,0,1
C11330,2025,1,January,3,4,0,1
C11330,2025,3,March,5,5,0,1
C11330,2025,4,April,6,6,0,1
C11330,2025,9,September,8,7,0,1
C11330,2025,11,November,9,8,0,1
C11331,2024,9,September,1,1,1,0
C11332,2024,8,August,1,1,1,0
C11332,2024,11,November,2,2,0,1
C11332,2024,12,December,3,3,0,1
C11332,2025,3,March,4,4,0,1
C11333,2024,9,September,1,1,1,0
C11333,2024,11,November,2,2,0,1
C11333,2025,3,March,3,3,0,1
C11333,2025,12,December,4,3,0,1
C11334,2024,10,October,1,1,1,0
C11334,2024,11,November,2,2,0,1
C11334,2025,1,January,3,3,0,1
C11334,2025,3,March,4,4,0,1
C11334,2025,4,April,5,5,0,1
C11334,2025,8,August,6,5,0,1
C11334,2025,9,September,7,6,0,1
C11334,2025,10,October,8,7,0,1
C11334,2025,12,December,9,7,0,1
C11335,2024,10,October,1,1,1,0
C11335,2025,4,April,2,2,0,1
C11335,2025,5,May,3,3,0,1
C11335,2025,6,June,4,4,0,1
C11335,2025,8,August,5,5,0,1
C11336,2024,12,December,1,1,1,0
C11336,2025,7,July,2,2,0,1
C11337,2025,2,February,1,1,1,0
C11337,2025,3,March,2,2,0,1
C11337,2025,4,April,3,3,0,1
C11339,2025,4,April,1,0,1,0
C11340,2024,12,December,1,2,0,1
C11340,2025,3,March,3,3,0,1
C11341,2024,10,October,1,1,1,0
C11341,2025,9,September,2,2,0,1
C11342,2025,4,April,1,0,1,0
C11342,2025,8,August,2,1,0,0
C11343,2025,3,March,1,1,1,0
C11343,2025,8,August,2,2,0,1
C11343,2025,10,October,3,3,0,1
C11344,2024,8,August,1,1,1,0
C11344,2025,3,March,2,2,0,1
C11344,2025,8,August,3,3,0,1
C11345,2024,7,July,1,1,1,0
C11345,2025,8,August,2,2,0,1
C11346,2024,10,October,1,1,1,0
C11347,2025,1,January,1,0,1,0
C11347,2025,6,June,2,1,0,0
C11347,2025,8,August,3,2,0,1
C11347,2025,11,November,4,3,0,1
C11348,2024,8,August,1,1,1,0
C11348,2024,11,November,2,2,0,1
C11349,2024,12,December,1,1,1,0
C11350,2024,7,July,1,1,1,0
C11350,2024,10,October,2,3,0,1
C11350,2024,11,November,4,4,0,1
C11350,2025,4,April,5,5,0,1
C11350,2025,8,August,6,5,0,1
C11350,2025,11,November,7,7,0,1
C11351,2025,6,June,1,1,1,0
C11351,2025,9,September,2,2,0,1
C11351,2025,11,November,3,3,0,1
C11352,2024,8,August,1,0,1,0
C11352,2024,11,November,2,1,0,0
C11352,2024,12,December,3,2,0,1
C11352,2025,2,February,4,3,0,1
C11352,2025,4,April,5,4,0,1
C11352,2025,5,May,6,5,0,1
C11353,2024,11,November,1,1,1,0
C11353,2025,2,February,2,2,0,1
C11353,2025,8,August,3,3,0,1
C11355,2024,9,September,1,0,1,0
C11355,2024,11,November,2,2,0,1
C11355,2024,12,December,4,3,0,1
C11355,2025,1,January,5,4,0,1
C11355,2025,2,February,6,5,0,1
C11356,2024,10,October,1,1,1,0
C11356,2025,7,July,2,2,0,1
C11356,2025,8,August,3,2,0,1
C11357,2024,7,July,1,1,1,0
C11357,2024,9,September,2,2,0,1
C11357,2024,10,October,3,3,0,1
C11357,2024,12,December,4,3,0,1
C11357,2025,11,November,5,4,0,1
C11358,2025,2,February,1,1,1,0
C11358,2025,6,June,2,2,0,1
C11359,2024,8,August,1,1,1,0
C11359,2025,1,January,2,2,0,1
C11359,2025,3,March,3,2,0,1
C11359,2025,11,November,4,3,0,1
C11360,2024,9,September,1,0,1,0
C11360,2025,3,March,2,1,0,0
C11360,2025,7,July,3,2,0,1
C11360,2025,11,November,4,3,0,1
C11361,2025,7,July,1,1,1,0
C11361,2025,8,August,2,1,0,0
C11361,2025,10,October,3,2,0,1
C11362,2024,10,October,1,1,1,0
C11362,2025,2,February,2,2,0,1
C11362,2025,3,March,3,3,0,1
C11362,2025,6,June,4,3,0,1
C11362,2025,8,August,5,4,0,1
C11362,2025,12,December,6,5,0,1
C11363,2025,1,January,1,1,1,0
C11363,2025,3,March,2,2,0,1
C11363,2025,7,July,3,2,0,1
C11364,2024,12,December,1,1,1,0
C11365,2024,11,November,1,2,0,1
C11365,2025,3,March,3,3,0,1
C11365,2025,12,December,4,4,0,1
C11366,2024,9,September,1,1,1,0
C11366,2024,10,October,2,2,0,1
C11366,2024,11,November,3,2,0,1
C11366,2025,2,February,4,3,0,1
C11366,2025,6,June,5,5,0,1
C11366,2025,7,July,7,6,0,1
C11366,2025,8,August,8,7,0,1
C11366,2025,10,October,10,8,0,1
C11366,2025,12,December,11,9,0,1
C11367,2024,9,September,1,1,1,0
C11367,2024,10,October,2,3,0,1
C11367,2025,3,March,4,4,0,1
C11367,2025,8,August,5,5,0,1
C11368,2024,11,November,1,0,1,0
C11368,2024,12,December,2,1,0,0
C11368,2025,1,January,4,2,0,1
C11369,2025,11,November,1,1,1,0
C11370,2024,9,September,1,1,1,0
C11371,2024,8,August,1,1,1,0
C11372,2024,8,August,1,1,1,0
C11372,2025,2,February,2,2,0,1
C11372,2025,3,March,3,3,0,1
C11372,2025,9,September,4,4,0,1
C11373,2024,11,November,1,1,1,0
C11373,2025,2,February,2,2,0,1
C11373,2025,4,April,3,4,0,1
C11373,2025,5,May,5,5,0,1
C11373,2025,6,June,7,6,0,1
C11373,2025,7,July,8,7,0,1
C11373,2025,8,August,9,7,0,1
C11373,2025,12,December,10,8,0,1
C11374,2024,8,August,1,1,1,0
C11374,2024,9,September,2,2,0,1
C11374,2025,6,June,3,4,0,1
C11374,2025,7,July,5,5,0,1
C11375,2025,2,February,1,1,1,0
C11375,2025,6,June,2,2,0,1
C11375,2025,10,October,3,3,0,1
C11375,2025,12,December,4,4,0,1
C11376,2024,7,July,1,1,1,0
C11376,2024,8,August,2,2,0,1
C11376,2024,10,October,3,3,0,1
C11376,2024,11,November,4,4,0,1
C11376,2025,1,January,5,6,0,1
C11376,2025,4,April,7,7,0,1
C11376,2025,5,May,8,7,0,1
C11376,2025,6,June,9,8,0,1
C11376,2025,9,September,10,9,0,1
C11376,2025,10,October,11,10,0,1
C11376,2025,11,November,12,11,0,1
C11377,2024,11,November,1,1,1,0
C11377,2025,7,July,2,2,0,1
C11377,2025,11,November,3,3,0,1
C11377,2025,12,December,4,4,0,1
C11378,2024,10,October,1,1,1,0
C11378,2025,3,March,2,2,0,1
C11378,2025,5,May,3,3,0,1
C11378,2025,8,August,4,3,0,1
C11378,2025,9,September,5,4,0,1
C11378,2025,10,October,6,4,0,1
C11378,2025,11,November,7,5,0,1
C11379,2025,5,May,1,1,1,0
C11379,2025,6,June,2,2,0,1
C11379,2025,8,August,3,3,0,1
C11379,2025,9,September,4,4,0,1
C11381,2025,4,April,1,0,1,0
C11382,2024,9,September,1,0,1,0
C11382,2025,1,January,2,1,0,0
C11382,2025,4,April,3,1,0,0
C11382,2025,10,October,4,2,0,1
C11383,2024,7,July,1,1,1,0
C11383,2024,12,December,2,2,0,1
C11383,2025,1,January,3,3,0,1
C11383,2025,10,October,4,4,0,1
C11383,2025,12,December,5,5,0,1
C11384,2025,3,March,1,1,1,0
C11386,2024,11,November,1,1,1,0
C11386,2025,3,March,2,3,0,1
C11386,2025,7,July,4,3,0,1
C11386,2025,8,August,5,4,0,1
C11387,2024,7,July,1,1,1,0
C11387,2024,9,September,2,2,0,1
C11387,2024,12,December,3,3,0,1
C11387,2025,7,July,5,3,0,1
C11388,2024,8,August,1,1,1,0
C11388,2024,12,December,2,2,0,1
C11388,2025,2,February,4,3,0,1
C11389,2024,11,November,1,1,1,0
C11389,2025,1,January,2,2,0,1
C11389,2025,5,May,3,3,0,1
C11389,2025,8,August,4,4,0,1
C11390,2025,1,January,1,1,1,0
C11390,2025,4,April,2,2,0,1
C11391,2024,8,August,1,1,1,0
C11391,2024,9,September,2,2,0,1
C11391,2025,10,October,3,2,0,1
C11393,2024,7,July,1,2,0,1
C11393,2024,8,August,3,3,0,1
C11393,2024,11,November,4,4,0,1
C11393,2025,8,August,5,5,0,1
C11393,2025,9,September,6,6,0,1
C11393,2025,10,October,7,7,0,1
C11393,2025,11,November,8,8,0,1
C11393,2025,12,December,9,9,0,1
C11394,2024,10,October,1,1,1,0
C11394,2024,12,December,2,2,0,1
C11394,2025,1,January,3,3,0,1
C11394,2025,5,May,4,4,0,1
C11394,2025,12,December,5,4,0,1
C11395,2025,3,March,1,1,1,0
C11395,2025,6,June,2,2,0,1
C11395,2025,11,November,3,3,0,1
C11396,2025,1,January,1,0,1,0
C11397,2025,12,December,1,0,1,0
C11398,2025,12,December,1,1,1,0
C11399,2025,1,January,1,1,1,0
C11399,2025,4,April,2,2,0,1
C11399,2025,8,August,3,3,0,1
C11399,2025,9,September,4,4,0,1
C11400,2024,7,July,1,1,1,0
C11400,2025,8,August,2,2,0,1
C11400,2025,10,October,3,3,0,1
C11400,2025,12,December,4,4,0,1
C11401,2024,7,July,1,1,1,0
C11401,2024,12,December,2,2,0,1
C11401,2025,7,July,3,3,0,1
C11402,2025,2,February,1,1,1,0
C11402,2025,10,October,2,2,0,1
C11404,2024,8,August,1,1,1,0
C11404,2024,9,September,2,2,0,1
C11404,2025,6,June,3,3,0,1
C11404,2025,8,August,4,5,0,1
C11405,2024,8,August,1,1,1,0
C11405,2025,2,February,2,2,0,1
C11406,2025,1,January,1,1,1,0
C11406,2025,4,April,2,2,0,1
C11406,2025,11,November,3,3,0,1
C11407,2024,10,October,1,1,1,0
C11407,2025,7,July,2,2,0,1
C11407,2025,9,September,3,4,0,1
C11408,2024,9,September,1,0,1,0
C11408,2025,7,July,2,1,0,0
C11408,2025,11,November,3,2,0,1
C11409,2024,8,August,1,1,1,0
C11409,2025,10,October,2,3,0,1
C11409,2025,12,December,4,5,0,1
C11410,2024,7,July,1,1,1,0
C11410,2024,12,December,2,2,0,1
C11410,2025,2,February,3,3,0,1
C11410,2025,5,May,4,4,0,1
C11410,2025,8,August,5,5,0,1
C11410,2025,12,December,6,6,0,1
C11411,2024,9,September,1,1,1,0
C11411,2024,10,October,2,2,0,1
C11411,2024,11,November,3,3,0,1
C11411,2025,1,January,4,4,0,1
C11412,2024,11,November,1,1,1,0
C11412,2025,5,May,2,2,0,1
C11412,2025,7,July,3,3,0,1
C11413,2024,9,September,1,1,1,0
C11413,2025,9,September,2,2,0,1
C11413,2025,12,December,3,3,0,1
C11414,2025,1,January,1,2,0,1
C11414,2025,10,October,3,3,0,1
C11414,2025,11,November,4,4,0,1
C11415,2024,9,September,1,1,1,0
C11415,2025,4,April,2,2,0,1
C11415,2025,12,December,3,3,0,1
C11416,2024,10,October,1,1,1,0
C11417,2025,4,April,1,1,1,0
C11418,2025,1,January,1,1,1,0
C11418,2025,2,February,2,2,0,1
C11418,2025,4,April,3,3,0,1
C11418,2025,7,July,4,4,0,1
C11418,2025,10,October,5,4,0,1
C11418,2025,12,December,6,5,0,1
C11419,2025,2,February,1,2,0,1
C11419,2025,8,August,3,3,0,1
C11419,2025,10,October,4,4,0,1
C11420,2024,8,August,1,1,1,0
C11420,2025,3,March,2,2,0,1
C11420,2025,8,August,3,3,0,1
C11420,2025,9,September,4,4,0,1
C11420,2025,10,October,5,5,0,1
C11421,2024,7,July,1,1,1,0
C11421,2025,3,March,2,2,0,1
C11421,2025,6,June,3,3,0,1
C11421,2025,7,July,4,4,0,1
C11421,2025,8,August,5,5,0,1
C11421,2025,9,September,6,7,0,1
C11421,2025,10,October,8,8,0,1
C11421,2025,12,December,9,9,0,1
C11422,2025,6,June,1,1,1,0
C11423,2024,8,August,1,1,1,0
C11423,2024,12,December,2,2,0,1
C11424,2024,7,July,1,0,1,0
C11424,2024,10,October,2,0,0,0
C11424,2025,8,August,3,1,0,0
C11425,2024,7,July,1,0,1,0
C11425,2024,10,October,2,0,0,0
C11425,2025,1,January,3,1,0,0
C11425,2025,3,March,4,2,0,1
C11425,2025,5,May,5,3,0,1
C11425,2025,8,August,6,4,0,1
C11425,2025,11,November,7,4,0,1
C11425,2025,12,December,8,5,0,1
C11426,2025,8,August,1,1,1,0
C11426,2025,12,December,2,1,0,0
C11427,2024,8,August,1,2,0,1
C11427,2025,1,January,3,3,0,1
C11427,2025,4,April,4,4,0,1
C11427,2025,8,August,5,5,0,1
C11427,2025,12,December,6,6,0,1
C11428,2024,7,July,1,1,1,0
C11428,2025,2,February,2,2,0,1
C11428,2025,3,March,3,3,0,1
C11428,2025,6,June,4,4,0,1
C11428,2025,12,December,5,5,0,1
C11429,2024,7,July,1,1,1,0
C11429,2024,11,November,2,2,0,1
C11429,2025,8,August,3,3,0,1
C11430,2024,8,August,1,1,1,0
C11430,2024,11,November,2,2,0,1
C11430,2025,9,September,3,3,0,1
C11430,2025,10,October,4,4,0,1
C11431,2024,10,October,1,2,0,1
C11431,2025,2,February,3,2,0,1
C11431,2025,5,May,4,4,0,1
C11431,2025,8,August,6,4,0,1
C11431,2025,10,October,7,5,0,1
C11432,2024,12,December,1,1,1,0
C11432,2025,4,April,2,2,0,1
C11433,2024,9,September,1,1,1,0
C11433,2025,4,April,2,2,0,1
C11434,2024,9,September,1,1,1,0
C11434,2024,12,December,3,2,0,1
C11434,2025,1,January,4,3,0,1
C11434,2025,2,February,6,4,0,1
C11434,2025,4,April,7,4,0,1
C11434,2025,5,May,8,5,0,1
C11434,2025,12,December,9,6,0,1
C11435,2025,8,August,1,1,1,0
C11436,2024,12,December,1,1,1,0
C11436,2025,1,January,2,1,0,0
C11436,2025,2,February,3,1,0,0
C11436,2025,5,May,4,2,0,1
C11437,2024,12,December,1,0,1,0
C11437,2025,3,March,2,1,0,0
C11437,2025,7,July,3,2,0,1
C11437,2025,10,October,5,3,0,1
C11438,2024,12,December,1,0,1,0
C11438,2025,1,January,2,2,0,1
C11438,2025,2,February,4,3,0,1
C11438,2025,4,April,5,3,0,1
C11438,2025,5,May,6,4,0,1
C11438,2025,7,July,7,5,0,1
C11439,2025,9,September,1,1,1,0
C11441,2024,8,August,1,1,1,0
C11441,2024,10,October,2,1,0,0
C11441,2025,3,March,3,1,0,0
C11441,2025,11,November,4,2,0,1
C11441,2025,12,December,5,3,0,1
C11442,2024,10,October,1,0,1,0
C11442,2025,3,March,2,0,0,0
C11442,2025,5,May,3,1,0,0
C11443,2025,11,November,1,0,1,0
C11443,2025,12,December,2,1,0,0
C11444,2024,8,August,1,0,1,0
C11444,2025,2,February,2,1,0,0
C11444,2025,10,October,3,2,0,1
C11445,2024,7,July,1,1,1,0
C11445,2024,9,September,2,2,0,1
C11445,2025,1,January,3,2,0,1
C11445,2025,4,April,4,3,0,1
C11445,2025,5,May,5,4,0,1
C11445,2025,12,December,6,4,0,1
C11446,2025,6,June,1,0,1,0
C11447,2024,12,December,1,2,0,1
C11447,2025,12,December,3,2,0,1
C11448,2024,10,October,1,1,1,0
C11448,2024,12,December,2,2,0,1
C11448,2025,1,January,3,3,0,1
C11448,2025,5,May,4,3,0,1
C11448,2025,10,October,5,5,0,1
C11448,2025,11,November,7,6,0,1
C11450,2025,2,February,1,0,1,0
C11450,2025,4,April,2,1,0,0
C11450,2025,6,June,3,1,0,0
C11450,2025,8,August,4,2,0,1
C11450,2025,10,October,5,3,0,1
C11450,2025,11,November,6,4,0,1
C11451,2025,1,January,1,2,0,1
C11452,2024,7,July,1,1,1,0
C11452,2025,7,July,2,1,0,0
C11453,2025,2,February,1,1,1,0
C11453,2025,4,April,2,2,0,1
C11454,2024,7,July,1,1,1,0
C11454,2025,4,April,2,2,0,1
C11454,2025,10,October,3,3,0,1
C11454,2025,12,December,4,4,0,1
C11455,2024,11,November,1,1,1,0
C11455,2024,12,December,2,1,0,0
C11455,2025,4,April,3,2,0,1
C11455,2025,10,October,4,3,0,1
C11457,2025,1,January,1,1,1,0
C11457,2025,6,June,2,2,0,1
C11457,2025,10,October,3,3,0,1
C11458,2025,4,April,1,2,0,1
C11458,2025,8,August,3,3,0,1
C11458,2025,11,November,4,5,0,1
C11459,2024,11,November,1,1,1,0
C11459,2025,1,January,2,2,0,1
C11459,2025,2,February,3,3,0,1
C11459,2025,5,May,4,3,0,1
C11459,2025,8,August,5,4,0,1
C11460,2025,2,February,1,1,1,0
C11460,2025,11,November,2,2,0,1
C11460,2025,12,December,3,2,0,1
C11461,2024,7,July,1,1,1,0
C11461,2024,10,October,2,2,0,1
C11461,2025,9,September,3,3,0,1
C11461,2025,10,October,4,4,0,1
C11462,2024,7,July,1,1,1,0
C11462,2025,5,May,2,2,0,1
C11463,2024,11,November,1,2,0,1
C11463,2025,1,January,3,3,0,1
C11463,2025,2,February,4,4,0,1
C11463,2025,3,March,6,5,0,1
C11465,2025,5,May,1,1,1,0
C11465,2025,6,June,2,2,0,1
C11465,2025,8,August,4,3,0,1
C11466,2024,7,July,1,0,1,0
C11466,2024,12,December,2,1,0,0
C11466,2025,4,April,3,2,0,1
C11466,2025,11,November,4,3,0,1
C11467,2024,7,July,1,1,1,0
C11467,2024,10,October,2,2,0,1
C11468,2025,1,January,1,1,1,0
C11468,2025,7,July,2,2,0,1
C11468,2025,8,August,3,2,0,1
C11468,2025,11,November,4,3,0,1
C11468,2025,12,December,5,4,0,1
C11469,2024,7,July,1,1,1,0
C11469,2025,3,March,2,2,0,1
C11469,2025,4,April,3,3,0,1
C11470,2024,7,July,1,1,1,0
C11470,2024,8,August,3,2,0,1
C11470,2024,10,October,4,4,0,1
C11470,2024,12,December,6,5,0,1
C11470,2025,2,February,7,7,0,1
C11470,2025,5,May,9,8,0,1
C11470,2025,6,June,10,10,0,1
C11471,2025,3,March,1,1,1,0
C11471,2025,11,November,2,2,0,1
C11472,2024,12,December,1,1,1,0
C11472,2025,4,April,2,2,0,1
C11473,2024,8,August,1,1,1,0
C11473,2025,5,May,2,2,0,1
C11473,2025,11,November,3,3,0,1
C11474,2024,7,July,1,1,1,0
C11474,2024,10,October,2,1,0,0
C11474,2024,12,December,3,2,0,1
C11474,2025,3,March,4,3,0,1
C11474,2025,7,July,5,4,0,1
C11474,2025,8,August,6,5,0,1
C11475,2024,9,September,1,1,1,0
C11475,2025,10,October,2,2,0,1
C11475,2025,11,November,3,3,0,1
C11475,2025,12,December,4,4,0,1
C11476,2024,12,December,1,0,1,0
C11476,2025,3,March,2,1,0,0
C11476,2025,6,June,3,1,0,0
C11477,2025,10,October,1,1,1,0
C11478,2025,8,August,1,1,1,0
C11479,2024,8,August,1,0,1,0
C11479,2024,10,October,2,2,0,1
C11479,2025,4,April,4,3,0,1
C11479,2025,10,October,5,4,0,1
C11480,2025,12,December,1,1,1,0
C11481,2024,7,July,1,1,1,0
C11481,2024,9,September,2,2,0,1
C11481,2024,12,December,3,2,0,1
C11481,2025,7,July,4,2,0,1
C11481,2025,9,September,5,4,0,1
C11481,2025,10,October,7,6,0,1
C11481,2025,11,November,10,7,0,1
C11481,2025,12,December,11,8,0,1
C11482,2024,10,October,1,1,1,0
C11482,2025,4,April,2,2,0,1
C11482,2025,11,November,3,3,0,1
C11483,2025,2,February,1,1,1,0
C11483,2025,6,June,2,1,0,0
C11484,2024,10,October,1,1,1,0
C11484,2025,2,February,2,2,0,1
C11485,2024,9,September,1,1,1,0
C11485,2024,10,October,2,2,0,1
C11485,2025,1,January,3,3,0,1
C11485,2025,6,June,4,4,0,1
C11486,2024,10,October,1,1,1,0
C11486,2024,12,December,2,2,0,1
C11487,2024,8,August,1,1,1,0
C11487,2024,9,September,2,3,0,1
C11487,2024,10,October,4,4,0,1
C11487,2025,3,March,5,5,0,1
C11487,2025,11,November,6,6,0,1
C11488,2024,7,July,1,1,1,0
C11488,2024,10,October,2,2,0,1
C11488,2025,2,February,3,3,0,1
C11488,2025,6,June,4,5,0,1
C11488,2025,10,October,6,5,0,1
C11488,2025,11,November,7,6,0,1
C11489,2025,2,February,1,1,1,0
C11489,2025,7,July,2,1,0,0
C11489,2025,11,November,3,2,0,1
C11490,2024,11,November,1,0,1,0
C11490,2025,6,June,2,1,0,0
C11490,2025,7,July,3,2,0,1
C11491,2024,11,November,1,1,1,0
C11491,2025,1,January,2,2,0,1
C11491,2025,2,February,4,2,0,1
C11492,2024,9,September,1,1,1,0
C11492,2025,10,October,2,1,0,0
C11493,2024,9,September,1,1,1,0
C11493,2025,2,February,2,1,0,0
C11493,2025,4,April,3,2,0,1
C11493,2025,5,May,4,3,0,1
C11493,2025,6,June,5,4,0,1
C11493,2025,7,July,6,5,0,1
C11493,2025,10,October,7,5,0,1
C11493,2025,11,November,8,6,0,1
C11494,2024,8,August,1,1,1,0
C11494,2025,6,June,2,2,0,1
C11495,2025,5,May,1,1,1,0
C11495,2025,6,June,2,3,0,1
C11496,2024,11,November,1,1,1,0
C11496,2024,12,December,2,2,0,1
C11496,2025,4,April,3,3,0,1
C11497,2024,10,October,1,1,1,0
C11497,2024,11,November,2,2,0,1
C11497,2024,12,December,3,3,0,1
C11497,2025,1,January,4,4,0,1
C11497,2025,9,September,5,5,0,1
C11498,2024,7,July,1,0,1,0
C11498,2025,1,January,2,1,0,0
C11498,2025,6,June,3,2,0,1
C11498,2025,7,July,4,3,0,1
C11498,2025,9,September,5,4,0,1
C11499,2024,12,December,1,1,1,0
C11499,2025,1,January,2,2,0,1
C11499,2025,2,February,3,3,0,1
C11499,2025,12,December,4,4,0,1
C11500,2024,7,July,1,0,1,0
C11500,2024,8,August,3,1,0,0
C11500,2024,9,September,4,2,0,1
C11500,2025,4,April,5,3,0,1
C11500,2025,9,September,6,4,0,1
C11501,2024,7,July,1,2,0,1
C11501,2024,9,September,3,3,0,1
C11501,2024,11,November,4,4,0,1
C11501,2024,12,December,5,6,0,1
C11501,2025,2,February,7,6,0,1
C11501,2025,3,March,8,7,0,1
C11501,2025,6,June,9,9,0,1
C11501,2025,9,September,11,10,0,1
C11501,2025,11,November,12,11,0,1
C11501,2025,12,December,13,12,0,1
C11502,2025,9,September,1,1,1,0
C11502,2025,11,November,2,2,0,1
C11503,2024,8,August,1,1,1,0
C11503,2025,2,February,2,2,0,1
C11503,2025,3,March,3,2,0,1
C11503,2025,5,May,5,2,0,1
C11503,2025,6,June,6,3,0,1
C11504,2024,9,September,1,0,1,0
C11504,2025,1,January,2,0,0,0
C11504,2025,4,April,3,0,0,0
C11505,2024,9,September,1,1,1,0
C11505,2025,4,April,2,2,0,1
C11505,2025,7,July,3,3,0,1
C11506,2024,11,November,1,0,1,0
C11506,2025,1,January,2,1,0,0
C11507,2025,11,November,1,1,1,0
C11508,2024,11,November,1,1,1,0
C11508,2025,3,March,2,2,0,1
C11508,2025,6,June,3,3,0,1
C11509,2024,7,July,1,1,1,0
C11509,2025,1,January,2,2,0,1
C11509,2025,6,June,3,3,0,1
C11509,2025,11,November,4,4,0,1
C11510,2024,7,July,1,1,1,0
C11510,2024,8,August,2,2,0,1
C11510,2024,11,November,3,3,0,1
C11510,2025,6,June,4,3,0,1
C11510,2025,8,August,5,3,0,1
C11510,2025,10,October,6,4,0,1
C11510,2025,12,December,7,5,0,1
C11511,2025,8,August,1,1,1,0
C11512,2024,11,November,1,1,1,0
C11512,2025,11,November,2,2,0,1
C11513,2024,8,August,1,1,1,0
C11513,2025,12,December,2,2,0,1
C11514,2025,5,May,1,1,1,0
C11515,2024,8,August,1,1,1,0
C11515,2024,9,September,2,3,0,1
C11515,2024,10,October,4,4,0,1
C11515,2024,11,November,5,5,0,1
C11515,2025,1,January,6,6,0,1
C11515,2025,7,July,7,7,0,1
C11515,2025,9,September,8,9,0,1
C11515,2025,11,November,10,10,0,1
C11516,2025,6,June,1,2,0,1
C11516,2025,10,October,3,3,0,1
C11517,2024,10,October,1,2,0,1
C11517,2025,3,March,3,3,0,1
C11517,2025,7,July,4,5,0,1
C11517,2025,8,August,6,7,0,1
C11518,2024,10,October,1,1,1,0
C11518,2025,3,March,2,2,0,1
C11518,2025,5,May,3,3,0,1
C11518,2025,12,December,4,4,0,1
C11519,2025,9,September,1,1,1,0
C11519,2025,10,October,2,1,0,0
C11520,2025,4,April,1,1,1,0
C11520,2025,5,May,3,2,0,1
C11520,2025,8,August,4,3,0,1
C11520,2025,11,November,5,4,0,1
C11521,2024,8,August,1,1,1,0
C11521,2024,9,September,2,2,0,1
C11521,2024,11,November,3,4,0,1
C11521,2025,2,February,6,5,0,1
C11521,2025,6,June,7,6,0,1
C11521,2025,10,October,8,7,0,1
C11522,2024,11,November,1,1,1,0
C11522,2025,3,March,2,3,0,1
C11523,2024,10,October,1,1,1,0
C11523,2025,7,July,2,2,0,1
C11523,2025,11,November,4,3,0,1
C11524,2024,10,October,1,1,1,0
C11524,2024,11,November,2,2,0,1
C11524,2025,2,February,3,3,0,1
C11524,2025,10,October,4,3,0,1
C11525,2025,1,January,1,1,1,0
C11525,2025,5,May,2,2,0,1
C11525,2025,7,July,3,3,0,1
C11526,2024,7,July,1,0,1,0
C11526,2024,8,August,2,1,0,0
C11526,2024,9,September,3,2,0,1
C11526,2024,12,December,4,3,0,1
C11526,2025,2,February,5,4,0,1
C11526,2025,4,April,6,5,0,1
C11526,2025,7,July,7,7,0,1
C11526,2025,8,August,9,8,0,1
C11526,2025,12,December,10,9,0,1
C11527,2024,7,July,1,1,1,0
C11527,2025,5,May,2,2,0,1
C11527,2025,12,December,3,5,0,1
C11528,2024,8,August,1,1,1,0
C11529,2024,10,October,1,0,1,0
C11529,2024,11,November,2,1,0,0
C11529,2025,5,May,3,1,0,0
C11529,2025,6,June,4,1,0,0
C11529,2025,11,November,5,1,0,0
C11530,2024,8,August,1,1,1,0
C11530,2024,12,December,2,2,0,1
C11530,2025,9,September,3,3,0,1
C11530,2025,12,December,4,4,0,1
C11531,2024,7,July,1,2,0,1
C11531,2025,10,October,3,3,0,1
C11532,2024,12,December,1,0,1,0
C11532,2025,12,December,2,1,0,0
C11533,2024,7,July,1,1,1,0
C11533,2025,1,January,2,1,0,0
C11533,2025,3,March,3,1,0,0
C11533,2025,5,May,4,2,0,1
C11535,2024,10,October,1,1,1,0
C11535,2025,2,February,2,2,0,1
C11535,2025,5,May,3,3,0,1
C11535,2025,9,September,4,3,0,1
C11536,2025,10,October,1,1,1,0
C11536,2025,12,December,2,2,0,1
C11537,2024,9,September,1,2,0,1
C11537,2024,12,December,3,3,0,1
C11537,2025,2,February,4,4,0,1
C11537,2025,4,April,5,4,0,1
C11537,2025,11,November,6,5,0,1
C11538,2024,8,August,1,1,1,0
C11538,2024,9,September,2,2,0,1
C11538,2025,2,February,3,2,0,1
C11538,2025,4,April,4,3,0,1
C11538,2025,8,August,5,3,0,1
C11540,2024,8,August,1,1,1,0
C11540,2024,11,November,2,1,0,0
C11540,2025,1,January,3,1,0,0
C11540,2025,2,February,4,2,0,1
C11540,2025,8,August,5,3,0,1
C11541,2024,7,July,1,1,1,0
C11541,2025,3,March,2,1,0,0
C11541,2025,4,April,3,4,0,1
C11541,2025,11,November,6,5,0,1
C11542,2024,7,July,1,0,1,0
C11542,2024,11,November,2,0,0,0
C11542,2025,2,February,3,1,0,0
C11542,2025,8,August,4,2,0,1
C11542,2025,10,October,5,3,0,1
C11542,2025,11,November,6,4,0,1
C11543,2025,2,February,1,1,1,0
C11543,2025,4,April,2,2,0,1
C11543,2025,5,May,3,3,0,1
C11543,2025,9,September,4,3,0,1
C11543,2025,11,November,5,4,0,1
C11544,2024,12,December,1,1,1,0
C11544,2025,2,February,2,1,0,0
C11544,2025,11,November,3,2,0,1
C11545,2025,10,October,1,1,1,0
C11546,2024,9,September,1,0,1,0
C11546,2024,12,December,2,1,0,0
C11546,2025,4,April,3,1,0,0
C11546,2025,6,June,4,2,0,1
C11547,2024,9,September,1,1,1,0
C11547,2025,4,April,2,2,0,1
C11547,2025,5,May,3,3,0,1
C11548,2025,1,January,1,1,1,0
C11548,2025,8,August,2,1,0,0
C11548,2025,10,October,3,2,0,1
C11549,2024,7,July,1,1,1,0
C11549,2025,3,March,2,2,0,1
C11549,2025,8,August,3,2,0,1
C11549,2025,10,October,4,2,0,1
C11550,2024,11,November,1,1,1,0
C11550,2025,8,August,2,3,0,1
C11550,2025,10,October,4,4,0,1
C11550,2025,11,November,5,5,0,1
C11550,2025,12,December,6,6,0,1
C11551,2025,10,October,1,2,0,1
C11552,2025,1,January,1,1,1,0
C11552,2025,6,June,2,3,0,1
C11552,2025,9,September,4,4,0,1
C11552,2025,12,December,5,5,0,1
C11553,2025,2,February,1,1,1,0
C11553,2025,12,December,2,2,0,1
C11554,2025,7,July,1,1,1,0
C11555,2024,11,November,1,0,1,0
C11555,2024,12,December,2,1,0,0
C11555,2025,12,December,3,1,0,0
C11556,2024,10,October,1,2,0,1
C11556,2024,11,November,3,3,0,1
C11556,2024,12,December,4,4,0,1
C11556,2025,6,June,5,4,0,1
C11556,2025,9,September,6,5,0,1
C11556,2025,11,November,7,6,0,1
C11557,2024,8,August,1,1,1,0
C11557,2024,9,September,2,3,0,1
C11557,2024,10,October,4,4,0,1
C11557,2024,12,December,5,6,0,1
C11557,2025,2,February,7,6,0,1
C11557,2025,5,May,8,6,0,1
C11557,2025,11,November,9,7,0,1
C11558,2024,7,July,1,1,1,0
C11558,2024,11,November,2,2,0,1
C11558,2025,3,March,3,2,0,1
C11558,2025,6,June,4,3,0,1
C11558,2025,8,August,5,4,0,1
C11559,2025,8,August,1,1,1,0
C11559,2025,11,November,2,2,0,1
C11560,2024,8,August,1,1,1,0
C11560,2025,1,January,2,1,0,0
C11560,2025,8,August,3,2,0,1
C11560,2025,10,October,4,3,0,1
C11561,2024,11,November,1,1,1,0
C11561,2025,3,March,2,2,0,1
C11561,2025,9,September,3,3,0,1
C11561,2025,10,October,4,4,0,1
C11562,2025,4,April,1,0,1,0
C11562,2025,7,July,2,1,0,0
C11563,2025,11,November,1,1,1,0
C11564,2025,1,January,1,0,1,0
C11564,2025,5,May,2,1,0,0
C11565,2025,4,April,1,0,1,0
C11565,2025,10,October,2,1,0,0
C11566,2024,11,November,1,1,1,0
C11566,2025,7,July,2,1,0,0
C11566,2025,8,August,3,2,0,1
C11567,2025,8,August,1,1,1,0
C11567,2025,9,September,2,2,0,1
C11568,2025,3,March,1,1,1,0
C11569,2024,7,July,1,1,1,0
C11569,2024,8,August,2,2,0,1
C11569,2025,5,May,3,3,0,1
C11569,2025,6,June,4,4,0,1
C11569,2025,7,July,6,5,0,1
C11569,2025,9,September,7,6,0,1
C11569,2025,10,October,8,7,0,1
C11569,2025,12,December,9,8,0,1
C11570,2024,9,September,1,1,1,0
C11570,2024,12,December,2,1,0,0
C11570,2025,1,January,3,1,0,0
C11570,2025,7,July,4,2,0,1
C11570,2025,8,August,5,3,0,1
C11570,2025,10,October,6,4,0,1
C11571,2024,9,September,1,1,1,0
C11571,2025,1,January,2,2,0,1
C11571,2025,7,July,3,4,0,1
C11572,2024,7,July,1,1,1,0
C11572,2024,8,August,2,2,0,1
C11572,2025,8,August,3,3,0,1
C11573,2025,2,February,1,1,1,0
C11573,2025,11,November,2,2,0,1
C11574,2024,8,August,1,1,1,0
C11574,2024,10,October,2,2,0,1
C11574,2025,8,August,3,3,0,1
C11574,2025,11,November,4,4,0,1
C11575,2024,8,August,1,1,1,0
C11575,2024,10,October,2,1,0,0
C11575,2024,11,November,3,2,0,1
C11575,2025,9,September,4,3,0,1
C11576,2024,8,August,1,1,1,0
C11576,2025,3,March,2,2,0,1
C11576,2025,5,May,3,3,0,1
C11577,2024,11,November,1,1,1,0
C11577,2025,5,May,2,2,0,1
C11577,2025,7,July,3,3,0,1
C11577,2025,11,November,4,4,0,1
C11578,2024,11,November,1,1,1,0
C11579,2024,8,August,1,1,1,0
C11579,2024,10,October,2,2,0,1
C11579,2025,6,June,3,3,0,1
C11579,2025,8,August,4,5,0,1
C11579,2025,12,December,6,6,0,1
C11580,2025,4,April,1,2,0,1
C11580,2025,5,May,3,4,0,1
C11580,2025,6,June,5,6,0,1
C11580,2025,7,July,7,7,0,1
C11580,2025,11,November,9,8,0,1
C11580,2025,12,December,10,8,0,1
C11581,2024,7,July,1,1,1,0
C11581,2024,10,October,2,2,0,1
C11581,2024,12,December,3,2,0,1
C11582,2025,2,February,1,1,1,0
C11582,2025,6,June,3,2,0,1
C11582,2025,8,August,4,3,0,1
C11583,2024,8,August,1,1,1,0
C11583,2024,11,November,2,1,0,0
C11583,2025,1,January,3,2,0,1
C11583,2025,2,February,4,4,0,1
C11583,2025,6,June,7,5,0,1
C11583,2025,10,October,8,6,0,1
C11583,2025,11,November,9,7,0,1
C11584,2025,6,June,1,1,1,0
C11584,2025,7,July,2,1,0,0
C11584,2025,8,August,3,2,0,1
C11584,2025,11,November,4,3,0,1
C11585,2024,7,July,1,0,1,0
C11585,2024,8,August,2,1,0,0
C11585,2024,10,October,3,3,0,1
C11585,2024,11,November,5,4,0,1
C11585,2024,12,December,6,6,0,1
C11585,2025,2,February,8,6,0,1
C11585,2025,4,April,9,7,0,1
C11586,2025,6,June,1,1,1,0
C11587,2024,7,July,1,1,1,0
C11587,2024,8,August,2,2,0,1
C11587,2024,10,October,3,3,0,1
C11587,2024,12,December,4,5,0,1
C11587,2025,4,April,6,6,0,1
C11587,2025,9,September,7,7,0,1
C11587,2025,10,October,8,9,0,1
C11587,2025,12,December,10,10,0,1
C11588,2024,8,August,1,0,1,0
C11588,2025,8,August,2,1,0,0
C11589,2024,11,November,1,1,1,0
C11589,2025,5,May,2,1,0,0
C11589,2025,9,September,3,2,0,1
C11589,2025,10,October,4,3,0,1
C11589,2025,11,November,5,4,0,1
C11591,2024,10,October,1,1,1,0
C11591,2024,11,November,2,2,0,1
C11591,2025,1,January,3,2,0,1
C11591,2025,6,June,4,2,0,1
C11592,2024,9,September,1,1,1,0
C11592,2025,3,March,2,2,0,1
C11593,2024,10,October,1,1,1,0
C11593,2025,1,January,2,1,0,0
C11593,2025,4,April,3,2,0,1
C11593,2025,5,May,4,3,0,1
C11593,2025,10,October,5,4,0,1
C11595,2024,9,September,1,1,1,0
C11595,2024,12,December,2,2,0,1
C11595,2025,5,May,3,3,0,1
C11597,2024,7,July,1,1,1,0
C11597,2024,9,September,2,1,0,0
C11597,2025,1,January,3,1,0,0
C11597,2025,8,August,4,2,0,1
C11597,2025,11,November,5,3,0,1
C11598,2025,3,March,1,1,1,0
C11598,2025,12,December,2,1,0,0
C11599,2024,9,September,1,2,0,1
C11599,2024,10,October,3,3,0,1
C11599,2024,12,December,4,3,0,1
C11599,2025,2,February,5,3,0,1
C11599,2025,3,March,6,5,0,1
C11599,2025,4,April,8,6,0,1
C11599,2025,10,October,9,6,0,1
C11599,2025,11,November,10,7,0,1
C11599,2025,12,December,11,8,0,1
C11600,2025,3,March,1,0,1,0
C11600,2025,4,April,2,0,0,0
C11601,2024,8,August,1,1,1,0
C11601,2024,10,October,2,4,0,1
C11601,2025,1,January,5,5,0,1
C11601,2025,2,February,7,6,0,1
C11601,2025,4,April,9,7,0,1
C11601,2025,5,May,10,9,0,1
C11601,2025,6,June,12,10,0,1
C11601,2025,7,July,13,11,0,1
C11603,2025,5,May,1,1,1,0
C11603,2025,11,November,2,2,0,1
C11604,2024,7,July,1,2,0,1
C11604,2025,1,January,3,2,0,1
C11604,2025,5,May,4,3,0,1
C11605,2024,7,July,1,0,1,0
C11605,2025,5,May,2,2,0,1
C11605,2025,6,June,4,3,0,1
C11605,2025,8,August,5,4,0,1
C11605,2025,9,September,6,5,0,1
C11605,2025,10,October,7,6,0,1
C11605,2025,12,December,8,7,0,1
C11606,2024,10,October,1,1,1,0
C11606,2025,1,January,2,2,0,1
C11606,2025,5,May,3,4,0,1
C11606,2025,6,June,5,5,0,1
C11606,2025,12,December,6,7,0,1
C11607,2024,8,August,1,1,1,0
C11607,2024,11,November,2,1,0,0
C11607,2025,12,December,3,1,0,0
C11608,2025,5,May,1,1,1,0
C11608,2025,12,December,2,4,0,1
C11609,2024,8,August,1,1,1,0
C11609,2025,2,February,2,2,0,1
C11609,2025,4,April,3,3,0,1
C11609,2025,6,June,4,4,0,1
C11609,2025,12,December,5,5,0,1
C11610,2024,7,July,1,1,1,0
C11610,2024,8,August,2,1,0,0
C11610,2024,9,September,3,2,0,1
C11610,2025,4,April,4,3,0,1
C11610,2025,5,May,5,3,0,1
C11610,2025,7,July,6,5,0,1
C11610,2025,12,December,8,6,0,1
C11611,2024,7,July,1,1,1,0
C11611,2025,3,March,2,2,0,1
C11611,2025,4,April,3,3,0,1
C11612,2024,12,December,1,1,1,0
C11612,2025,7,July,2,2,0,1
C11613,2024,12,December,1,0,1,0
C11613,2025,2,February,2,1,0,0
C11614,2024,12,December,1,1,1,0
C11614,2025,4,April,2,2,0,1
C11615,2024,8,August,1,1,1,0
C11615,2024,10,October,3,2,0,1
C11615,2025,8,August,4,3,0,1
C11615,2025,9,September,5,4,0,1
C11616,2024,7,July,1,1,1,0
C11616,2024,12,December,2,2,0,1
C11616,2025,11,November,3,3,0,1
C11616,2025,12,December,4,4,0,1
C11617,2024,11,November,1,1,1,0
C11617,2024,12,December,2,1,0,0
C11617,2025,3,March,3,2,0,1
C11617,2025,4,April,4,3,0,1
C11617,2025,8,August,5,5,0,1
C11617,2025,10,October,7,6,0,1
C11618,2024,7,July,1,0,1,0
C11618,2025,1,January,2,2,0,1
C11618,2025,6,June,4,4,0,1
C11618,2025,8,August,6,5,0,1
C11618,2025,10,October,7,5,0,1
C11619,2024,9,September,1,0,1,0
C11619,2024,11,November,3,1,0,0
C11619,2025,3,March,4,2,0,1
C11619,2025,4,April,5,3,0,1
C11619,2025,6,June,6,4,0,1
C11619,2025,7,July,7,5,0,1
C11619,2025,10,October,8,6,0,1
C11620,2025,1,January,1,1,1,0
C11620,2025,5,May,2,2,0,1
C11620,2025,6,June,3,2,0,1
C11620,2025,10,October,4,3,0,1
C11621,2024,10,October,1,1,1,0
C11621,2024,11,November,2,2,0,1
C11621,2025,4,April,3,3,0,1
C11621,2025,5,May,4,4,0,1
C11621,2025,10,October,5,5,0,1
C11621,2025,11,November,6,6,0,1
C11622,2024,11,November,1,1,1,0
C11622,2024,12,December,2,2,0,1
C11622,2025,4,April,4,3,0,1
C11622,2025,6,June,5,3,0,1
C11622,2025,7,July,6,4,0,1
C11622,2025,8,August,7,5,0,1
C11623,2024,7,July,1,1,1,0
C11623,2025,2,February,3,2,0,1
C11623,2025,7,July,4,3,0,1
C11624,2024,9,September,1,1,1,0
C11624,2025,1,January,2,2,0,1
C11624,2025,2,February,3,3,0,1
C11625,2025,3,March,1,0,1,0
C11625,2025,7,July,2,1,0,0
C11625,2025,8,August,3,3,0,1
C11626,2025,10,October,1,1,1,0
C11627,2025,9,September,1,1,1,0
C11627,2025,12,December,2,2,0,1
C11629,2024,9,September,1,1,1,0
C11629,2025,3,March,2,3,0,1
C11629,2025,6,June,4,4,0,1
C11629,2025,9,September,5,5,0,1
C11630,2024,7,July,1,1,1,0
C11630,2025,8,August,2,3,0,1
C11630,2025,11,November,4,4,0,1
C11631,2024,7,July,1,1,1,0
C11631,2025,8,August,2,2,0,1
C11631,2025,10,October,3,3,0,1
C11632,2024,12,December,1,1,1,0
C11632,2025,2,February,2,1,0,0
C11632,2025,5,May,3,2,0,1
C11633,2024,9,September,1,1,1,0
C11633,2025,3,March,2,2,0,1
C11633,2025,10,October,3,3,0,1
C11634,2024,9,September,1,0,1,0
C11634,2025,1,January,2,1,0,0
C11634,2025,8,August,3,1,0,0
C11635,2024,8,August,1,1,1,0
C11635,2025,1,January,2,2,0,1
C11635,2025,7,July,3,4,0,1
C11635,2025,9,September,5,5,0,1
C11636,2024,8,August,1,0,1,0
C11636,2024,10,October,2,1,0,0
C11636,2025,7,July,3,2,0,1
C11636,2025,8,August,4,3,0,1
C11637,2024,8,August,1,1,1,0
C11637,2024,11,November,2,2,0,1
C11637,2025,5,May,3,3,0,1
C11637,2025,6,June,4,4,0,1
C11637,2025,8,August,5,5,0,1
C11637,2025,12,December,6,6,0,1
C11638,2024,7,July,1,1,1,0
C11638,2025,6,June,2,2,0,1
C11638,2025,8,August,3,3,0,1
C11639,2024,8,August,1,2,0,1
C11639,2024,9,September,3,3,0,1
C11639,2024,12,December,4,3,0,1
C11639,2025,1,January,5,4,0,1
C11639,2025,2,February,6,4,0,1
C11639,2025,7,July,7,6,0,1
C11639,2025,8,August,9,6,0,1
C11639,2025,10,October,10,7,0,1
C11639,2025,11,November,12,8,0,1
C11640,2024,7,July,1,1,1,0
C11640,2024,10,October,2,2,0,1
C11640,2025,3,March,3,3,0,1
C11640,2025,7,July,4,3,0,1
C11640,2025,8,August,5,4,0,1
C11640,2025,12,December,6,5,0,1
C11641,2024,7,July,1,1,1,0
C11641,2024,8,August,2,2,0,1
C11641,2024,12,December,3,3,0,1
C11641,2025,3,March,5,4,0,1
C11641,2025,4,April,6,5,0,1
C11641,2025,5,May,7,8,0,1
C11641,2025,11,November,10,9,0,1
C11641,2025,12,December,11,10,0,1
C11642,2024,7,July,1,1,1,0
C11642,2024,9,September,2,2,0,1
C11642,2024,11,November,3,5,0,1
C11642,2025,1,January,6,6,0,1
C11642,2025,4,April,7,7,0,1
C11642,2025,6,June,8,8,0,1
C11642,2025,7,July,9,9,0,1
C11642,2025,8,August,10,10,0,1
C11643,2025,1,January,1,1,1,0
C11643,2025,5,May,2,2,0,1
C11643,2025,12,December,3,2,0,1
C11644,2024,12,December,1,1,1,0
C11644,2025,3,March,2,2,0,1
C11644,2025,6,June,3,3,0,1
C11644,2025,10,October,4,4,0,1
C11645,2024,9,September,1,1,1,0
C11645,2025,3,March,2,2,0,1
C11645,2025,4,April,3,3,0,1
C11645,2025,9,September,4,3,0,1
C11645,2025,11,November,5,4,0,1
C11646,2024,10,October,1,1,1,0
C11646,2024,12,December,2,2,0,1
C11647,2025,7,July,1,1,1,0
C11647,2025,11,November,2,2,0,1
C11648,2025,5,May,1,1,1,0
C11649,2025,1,January,1,1,1,0
C11649,2025,3,March,2,2,0,1
C11649,2025,8,August,3,3,0,1
C11650,2025,3,March,1,1,1,0
C11651,2024,8,August,1,1,1,0
C11652,2024,11,November,1,0,1,0
C11652,2024,12,December,2,0,0,0
C11652,2025,8,August,3,0,0,0
C11652,2025,10,October,4,1,0,0
C11653,2024,8,August,1,0,1,0
C11653,2024,9,September,2,0,0,0
C11653,2024,11,November,3,1,0,0
C11653,2025,4,April,4,2,0,1
C11653,2025,10,October,5,3,0,1
C11653,2025,12,December,6,4,0,1
C11654,2024,12,December,1,0,1,0
C11654,2025,2,February,2,1,0,0
C11654,2025,4,April,3,2,0,1
C11654,2025,6,June,4,4,0,1
C11654,2025,10,October,6,5,0,1
C11654,2025,11,November,7,6,0,1
C11655,2025,6,June,1,2,0,1
C11655,2025,7,July,3,3,0,1
C11656,2024,9,September,1,1,1,0
C11656,2024,10,October,2,1,0,0
C11656,2024,11,November,3,2,0,1
C11656,2024,12,December,4,3,0,1
C11656,2025,3,March,5,4,0,1
C11656,2025,4,April,6,5,0,1
C11658,2025,1,January,1,1,1,0
C11659,2024,9,September,1,0,1,0
C11659,2024,11,November,2,0,0,0
C11659,2024,12,December,4,0,0,0
C11660,2024,8,August,1,0,1,0
C11660,2025,3,March,2,1,0,0
C11660,2025,12,December,3,2,0,1
C11661,2025,5,May,1,0,1,0
C11662,2025,3,March,1,1,1,0
C11662,2025,6,June,3,2,0,1
C11663,2024,8,August,1,2,0,1
C11663,2024,12,December,3,3,0,1
C11663,2025,9,September,4,4,0,1
C11663,2025,10,October,5,5,0,1
C11664,2024,10,October,1,0,1,0
C11664,2025,5,May,2,1,0,0
C11664,2025,8,August,3,2,0,1
C11664,2025,10,October,4,3,0,1
C11666,2024,8,August,1,1,1,0
C11666,2025,12,December,2,2,0,1
C11667,2025,9,September,1,1,1,0
C11668,2024,7,July,1,1,1,0
C11668,2024,9,September,2,1,0,0
C11668,2025,10,October,3,2,0,1
C11669,2025,2,February,1,1,1,0
C11669,2025,4,April,2,3,0,1
C11669,2025,5,May,4,4,0,1
C11669,2025,8,August,5,4,0,1
C11669,2025,10,October,6,5,0,1
C11669,2025,12,December,7,5,0,1
C11670,2025,1,January,1,0,1,0
C11671,2024,9,September,1,1,1,0
C11672,2024,12,December,1,1,1,0
C11672,2025,3,March,2,2,0,1
C11672,2025,5,May,3,3,0,1
C11672,2025,9,September,4,4,0,1
C11673,2024,9,September,1,2,0,1
C11673,2025,8,August,3,3,0,1
C11674,2024,8,August,1,1,1,0
C11674,2024,9,September,2,2,0,1
C11674,2024,11,November,3,3,0,1
C11674,2024,12,December,4,4,0,1
C11674,2025,1,January,5,6,0,1
C11674,2025,2,February,7,7,0,1
C11674,2025,6,June,8,8,0,1
C11674,2025,8,August,9,8,0,1
C11674,2025,9,September,10,9,0,1
C11674,2025,10,October,11,10,0,1
C11674,2025,12,December,12,11,0,1
C11675,2024,10,October,1,2,0,1
C11675,2024,12,December,3,3,0,1
C11675,2025,3,March,4,4,0,1
C11675,2025,7,July,5,5,0,1
C11676,2024,10,October,1,1,1,0
C11676,2025,6,June,2,2,0,1
C11676,2025,7,July,3,3,0,1
C11677,2024,7,July,1,1,1,0
C11677,2025,2,February,3,2,0,1
C11677,2025,11,November,4,3,0,1
C11677,2025,12,December,5,4,0,1
C11678,2024,9,September,1,1,1,0
C11678,2025,5,May,2,2,0,1
C11679,2024,10,October,1,1,1,0
C11679,2025,4,April,2,2,0,1
C11679,2025,8,August,3,3,0,1
C11680,2024,7,July,1,1,1,0
C11680,2024,9,September,3,2,0,1
C11681,2024,7,July,1,0,1,0
C11681,2024,12,December,2,0,0,0
C11681,2025,5,May,3,0,0,0
C11681,2025,10,October,4,1,0,0
C11682,2024,10,October,1,1,1,0
C11683,2025,7,July,1,1,1,0
C11684,2024,9,September,1,1,1,0
C11684,2025,4,April,2,2,0,1
C11684,2025,6,June,3,3,0,1
C11684,2025,8,August,4,4,0,1
C11685,2024,10,October,1,1,1,0
C11685,2025,1,January,2,2,0,1
C11685,2025,3,March,3,2,0,1
C11685,2025,4,April,4,3,0,1
C11686,2024,10,October,1,0,1,0
C11686,2024,11,November,2,1,0,0
C11686,2025,5,May,3,1,0,0
C11686,2025,10,October,4,2,0,1
C11687,2024,7,July,1,1,1,0
C11687,2024,11,November,2,2,0,1
C11687,2025,7,July,3,4,0,1
C11688,2024,9,September,1,1,1,0
C11688,2025,1,January,2,3,0,1
C11688,2025,4,April,5,4,0,1
C11689,2024,12,December,1,1,1,0
C11689,2025,8,August,2,2,0,1
C11689,2025,10,October,3,3,0,1
C11689,2025,12,December,4,4,0,1
C11690,2025,2,February,1,1,1,0
C11690,2025,3,March,2,2,0,1
C11690,2025,9,September,3,3,0,1
C11690,2025,10,October,4,4,0,1
C11691,2025,5,May,1,1,1,0
C11691,2025,10,October,2,1,0,0
C11691,2025,12,December,3,2,0,1
C11692,2024,11,November,1,1,1,0
C11693,2025,10,October,1,1,1,0
C11694,2024,7,July,1,1,1,0
C11694,2024,11,November,2,2,0,1
C11694,2025,5,May,3,2,0,1
C11694,2025,8,August,4,2,0,1
C11694,2025,12,December,5,2,0,1
C11695,2025,12,December,1,1,1,0
C11696,2024,10,October,1,1,1,0
C11696,2025,8,August,2,2,0,1
C11697,2025,2,February,1,1,1,0
C11697,2025,5,May,2,1,0,0
C11697,2025,9,September,3,2,0,1
C11698,2024,11,November,1,1,1,0
C11698,2024,12,December,2,2,0,1
C11698,2025,1,January,3,4,0,1
C11698,2025,2,February,5,5,0,1
C11698,2025,9,September,6,6,0,1
C11698,2025,10,October,7,7,0,1
C11698,2025,12,December,8,8,0,1
C11699,2025,8,August,1,1,1,0
C11700,2025,4,April,1,1,1,0
C11700,2025,9,September,2,2,0,1
C11701,2024,7,July,1,1,1,0
C11701,2025,1,January,3,2,0,1
C11701,2025,4,April,4,3,0,1
C11701,2025,5,May,5,3,0,1
C11702,2024,8,August,1,2,0,1
C11702,2024,10,October,3,3,0,1
C11702,2025,2,February,4,4,0,1
C11702,2025,4,April,5,5,0,1
C11702,2025,10,October,6,5,0,1
C11702,2025,11,November,7,6,0,1
C11703,2024,9,September,1,1,1,0
C11703,2024,10,October,2,2,0,1
C11703,2025,8,August,3,3,0,1
C11704,2024,9,September,1,1,1,0
C11704,2025,9,September,2,2,0,1
C11705,2024,11,November,1,0,1,0
C11705,2025,6,June,2,2,0,1
C11705,2025,7,July,4,3,0,1
C11706,2024,7,July,1,1,1,0
C11706,2025,4,April,2,2,0,1
C11707,2024,11,November,1,1,1,0
C11707,2025,2,February,2,2,0,1
C11707,2025,12,December,3,2,0,1
C11708,2024,8,August,1,1,1,0
C11709,2024,8,August,1,1,1,0
C11709,2025,2,February,2,1,0,0
C11709,2025,5,May,3,1,0,0
C11710,2024,10,October,1,1,1,0
C11710,2025,8,August,2,2,0,1
C11711,2025,6,June,1,1,1,0
C11712,2024,9,September,1,1,1,0
C11712,2025,2,February,2,2,0,1
C11712,2025,4,April,3,2,0,1
C11712,2025,9,September,4,3,0,1
C11713,2024,7,July,1,1,1,0
C11713,2025,4,April,2,2,0,1
C11713,2025,5,May,3,3,0,1
C11713,2025,12,December,4,4,0,1
C11715,2025,8,August,1,0,1,0
C11716,2024,7,July,1,1,1,0
C11716,2025,5,May,2,3,0,1
C11717,2024,8,August,1,2,0,1
C11717,2024,9,September,3,2,0,1
C11717,2024,12,December,4,3,0,1
C11717,2025,1,January,5,4,0,1
C11717,2025,11,November,6,5,0,1
C11718,2024,10,October,1,1,1,0
C11718,2025,1,January,2,2,0,1
C11719,2025,1,January,1,1,1,0
C11719,2025,4,April,2,2,0,1
C11719,2025,5,May,3,3,0,1
C11719,2025,6,June,4,4,0,1
C11720,2024,7,July,1,0,1,0
C11720,2024,11,November,2,0,0,0
C11720,2025,3,March,4,1,0,0
C11720,2025,8,August,5,2,0,1
C11721,2025,8,August,1,1,1,0
C11721,2025,11,November,2,2,0,1
C11722,2024,8,August,1,2,0,1
C11722,2025,2,February,3,3,0,1
C11722,2025,5,May,4,4,0,1
C11722,2025,10,October,5,4,0,1
C11722,2025,11,November,6,5,0,1
C11723,2024,11,November,1,1,1,0
C11723,2024,12,December,2,1,0,0
C11723,2025,1,January,3,2,0,1
C11723,2025,3,March,4,3,0,1
C11723,2025,4,April,5,4,0,1
C11723,2025,11,November,6,5,0,1
C11723,2025,12,December,7,6,0,1
C11724,2025,11,November,1,0,1,0
C11725,2024,11,November,1,1,1,0
C11725,2025,2,February,2,2,0,1
C11725,2025,12,December,3,3,0,1
C11726,2024,11,November,1,1,1,0
C11726,2025,9,September,2,2,0,1
C11726,2025,10,October,3,3,0,1
C11726,2025,11,November,4,3,0,1
C11727,2024,8,August,1,1,1,0
C11727,2024,10,October,2,2,0,1
C11727,2025,4,April,3,3,0,1
C11727,2025,11,November,4,4,0,1
C11727,2025,12,December,5,4,0,1
C11728,2025,7,July,1,1,1,0
C11728,2025,8,August,2,2,0,1
C11729,2025,4,April,1,1,1,0
C11729,2025,11,November,2,1,0,0
C11730,2025,1,January,1,1,1,0
C11730,2025,2,February,2,1,0,0
C11730,2025,7,July,3,2,0,1
C11730,2025,11,November,4,3,0,1
C11731,2024,8,August,1,2,0,1
C11731,2024,9,September,3,2,0,1
C11731,2024,10,October,4,3,0,1
C11731,2024,12,December,5,3,0,1
C11731,2025,3,March,6,4,0,1
C11731,2025,6,June,7,4,0,1
C11731,2025,8,August,8,5,0,1
C11731,2025,10,October,9,6,0,1
C11731,2025,11,November,10,6,0,1
C11732,2025,9,September,1,1,1,0
C11733,2024,8,August,1,1,1,0
C11733,2024,9,September,2,2,0,1
C11733,2025,3,March,3,3,0,1
C11733,2025,9,September,4,4,0,1
C11734,2024,7,July,1,1,1,0
C11734,2024,9,September,2,1,0,0
C11734,2024,11,November,3,3,0,1
C11734,2025,8,August,5,4,0,1
C11735,2024,7,July,1,0,1,0
C11735,2025,4,April,2,1,0,0
C11735,2025,8,August,3,2,0,1
C11735,2025,10,October,4,3,0,1
C11736,2024,7,July,1,1,1,0
C11736,2025,4,April,2,1,0,0
C11736,2025,7,July,3,2,0,1
C11737,2025,1,January,1,1,1,0
C11737,2025,10,October,2,2,0,1
C11738,2024,9,September,1,1,1,0
C11738,2025,12,December,2,2,0,1
C11739,2024,7,July,1,1,1,0
C11739,2024,8,August,2,2,0,1
C11739,2024,11,November,3,4,0,1
C11739,2025,2,February,5,4,0,1
C11739,2025,3,March,6,4,0,1
C11739,2025,7,July,7,5,0,1
C11739,2025,9,September,8,6,0,1
C11739,2025,10,October,10,7,0,1
C11740,2024,7,July,1,1,1,0
C11740,2024,9,September,2,2,0,1
C11740,2024,12,December,3,3,0,1
C11741,2024,10,October,1,1,1,0
C11741,2024,12,December,2,1,0,0
C11741,2025,6,June,3,2,0,1
C11742,2024,10,October,1,1,1,0
C11742,2024,12,December,2,3,0,1
C11742,2025,5,May,4,4,0,1
C11742,2025,11,November,5,5,0,1
C11742,2025,12,December,6,6,0,1
C11743,2025,2,February,1,1,1,0
C11743,2025,6,June,2,2,0,1
C11744,2024,12,December,1,2,0,1
C11744,2025,12,December,3,3,0,1
C11745,2024,12,December,1,1,1,0
C11745,2025,2,February,2,2,0,1
C11746,2024,7,July,1,1,1,0
C11746,2024,11,November,2,2,0,1
C11746,2024,12,December,3,3,0,1
C11746,2025,9,September,4,4,0,1
C11747,2024,7,July,1,1,1,0
C11747,2024,8,August,2,2,0,1
C11747,2024,10,October,3,3,0,1
C11747,2025,10,October,4,4,0,1
C11748,2024,8,August,1,1,1,0
C11748,2025,1,January,2,2,0,1
C11748,2025,4,April,3,2,0,1
C11748,2025,5,May,4,3,0,1
C11748,2025,10,October,5,4,0,1
C11749,2024,10,October,1,1,1,0
C11749,2024,11,November,2,2,0,1
C11749,2025,9,September,3,2,0,1
C11749,2025,11,November,4,3,0,1
C11750,2024,11,November,1,1,1,0
C11750,2025,2,February,2,2,0,1
C11750,2025,3,March,4,3,0,1
C11750,2025,6,June,5,4,0,1
C11750,2025,7,July,6,5,0,1
C11751,2025,6,June,1,1,1,0
C11751,2025,7,July,2,2,0,1
C11751,2025,10,October,3,3,0,1
C11751,2025,12,December,4,4,0,1
C11752,2024,11,November,1,1,1,0
C11752,2025,6,June,2,2,0,1
C11752,2025,8,August,3,2,0,1
C11752,2025,12,December,4,3,0,1
C11753,2025,10,October,1,1,1,0
C11754,2024,7,July,1,1,1,0
C11754,2025,4,April,2,2,0,1
C11754,2025,6,June,3,3,0,1
C11754,2025,7,July,4,5,0,1
C11754,2025,11,November,6,5,0,1
C11754,2025,12,December,7,6,0,1
C11755,2024,8,August,1,1,1,0
C11755,2025,8,August,2,2,0,1
C11756,2025,3,March,1,2,0,1
C11757,2025,2,February,1,1,1,0
C11757,2025,11,November,2,2,0,1
C11757,2025,12,December,3,2,0,1
C11758,2024,11,November,1,1,1,0
C11758,2025,5,May,2,3,0,1
C11758,2025,8,August,4,4,0,1
C11759,2025,6,June,1,1,1,0
C11759,2025,12,December,2,2,0,1
C11760,2025,3,March,1,0,1,0
C11760,2025,9,September,2,1,0,0
C11761,2024,9,September,1,2,0,1
C11761,2024,10,October,3,3,0,1
C11761,2025,12,December,4,4,0,1
C11762,2024,12,December,1,0,1,0
C11762,2025,8,August,2,1,0,0
C11762,2025,12,December,3,2,0,1
C11763,2024,12,December,1,1,1,0
C11763,2025,9,September,2,1,0,0
C11764,2024,7,July,1,1,1,0
C11764,2025,8,August,2,2,0,1
C11765,2024,7,July,1,1,1,0
C11765,2024,9,September,2,2,0,1
C11765,2025,2,February,4,3,0,1
C11765,2025,3,March,5,5,0,1
C11765,2025,4,April,7,5,0,1
C11765,2025,9,September,8,5,0,1
C11765,2025,11,November,9,6,0,1
C11765,2025,12,December,10,8,0,1
C11766,2025,4,April,1,1,1,0
C11767,2024,11,November,1,1,1,0
C11767,2025,2,February,2,2,0,1
C11767,2025,10,October,3,3,0,1
C11767,2025,12,December,4,4,0,1
C11769,2024,7,July,1,1,1,0
C11769,2024,8,August,2,2,0,1
C11769,2024,9,September,3,3,0,1
C11769,2024,10,October,5,4,0,1
C11769,2025,4,April,6,6,0,1
C11769,2025,5,May,8,7,0,1
C11769,2025,6,June,9,8,0,1
C11769,2025,9,September,10,10,0,1
C11769,2025,11,November,12,11,0,1
C11769,2025,12,December,13,12,0,1
C11770,2024,9,September,1,1,1,0
C11770,2025,1,January,2,2,0,1
C11770,2025,8,August,3,3,0,1
C11771,2024,7,July,1,0,1,0
C11771,2024,8,August,2,1,0,0
C11771,2024,9,September,3,2,0,1
C11771,2024,10,October,4,3,0,1
C11771,2024,11,November,5,3,0,1
C11771,2025,3,March,6,3,0,1
C11771,2025,7,July,7,3,0,1
C11771,2025,8,August,8,4,0,1
C11771,2025,9,September,9,4,0,1
C11771,2025,10,October,10,6,0,1
C11771,2025,11,November,12,7,0,1
C11772,2024,10,October,1,1,1,0
C11772,2024,11,November,2,2,0,1
C11772,2025,1,January,3,3,0,1
C11772,2025,3,March,4,5,0,1
C11772,2025,4,April,6,6,0,1
C11772,2025,7,July,7,6,0,1
C11772,2025,9,September,8,7,0,1
C11772,2025,10,October,10,7,0,1
C11772,2025,11,November,11,8,0,1
C11772,2025,12,December,12,9,0,1
C11773,2024,7,July,1,0,1,0
C11773,2024,9,September,2,1,0,0
C11773,2024,12,December,3,2,0,1
C11774,2024,11,November,1,1,1,0
C11775,2025,3,March,1,1,1,0
C11776,2024,7,July,1,1,1,0
C11777,2024,7,July,1,1,1,0
C11777,2024,9,September,2,2,0,1
C11777,2024,11,November,3,2,0,1
C11777,2024,12,December,4,3,0,1
C11777,2025,4,April,5,4,0,1
C11777,2025,6,June,6,5,0,1
C11778,2024,8,August,1,1,1,0
C11778,2024,10,October,2,2,0,1
C11778,2025,1,January,3,3,0,1
C11778,2025,2,February,4,4,0,1
C11778,2025,3,March,5,5,0,1
C11778,2025,5,May,6,5,0,1
C11778,2025,8,August,7,6,0,1
C11778,2025,9,September,8,7,0,1
C11779,2024,7,July,1,1,1,0
C11779,2025,3,March,2,3,0,1
C11779,2025,4,April,4,4,0,1
C11780,2025,2,February,1,1,1,0
C11780,2025,4,April,2,2,0,1
C11780,2025,6,June,3,3,0,1
C11780,2025,9,September,4,4,0,1
C11780,2025,10,October,5,5,0,1
C11781,2024,10,October,1,1,1,0
C11781,2025,5,May,2,2,0,1
C11781,2025,11,November,4,3,0,1
C11782,2024,7,July,1,1,1,0
C11782,2024,8,August,2,2,0,1
C11782,2024,12,December,3,3,0,1
C11782,2025,5,May,4,4,0,1
C11783,2024,10,October,1,0,1,0
C11783,2025,1,January,2,1,0,0
C11783,2025,3,March,3,2,0,1
C11784,2025,11,November,1,1,1,0
C11786,2024,12,December,1,1,1,0
C11786,2025,5,May,2,1,0,0
C11787,2024,8,August,1,1,1,0
C11788,2024,7,July,1,2,0,1
C11788,2024,9,September,3,2,0,1
C11788,2024,10,October,4,3,0,1
C11788,2024,11,November,5,4,0,1
C11788,2025,9,September,6,5,0,1
C11789,2024,8,August,1,0,1,0
C11789,2025,3,March,2,1,0,0
C11789,2025,4,April,3,2,0,1
C11789,2025,6,June,4,3,0,1
C11789,2025,7,July,5,3,0,1
C11789,2025,11,November,6,4,0,1
C11790,2024,7,July,1,0,1,0
C11790,2024,11,November,2,1,0,0
C11790,2025,1,January,3,2,0,1
C11790,2025,4,April,4,3,0,1
C11790,2025,7,July,5,4,0,1
C11791,2024,7,July,1,1,1,0
C11791,2024,12,December,2,2,0,1
C11791,2025,5,May,3,3,0,1
C11791,2025,6,June,4,4,0,1
C11791,2025,7,July,5,5,0,1
C11792,2024,8,August,1,1,1,0
C11792,2025,1,January,2,2,0,1
C11793,2025,6,June,1,2,0,1
C11793,2025,11,November,3,3,0,1
C11794,2025,8,August,1,0,1,0
C11795,2024,10,October,1,1,1,0
C11795,2025,6,June,2,2,0,1
C11795,2025,12,December,3,3,0,1
C11796,2024,9,September,1,1,1,0
C11796,2024,11,November,2,2,0,1
C11796,2025,4,April,4,3,0,1
C11796,2025,6,June,5,4,0,1
C11796,2025,7,July,6,5,0,1
C11796,2025,10,October,7,6,0,1
C11797,2024,7,July,1,1,1,0
C11797,2024,12,December,2,2,0,1
C11797,2025,1,January,3,3,0,1
C11798,2024,7,July,1,1,1,0
C11798,2025,3,March,2,2,0,1
C11799,2025,3,March,1,1,1,0
C11799,2025,8,August,2,2,0,1
C11800,2024,12,December,1,1,1,0
C11800,2025,7,July,2,2,0,1
C11801,2025,7,July,1,1,1,0
C11802,2024,8,August,1,0,1,0
C11803,2025,2,February,1,1,1,0
C11803,2025,7,July,2,2,0,1
C11804,2024,7,July,1,1,1,0
C11805,2024,8,August,1,1,1,0
C11805,2024,11,November,2,2,0,1
C11805,2025,4,April,3,3,0,1
C11806,2024,8,August,1,1,1,0
C11806,2024,11,November,2,1,0,0
C11806,2025,3,March,3,2,0,1
C11807,2024,10,October,1,0,1,0
C11807,2025,9,September,2,1,0,0
C11808,2024,11,November,1,1,1,0
C11808,2025,4,April,2,2,0,1
C11809,2024,12,December,1,1,1,0
C11809,2025,10,October,2,2,0,1
C11809,2025,12,December,3,3,0,1
C11810,2024,11,November,1,0,1,0
C11810,2024,12,December,2,1,0,0
C11811,2024,11,November,1,0,1,0
C11811,2024,12,December,2,3,0,1
C11811,2025,2,February,5,4,0,1
C11811,2025,12,December,6,5,0,1
C11813,2025,1,January,1,1,1,0
C11813,2025,5,May,2,2,0,1
C11813,2025,7,July,3,4,0,1
C11814,2024,9,September,1,1,1,0
C11814,2024,11,November,2,2,0,1
C11814,2024,12,December,3,3,0,1
C11814,2025,5,May,4,4,0,1
C11814,2025,7,July,5,5,0,1
C11814,2025,8,August,6,6,0,1
C11814,2025,11,November,7,7,0,1
C11815,2025,2,February,1,0,1,0
C11815,2025,5,May,2,1,0,0
C11815,2025,6,June,3,1,0,0
C11816,2024,10,October,1,0,1,0
C11816,2025,7,July,2,0,0,0
C11817,2024,9,September,1,1,1,0
C11817,2025,11,November,2,2,0,1
C11818,2025,2,February,1,1,1,0
C11819,2024,11,November,1,1,1,0
C11819,2025,1,January,2,2,0,1
C11819,2025,6,June,3,3,0,1
C11819,2025,7,July,4,4,0,1
C11819,2025,9,September,5,5,0,1
C11820,2024,9,September,1,3,0,1
C11820,2024,12,December,4,4,0,1
C11820,2025,2,February,5,4,0,1
C11820,2025,7,July,6,5,0,1
C11820,2025,8,August,7,6,0,1
C11821,2025,1,January,1,1,1,0
C11823,2024,9,September,1,1,1,0
C11823,2025,8,August,2,2,0,1
C11823,2025,9,September,3,3,0,1
C11824,2025,3,March,1,1,1,0
C11825,2025,2,February,1,1,1,0
C11826,2024,8,August,1,1,1,0
C11826,2024,9,September,2,2,0,1
C11826,2024,12,December,3,2,0,1
C11826,2025,1,January,4,3,0,1
C11826,2025,2,February,5,4,0,1
C11826,2025,3,March,6,5,0,1
C11826,2025,9,September,7,6,0,1
C11826,2025,10,October,8,6,0,1
C11827,2024,9,September,1,1,1,0
C11827,2024,12,December,2,2,0,1
C11827,2025,2,February,3,2,0,1
C11827,2025,3,March,4,3,0,1
C11827,2025,4,April,5,4,0,1
C11827,2025,5,May,6,7,0,1
C11827,2025,7,July,9,8,0,1
C11827,2025,8,August,10,8,0,1
C11827,2025,9,September,11,9,0,1
C11828,2024,8,August,1,0,1,0
C11828,2024,9,September,2,1,0,0
C11828,2025,7,July,3,1,0,0
C11829,2024,11,November,1,1,1,0
C11829,2024,12,December,2,2,0,1
C11829,2025,4,April,3,3,0,1
C11829,2025,8,August,4,5,0,1
C11830,2024,8,August,1,1,1,0
C11830,2024,12,December,2,4,0,1
C11830,2025,7,July,5,5,0,1
C11830,2025,8,August,6,6,0,1
C11831,2024,11,November,1,1,1,0
C11831,2025,2,February,2,3,0,1
C11831,2025,6,June,4,4,0,1
C11832,2025,7,July,1,2,0,1
C11832,2025,11,November,3,3,0,1
C11833,2024,8,August,1,1,1,0
C11833,2025,11,November,2,2,0,1
C11833,2025,12,December,3,2,0,1
C11834,2024,10,October,1,1,1,0
C11834,2025,8,August,2,1,0,0
C11834,2025,10,October,3,2,0,1
C11835,2024,12,December,1,1,1,0
C11835,2025,1,January,3,2,0,1
C11835,2025,4,April,4,3,0,1
C11835,2025,6,June,5,4,0,1
C11835,2025,8,August,6,7,0,1
C11836,2024,7,July,1,1,1,0
C11836,2024,9,September,2,1,0,0
C11836,2024,11,November,3,2,0,1
C11836,2025,2,February,4,3,0,1
C11836,2025,7,July,5,6,0,1
C11836,2025,8,August,8,7,0,1
C11836,2025,10,October,9,7,0,1
C11836,2025,12,December,10,8,0,1
C11837,2024,7,July,1,1,1,0
C11837,2024,8,August,2,3,0,1
C11837,2024,10,October,4,4,0,1
C11837,2024,11,November,6,5,0,1
C11837,2025,6,June,7,6,0,1
C11837,2025,11,November,8,7,0,1
C11837,2025,12,December,9,9,0,1
C11838,2025,2,February,1,2,0,1
C11838,2025,5,May,3,3,0,1
C11839,2024,9,September,1,1,1,0
C11839,2024,11,November,2,1,0,0
C11839,2025,1,January,3,2,0,1
C11839,2025,2,February,4,2,0,1
C11839,2025,4,April,5,3,0,1
C11839,2025,7,July,6,4,0,1
C11839,2025,8,August,7,5,0,1
C11839,2025,10,October,8,6,0,1
C11839,2025,11,November,9,7,0,1
C11839,2025,12,December,10,8,0,1
C11840,2024,12,December,1,1,1,0
C11840,2025,1,January,2,2,0,1
C11840,2025,2,February,3,3,0,1
C11841,2024,7,July,1,1,1,0
C11841,2024,9,September,2,2,0,1
C11841,2024,11,November,3,3,0,1
C11841,2025,11,November,4,4,0,1
C11841,2025,12,December,5,5,0,1
C11842,2025,2,February,1,0,1,0
C11842,2025,6,June,2,1,0,0
C11842,2025,10,October,3,2,0,1
C11842,2025,11,November,4,3,0,1
C11843,2025,1,January,1,0,1,0
C11843,2025,2,February,2,1,0,0
C11843,2025,8,August,3,2,0,1
C11843,2025,9,September,4,3,0,1
C11843,2025,11,November,5,4,0,1
C11844,2024,8,August,1,1,1,0
C11844,2025,3,March,2,2,0,1
C11844,2025,5,May,3,3,0,1
C11844,2025,9,September,4,4,0,1
C11845,2024,12,December,1,1,1,0
C11846,2024,8,August,1,1,1,0
C11846,2024,10,October,2,2,0,1
C11846,2024,11,November,3,3,0,1
C11846,2025,11,November,4,4,0,1
C11847,2024,7,July,1,1,1,0
C11847,2024,8,August,2,2,0,1
C11848,2024,7,July,1,1,1,0
C11848,2024,11,November,2,1,0,0
C11848,2025,3,March,3,2,0,1
C11848,2025,7,July,4,3,0,1
C11848,2025,9,September,5,4,0,1
C11848,2025,10,October,6,5,0,1
C11848,2025,12,December,7,7,0,1
C11849,2024,11,November,1,1,1,0
C11849,2025,2,February,2,3,0,1
C11849,2025,3,March,4,4,0,1
C11849,2025,5,May,5,5,0,1
C11849,2025,7,July,6,6,0,1
C11849,2025,8,August,7,6,0,1
C11849,2025,9,September,8,7,0,1
C11850,2024,11,November,1,1,1,0
C11850,2025,3,March,2,2,0,1
C11850,2025,7,July,3,3,0,1
C11850,2025,9,September,4,4,0,1
C11850,2025,11,November,5,5,0,1
C11850,2025,12,December,6,6,0,1
C11851,2024,10,October,1,1,1,0
C11851,2024,12,December,2,2,0,1
C11851,2025,6,June,3,3,0,1
C11851,2025,8,August,4,4,0,1
C11851,2025,10,October,5,5,0,1
C11851,2025,11,November,6,5,0,1
C11852,2024,8,August,1,1,1,0
C11852,2024,10,October,2,2,0,1
C11852,2024,11,November,4,2,0,1
C11852,2024,12,December,5,3,0,1
C11852,2025,1,January,6,4,0,1
C11852,2025,2,February,7,5,0,1
C11853,2025,1,January,1,1,1,0
C11853,2025,4,April,2,3,0,1
C11854,2024,7,July,1,1,1,0
C11854,2024,10,October,2,2,0,1
C11854,2024,12,December,3,3,0,1
C11855,2024,8,August,1,0,1,0
C11855,2025,4,April,2,2,0,1
C11855,2025,5,May,4,3,0,1
C11855,2025,8,August,5,3,0,1
C11857,2025,3,March,1,1,1,0
C11857,2025,6,June,2,2,0,1
C11857,2025,12,December,3,3,0,1
C11858,2025,2,February,1,1,1,0
C11858,2025,6,June,2,1,0,0
C11858,2025,8,August,3,1,0,0
C11858,2025,10,October,4,2,0,1
C11859,2025,7,July,1,0,1,0
C11859,2025,8,August,2,1,0,0
C11859,2025,9,September,3,1,0,0
C11860,2024,9,September,1,1,1,0
C11860,2025,5,May,2,2,0,1
C11861,2024,7,July,1,1,1,0
C11861,2024,9,September,2,2,0,1
C11861,2024,12,December,3,3,0,1
C11861,2025,1,January,4,4,0,1
C11861,2025,4,April,5,5,0,1
C11861,2025,10,October,6,6,0,1
C11861,2025,12,December,7,7,0,1
C11862,2024,8,August,1,1,1,0
C11862,2025,4,April,2,2,0,1
C11862,2025,11,November,3,3,0,1
C11863,2024,8,August,1,2,0,1
C11863,2025,1,January,3,3,0,1
C11863,2025,5,May,4,4,0,1
C11863,2025,9,September,6,5,0,1
C11863,2025,11,November,7,6,0,1
C11864,2024,7,July,1,1,1,0
C11864,2025,4,April,2,2,0,1
C11864,2025,6,June,3,3,0,1
C11864,2025,8,August,4,4,0,1
C11865,2024,12,December,1,1,1,0
C11865,2025,1,January,2,2,0,1
C11865,2025,6,June,3,3,0,1
C11866,2025,2,February,1,1,1,0
C11866,2025,3,March,2,2,0,1
C11867,2024,7,July,1,1,1,0
C11867,2025,6,June,2,1,0,0
C11867,2025,9,September,3,3,0,1
C11869,2025,1,January,1,1,1,0
C11869,2025,3,March,2,1,0,0
C11870,2024,7,July,1,1,1,0
C11870,2025,8,August,2,2,0,1
C11871,2024,11,November,1,1,1,0
C11871,2025,2,February,2,2,0,1
C11871,2025,4,April,4,3,0,1
C11871,2025,5,May,5,4,0,1
C11871,2025,8,August,6,6,0,1
C11871,2025,9,September,8,8,0,1
C11872,2025,5,May,1,1,1,0
C11872,2025,6,June,3,2,0,1
C11872,2025,12,December,5,3,0,1
C11873,2024,11,November,1,1,1,0
C11873,2025,10,October,2,2,0,1
C11874,2025,2,February,1,1,1,0
C11874,2025,4,April,2,2,0,1
C11875,2024,7,July,1,1,1,0
C11875,2024,8,August,2,1,0,0
C11875,2025,11,November,3,2,0,1
C11876,2024,12,December,1,1,1,0
C11876,2025,2,February,2,1,0,0
C11877,2024,8,August,1,1,1,0
C11877,2025,1,January,2,1,0,0
C11877,2025,2,February,3,2,0,1
C11877,2025,4,April,4,3,0,1
C11877,2025,11,November,5,4,0,1
C11878,2024,12,December,1,1,1,0
C11878,2025,7,July,2,2,0,1
C11878,2025,9,September,3,3,0,1
C11878,2025,11,November,4,4,0,1
C11879,2024,7,July,1,1,1,0
C11879,2024,12,December,2,3,0,1
C11880,2024,9,September,1,2,0,1
C11880,2024,10,October,3,2,0,1
C11880,2024,11,November,4,3,0,1
C11880,2024,12,December,5,5,0,1
C11880,2025,2,February,7,6,0,1
C11880,2025,5,May,8,6,0,1
C11880,2025,7,July,9,7,0,1
C11880,2025,8,August,10,7,0,1
C11881,2024,10,October,1,1,1,0
C11881,2025,5,May,2,2,0,1
C11883,2024,8,August,1,1,1,0
C11884,2025,2,February,1,1,1,0
C11884,2025,4,April,2,2,0,1
C11884,2025,8,August,3,3,0,1
C11885,2024,7,July,1,0,1,0
C11885,2024,11,November,2,1,0,0
C11885,2025,2,February,3,2,0,1
C11885,2025,4,April,4,3,0,1
C11885,2025,5,May,5,4,0,1
C11885,2025,6,June,6,5,0,1
C11885,2025,7,July,7,6,0,1
C11885,2025,10,October,8,7,0,1
C11885,2025,11,November,9,8,0,1
C11885,2025,12,December,10,9,0,1
C11886,2025,1,January,1,2,0,1
C11886,2025,4,April,3,3,0,1
C11886,2025,5,May,4,4,0,1
C11886,2025,7,July,5,5,0,1
C11887,2024,9,September,1,1,1,0
C11887,2024,12,December,2,2,0,1
C11887,2025,1,January,3,3,0,1
C11887,2025,7,July,4,3,0,1
C11887,2025,10,October,5,4,0,1
C11888,2025,12,December,1,1,1,0
C11889,2024,7,July,1,1,1,0
C11889,2024,11,November,2,2,0,1
C11889,2025,3,March,3,3,0,1
C11889,2025,6,June,4,4,0,1
C11891,2024,8,August,1,2,0,1
C11891,2024,12,December,3,4,0,1
C11891,2025,4,April,5,6,0,1
C11891,2025,6,June,7,6,0,1
C11891,2025,7,July,8,7,0,1
C11891,2025,8,August,10,9,0,1
C11891,2025,10,October,12,10,0,1
C11892,2024,7,July,1,1,1,0
C11892,2025,5,May,2,2,0,1
C11892,2025,10,October,3,3,0,1
C11893,2024,8,August,1,1,1,0
C11893,2024,10,October,2,2,0,1
C11893,2025,4,April,3,2,0,1
C11893,2025,9,September,4,3,0,1
C11894,2024,7,July,1,2,0,1
C11895,2024,9,September,1,1,1,0
C11895,2025,1,January,2,2,0,1
C11895,2025,6,June,3,2,0,1
C11895,2025,9,September,4,3,0,1
C11896,2024,7,July,1,2,0,1
C11896,2024,8,August,3,3,0,1
C11896,2024,11,November,4,3,0,1
C11897,2025,3,March,1,2,0,1
C11897,2025,5,May,3,3,0,1
C11897,2025,10,October,4,4,0,1
C11898,2024,8,August,1,1,1,0
C11898,2025,2,February,2,2,0,1
C11898,2025,3,March,3,3,0,1
C11899,2024,8,August,1,0,1,0
C11899,2025,6,June,2,0,0,0
C11899,2025,7,July,3,1,0,0
C11899,2025,9,September,4,2,0,1
C11900,2025,6,June,1,1,1,0
C11900,2025,7,July,2,3,0,1
C11900,2025,8,August,4,3,0,1
C11901,2024,7,July,1,1,1,0
C11901,2024,8,August,2,2,0,1
C11901,2025,6,June,3,3,0,1
C11901,2025,7,July,4,5,0,1
C11901,2025,11,November,6,6,0,1
C11901,2025,12,December,7,6,0,1
C11902,2024,8,August,1,2,0,1
C11902,2024,11,November,3,3,0,1
C11902,2025,9,September,4,4,0,1
C11902,2025,10,October,5,5,0,1
C11902,2025,11,November,6,6,0,1
C11903,2024,7,July,1,1,1,0
C11903,2024,8,August,2,2,0,1
C11903,2025,10,October,3,3,0,1
C11903,2025,11,November,4,4,0,1
C11904,2024,9,September,1,1,1,0
C11904,2024,10,October,2,2,0,1
C11904,2024,11,November,3,2,0,1
C11904,2025,2,February,4,2,0,1
C11904,2025,3,March,5,3,0,1
C11904,2025,7,July,6,3,0,1
C11904,2025,11,November,7,4,0,1
C11904,2025,12,December,8,6,0,1
C11905,2024,7,July,1,0,1,0
C11905,2024,8,August,2,1,0,0
C11905,2024,9,September,3,3,0,1
C11905,2024,10,October,5,4,0,1
C11905,2024,11,November,6,5,0,1
C11905,2025,2,February,7,7,0,1
C11905,2025,11,November,9,8,0,1
C11906,2024,8,August,1,1,1,0
C11906,2025,1,January,2,2,0,1
C11906,2025,5,May,3,3,0,1
C11906,2025,11,November,4,3,0,1
C11907,2024,9,September,1,1,1,0
C11907,2025,3,March,2,2,0,1
C11907,2025,6,June,3,3,0,1
C11908,2024,9,September,1,1,1,0
C11908,2025,2,February,2,2,0,1
C11908,2025,12,December,3,3,0,1
C11909,2024,10,October,1,1,1,0
C11909,2024,11,November,2,2,0,1
C11910,2025,1,January,1,1,1,0
C11910,2025,2,February,2,2,0,1
C11910,2025,4,April,3,3,0,1
C11910,2025,5,May,4,4,0,1
C11910,2025,12,December,6,5,0,1
C11911,2025,3,March,1,1,1,0
C11911,2025,8,August,2,2,0,1
C11911,2025,10,October,3,4,0,1
C11912,2024,7,July,1,1,1,0
C11912,2024,11,November,2,2,0,1
C11912,2025,8,August,3,4,0,1
C11912,2025,9,September,5,5,0,1
C11913,2024,7,July,1,2,0,1
C11913,2025,3,March,3,2,0,1
C11913,2025,5,May,4,3,0,1
C11913,2025,7,July,5,4,0,1
C11913,2025,12,December,6,5,0,1
C11914,2025,3,March,1,0,1,0
C11914,2025,5,May,2,1,0,0
C11914,2025,8,August,3,2,0,1
C11915,2025,6,June,1,1,1,0
C11915,2025,8,August,2,2,0,1
C11916,2024,7,July,1,1,1,0
C11916,2024,9,September,2,2,0,1
C11916,2024,11,November,3,3,0,1
C11916,2025,4,April,4,4,0,1
C11916,2025,9,September,5,5,0,1
C11917,2025,12,December,1,2,0,1
C11918,2025,2,February,1,1,1,0
C11918,2025,9,September,2,2,0,1
C11919,2024,7,July,1,2,0,1
C11919,2025,9,September,3,4,0,1
C11920,2024,7,July,1,1,1,0
C11920,2024,9,September,2,1,0,0
C11920,2024,11,November,3,2,0,1
C11920,2025,1,January,4,3,0,1
C11920,2025,6,June,5,4,0,1
C11920,2025,7,July,6,5,0,1
C11921,2024,8,August,1,0,1,0
C11921,2024,9,September,2,1,0,0
C11921,2024,12,December,3,2,0,1
C11921,2025,2,February,4,3,0,1
C11921,2025,3,March,5,4,0,1
C11921,2025,5,May,6,5,0,1
C11921,2025,9,September,7,6,0,1
C11921,2025,10,October,8,7,0,1
C11921,2025,11,November,9,8,0,1
C11922,2024,7,July,1,0,1,0
C11922,2025,2,February,2,1,0,0
C11923,2024,9,September,1,1,1,0
C11923,2025,12,December,2,1,0,0
C11924,2024,10,October,1,2,0,1
C11924,2025,6,June,3,3,0,1
C11924,2025,11,November,5,3,0,1
C11925,2024,9,September,1,2,0,1
C11925,2024,12,December,3,3,0,1
C11925,2025,8,August,4,4,0,1
C11927,2025,10,October,1,0,1,0
C11928,2024,7,July,1,1,1,0
C11928,2025,10,October,2,2,0,1
C11929,2024,10,October,1,1,1,0
C11929,2025,1,January,2,2,0,1
C11929,2025,2,February,3,3,0,1
C11929,2025,8,August,4,3,0,1
C11929,2025,9,September,5,3,0,1
C11930,2024,7,July,1,1,1,0
C11930,2024,12,December,2,2,0,1
C11930,2025,6,June,3,3,0,1
C11931,2024,9,September,1,1,1,0
C11932,2025,8,August,1,1,1,0
C11932,2025,10,October,2,2,0,1
C11932,2025,11,November,3,3,0,1
C11933,2024,8,August,1,1,1,0
C11933,2025,1,January,2,2,0,1
C11933,2025,2,February,3,2,0,1
C11933,2025,4,April,4,3,0,1
C11933,2025,11,November,5,4,0,1
C11933,2025,12,December,6,5,0,1
C11934,2024,7,July,1,0,1,0
C11934,2025,1,January,2,0,0,0
C11934,2025,3,March,3,1,0,0
C11935,2024,7,July,1,1,1,0
C11935,2024,12,December,2,2,0,1
C11935,2025,1,January,3,3,0,1
C11935,2025,3,March,4,4,0,1
C11935,2025,9,September,5,5,0,1
C11935,2025,10,October,6,5,0,1
C11936,2024,11,November,1,1,1,0
C11936,2024,12,December,2,2,0,1
C11936,2025,11,November,3,3,0,1
C11937,2024,7,July,1,0,1,0
C11937,2024,8,August,2,1,0,0
C11937,2025,12,December,3,2,0,1
C11938,2025,2,February,1,1,1,0
C11938,2025,7,July,2,1,0,0
C11938,2025,12,December,3,2,0,1
C11939,2025,2,February,1,1,1,0
C11939,2025,6,June,3,2,0,1
C11941,2024,9,September,1,1,1,0
C11941,2025,8,August,2,2,0,1
C11941,2025,12,December,3,2,0,1
C11942,2024,7,July,1,1,1,0
C11942,2024,10,October,2,2,0,1
C11942,2025,2,February,3,3,0,1
C11942,2025,4,April,4,4,0,1
C11942,2025,6,June,5,5,0,1
C11942,2025,8,August,6,6,0,1
C11942,2025,9,September,7,7,0,1
C11942,2025,10,October,8,8,0,1
C11942,2025,11,November,10,9,0,1
C11942,2025,12,December,11,9,0,1
C11943,2024,7,July,1,1,1,0
C11943,2024,12,December,2,1,0,0
C11943,2025,8,August,3,2,0,1
C11944,2024,7,July,1,1,1,0
C11944,2024,8,August,2,2,0,1
C11944,2024,10,October,3,3,0,1
C11944,2025,4,April,4,5,0,1
C11945,2024,7,July,1,1,1,0
C11945,2025,7,July,2,1,0,0
C11946,2024,10,October,1,0,1,0
C11946,2025,2,February,2,1,0,0
C11946,2025,10,October,3,3,0,1
C11947,2024,9,September,1,1,1,0
C11947,2025,6,June,2,2,0,1
C11947,2025,9,September,3,3,0,1
C11948,2024,7,July,1,1,1,0
C11949,2024,10,October,1,1,1,0
C11949,2025,8,August,2,1,0,0
C11949,2025,9,September,3,2,0,1
C11950,2024,9,September,1,1,1,0
C11950,2025,4,April,2,2,0,1
C11951,2024,12,December,1,1,1,0
C11951,2025,2,February,2,2,0,1
C11951,2025,6,June,3,3,0,1
C11951,2025,8,August,4,4,0,1
C11951,2025,10,October,5,5,0,1
C11952,2024,7,July,1,3,0,1
C11952,2024,10,October,4,3,0,1
C11952,2024,12,December,5,5,0,1
C11952,2025,2,February,7,6,0,1
C11952,2025,4,April,8,7,0,1
C11952,2025,7,July,9,8,0,1
C11953,2024,8,August,1,1,1,0
C11953,2025,6,June,2,2,0,1
C11955,2025,7,July,1,0,1,0
C11956,2024,8,August,1,1,1,0
C11956,2025,10,October,2,2,0,1
C11957,2024,7,July,1,2,0,1
C11957,2024,11,November,3,3,0,1
C11957,2025,3,March,4,4,0,1
C11958,2024,7,July,1,1,1,0
C11958,2024,10,October,2,2,0,1
C11958,2025,2,February,3,3,0,1
C11958,2025,10,October,4,4,0,1
C11960,2025,3,March,1,1,1,0
C11960,2025,10,October,2,2,0,1
C11961,2024,12,December,1,1,1,0
C11961,2025,7,July,2,1,0,0
C11962,2024,9,September,1,1,1,0
C11962,2024,10,October,2,3,0,1
C11962,2025,7,July,4,4,0,1
C11963,2025,6,June,1,1,1,0
C11964,2024,8,August,1,1,1,0
C11964,2024,10,October,2,2,0,1
C11964,2025,1,January,3,3,0,1
C11964,2025,6,June,4,3,0,1
C11964,2025,11,November,5,3,0,1
C11965,2025,6,June,1,1,1,0
C11965,2025,12,December,2,3,0,1
C11966,2024,7,July,1,1,1,0
C11966,2024,8,August,2,1,0,0
C11966,2025,3,March,3,3,0,1
C11966,2025,6,June,5,3,0,1
C11966,2025,9,September,6,4,0,1
C11967,2024,7,July,1,0,1,0
C11967,2024,12,December,2,0,0,0
C11967,2025,2,February,3,2,0,1
C11967,2025,6,June,5,3,0,1
C11967,2025,9,September,6,4,0,1
C11968,2024,9,September,1,1,1,0
C11968,2024,12,December,2,4,0,1
C11968,2025,2,February,5,5,0,1
C11969,2024,9,September,1,1,1,0
C11969,2024,11,November,2,2,0,1
C11969,2025,3,March,3,3,0,1
C11969,2025,5,May,4,4,0,1
C11970,2024,11,November,1,1,1,0
C11970,2025,3,March,2,2,0,1
C11970,2025,11,November,3,3,0,1
C11970,2025,12,December,4,3,0,1
C11971,2024,7,July,1,1,1,0
C11972,2024,7,July,1,1,1,0
C11972,2024,8,August,2,3,0,1
C11972,2024,12,December,4,5,0,1
C11972,2025,4,April,6,7,0,1
C11972,2025,7,July,8,9,0,1
C11972,2025,11,November,10,11,0,1
C11973,2024,10,October,1,1,1,0
C11973,2025,11,November,2,2,0,1
C11973,2025,12,December,3,3,0,1
C11974,2024,11,November,1,0,1,0
C11974,2025,5,May,2,1,0,0
C11974,2025,7,July,3,2,0,1
C11975,2025,1,January,1,1,1,0
C11975,2025,3,March,2,2,0,1
C11975,2025,4,April,4,3,0,1
C11975,2025,5,May,5,4,0,1
C11975,2025,10,October,6,5,0,1
C11976,2024,7,July,1,2,0,1
C11976,2024,11,November,3,3,0,1
C11976,2024,12,December,4,4,0,1
C11976,2025,2,February,5,5,0,1
C11976,2025,4,April,6,7,0,1
C11976,2025,6,June,8,8,0,1
C11976,2025,9,September,9,9,0,1
C11977,2025,3,March,1,1,1,0
C11977,2025,4,April,2,2,0,1
C11977,2025,10,October,3,3,0,1
C11978,2025,6,June,1,1,1,0
C11978,2025,8,August,2,2,0,1
C11978,2025,10,October,3,3,0,1
C11980,2024,10,October,1,1,1,0
C11980,2025,1,January,2,1,0,0
C11980,2025,3,March,3,2,0,1
C11980,2025,6,June,4,4,0,1
C11980,2025,9,September,6,5,0,1
C11980,2025,11,November,7,5,0,1
C11981,2024,11,November,1,1,1,0
C11981,2024,12,December,2,2,0,1
C11982,2024,12,December,1,1,1,0
C11982,2025,1,January,2,2,0,1
C11982,2025,3,March,3,4,0,1
C11982,2025,8,August,6,5,0,1
C11982,2025,10,October,7,5,0,1
C11982,2025,11,November,8,7,0,1
C11983,2025,7,July,1,1,1,0
C11984,2024,10,October,1,1,1,0
C11984,2024,11,November,2,2,0,1
C11984,2025,4,April,3,3,0,1
C11984,2025,8,August,4,3,0,1
C11985,2024,9,September,1,2,0,1
C11985,2025,3,March,3,3,0,1
C11985,2025,8,August,4,4,0,1
C11986,2025,7,July,1,1,1,0
C11986,2025,8,August,2,2,0,1
C11987,2024,10,October,1,2,0,1
C11987,2024,12,December,3,3,0,1
C11987,2025,3,March,4,4,0,1
C11987,2025,4,April,5,5,0,1
C11987,2025,8,August,6,6,0,1
C11987,2025,12,December,7,6,0,1
C11988,2024,10,October,1,1,1,0
C11988,2025,3,March,2,2,0,1
C11988,2025,8,August,3,4,0,1
C11988,2025,10,October,5,4,0,1
C11989,2025,3,March,1,1,1,0
C11990,2024,12,December,1,0,1,0
C11990,2025,1,January,2,1,0,0
C11991,2024,7,July,1,0,1,0
C11991,2024,9,September,2,0,0,0
C11991,2024,11,November,3,1,0,0
C11991,2024,12,December,4,2,0,1
C11991,2025,8,August,5,3,0,1
C11992,2025,2,February,1,1,1,0
C11993,2024,8,August,1,1,1,0
C11993,2024,9,September,2,1,0,0
C11993,2024,10,October,3,1,0,0
C11993,2025,1,January,4,1,0,0
C11993,2025,12,December,5,1,0,0
C11994,2024,10,October,1,1,1,0
C11994,2025,6,June,2,2,0,1
C11996,2024,12,December,1,1,1,0
C11996,2025,9,September,2,2,0,1
C11996,2025,11,November,3,2,0,1
C11997,2025,3,March,1,1,1,0
C11997,2025,4,April,2,2,0,1
C11997,2025,9,September,3,2,0,1
C11998,2024,7,July,1,0,1,0
C11998,2024,11,November,2,1,0,0
C11998,2025,7,July,3,2,0,1
C11998,2025,12,December,4,3,0,1
C11999,2024,7,July,1,2,0,1
C11999,2024,9,September,4,2,0,1
C11999,2024,10,October,5,3,0,1
C11999,2024,12,December,6,4,0,1
C11999,2025,2,February,7,5,0,1
C11999,2025,3,March,8,5,0,1
C11999,2025,9,September,9,5,0,1
C11999,2025,11,November,10,6,0,1
C12000,2024,12,December,1,1,1,0
C12001,2024,10,October,1,1,1,0
C12001,2025,9,September,2,2,0,1
C12002,2025,1,January,1,1,1,0
C12002,2025,7,July,2,2,0,1
C12003,2024,8,August,1,1,1,0
C12003,2024,11,November,2,2,0,1
C12003,2025,12,December,3,3,0,1
C12004,2024,9,September,1,1,1,0
C12004,2024,11,November,2,2,0,1
C12005,2024,10,October,1,0,1,0
C12005,2025,1,January,2,2,0,1
C12005,2025,2,February,4,3,0,1
C12005,2025,5,May,5,4,0,1
C12005,2025,9,September,6,5,0,1
C12006,2025,3,March,1,1,1,0
C12006,2025,7,July,2,2,0,1
C12006,2025,8,August,3,3,0,1
C12006,2025,10,October,4,4,0,1
C12006,2025,11,November,5,5,0,1
C12007,2024,7,July,1,1,1,0
C12007,2024,11,November,2,2,0,1
C12007,2025,1,January,3,2,0,1
C12007,2025,4,April,4,3,0,1
C12007,2025,7,July,5,4,0,1
C12007,2025,10,October,6,5,0,1
C12008,2024,10,October,1,1,1,0
C12008,2024,12,December,2,2,0,1
C12008,2025,2,February,3,3,0,1
C12008,2025,6,June,5,4,0,1
C12008,2025,8,August,6,4,0,1
C12008,2025,11,November,7,5,0,1
C12009,2024,8,August,1,1,1,0
C12009,2025,5,May,2,2,0,1
C12010,2024,10,October,1,1,1,0
C12010,2025,2,February,2,2,0,1
C12010,2025,4,April,3,3,0,1
C12011,2024,10,October,1,1,1,0
C12011,2024,11,November,2,2,0,1
C12011,2025,4,April,3,2,0,1
C12011,2025,7,July,4,3,0,1
C12011,2025,9,September,5,5,0,1
C12012,2025,3,March,1,0,1,0
C12012,2025,4,April,2,1,0,0
C12012,2025,10,October,3,1,0,0
C12013,2025,8,August,1,0,1,0
C12014,2024,8,August,1,1,1,0
C12014,2024,12,December,2,1,0,0
C12014,2025,2,February,3,2,0,1
C12014,2025,3,March,4,3,0,1
C12015,2024,8,August,1,0,1,0
C12015,2024,12,December,2,1,0,0
C12015,2025,11,November,3,1,0,0
C12016,2025,3,March,1,1,1,0
C12016,2025,9,September,2,1,0,0
C12017,2024,7,July,1,1,1,0
C12017,2024,8,August,2,2,0,1
C12017,2024,9,September,3,3,0,1
C12017,2024,11,November,4,4,0,1
C12017,2025,5,May,5,5,0,1
C12017,2025,9,September,6,5,0,1
C12017,2025,10,October,7,6,0,1
C12017,2025,12,December,8,6,0,1
C12018,2024,8,August,1,1,1,0
C12018,2024,10,October,2,2,0,1
C12018,2025,2,February,3,3,0,1
C12018,2025,3,March,4,3,0,1
C12018,2025,6,June,5,4,0,1
C12019,2025,1,January,1,1,1,0
C12019,2025,4,April,2,2,0,1
C12020,2024,8,August,1,1,1,0
C12020,2025,5,May,2,1,0,0
C12020,2025,7,July,3,2,0,1
C12020,2025,9,September,5,3,0,1
C12020,2025,10,October,6,4,0,1
C12020,2025,12,December,7,5,0,1
C12021,2024,7,July,1,1,1,0
C12021,2024,9,September,2,2,0,1
C12021,2025,3,March,3,3,0,1
C12022,2024,12,December,1,1,1,0
C12022,2025,2,February,2,3,0,1
C12022,2025,3,March,4,4,0,1
C12022,2025,12,December,5,4,0,1
C12023,2024,10,October,1,1,1,0
C12024,2024,8,August,1,1,1,0
C12024,2024,12,December,2,2,0,1
C12024,2025,2,February,3,4,0,1
C12024,2025,3,March,5,4,0,1
C12026,2025,5,May,1,2,0,1
C12026,2025,8,August,3,3,0,1
C12027,2025,10,October,1,1,1,0
C12028,2024,8,August,1,1,1,0
C12028,2024,11,November,2,1,0,0
C12028,2025,2,February,3,2,0,1
C12028,2025,8,August,4,2,0,1
C12029,2024,8,August,1,1,1,0
C12029,2024,10,October,2,2,0,1
C12029,2025,1,January,3,3,0,1
C12029,2025,2,February,4,4,0,1
C12029,2025,4,April,5,4,0,1
C12029,2025,5,May,6,5,0,1
C12029,2025,7,July,7,5,0,1
C12029,2025,8,August,8,6,0,1
C12029,2025,9,September,9,7,0,1
C12029,2025,10,October,10,7,0,1
C12029,2025,12,December,11,8,0,1
C12030,2024,10,October,1,1,1,0
C12030,2025,5,May,2,2,0,1
C12031,2025,2,February,1,1,1,0
C12031,2025,4,April,2,2,0,1
C12032,2024,7,July,1,1,1,0
C12032,2024,8,August,2,2,0,1
C12032,2025,2,February,3,3,0,1
C12033,2024,7,July,1,1,1,0
C12033,2024,8,August,2,2,0,1
C12033,2024,10,October,3,2,0,1
C12033,2024,12,December,4,4,0,1
C12033,2025,5,May,6,5,0,1
C12033,2025,8,August,7,6,0,1
C12033,2025,9,September,8,7,0,1
C12033,2025,11,November,9,8,0,1
C12034,2024,11,November,1,1,1,0
C12034,2025,1,January,2,3,0,1
C12034,2025,3,March,4,4,0,1
C12035,2024,11,November,1,1,1,0
C12035,2025,2,February,2,1,0,0
C12035,2025,9,September,3,1,0,0
C12035,2025,11,November,4,2,0,1
C12036,2025,1,January,1,1,1,0
C12037,2025,5,May,1,1,1,0
C12037,2025,9,September,2,1,0,0
C12038,2024,9,September,1,1,1,0
C12038,2024,10,October,2,2,0,1
C12038,2024,12,December,3,3,0,1
C12038,2025,11,November,4,4,0,1
C12039,2024,9,September,1,1,1,0
C12039,2024,11,November,2,2,0,1
C12039,2025,1,January,3,3,0,1
C12039,2025,10,October,4,4,0,1
C12040,2024,7,July,1,1,1,0
C12040,2024,12,December,2,2,0,1
C12040,2025,1,January,3,3,0,1
C12040,2025,2,February,4,4,0,1
C12040,2025,6,June,5,5,0,1
C12040,2025,8,August,6,6,0,1
C12041,2024,7,July,1,0,1,0
C12041,2025,2,February,2,1,0,0
C12041,2025,3,March,3,2,0,1
C12041,2025,4,April,6,3,0,1
C12041,2025,6,June,7,4,0,1
C12041,2025,8,August,8,4,0,1
C12042,2024,7,July,1,1,1,0
C12042,2024,11,November,2,4,0,1
C12042,2025,1,January,5,5,0,1
C12042,2025,4,April,6,7,0,1
C12042,2025,10,October,8,9,0,1
C12043,2025,2,February,1,1,1,0
C12043,2025,6,June,2,2,0,1
C12043,2025,8,August,3,4,0,1
C12044,2024,7,July,1,1,1,0
C12044,2024,8,August,2,3,0,1
C12044,2024,9,September,4,4,0,1
C12044,2025,1,January,5,5,0,1
C12044,2025,3,March,6,6,0,1
C12044,2025,4,April,7,7,0,1
C12044,2025,6,June,8,7,0,1
C12045,2025,4,April,1,1,1,0
C12045,2025,6,June,2,2,0,1
C12046,2025,2,February,1,1,1,0
C12046,2025,12,December,2,2,0,1
C12047,2025,10,October,1,1,1,0
C12048,2024,7,July,1,1,1,0
C12048,2024,11,November,2,2,0,1
C12049,2024,11,November,1,0,1,0
C12049,2024,12,December,2,1,0,0
C12049,2025,1,January,3,2,0,1
C12049,2025,11,November,4,3,0,1
C12052,2025,7,July,1,1,1,0
C12052,2025,11,November,2,2,0,1
C12053,2024,8,August,1,1,1,0
C12053,2025,1,January,2,2,0,1
C12053,2025,2,February,3,3,0,1
C12053,2025,4,April,4,4,0,1
C12053,2025,6,June,5,5,0,1
C12053,2025,8,August,6,6,0,1
C12053,2025,9,September,7,7,0,1
C12053,2025,10,October,8,8,0,1
C12053,2025,11,November,10,8,0,1
C12054,2024,10,October,1,1,1,0
C12054,2025,3,March,2,2,0,1
C12054,2025,4,April,3,4,0,1
C12054,2025,12,December,5,5,0,1
C12055,2024,9,September,1,2,0,1
C12055,2025,2,February,3,3,0,1
C12055,2025,4,April,4,4,0,1
C12055,2025,6,June,5,5,0,1
C12055,2025,7,July,6,8,0,1
C12055,2025,12,December,10,8,0,1
C12056,2024,10,October,1,1,1,0
C12056,2025,6,June,2,2,0,1
C12056,2025,7,July,3,3,0,1
C12056,2025,11,November,4,5,0,1
C12057,2024,10,October,1,1,1,0
C12057,2024,11,November,3,2,0,1
C12057,2025,1,January,4,3,0,1
C12057,2025,2,February,7,4,0,1
C12057,2025,8,August,9,5,0,1
C12057,2025,12,December,10,5,0,1
C12059,2024,10,October,1,1,1,0
C12059,2024,11,November,2,2,0,1
C12059,2025,2,February,3,3,0,1
C12059,2025,3,March,4,6,0,1
C12059,2025,4,April,7,6,0,1
C12059,2025,11,November,8,7,0,1
C12059,2025,12,December,9,8,0,1
C12060,2024,7,July,1,1,1,0
C12060,2025,4,April,2,3,0,1
C12060,2025,5,May,4,4,0,1
C12061,2024,7,July,1,0,1,0
C12061,2025,6,June,2,1,0,0
C12061,2025,8,August,3,2,0,1
C12061,2025,9,September,4,3,0,1
C12061,2025,10,October,5,4,0,1
C12062,2025,5,May,1,1,1,0
C12063,2024,10,October,1,1,1,0
C12063,2025,4,April,2,2,0,1
C12064,2024,7,July,1,0,1,0
C12064,2024,8,August,2,1,0,0
C12064,2024,10,October,3,2,0,1
C12064,2025,4,April,5,3,0,1
C12064,2025,9,September,7,3,0,1
C12064,2025,10,October,8,4,0,1
C12064,2025,12,December,9,4,0,1
C12065,2024,8,August,1,1,1,0
C12065,2024,11,November,2,2,0,1
C12065,2024,12,December,3,4,0,1
C12065,2025,1,January,6,6,0,1
C12065,2025,2,February,8,7,0,1
C12065,2025,3,March,9,9,0,1
C12065,2025,4,April,11,11,0,1
C12065,2025,7,July,13,13,0,1
C12065,2025,8,August,15,14,0,1
C12065,2025,11,November,16,14,0,1
C12066,2024,9,September,1,0,1,0
C12066,2025,1,January,2,1,0,0
C12066,2025,10,October,3,2,0,1
C12066,2025,11,November,4,3,0,1
C12067,2024,11,November,1,0,1,0
C12067,2024,12,December,2,1,0,0
C12067,2025,1,January,3,2,0,1
C12067,2025,3,March,4,3,0,1
C12067,2025,11,November,5,4,0,1
C12068,2025,7,July,1,0,1,0
C12069,2025,3,March,1,1,1,0
C12069,2025,5,May,2,2,0,1
C12069,2025,12,December,3,3,0,1
C12070,2024,7,July,1,1,1,0
C12070,2025,2,February,2,2,0,1
C12070,2025,3,March,3,3,0,1
C12071,2025,7,July,1,1,1,0
C12072,2024,11,November,1,0,1,0
C12072,2025,2,February,2,1,0,0
C12072,2025,5,May,3,2,0,1
C12073,2024,7,July,1,0,1,0
C12073,2024,11,November,2,1,0,0
C12073,2025,12,December,3,2,0,1
C12074,2024,9,September,1,0,1,0
C12074,2024,10,October,2,0,0,0
C12075,2024,9,September,1,1,1,0
C12075,2025,3,March,2,2,0,1
C12076,2024,7,July,1,1,1,0
C12077,2025,11,November,1,0,1,0
C12078,2024,9,September,1,1,1,0
C12078,2025,2,February,2,2,0,1
C12078,2025,3,March,3,2,0,1
C12078,2025,4,April,4,3,0,1
C12078,2025,6,June,5,5,0,1
C12078,2025,10,October,7,6,0,1
C12078,2025,12,December,8,7,0,1
C12079,2024,12,December,1,0,1,0
C12079,2025,2,February,2,1,0,0
C12080,2024,8,August,1,1,1,0
C12080,2024,12,December,2,2,0,1
C12081,2024,12,December,1,0,1,0
C12082,2025,3,March,1,1,1,0
C12082,2025,9,September,3,2,0,1
C12082,2025,11,November,4,2,0,1
C12083,2024,7,July,1,1,1,0
C12083,2024,9,September,3,2,0,1
C12083,2024,10,October,4,3,0,1
C12083,2024,11,November,5,4,0,1
C12083,2025,2,February,6,5,0,1
C12083,2025,3,March,8,8,0,1
C12083,2025,5,May,11,9,0,1
C12083,2025,6,June,12,10,0,1
C12083,2025,7,July,13,11,0,1
C12083,2025,8,August,14,12,0,1
C12084,2025,2,February,1,1,1,0
C12084,2025,7,July,2,2,0,1
C12084,2025,12,December,3,3,0,1
C12085,2024,8,August,1,1,1,0
C12085,2025,11,November,3,2,0,1
C12086,2024,8,August,1,0,1,0
C12086,2024,12,December,2,1,0,0
C12086,2025,6,June,3,2,0,1
C12086,2025,9,September,4,3,0,1
C12087,2025,2,February,1,1,1,0
C12087,2025,10,October,2,2,0,1
C12088,2024,9,September,1,1,1,0
C12088,2024,12,December,2,2,0,1
C12088,2025,2,February,3,4,0,1
C12088,2025,3,March,5,5,0,1
C12088,2025,11,November,6,5,0,1
C12089,2025,12,December,1,1,1,0
C12090,2025,9,September,1,1,1,0
C12091,2024,7,July,1,1,1,0
C12091,2025,9,September,2,2,0,1
C12091,2025,10,October,3,3,0,1
C12092,2024,7,July,1,0,1,0
C12092,2024,10,October,2,0,0,0
C12092,2025,5,May,3,1,0,0
C12093,2024,7,July,1,3,0,1
C12093,2024,9,September,4,4,0,1
C12093,2025,1,January,5,5,0,1
C12093,2025,11,November,7,6,0,1
C12094,2024,9,September,1,1,1,0
C12094,2025,1,January,2,1,0,0
C12094,2025,3,March,3,2,0,1
C12094,2025,5,May,4,2,0,1
C12094,2025,10,October,5,3,0,1
C12095,2024,9,September,1,1,1,0
C12095,2024,12,December,2,2,0,1
C12095,2025,12,December,3,2,0,1
C12096,2024,9,September,1,1,1,0
C12096,2025,5,May,2,2,0,1
C12096,2025,6,June,3,3,0,1
C12096,2025,11,November,5,4,0,1
C12097,2024,8,August,1,1,1,0
C12097,2024,10,October,2,1,0,0
C12097,2025,3,March,3,2,0,1
C12097,2025,8,August,4,3,0,1
C12098,2025,1,January,1,1,1,0
C12099,2024,8,August,1,2,0,1
C12099,2024,10,October,3,3,0,1
C12099,2024,11,November,4,4,0,1
C12099,2025,7,July,5,5,0,1
C12099,2025,8,August,6,5,0,1
C12100,2024,7,July,1,1,1,0
C12100,2024,9,September,2,1,0,0
C12100,2025,1,January,3,2,0,1
C12100,2025,7,July,4,2,0,1
C12100,2025,8,August,5,4,0,1
C12100,2025,9,September,7,6,0,1
C12100,2025,10,October,9,6,0,1
C12100,2025,12,December,10,7,0,1
C12101,2024,9,September,1,1,1,0
C12102,2024,10,October,1,0,1,0
C12103,2025,4,April,1,1,1,0
C12103,2025,11,November,2,2,0,1
C12103,2025,12,December,3,3,0,1
C12104,2024,8,August,1,0,1,0
C12104,2024,10,October,2,1,0,0
C12104,2025,5,May,3,2,0,1
C12104,2025,6,June,5,3,0,1
C12104,2025,8,August,7,3,0,1
C12104,2025,12,December,8,4,0,1
C12105,2024,12,December,1,1,1,0
C12105,2025,11,November,2,2,0,1
C12106,2025,5,May,1,1,1,0
C12106,2025,8,August,2,1,0,0
C12107,2024,7,July,1,0,1,0
C12107,2025,5,May,2,1,0,0
C12107,2025,6,June,3,2,0,1
C12107,2025,9,September,4,4,0,1
C12108,2025,8,August,1,1,1,0
C12108,2025,11,November,2,2,0,1
C12109,2024,9,September,1,1,1,0
C12109,2024,10,October,2,2,0,1
C12109,2025,7,July,4,2,0,1
C12109,2025,9,September,5,3,0,1
C12109,2025,10,October,6,3,0,1
C12109,2025,12,December,7,4,0,1
C12110,2024,7,July,1,1,1,0
C12110,2025,4,April,2,2,0,1
C12111,2025,2,February,1,0,1,0
C12111,2025,3,March,2,0,0,0
C12111,2025,7,July,3,1,0,0
C12111,2025,9,September,4,3,0,1
C12113,2025,1,January,1,1,1,0
C12114,2024,11,November,1,1,1,0
C12114,2024,12,December,2,2,0,1
C12114,2025,3,March,3,3,0,1
C12114,2025,5,May,4,4,0,1
C12114,2025,7,July,5,5,0,1
C12114,2025,9,September,6,6,0,1
C12114,2025,12,December,7,6,0,1
C12116,2025,8,August,1,1,1,0
C12116,2025,12,December,2,2,0,1
C12117,2024,7,July,1,2,0,1
C12117,2025,1,January,3,4,0,1
C12117,2025,2,February,5,5,0,1
C12117,2025,3,March,6,6,0,1
C12117,2025,4,April,7,7,0,1
C12117,2025,7,July,8,8,0,1
C12117,2025,9,September,9,10,0,1
C12117,2025,10,October,12,11,0,1
C12119,2024,11,November,1,0,1,0
C12120,2024,7,July,1,0,1,0
C12120,2024,9,September,2,1,0,0
C12120,2024,11,November,3,2,0,1
C12120,2025,3,March,4,2,0,1
C12121,2024,7,July,1,1,1,0
C12121,2025,2,February,2,1,0,0
C12121,2025,3,March,3,2,0,1
C12122,2024,10,October,1,1,1,0
C12122,2024,12,December,2,2,0,1
C12123,2024,8,August,1,0,1,0
C12123,2024,9,September,3,0,0,0
C12123,2024,10,October,4,1,0,0
C12123,2024,11,November,5,2,0,1
C12123,2025,1,January,6,3,0,1
C12123,2025,4,April,7,4,0,1
C12123,2025,5,May,8,6,0,1
C12123,2025,8,August,10,7,0,1
C12123,2025,10,October,11,7,0,1
C12123,2025,11,November,12,8,0,1
C12124,2024,8,August,1,1,1,0
C12125,2024,8,August,1,1,1,0
C12126,2024,7,July,1,0,1,0
C12126,2025,8,August,2,1,0,0
C12127,2024,7,July,1,1,1,0
C12127,2024,8,August,2,2,0,1
C12127,2024,10,October,3,4,0,1
C12127,2024,11,November,6,5,0,1
C12127,2025,2,February,7,6,0,1
C12127,2025,9,September,8,7,0,1
C12127,2025,10,October,9,8,0,1
C12128,2025,9,September,1,1,1,0
C12129,2024,11,November,1,1,1,0
C12129,2025,1,January,2,2,0,1
C12129,2025,6,June,3,4,0,1
C12129,2025,9,September,5,6,0,1
C12129,2025,12,December,7,8,0,1
C12130,2024,11,November,1,1,1,0
C12130,2025,2,February,2,2,0,1
C12130,2025,9,September,3,5,0,1
C12130,2025,10,October,6,6,0,1
C12130,2025,12,December,7,7,0,1
C12131,2025,2,February,1,1,1,0
C12131,2025,5,May,2,2,0,1
C12132,2024,8,August,1,1,1,0
C12132,2024,12,December,2,1,0,0
C12132,2025,8,August,3,1,0,0
C12133,2025,2,February,1,1,1,0
C12133,2025,5,May,2,2,0,1
C12134,2024,9,September,1,1,1,0
C12134,2025,12,December,2,2,0,1
C12135,2025,11,November,1,1,1,0
C12135,2025,12,December,2,2,0,1
C12136,2024,7,July,1,0,1,0
C12136,2024,10,October,2,0,0,0
C12136,2024,12,December,3,2,0,1
C12136,2025,3,March,5,3,0,1
C12136,2025,5,May,6,4,0,1
C12136,2025,12,December,7,5,0,1
C12137,2025,3,March,1,1,1,0
C12137,2025,5,May,2,2,0,1
C12137,2025,6,June,3,2,0,1
C12137,2025,8,August,4,3,0,1
C12137,2025,10,October,5,4,0,1
C12138,2024,8,August,1,1,1,0
C12138,2025,4,April,2,2,0,1
C12138,2025,10,October,3,2,0,1
C12139,2024,8,August,1,1,1,0
C12139,2025,2,February,2,3,0,1
C12139,2025,9,September,4,4,0,1
C12139,2025,11,November,5,5,0,1
C12140,2024,7,July,1,1,1,0
C12140,2025,2,February,2,2,0,1
C12140,2025,9,September,3,3,0,1
C12141,2024,9,September,1,0,1,0
C12141,2025,12,December,2,1,0,0
C12142,2024,11,November,1,1,1,0
C12142,2024,12,December,3,1,0,0
C12142,2025,4,April,4,2,0,1
C12142,2025,8,August,5,3,0,1
C12142,2025,10,October,6,3,0,1
C12143,2025,1,January,1,1,1,0
C12143,2025,7,July,2,3,0,1
C12144,2024,10,October,1,2,0,1
C12144,2025,1,January,3,2,0,1
C12144,2025,4,April,4,3,0,1
C12144,2025,7,July,5,4,0,1
C12145,2024,9,September,1,1,1,0
C12145,2025,5,May,2,2,0,1
C12146,2024,12,December,1,1,1,0
C12146,2025,3,March,2,2,0,1
C12146,2025,5,May,3,4,0,1
C12146,2025,6,June,5,5,0,1
C12146,2025,9,September,6,6,0,1
C12146,2025,12,December,7,7,0,1
C12147,2024,7,July,1,1,1,0
C12148,2024,9,September,1,1,1,0
C12148,2024,10,October,3,1,0,0
C12148,2025,3,March,4,2,0,1
C12148,2025,8,August,5,4,0,1
C12148,2025,9,September,7,5,0,1
C12148,2025,11,November,8,6,0,1
C12149,2024,7,July,1,1,1,0
C12149,2024,12,December,2,2,0,1
C12149,2025,6,June,3,3,0,1
C12149,2025,11,November,4,4,0,1
C12150,2025,3,March,1,1,1,0
C12150,2025,4,April,2,1,0,0
C12150,2025,11,November,3,2,0,1
C12152,2024,11,November,1,1,1,0
C12152,2025,2,February,2,2,0,1
C12152,2025,3,March,3,4,0,1
C12153,2024,7,July,1,1,1,0
C12153,2024,10,October,2,2,0,1
C12153,2024,11,November,3,2,0,1
C12153,2025,2,February,4,3,0,1
C12153,2025,3,March,5,4,0,1
C12153,2025,7,July,6,5,0,1
C12153,2025,11,November,7,6,0,1
C12153,2025,12,December,8,7,0,1
C12154,2024,11,November,1,1,1,0
C12154,2024,12,December,2,2,0,1
C12155,2024,8,August,1,1,1,0
C12155,2025,7,July,2,2,0,1
C12156,2024,8,August,1,1,1,0
C12156,2024,11,November,2,2,0,1
C12156,2025,2,February,3,3,0,1
C12156,2025,8,August,4,4,0,1
C12156,2025,10,October,5,5,0,1
C12156,2025,11,November,6,6,0,1
C12157,2024,7,July,1,1,1,0
C12157,2024,9,September,2,2,0,1
C12157,2025,2,February,3,4,0,1
C12157,2025,6,June,5,5,0,1
C12157,2025,12,December,6,6,0,1
C12158,2025,11,November,1,0,1,0
C12159,2025,7,July,1,1,1,0
C12159,2025,10,October,2,1,0,0
C12160,2024,11,November,1,1,1,0
C12161,2024,12,December,1,1,1,0
C12162,2024,9,September,1,1,1,0
C12162,2025,1,January,2,2,0,1
C12162,2025,3,March,3,2,0,1
C12162,2025,12,December,4,2,0,1
C12163,2024,8,August,1,1,1,0
C12163,2025,1,January,2,2,0,1
C12163,2025,3,March,3,3,0,1
C12163,2025,4,April,4,5,0,1
C12163,2025,7,July,6,6,0,1
C12163,2025,11,November,7,7,0,1
C12163,2025,12,December,8,8,0,1
C12164,2024,11,November,1,1,1,0
C12164,2025,2,February,2,2,0,1
C12164,2025,6,June,3,3,0,1
C12165,2024,7,July,1,1,1,0
C12165,2024,11,November,2,1,0,0
C12165,2025,4,April,3,2,0,1
C12165,2025,5,May,4,3,0,1
C12166,2025,3,March,1,1,1,0
C12166,2025,8,August,2,2,0,1
C12166,2025,10,October,3,3,0,1
C12166,2025,12,December,4,4,0,1
C12167,2024,7,July,1,2,0,1
C12167,2024,8,August,3,3,0,1
C12167,2025,4,April,4,4,0,1
C12167,2025,9,September,5,5,0,1
C12168,2024,7,July,1,2,0,1
C12168,2024,12,December,3,2,0,1
C12168,2025,1,January,4,3,0,1
C12169,2025,5,May,1,1,1,0
C12169,2025,6,June,2,2,0,1
C12169,2025,8,August,3,3,0,1
C12169,2025,11,November,4,4,0,1
C12170,2024,9,September,1,1,1,0
C12170,2025,1,January,2,2,0,1
C12170,2025,7,July,3,3,0,1
C12170,2025,12,December,4,3,0,1
C12171,2025,1,January,1,1,1,0
C12171,2025,7,July,2,2,0,1
C12172,2024,9,September,1,1,1,0
C12172,2025,4,April,2,2,0,1
C12174,2025,6,June,1,1,1,0
C12174,2025,8,August,2,2,0,1
C12174,2025,10,October,3,2,0,1
C12175,2024,12,December,1,1,1,0
C12175,2025,3,March,2,2,0,1
C12175,2025,9,September,3,3,0,1
C12176,2025,9,September,1,1,1,0
C12178,2024,10,October,1,0,1,0
C12178,2025,2,February,2,0,0,0
C12178,2025,4,April,3,0,0,0
C12178,2025,7,July,4,1,0,0
C12178,2025,11,November,5,2,0,1
C12179,2024,7,July,1,2,0,1
C12179,2024,8,August,3,4,0,1
C12179,2024,9,September,5,5,0,1
C12179,2024,10,October,6,6,0,1
C12179,2025,5,May,7,7,0,1
C12179,2025,6,June,8,8,0,1
C12179,2025,7,July,9,9,0,1
C12179,2025,9,September,10,10,0,1
C12180,2025,3,March,1,0,1,0
C12181,2024,7,July,1,1,1,0
C12181,2024,10,October,2,2,0,1
C12181,2025,2,February,3,4,0,1
C12182,2024,7,July,1,1,1,0
C12182,2024,11,November,2,2,0,1
C12182,2025,9,September,3,3,0,1
C12182,2025,10,October,4,4,0,1
C12182,2025,12,December,5,5,0,1
C12183,2024,7,July,1,1,1,0
C12183,2024,8,August,2,2,0,1
C12183,2024,9,September,3,3,0,1
C12183,2024,10,October,4,3,0,1
C12183,2025,1,January,5,4,0,1
C12183,2025,8,August,6,5,0,1
C12183,2025,11,November,7,6,0,1
C12183,2025,12,December,8,7,0,1
C12184,2025,5,May,1,0,1,0
C12184,2025,7,July,2,1,0,0
C12185,2024,10,October,1,0,1,0
C12186,2024,10,October,1,1,1,0
C12186,2024,11,November,2,1,0,0
C12186,2025,1,January,3,2,0,1
C12186,2025,7,July,4,3,0,1
C12187,2024,11,November,1,1,1,0
C12187,2024,12,December,2,3,0,1
C12188,2025,4,April,1,1,1,0
C12189,2024,11,November,1,2,0,1
C12191,2024,9,September,1,1,1,0
C12191,2024,10,October,2,3,0,1
C12192,2025,3,March,1,1,1,0
C12192,2025,5,May,2,2,0,1
C12193,2024,7,July,1,1,1,0
C12193,2024,9,September,2,2,0,1
C12193,2025,9,September,3,3,0,1
C12194,2024,11,November,1,1,1,0
C12194,2025,1,January,2,2,0,1
C12195,2024,12,December,1,1,1,0
C12195,2025,4,April,2,2,0,1
C12195,2025,7,July,3,3,0,1
C12195,2025,9,September,4,3,0,1
C12196,2025,10,October,1,1,1,0
C12197,2024,8,August,1,1,1,0
C12197,2025,10,October,2,2,0,1
C12198,2024,12,December,1,1,1,0
C12198,2025,7,July,2,2,0,1
C12199,2024,11,November,1,1,1,0
C12199,2025,3,March,2,2,0,1
C12199,2025,4,April,3,3,0,1
C12200,2024,8,August,1,1,1,0
C12200,2025,3,March,2,2,0,1
C12200,2025,6,June,3,4,0,1
C12200,2025,7,July,5,5,0,1
C12201,2024,8,August,1,1,1,0
C12201,2024,11,November,2,2,0,1
C12202,2025,3,March,1,1,1,0
C12202,2025,9,September,2,2,0,1
C12202,2025,10,October,3,3,0,1
C12203,2024,7,July,1,1,1,0
C12203,2024,9,September,2,3,0,1
C12203,2025,3,March,4,4,0,1
C12203,2025,5,May,5,5,0,1
C12203,2025,6,June,6,5,0,1
C12203,2025,7,July,7,6,0,1
C12203,2025,8,August,8,7,0,1
C12203,2025,10,October,9,8,0,1
C12203,2025,11,November,10,9,0,1
C12203,2025,12,December,11,10,0,1
C12204,2025,1,January,1,2,0,1
C12205,2024,8,August,1,1,1,0
C12205,2024,9,September,2,2,0,1
C12205,2025,3,March,3,3,0,1
C12206,2024,8,August,1,1,1,0
C12206,2024,12,December,2,2,0,1
C12206,2025,6,June,3,4,0,1
C12206,2025,11,November,5,5,0,1
C12206,2025,12,December,6,7,0,1
C12207,2024,7,July,1,1,1,0
C12207,2024,9,September,2,1,0,0
C12207,2024,12,December,3,2,0,1
C12207,2025,2,February,4,3,0,1
C12207,2025,6,June,5,5,0,1
C12207,2025,10,October,7,6,0,1
C12207,2025,12,December,8,6,0,1
C12208,2024,11,November,1,1,1,0
C12208,2024,12,December,2,1,0,0
C12210,2024,12,December,1,1,1,0
C12210,2025,6,June,2,1,0,0
C12210,2025,9,September,3,2,0,1
C12211,2024,7,July,1,0,1,0
C12211,2024,8,August,2,1,0,0
C12211,2025,8,August,3,1,0,0
C12211,2025,9,September,4,2,0,1
C12211,2025,12,December,5,3,0,1
C12212,2024,7,July,1,1,1,0
C12212,2024,8,August,2,2,0,1
C12212,2025,1,January,3,2,0,1
C12212,2025,2,February,4,3,0,1
C12212,2025,4,April,5,4,0,1
C12212,2025,11,November,6,5,0,1
C12213,2024,8,August,1,1,1,0
C12213,2025,6,June,2,2,0,1
C12213,2025,9,September,3,3,0,1
C12214,2024,8,August,1,1,1,0
C12214,2025,5,May,2,2,0,1
C12214,2025,7,July,4,3,0,1
C12214,2025,9,September,5,5,0,1
C12214,2025,11,November,7,5,0,1
C12214,2025,12,December,8,6,0,1
C12215,2024,7,July,1,2,0,1
C12215,2024,10,October,3,2,0,1
C12215,2025,11,November,4,3,0,1
C12216,2025,3,March,1,1,1,0
C12217,2024,10,October,1,1,1,0
C12217,2025,7,July,2,2,0,1
C12217,2025,9,September,3,3,0,1
C12218,2024,8,August,1,0,1,0
C12218,2024,10,October,2,1,0,0
C12218,2024,11,November,3,2,0,1
C12218,2025,6,June,4,2,0,1
C12218,2025,9,September,5,3,0,1
C12218,2025,10,October,6,4,0,1
C12219,2024,7,July,1,1,1,0
C12219,2025,4,April,2,2,0,1
C12220,2025,7,July,1,1,1,0
C12221,2025,4,April,1,0,1,0
C12221,2025,12,December,2,0,0,0
C12222,2024,8,August,1,1,1,0
C12222,2024,9,September,2,2,0,1
C12222,2025,7,July,3,3,0,1
C12222,2025,10,October,4,4,0,1
C12222,2025,12,December,5,4,0,1
C12223,2025,2,February,1,1,1,0
C12223,2025,3,March,2,3,0,1
C12223,2025,4,April,4,3,0,1
C12224,2024,8,August,1,1,1,0
C12224,2025,8,August,2,2,0,1
C12225,2025,2,February,1,1,1,0
C12226,2024,7,July,1,1,1,0
C12226,2024,12,December,2,2,0,1
C12226,2025,1,January,3,3,0,1
C12226,2025,5,May,4,6,0,1
C12226,2025,8,August,7,7,0,1
C12226,2025,9,September,8,9,0,1
C12226,2025,10,October,10,10,0,1
C12227,2024,7,July,1,1,1,0
C12227,2025,5,May,2,3,0,1
C12227,2025,11,November,4,4,0,1
C12228,2024,7,July,1,1,1,0
C12228,2024,9,September,2,3,0,1
C12228,2025,3,March,4,4,0,1
C12228,2025,8,August,5,5,0,1
C12228,2025,9,September,6,5,0,1
C12228,2025,10,October,7,6,0,1
C12228,2025,11,November,8,7,0,1
C12229,2025,1,January,1,1,1,0
C12229,2025,6,June,2,2,0,1
C12229,2025,10,October,3,3,0,1
C12229,2025,11,November,4,4,0,1
C12230,2024,8,August,1,1,1,0
C12230,2024,9,September,2,1,0,0
C12230,2025,1,January,3,2,0,1
C12230,2025,2,February,5,2,0,1
C12230,2025,5,May,6,3,0,1
C12230,2025,8,August,7,4,0,1
C12230,2025,11,November,8,5,0,1
C12231,2024,7,July,1,0,1,0
C12231,2024,9,September,2,1,0,0
C12231,2025,2,February,3,2,0,1
C12231,2025,4,April,4,2,0,1
C12231,2025,7,July,5,3,0,1
C12232,2024,7,July,1,0,1,0
C12232,2025,3,March,2,1,0,0
C12233,2025,7,July,1,0,1,0
C12234,2024,10,October,1,2,0,1
C12234,2024,11,November,3,4,0,1
C12234,2025,1,January,5,5,0,1
C12234,2025,2,February,6,6,0,1
C12234,2025,4,April,7,7,0,1
C12234,2025,5,May,8,8,0,1
C12234,2025,6,June,9,8,0,1
C12234,2025,8,August,10,9,0,1
C12235,2024,8,August,1,1,1,0
C12235,2024,9,September,2,2,0,1
C12235,2025,2,February,3,3,0,1
C12235,2025,4,April,4,4,0,1
C12235,2025,6,June,5,5,0,1
C12235,2025,12,December,6,6,0,1
C12236,2024,10,October,1,1,1,0
C12236,2025,4,April,2,1,0,0
C12237,2024,12,December,1,1,1,0
C12237,2025,2,February,2,2,0,1
C12237,2025,5,May,3,3,0,1
C12238,2024,10,October,1,0,1,0
C12238,2025,6,June,2,1,0,0
C12238,2025,11,November,3,3,0,1
C12239,2024,7,July,1,2,0,1
C12239,2024,9,September,3,3,0,1
C12239,2024,10,October,4,4,0,1
C12239,2024,12,December,5,5,0,1
C12239,2025,2,February,6,7,0,1
C12239,2025,6,June,8,8,0,1
C12239,2025,8,August,9,9,0,1
C12239,2025,9,September,10,10,0,1
C12239,2025,10,October,11,11,0,1
C12241,2024,7,July,1,1,1,0
C12241,2024,12,December,2,2,0,1
C12241,2025,3,March,4,3,0,1
C12241,2025,4,April,5,4,0,1
C12242,2024,9,September,1,1,1,0
C12242,2025,7,July,2,2,0,1
C12242,2025,9,September,3,3,0,1
C12243,2024,9,September,1,1,1,0
C12243,2024,11,November,2,2,0,1
C12243,2025,3,March,3,4,0,1
C12243,2025,6,June,5,4,0,1
C12243,2025,9,September,6,6,0,1
C12243,2025,10,October,8,7,0,1
C12243,2025,11,November,9,8,0,1
C12243,2025,12,December,10,9,0,1
C12244,2025,3,March,1,1,1,0
C12244,2025,5,May,2,2,0,1
C12244,2025,9,September,3,3,0,1
C12245,2024,10,October,1,1,1,0
C12245,2025,10,October,2,2,0,1
C12246,2024,9,September,1,1,1,0
C12246,2025,4,April,2,2,0,1
C12247,2025,2,February,1,1,1,0
C12247,2025,7,July,2,2,0,1
C12248,2024,9,September,1,1,1,0
C12248,2024,12,December,2,2,0,1
C12248,2025,5,May,3,3,0,1
C12248,2025,10,October,4,4,0,1
C12248,2025,12,December,5,4,0,1
C12249,2024,11,November,1,1,1,0
C12249,2025,4,April,2,2,0,1
C12249,2025,12,December,3,3,0,1
C12251,2025,1,January,1,1,1,0
C12251,2025,4,April,2,1,0,0
C12251,2025,5,May,3,2,0,1
C12251,2025,9,September,4,3,0,1
C12251,2025,10,October,5,4,0,1
C12252,2024,10,October,1,2,0,1
C12252,2024,11,November,3,3,0,1
C12252,2025,1,January,4,3,0,1
C12252,2025,6,June,5,4,0,1
C12252,2025,8,August,6,7,0,1
C12252,2025,9,September,9,8,0,1
C12252,2025,11,November,10,9,0,1
C12252,2025,12,December,11,10,0,1
C12253,2025,6,June,1,0,1,0
C12254,2024,11,November,1,2,0,1
C12254,2024,12,December,3,3,0,1
C12254,2025,3,March,4,4,0,1
C12254,2025,9,September,5,5,0,1
C12254,2025,12,December,6,6,0,1
C12255,2024,9,September,1,0,1,0
C12255,2024,10,October,3,1,0,0
C12255,2024,12,December,4,2,0,1
C12255,2025,2,February,5,3,0,1
C12255,2025,8,August,6,4,0,1
C12255,2025,9,September,7,4,0,1
C12255,2025,12,December,8,5,0,1
C12256,2024,7,July,1,1,1,0
C12256,2024,10,October,2,3,0,1
C12256,2024,12,December,4,4,0,1
C12256,2025,1,January,5,4,0,1
C12256,2025,2,February,6,5,0,1
C12256,2025,3,March,7,6,0,1
C12256,2025,7,July,8,7,0,1
C12256,2025,8,August,9,9,0,1
C12256,2025,12,December,11,10,0,1
C12258,2025,5,May,1,1,1,0
C12258,2025,8,August,2,2,0,1
C12259,2025,9,September,1,1,1,0
C12259,2025,10,October,2,2,0,1
C12259,2025,12,December,3,3,0,1
C12260,2024,9,September,1,2,0,1
C12260,2024,11,November,3,3,0,1
C12260,2025,9,September,4,5,0,1
C12260,2025,10,October,6,6,0,1
C12260,2025,12,December,7,6,0,1
C12261,2025,12,December,1,1,1,0
C12262,2024,7,July,1,1,1,0
C12262,2024,8,August,2,1,0,0
C12262,2024,11,November,3,2,0,1
C12262,2024,12,December,4,4,0,1
C12262,2025,1,January,6,5,0,1
C12262,2025,5,May,7,6,0,1
C12262,2025,10,October,8,6,0,1
C12262,2025,12,December,10,7,0,1
C12263,2025,6,June,1,1,1,0
C12264,2025,1,January,1,0,1,0
C12264,2025,3,March,2,1,0,0
C12264,2025,6,June,3,2,0,1
C12264,2025,12,December,4,3,0,1
C12265,2024,8,August,1,1,1,0
C12265,2024,10,October,2,1,0,0
C12266,2024,9,September,1,1,1,0
C12266,2025,1,January,2,2,0,1
C12266,2025,2,February,3,3,0,1
C12266,2025,4,April,4,4,0,1
C12266,2025,10,October,5,6,0,1
C12266,2025,11,November,7,7,0,1
C12267,2024,7,July,1,1,1,0
C12267,2024,10,October,2,2,0,1
C12267,2024,11,November,3,3,0,1
C12267,2025,7,July,4,4,0,1
C12268,2024,7,July,1,1,1,0
C12268,2025,1,January,2,2,0,1
C12268,2025,6,June,3,3,0,1
C12268,2025,10,October,4,4,0,1
C12268,2025,12,December,5,4,0,1
C12269,2025,1,January,1,1,1,0
C12269,2025,3,March,2,2,0,1
C12269,2025,6,June,3,2,0,1
C12269,2025,8,August,4,3,0,1
C12269,2025,11,November,5,4,0,1
C12270,2024,7,July,1,1,1,0
C12270,2024,10,October,2,2,0,1
C12270,2024,11,November,3,3,0,1
C12270,2025,2,February,4,4,0,1
C12270,2025,8,August,5,5,0,1
C12271,2025,9,September,1,1,1,0
C12272,2024,11,November,1,0,1,0
C12272,2024,12,December,2,1,0,0
C12272,2025,8,August,3,2,0,1
C12273,2024,8,August,1,2,0,1
C12273,2025,5,May,3,3,0,1
C12273,2025,6,June,5,5,0,1
C12274,2024,7,July,1,3,0,1
C12274,2024,8,August,4,3,0,1
C12274,2024,9,September,6,4,0,1
C12274,2025,2,February,7,5,0,1
C12274,2025,4,April,8,6,0,1
C12274,2025,5,May,9,8,0,1
C12274,2025,11,November,11,9,0,1
C12274,2025,12,December,12,10,0,1
C12275,2025,1,January,1,1,1,0
C12275,2025,3,March,2,2,0,1
C12276,2025,10,October,1,1,1,0
C12276,2025,12,December,2,2,0,1
C12277,2024,12,December,1,1,1,0
C12277,2025,4,April,2,2,0,1
C12277,2025,5,May,3,3,0,1
C12277,2025,6,June,4,4,0,1
C12277,2025,8,August,6,4,0,1
C12277,2025,9,September,8,5,0,1
C12277,2025,10,October,10,6,0,1
C12277,2025,11,November,11,7,0,1
C12278,2024,11,November,1,0,1,0
C12278,2024,12,December,2,0,0,0
C12279,2024,8,August,1,1,1,0
C12279,2024,11,November,2,2,0,1
C12279,2025,11,November,3,3,0,1
C12280,2024,7,July,1,1,1,0
C12280,2024,12,December,2,2,0,1
C12280,2025,11,November,3,3,0,1
C12281,2024,9,September,1,1,1,0
C12281,2024,11,November,2,3,0,1
C12281,2025,1,January,4,4,0,1
C12281,2025,9,September,5,5,0,1
C12281,2025,12,December,8,5,0,1
C12282,2024,8,August,1,1,1,0
C12282,2024,11,November,2,2,0,1
C12282,2025,1,January,3,3,0,1
C12282,2025,3,March,4,4,0,1
C12282,2025,4,April,5,5,0,1
C12282,2025,6,June,6,6,0,1
C12282,2025,9,September,7,7,0,1
C12283,2024,8,August,1,1,1,0
C12283,2025,3,March,2,2,0,1
C12283,2025,10,October,3,3,0,1
C12284,2024,7,July,1,0,1,0
C12284,2024,8,August,2,0,0,0
C12284,2025,1,January,3,1,0,0
C12284,2025,3,March,4,3,0,1
C12284,2025,6,June,6,4,0,1
C12285,2025,2,February,1,1,1,0
C12285,2025,11,November,2,2,0,1
C12286,2024,10,October,1,0,1,0
C12286,2024,11,November,2,2,0,1
C12286,2024,12,December,4,3,0,1
C12286,2025,2,February,5,4,0,1
C12286,2025,3,March,6,5,0,1
C12286,2025,8,August,8,5,0,1
C12287,2024,7,July,1,1,1,0
C12287,2024,11,November,2,2,0,1
C12287,2024,12,December,3,3,0,1
C12287,2025,3,March,4,5,0,1
C12287,2025,4,April,6,7,0,1
C12287,2025,5,May,8,7,0,1
C12287,2025,8,August,9,9,0,1
C12287,2025,9,September,11,10,0,1
C12287,2025,11,November,12,13,0,1
C12288,2024,9,September,1,1,1,0
C12288,2025,1,January,2,2,0,1
C12288,2025,6,June,3,3,0,1
C12288,2025,7,July,4,4,0,1
C12288,2025,11,November,5,5,0,1
C12289,2024,8,August,1,1,1,0
C12289,2025,1,January,3,1,0,0
C12289,2025,2,February,4,2,0,1
C12289,2025,5,May,5,3,0,1
C12289,2025,7,July,6,4,0,1
C12289,2025,9,September,7,6,0,1
C12289,2025,12,December,9,8,0,1
C12290,2024,12,December,1,1,1,0
C12290,2025,4,April,2,2,0,1
C12291,2024,9,September,1,0,1,0
C12291,2024,10,October,2,1,0,0
C12291,2024,12,December,3,2,0,1
C12292,2024,9,September,1,2,0,1
C12292,2025,1,January,3,3,0,1
C12292,2025,3,March,4,4,0,1
C12292,2025,6,June,5,5,0,1
C12292,2025,9,September,6,6,0,1
C12293,2025,6,June,1,0,1,0
C12294,2025,9,September,1,1,1,0
C12295,2024,7,July,1,1,1,0
C12295,2024,8,August,2,4,0,1
C12295,2024,9,September,5,5,0,1
C12295,2025,1,January,6,7,0,1
C12295,2025,5,May,8,8,0,1
C12295,2025,6,June,9,9,0,1
C12295,2025,7,July,10,10,0,1
C12295,2025,9,September,11,12,0,1
C12295,2025,11,November,13,13,0,1
C12295,2025,12,December,14,14,0,1
C12296,2024,7,July,1,1,1,0
C12296,2024,8,August,2,2,0,1
C12296,2024,9,September,3,3,0,1
C12296,2025,10,October,4,5,0,1
C12296,2025,11,November,6,5,0,1
C12296,2025,12,December,7,6,0,1
C12297,2024,7,July,1,1,1,0
C12297,2024,12,December,2,2,0,1
C12297,2025,1,January,3,3,0,1
C12297,2025,10,October,4,4,0,1
C12297,2025,11,November,5,5,0,1
C12298,2024,11,November,1,1,1,0
C12298,2025,9,September,2,2,0,1
C12299,2025,1,January,1,0,1,0
C12299,2025,6,June,2,1,0,0
C12299,2025,7,July,3,2,0,1
C12300,2025,1,January,1,1,1,0
C12300,2025,5,May,2,2,0,1
C12300,2025,6,June,3,4,0,1
C12300,2025,12,December,5,5,0,1
C12301,2024,11,November,1,1,1,0
C12301,2025,10,October,2,2,0,1
C12301,2025,11,November,3,3,0,1
C12302,2025,9,September,1,1,1,0
C12302,2025,10,October,2,2,0,1
C12303,2024,8,August,1,0,1,0
C12303,2024,9,September,2,1,0,0
C12303,2025,1,January,3,2,0,1
C12303,2025,3,March,4,2,0,1
C12303,2025,4,April,5,3,0,1
C12303,2025,5,May,6,4,0,1
C12304,2025,11,November,1,1,1,0
C12305,2024,9,September,1,0,1,0
C12305,2024,11,November,2,1,0,0
C12305,2024,12,December,3,1,0,0
C12305,2025,2,February,4,2,0,1
C12305,2025,3,March,6,2,0,1
C12305,2025,4,April,7,3,0,1
C12306,2024,11,November,1,1,1,0
C12308,2024,10,October,1,0,1,0
C12308,2024,11,November,2,1,0,0
C12309,2024,7,July,1,1,1,0
C12309,2024,8,August,2,1,0,0
C12309,2025,7,July,3,1,0,0
C12309,2025,12,December,4,2,0,1
C12311,2024,10,October,1,2,0,1
C12311,2025,3,March,3,3,0,1
C12311,2025,5,May,4,4,0,1
C12311,2025,7,July,5,4,0,1
C12311,2025,8,August,6,5,0,1
C12311,2025,9,September,7,6,0,1
C12311,2025,10,October,8,7,0,1
C12312,2024,8,August,1,1,1,0
C12312,2025,1,January,2,2,0,1
C12312,2025,2,February,3,3,0,1
C12313,2024,11,November,1,1,1,0
C12313,2025,7,July,3,2,0,1
C12313,2025,10,October,4,3,0,1
C12313,2025,12,December,5,4,0,1
C12314,2024,8,August,1,1,1,0
C12314,2024,10,October,2,1,0,0
C12314,2024,12,December,3,1,0,0
C12315,2024,9,September,1,0,1,0
C12315,2025,6,June,2,1,0,0
C12316,2025,2,February,1,1,1,0
C12317,2024,7,July,1,1,1,0
C12317,2024,9,September,2,2,0,1
C12317,2025,3,March,3,2,0,1
C12317,2025,9,September,4,3,0,1
C12317,2025,11,November,5,4,0,1
C12317,2025,12,December,6,5,0,1
C12318,2025,1,January,1,1,1,0
C12318,2025,11,November,2,2,0,1
C12319,2024,11,November,1,0,1,0
C12319,2025,12,December,2,2,0,1
C12320,2024,10,October,1,1,1,0
C12320,2024,12,December,2,2,0,1
C12320,2025,1,January,3,3,0,1
C12320,2025,3,March,4,4,0,1
C12320,2025,11,November,5,4,0,1
C12320,2025,12,December,6,4,0,1
C12321,2025,11,November,1,0,1,0
C12322,2025,1,January,1,1,1,0
C12322,2025,5,May,2,2,0,1
C12322,2025,8,August,3,3,0,1
C12323,2024,9,September,1,1,1,0
C12323,2025,1,January,2,2,0,1
C12324,2024,9,September,1,3,0,1
C12324,2025,3,March,4,4,0,1
C12324,2025,12,December,5,5,0,1
C12325,2024,8,August,1,1,1,0
C12325,2025,3,March,2,2,0,1
C12325,2025,8,August,3,3,0,1
C12326,2024,7,July,1,0,1,0
C12326,2024,10,October,2,1,0,0
C12326,2024,11,November,3,2,0,1
C12326,2025,4,April,4,3,0,1
C12326,2025,6,June,5,4,0,1
C12326,2025,10,October,7,5,0,1
C12327,2024,7,July,1,1,1,0
C12327,2024,9,September,2,2,0,1
C12327,2024,12,December,4,2,0,1
C12327,2025,5,May,5,3,0,1
C12327,2025,12,December,6,4,0,1
C12328,2025,11,November,1,1,1,0
C12329,2024,11,November,1,1,1,0
C12329,2025,5,May,2,2,0,1
C12330,2024,11,November,1,1,1,0
C12330,2025,1,January,2,2,0,1
C12330,2025,4,April,3,3,0,1
C12330,2025,12,December,4,4,0,1
C12332,2024,8,August,1,1,1,0
C12332,2024,10,October,2,2,0,1
C12332,2024,11,November,3,3,0,1
C12333,2025,9,September,1,1,1,0
C12334,2024,10,October,1,1,1,0
C12334,2025,1,January,2,2,0,1
C12334,2025,7,July,3,3,0,1
C12334,2025,9,September,4,4,0,1
C12334,2025,10,October,5,4,0,1
C12335,2025,1,January,1,1,1,0
C12335,2025,6,June,2,2,0,1
C12336,2025,5,May,1,1,1,0
C12336,2025,6,June,2,2,0,1
C12336,2025,11,November,3,3,0,1
C12337,2025,4,April,1,1,1,0
C12338,2025,7,July,1,1,1,0
C12338,2025,11,November,2,2,0,1
C12338,2025,12,December,3,3,0,1
C12339,2024,9,September,1,1,1,0
C12339,2025,4,April,2,2,0,1
C12339,2025,10,October,3,3,0,1
C12340,2024,8,August,1,1,1,0
C12340,2025,6,June,2,3,0,1
C12341,2024,8,August,1,1,1,0
C12341,2024,11,November,2,2,0,1
C12341,2024,12,December,3,3,0,1
C12341,2025,2,February,4,4,0,1
C12341,2025,5,May,5,5,0,1
C12341,2025,8,August,6,6,0,1
C12342,2024,7,July,1,1,1,0
C12342,2024,8,August,2,2,0,1
C12342,2024,9,September,3,4,0,1
C12342,2025,2,February,5,5,0,1
C12342,2025,4,April,6,6,0,1
C12342,2025,6,June,7,7,0,1
C12342,2025,7,July,8,8,0,1
C12343,2024,12,December,1,1,1,0
C12343,2025,1,January,2,2,0,1
C12343,2025,6,June,3,4,0,1
C12343,2025,9,September,5,5,0,1
C12343,2025,11,November,6,6,0,1
C12344,2024,9,September,1,0,1,0
C12344,2025,2,February,2,1,0,0
C12344,2025,6,June,3,2,0,1
C12344,2025,8,August,4,3,0,1
C12344,2025,9,September,5,4,0,1
C12345,2024,9,September,1,1,1,0
C12345,2024,10,October,2,2,0,1
C12345,2025,2,February,3,3,0,1
C12345,2025,7,July,4,4,0,1
C12345,2025,9,September,5,5,0,1
C12345,2025,10,October,6,7,0,1
C12345,2025,11,November,8,8,0,1
C12346,2024,7,July,1,0,1,0
C12346,2025,3,March,2,1,0,0
C12347,2025,2,February,1,1,1,0
C12347,2025,12,December,2,2,0,1
C12348,2025,2,February,1,1,1,0
C12348,2025,3,March,2,3,0,1
C12348,2025,5,May,4,4,0,1
C12349,2024,8,August,1,1,1,0
C12349,2024,10,October,2,2,0,1
C12349,2025,2,February,3,3,0,1
C12349,2025,4,April,4,4,0,1
C12349,2025,8,August,5,5,0,1
C12349,2025,9,September,6,5,0,1
C12349,2025,10,October,7,6,0,1
C12349,2025,11,November,8,6,0,1
C12350,2024,10,October,1,1,1,0
C12350,2025,3,March,2,2,0,1
C12351,2024,7,July,1,1,1,0
C12351,2024,9,September,2,2,0,1
C12351,2024,11,November,3,3,0,1
C12351,2025,11,November,4,4,0,1
C12351,2025,12,December,5,5,0,1
C12352,2024,10,October,1,2,0,1
C12352,2025,6,June,3,3,0,1
C12352,2025,11,November,4,5,0,1
C12352,2025,12,December,6,6,0,1
C12353,2024,8,August,1,2,0,1
C12353,2024,9,September,3,3,0,1
C12353,2024,10,October,4,3,0,1
C12353,2025,2,February,5,3,0,1
C12353,2025,3,March,6,4,0,1
C12353,2025,4,April,7,5,0,1
C12353,2025,5,May,8,6,0,1
C12353,2025,8,August,9,7,0,1
C12353,2025,10,October,10,8,0,1
C12353,2025,11,November,11,9,0,1
C12353,2025,12,December,12,10,0,1
C12354,2024,7,July,1,1,1,0
C12354,2024,8,August,2,2,0,1
C12354,2024,11,November,3,3,0,1
C12354,2024,12,December,4,4,0,1
C12354,2025,5,May,5,5,0,1
C12354,2025,9,September,6,6,0,1
C12355,2024,9,September,1,0,1,0
C12355,2024,10,October,2,1,0,0
C12355,2024,11,November,3,2,0,1
C12355,2024,12,December,4,4,0,1
C12355,2025,2,February,6,5,0,1
C12355,2025,4,April,7,6,0,1
C12355,2025,7,July,8,7,0,1
C12355,2025,9,September,9,8,0,1
C12356,2025,2,February,1,1,1,0
C12356,2025,9,September,2,2,0,1
C12357,2024,9,September,1,1,1,0
C12357,2024,12,December,2,1,0,0
C12357,2025,5,May,3,2,0,1
C12358,2024,10,October,1,1,1,0
C12358,2025,1,January,2,2,0,1
C12358,2025,6,June,3,3,0,1
C12358,2025,9,September,4,4,0,1
C12359,2024,7,July,1,1,1,0
C12360,2024,8,August,1,1,1,0
C12360,2025,2,February,2,2,0,1
C12360,2025,4,April,3,3,0,1
C12360,2025,5,May,4,4,0,1
C12361,2025,7,July,1,1,1,0
C12361,2025,9,September,2,1,0,0
C12362,2024,12,December,1,2,0,1
C12362,2025,12,December,3,4,0,1
C12363,2024,9,September,1,1,1,0
C12363,2025,2,February,2,3,0,1
C12363,2025,3,March,4,3,0,1
C12363,2025,4,April,5,4,0,1
C12363,2025,7,July,7,5,0,1
C12363,2025,8,August,8,7,0,1
C12363,2025,9,September,10,8,0,1
C12364,2024,12,December,1,1,1,0
C12365,2024,7,July,1,1,1,0
C12365,2024,10,October,3,3,0,1
C12365,2025,1,January,5,4,0,1
C12365,2025,6,June,7,5,0,1
C12365,2025,7,July,8,6,0,1
C12365,2025,8,August,9,6,0,1
C12365,2025,10,October,10,7,0,1
C12366,2025,4,April,1,0,1,0
C12366,2025,5,May,2,1,0,0
C12366,2025,12,December,3,2,0,1
C12367,2024,7,July,1,1,1,0
C12367,2024,8,August,2,1,0,0
C12367,2024,9,September,3,2,0,1
C12367,2025,3,March,4,2,0,1
C12368,2024,8,August,1,1,1,0
C12368,2025,11,November,2,2,0,1
C12368,2025,12,December,3,3,0,1
C12369,2024,11,November,1,1,1,0
C12370,2025,10,October,1,1,1,0
C12370,2025,11,November,2,2,0,1
C12371,2024,12,December,1,1,1,0
C12371,2025,1,January,2,2,0,1
C12371,2025,2,February,3,3,0,1
C12371,2025,4,April,4,5,0,1
C12371,2025,5,May,6,5,0,1
C12371,2025,6,June,7,6,0,1
C12371,2025,8,August,8,7,0,1
C12371,2025,9,September,10,9,0,1
C12371,2025,11,November,13,10,0,1
C12372,2024,9,September,1,0,1,0
C12372,2025,6,June,2,2,0,1
C12372,2025,9,September,4,3,0,1
C12372,2025,12,December,5,4,0,1
C12373,2024,7,July,1,0,1,0
C12373,2025,1,January,2,1,0,0
C12373,2025,2,February,3,2,0,1
C12373,2025,7,July,4,3,0,1
C12374,2024,7,July,1,1,1,0
C12374,2025,3,March,2,2,0,1
C12374,2025,4,April,3,3,0,1
C12374,2025,5,May,4,4,0,1
C12374,2025,7,July,5,4,0,1
C12374,2025,8,August,6,4,0,1
C12374,2025,9,September,7,4,0,1
C12374,2025,12,December,8,5,0,1
C12375,2024,8,August,1,1,1,0
C12375,2024,9,September,3,1,0,0
C12375,2024,11,November,4,1,0,0
C12375,2025,5,May,5,2,0,1
C12375,2025,6,June,6,3,0,1
C12375,2025,11,November,7,4,0,1
C12376,2024,10,October,1,1,1,0
C12376,2024,12,December,2,2,0,1
C12376,2025,1,January,4,3,0,1
C12376,2025,3,March,5,4,0,1
C12376,2025,11,November,6,5,0,1
C12377,2024,7,July,1,1,1,0
C12377,2024,11,November,2,2,0,1
C12377,2025,11,November,3,3,0,1
C12378,2024,10,October,1,0,1,0
C12379,2024,7,July,1,1,1,0
C12380,2024,7,July,1,0,1,0
C12380,2024,10,October,2,1,0,0
C12380,2024,11,November,3,2,0,1
C12380,2025,3,March,4,2,0,1
C12380,2025,4,April,5,3,0,1
C12380,2025,5,May,6,4,0,1
C12381,2024,11,November,1,1,1,0
C12381,2025,4,April,2,2,0,1
C12381,2025,7,July,3,3,0,1
C12381,2025,11,November,4,4,0,1
C12382,2025,6,June,1,1,1,0
C12382,2025,7,July,2,2,0,1
C12383,2024,8,August,1,1,1,0
C12383,2025,1,January,2,2,0,1
C12383,2025,5,May,3,3,0,1
C12384,2024,7,July,1,1,1,0
C12384,2025,3,March,4,1,0,0
C12385,2025,12,December,1,1,1,0
C12386,2024,11,November,1,0,1,0
C12386,2025,4,April,2,0,0,0
C12386,2025,5,May,3,0,0,0
C12386,2025,10,October,4,1,0,0
C12386,2025,12,December,5,1,0,0
C12387,2024,9,September,1,1,1,0
C12387,2025,3,March,2,3,0,1
C12387,2025,6,June,4,4,0,1
C12387,2025,9,September,5,5,0,1
C12388,2024,9,September,1,1,1,0
C12388,2024,11,November,2,1,0,0
C12388,2025,1,January,3,2,0,1
C12388,2025,6,June,4,3,0,1
C12389,2024,8,August,1,1,1,0
C12389,2024,9,September,2,2,0,1
C12389,2025,3,March,3,3,0,1
C12389,2025,5,May,4,3,0,1
C12389,2025,6,June,5,4,0,1
C12390,2024,10,October,1,1,1,0
C12390,2025,6,June,2,2,0,1
C12390,2025,8,August,3,4,0,1
C12391,2024,7,July,1,0,1,0
C12391,2024,11,November,2,1,0,0
C12391,2024,12,December,3,2,0,1
C12391,2025,5,May,4,3,0,1
C12391,2025,10,October,5,4,0,1
C12392,2024,11,November,1,1,1,0
C12392,2025,12,December,2,2,0,1
C12394,2024,11,November,1,1,1,0
C12394,2025,1,January,2,2,0,1
C12395,2024,8,August,1,1,1,0
C12395,2024,9,September,2,3,0,1
C12395,2024,12,December,4,4,0,1
C12395,2025,3,March,5,5,0,1
C12395,2025,4,April,7,6,0,1
C12395,2025,11,November,8,7,0,1
C12396,2024,8,August,1,1,1,0
C12396,2024,11,November,2,2,0,1
C12396,2025,3,March,3,2,0,1
C12396,2025,7,July,4,4,0,1
C12397,2025,1,January,1,1,1,0
C12397,2025,9,September,2,2,0,1
C12397,2025,10,October,3,4,0,1
C12398,2024,8,August,1,1,1,0
C12398,2024,12,December,2,2,0,1
C12398,2025,1,January,4,3,0,1
C12398,2025,2,February,5,4,0,1
C12398,2025,6,June,6,5,0,1
C12398,2025,12,December,7,6,0,1
C12399,2024,8,August,1,1,1,0
C12399,2024,11,November,2,2,0,1
C12399,2025,2,February,3,3,0,1
C12400,2025,6,June,1,1,1,0
C12400,2025,8,August,2,1,0,0
C12400,2025,10,October,3,2,0,1
C12401,2025,9,September,1,1,1,0
C12402,2024,9,September,1,2,0,1
C12402,2025,1,January,3,3,0,1
C12402,2025,12,December,5,3,0,1
C12403,2024,10,October,1,0,1,0
C12403,2025,10,October,2,1,0,0
C12404,2024,8,August,1,1,1,0
C12404,2024,9,September,2,1,0,0
C12404,2025,3,March,3,2,0,1
C12404,2025,5,May,4,3,0,1
C12404,2025,8,August,5,3,0,1
C12404,2025,9,September,6,4,0,1
C12405,2025,3,March,1,1,1,0
C12405,2025,4,April,2,2,0,1
C12405,2025,5,May,3,3,0,1
C12405,2025,8,August,4,4,0,1
C12406,2025,2,February,1,1,1,0
C12406,2025,6,June,2,2,0,1
C12407,2024,7,July,1,1,1,0
C12407,2025,1,January,2,2,0,1
C12407,2025,7,July,3,3,0,1
C12407,2025,8,August,4,4,0,1
C12408,2025,3,March,1,1,1,0
C12408,2025,10,October,3,2,0,1
C12409,2024,12,December,1,1,1,0
C12409,2025,1,January,2,2,0,1
C12409,2025,3,March,3,3,0,1
C12410,2024,12,December,1,1,1,0
C12410,2025,4,April,2,2,0,1
C12410,2025,10,October,3,3,0,1
C12411,2024,10,October,1,1,1,0
C12411,2024,11,November,2,2,0,1
C12411,2025,1,January,3,2,0,1
C12411,2025,6,June,4,3,0,1
C12411,2025,9,September,5,5,0,1
C12411,2025,12,December,7,5,0,1
C12412,2025,7,July,1,1,1,0
C12413,2024,8,August,1,2,0,1
C12413,2024,9,September,4,3,0,1
C12413,2025,2,February,5,4,0,1
C12413,2025,5,May,6,5,0,1
C12413,2025,6,June,7,7,0,1
C12413,2025,7,July,9,8,0,1
C12413,2025,9,September,10,8,0,1
C12414,2024,10,October,1,1,1,0
C12414,2025,1,January,2,1,0,0
C12414,2025,3,March,3,2,0,1
C12414,2025,4,April,4,3,0,1
C12414,2025,10,October,5,4,0,1
C12415,2024,7,July,1,1,1,0
C12415,2024,8,August,2,2,0,1
C12415,2024,9,September,3,3,0,1
C12415,2024,10,October,4,3,0,1
C12415,2024,11,November,5,4,0,1
C12415,2025,5,May,6,4,0,1
C12416,2025,5,May,1,1,1,0
C12416,2025,11,November,2,2,0,1
C12417,2024,10,October,1,1,1,0
C12417,2024,11,November,2,1,0,0
C12417,2025,4,April,3,2,0,1
C12417,2025,5,May,4,3,0,1
C12417,2025,6,June,5,4,0,1
C12417,2025,7,July,6,4,0,1
C12417,2025,11,November,7,5,0,1
C12418,2024,10,October,1,1,1,0
C12418,2024,11,November,2,2,0,1
C12418,2024,12,December,3,3,0,1
C12418,2025,9,September,4,4,0,1
C12419,2024,8,August,1,1,1,0
C12419,2024,9,September,2,2,0,1
C12419,2024,10,October,3,2,0,1
C12419,2024,12,December,4,3,0,1
C12419,2025,3,March,5,4,0,1
C12419,2025,4,April,6,5,0,1
C12419,2025,9,September,7,6,0,1
C12420,2024,10,October,1,0,1,0
C12420,2024,12,December,2,2,0,1
C12420,2025,1,January,4,3,0,1
C12420,2025,3,March,5,4,0,1
C12420,2025,7,July,6,4,0,1
C12420,2025,8,August,7,5,0,1
C12421,2025,4,April,1,1,1,0
C12421,2025,7,July,2,2,0,1
C12421,2025,10,October,3,3,0,1
C12422,2025,4,April,1,2,0,1
C12422,2025,5,May,3,3,0,1
C12422,2025,7,July,4,4,0,1
C12422,2025,10,October,5,5,0,1
C12423,2024,11,November,1,0,1,0
C12424,2024,7,July,1,1,1,0
C12424,2024,9,September,2,2,0,1
C12424,2024,10,October,3,3,0,1
C12424,2024,11,November,4,3,0,1
C12424,2025,5,May,5,4,0,1
C12424,2025,9,September,7,4,0,1
C12425,2024,9,September,1,1,1,0
C12425,2025,11,November,2,2,0,1
C12426,2024,10,October,1,1,1,0
C12426,2024,11,November,2,2,0,1
C12426,2025,3,March,3,2,0,1
C12426,2025,5,May,4,2,0,1
C12426,2025,9,September,5,3,0,1
C12427,2025,9,September,1,1,1,0
C12427,2025,11,November,2,2,0,1
C12428,2025,6,June,1,1,1,0
C12429,2025,5,May,1,1,1,0
C12430,2024,8,August,1,1,1,0
C12430,2024,10,October,2,1,0,0
C12430,2025,3,March,3,1,0,0
C12430,2025,6,June,4,2,0,1
C12430,2025,11,November,5,3,0,1
C12430,2025,12,December,6,5,0,1
C12431,2024,9,September,1,0,1,0
C12431,2024,10,October,2,1,0,0
C12431,2025,2,February,3,2,0,1
C12431,2025,3,March,4,3,0,1
C12432,2024,7,July,1,1,1,0
C12432,2025,11,November,2,1,0,0
C12433,2025,7,July,1,1,1,0
C12433,2025,8,August,2,2,0,1
C12434,2025,6,June,1,1,1,0
C12435,2024,12,December,1,1,1,0
C12435,2025,6,June,2,2,0,1
C12436,2025,2,February,1,0,1,0
C12436,2025,8,August,2,0,0,0
C12437,2024,7,July,1,2,0,1
C12437,2024,8,August,3,3,0,1
C12438,2024,11,November,1,1,1,0
C12438,2025,3,March,2,2,0,1
C12438,2025,8,August,3,3,0,1
C12438,2025,9,September,4,4,0,1
C12438,2025,11,November,5,5,0,1
C12439,2024,9,September,1,1,1,0
C12439,2025,2,February,2,2,0,1
C12439,2025,4,April,3,3,0,1
C12439,2025,5,May,4,4,0,1
C12439,2025,8,August,5,4,0,1
C12439,2025,11,November,6,4,0,1
C12440,2024,11,November,1,1,1,0
C12440,2024,12,December,2,3,0,1
C12440,2025,3,March,4,4,0,1
C12440,2025,4,April,5,5,0,1
C12440,2025,11,November,6,6,0,1
C12440,2025,12,December,7,7,0,1
C12441,2025,3,March,1,1,1,0
C12442,2025,9,September,1,1,1,0
C12442,2025,10,October,2,2,0,1
C12443,2024,7,July,1,1,1,0
C12443,2024,8,August,2,2,0,1
C12443,2024,12,December,3,3,0,1
C12444,2024,8,August,1,1,1,0
C12444,2024,12,December,2,2,0,1
C12444,2025,7,July,3,4,0,1
C12444,2025,10,October,5,5,0,1
C12445,2024,7,July,1,0,1,0
C12445,2024,8,August,2,1,0,0
C12445,2024,11,November,3,2,0,1
C12445,2025,3,March,4,2,0,1
C12445,2025,10,October,5,3,0,1
C12445,2025,11,November,6,4,0,1
C12445,2025,12,December,7,5,0,1
C12446,2024,7,July,1,1,1,0
C12446,2024,9,September,2,2,0,1
C12446,2025,7,July,3,3,0,1
C12446,2025,12,December,4,4,0,1
C12447,2025,1,January,1,1,1,0
C12447,2025,11,November,2,1,0,0
C12447,2025,12,December,3,2,0,1
C12448,2025,1,January,1,1,1,0
C12449,2024,7,July,1,1,1,0
C12449,2024,8,August,2,2,0,1
C12449,2025,1,January,3,3,0,1
C12449,2025,12,December,4,4,0,1
C12450,2024,8,August,1,1,1,0
C12450,2025,1,January,2,2,0,1
C12451,2024,7,July,1,1,1,0
C12451,2024,10,October,2,2,0,1
C12451,2024,12,December,3,3,0,1
C12451,2025,5,May,4,4,0,1
C12451,2025,11,November,5,5,0,1
C12452,2024,12,December,1,2,0,1
C12452,2025,1,January,3,3,0,1
C12452,2025,5,May,4,3,0,1
C12452,2025,10,October,5,4,0,1
C12452,2025,12,December,6,4,0,1
C12453,2024,11,November,1,1,1,0
C12453,2025,4,April,2,2,0,1
C12453,2025,5,May,3,3,0,1
C12453,2025,7,July,4,4,0,1
C12453,2025,8,August,5,5,0,1
C12454,2024,7,July,1,1,1,0
C12454,2025,2,February,2,1,0,0
C12454,2025,3,March,3,2,0,1
C12454,2025,9,September,4,3,0,1
C12454,2025,10,October,5,4,0,1
C12455,2024,9,September,1,1,1,0
C12455,2025,3,March,2,2,0,1
C12456,2024,8,August,1,2,0,1
C12456,2024,11,November,3,3,0,1
C12456,2024,12,December,4,4,0,1
C12456,2025,4,April,5,5,0,1
C12457,2024,11,November,1,1,1,0
C12457,2025,4,April,2,3,0,1
C12458,2025,6,June,1,1,1,0
C12459,2024,10,October,1,1,1,0
C12459,2025,3,March,2,2,0,1
C12459,2025,6,June,3,3,0,1
C12459,2025,12,December,4,3,0,1
C12460,2024,8,August,1,1,1,0
C12460,2024,11,November,2,2,0,1
C12460,2024,12,December,3,4,0,1
C12460,2025,3,March,7,5,0,1
C12460,2025,4,April,8,6,0,1
C12460,2025,5,May,9,7,0,1
C12460,2025,6,June,10,7,0,1
C12460,2025,8,August,11,8,0,1
C12460,2025,9,September,12,9,0,1
C12460,2025,10,October,13,10,0,1
C12461,2024,8,August,1,1,1,0
C12461,2025,12,December,2,2,0,1
C12462,2025,10,October,1,1,1,0
C12463,2025,4,April,1,1,1,0
C12463,2025,6,June,2,3,0,1
C12463,2025,7,July,5,4,0,1
C12464,2024,8,August,1,1,1,0
C12464,2025,11,November,2,3,0,1
C12465,2025,1,January,1,1,1,0
C12465,2025,10,October,3,2,0,1
C12466,2024,7,July,1,1,1,0
C12466,2024,10,October,2,2,0,1
C12466,2025,5,May,3,3,0,1
C12466,2025,8,August,4,4,0,1
C12467,2024,7,July,1,0,1,0
C12467,2024,9,September,2,1,0,0
C12467,2025,9,September,3,2,0,1
C12468,2024,10,October,1,0,1,0
C12468,2025,2,February,2,1,0,0
C12468,2025,5,May,3,2,0,1
C12469,2024,7,July,1,1,1,0
C12469,2024,9,September,2,2,0,1
C12469,2024,11,November,3,3,0,1
C12469,2024,12,December,4,4,0,1
C12469,2025,4,April,5,5,0,1
C12469,2025,9,September,6,6,0,1
C12469,2025,11,November,7,7,0,1
C12469,2025,12,December,8,8,0,1
C12470,2024,9,September,1,1,1,0
C12470,2025,4,April,2,2,0,1
C12471,2024,11,November,1,1,1,0
C12471,2025,1,January,2,2,0,1
C12471,2025,2,February,3,3,0,1
C12471,2025,4,April,4,4,0,1
C12471,2025,5,May,5,5,0,1
C12471,2025,8,August,6,5,0,1
C12471,2025,9,September,7,6,0,1
C12471,2025,10,October,8,8,0,1
C12471,2025,12,December,10,9,0,1
C12472,2024,7,July,1,1,1,0
C12472,2024,8,August,2,2,0,1
C12472,2025,5,May,3,3,0,1
C12472,2025,11,November,4,5,0,1
C12473,2024,9,September,1,0,1,0
C12473,2024,10,October,2,1,0,0
C12473,2025,1,January,3,2,0,1
C12473,2025,8,August,4,2,0,1
C12473,2025,9,September,5,3,0,1
C12473,2025,10,October,6,5,0,1
C12474,2024,8,August,1,1,1,0
C12474,2024,11,November,2,3,0,1
C12474,2025,4,April,5,5,0,1
C12474,2025,6,June,7,7,0,1
C12474,2025,7,July,9,10,0,1
C12474,2025,9,September,12,11,0,1
C12475,2025,2,February,1,1,1,0
C12475,2025,4,April,2,2,0,1
C12475,2025,7,July,3,4,0,1
C12475,2025,12,December,5,5,0,1
C12476,2025,7,July,1,1,1,0
C12476,2025,10,October,2,2,0,1
C12477,2024,7,July,1,1,1,0
C12477,2024,10,October,2,2,0,1
C12477,2025,1,January,3,3,0,1
C12477,2025,5,May,4,4,0,1
C12477,2025,10,October,6,5,0,1
C12477,2025,11,November,7,6,0,1
C12478,2024,8,August,1,0,1,0
C12478,2024,11,November,2,0,0,0
C12478,2025,2,February,3,2,0,1
C12478,2025,4,April,5,3,0,1
C12478,2025,7,July,6,4,0,1
C12478,2025,9,September,7,5,0,1
C12478,2025,10,October,8,5,0,1
C12479,2024,10,October,1,0,1,0
C12479,2025,2,February,2,1,0,0
C12479,2025,9,September,3,2,0,1
C12479,2025,11,November,4,3,0,1
C12479,2025,12,December,5,4,0,1
C12480,2024,8,August,1,1,1,0
C12480,2024,10,October,2,3,0,1
C12480,2024,11,November,4,4,0,1
C12480,2025,1,January,5,5,0,1
C12480,2025,2,February,7,6,0,1
C12480,2025,9,September,8,6,0,1
C12481,2024,9,September,1,1,1,0
C12481,2025,1,January,2,1,0,0
C12482,2024,11,November,1,1,1,0
C12483,2025,6,June,1,2,0,1
C12484,2025,8,August,1,0,1,0
C12485,2024,8,August,1,1,1,0
C12485,2024,9,September,2,1,0,0
C12485,2025,12,December,3,2,0,1
C12486,2024,10,October,1,1,1,0
C12486,2025,4,April,3,2,0,1
C12486,2025,10,October,4,3,0,1
C12487,2024,7,July,1,1,1,0
C12487,2024,12,December,2,2,0,1
C12488,2024,7,July,1,1,1,0
C12488,2025,2,February,2,2,0,1
C12488,2025,3,March,3,3,0,1
C12488,2025,10,October,4,4,0,1
C12488,2025,11,November,5,5,0,1
C12489,2024,8,August,1,1,1,0
C12489,2025,2,February,2,2,0,1
C12489,2025,5,May,3,3,0,1
C12489,2025,6,June,4,5,0,1
C12489,2025,11,November,6,6,0,1
C12490,2024,9,September,1,1,1,0
C12490,2025,1,January,3,2,0,1
C12490,2025,6,June,4,3,0,1
C12490,2025,7,July,6,4,0,1
C12490,2025,11,November,7,6,0,1
C12491,2024,9,September,1,1,1,0
C12491,2024,10,October,2,3,0,1
C12491,2024,11,November,4,4,0,1
C12491,2025,4,April,6,5,0,1
C12491,2025,6,June,7,6,0,1
C12491,2025,9,September,8,7,0,1
C12491,2025,11,November,9,8,0,1
C12492,2024,12,December,1,0,1,0
C12492,2025,4,April,2,1,0,0
C12492,2025,10,October,4,2,0,1
C12493,2024,7,July,1,1,1,0
C12493,2024,9,September,2,2,0,1
C12493,2025,2,February,3,3,0,1
C12493,2025,3,March,4,5,0,1
C12493,2025,7,July,6,6,0,1
C12493,2025,8,August,7,6,0,1
C12493,2025,11,November,8,7,0,1
C12494,2025,1,January,1,2,0,1
C12495,2025,5,May,1,1,1,0
C12495,2025,9,September,2,2,0,1
C12496,2025,4,April,1,1,1,0
C12496,2025,5,May,2,2,0,1
C12496,2025,6,June,3,3,0,1
C12496,2025,7,July,4,3,0,1
C12496,2025,9,September,5,4,0,1
C12498,2025,1,January,1,1,1,0
C12498,2025,4,April,2,2,0,1
C12498,2025,8,August,3,3,0,1
C12499,2025,4,April,1,1,1,0
C12500,2024,10,October,1,1,1,0
C12501,2024,11,November,1,2,0,1
C12501,2025,2,February,3,3,0,1
C12502,2025,2,February,1,1,1,0
C12502,2025,3,March,2,2,0,1
C12502,2025,10,October,3,3,0,1
C12502,2025,11,November,4,4,0,1
C12502,2025,12,December,6,5,0,1
C12503,2024,9,September,1,1,1,0
C12505,2025,5,May,1,1,1,0
C12505,2025,11,November,2,2,0,1
C12506,2024,8,August,1,1,1,0
C12506,2025,6,June,2,2,0,1
C12506,2025,7,July,3,3,0,1
C12507,2024,11,November,1,1,1,0
C12507,2025,2,February,3,1,0,0
C12507,2025,7,July,4,2,0,1
C12508,2024,9,September,1,1,1,0
C12508,2025,5,May,2,2,0,1
C12508,2025,7,July,3,3,0,1
C12509,2024,7,July,1,1,1,0
C12509,2024,9,September,2,3,0,1
C12509,2025,4,April,4,4,0,1
C12509,2025,8,August,5,4,0,1
C12510,2025,7,July,1,1,1,0
C12510,2025,12,December,2,2,0,1
C12511,2024,7,July,1,1,1,0
C12511,2024,8,August,2,2,0,1
C12511,2024,10,October,3,3,0,1
C12511,2025,2,February,4,3,0,1
C12511,2025,6,June,5,3,0,1
C12511,2025,11,November,6,3,0,1
C12511,2025,12,December,7,4,0,1
C12512,2024,7,July,1,0,1,0
C12512,2024,10,October,2,1,0,0
C12512,2024,11,November,3,2,0,1
C12512,2025,1,January,4,3,0,1
C12512,2025,3,March,6,4,0,1
C12512,2025,12,December,7,6,0,1
C12513,2024,9,September,1,1,1,0
C12513,2024,10,October,2,2,0,1
C12513,2025,1,January,4,4,0,1
C12513,2025,2,February,6,5,0,1
C12513,2025,3,March,7,5,0,1
C12513,2025,7,July,8,6,0,1
C12513,2025,8,August,9,7,0,1
C12513,2025,11,November,11,8,0,1
C12514,2024,11,November,1,1,1,0
C12514,2025,9,September,2,2,0,1
C12514,2025,11,November,3,3,0,1
C12515,2024,8,August,1,1,1,0
C12515,2024,12,December,2,2,0,1
C12515,2025,7,July,3,2,0,1
C12515,2025,8,August,4,3,0,1
C12515,2025,10,October,5,4,0,1
C12516,2025,1,January,1,2,0,1
C12517,2024,12,December,1,2,0,1
C12518,2024,9,September,1,1,1,0
C12518,2024,10,October,2,1,0,0
C12519,2024,11,November,1,1,1,0
C12519,2025,8,August,2,2,0,1
C12520,2025,4,April,1,1,1,0
C12520,2025,8,August,2,2,0,1
C12520,2025,11,November,3,4,0,1
C12521,2024,7,July,1,1,1,0
C12521,2024,10,October,2,3,0,1
C12521,2025,1,January,4,4,0,1
C12521,2025,2,February,5,5,0,1
C12521,2025,5,May,6,5,0,1
C12522,2024,7,July,1,1,1,0
C12522,2025,1,January,2,2,0,1
C12524,2024,10,October,1,3,0,1
C12524,2025,1,January,4,4,0,1
C12524,2025,10,October,5,5,0,1
C12525,2024,10,October,1,1,1,0
C12525,2025,10,October,2,2,0,1
C12526,2024,8,August,1,1,1,0
C12526,2024,10,October,2,2,0,1
C12526,2025,1,January,3,4,0,1
C12526,2025,8,August,5,5,0,1
C12526,2025,12,December,6,5,0,1
C12527,2024,7,July,1,1,1,0
C12527,2024,8,August,2,2,0,1
C12527,2025,2,February,3,2,0,1
C12527,2025,3,March,4,2,0,1
C12527,2025,7,July,5,3,0,1
C12527,2025,11,November,6,4,0,1
C12528,2025,2,February,1,1,1,0
C12528,2025,3,March,2,2,0,1
C12529,2024,12,December,1,1,1,0
C12529,2025,3,March,2,1,0,0
C12529,2025,4,April,3,2,0,1
C12529,2025,6,June,5,3,0,1
C12529,2025,8,August,6,4,0,1
C12530,2024,8,August,1,1,1,0
C12530,2024,9,September,2,2,0,1
C12530,2025,3,March,3,3,0,1
C12531,2025,3,March,1,0,1,0
C12531,2025,5,May,2,0,0,0
C12532,2024,11,November,1,0,1,0
C12532,2025,7,July,2,0,0,0
C12532,2025,10,October,3,1,0,0
C12533,2024,8,August,1,1,1,0
C12533,2025,9,September,2,2,0,1
C12533,2025,11,November,3,3,0,1
C12534,2024,7,July,1,1,1,0
C12534,2024,10,October,2,2,0,1
C12534,2025,1,January,3,2,0,1
C12534,2025,2,February,4,2,0,1
C12534,2025,4,April,5,2,0,1
C12534,2025,9,September,6,3,0,1
C12534,2025,11,November,7,4,0,1
C12534,2025,12,December,8,4,0,1
C12535,2024,7,July,1,1,1,0
C12536,2024,10,October,1,0,1,0
C12536,2025,1,January,2,1,0,0
C12536,2025,6,June,4,2,0,1
C12536,2025,11,November,5,3,0,1
C12537,2024,7,July,1,1,1,0
C12537,2024,9,September,2,2,0,1
C12537,2025,1,January,3,3,0,1
C12537,2025,4,April,4,3,0,1
C12537,2025,5,May,5,5,0,1
C12538,2024,7,July,1,1,1,0
C12538,2024,9,September,2,2,0,1
C12538,2025,5,May,3,3,0,1
C12538,2025,6,June,4,4,0,1
C12538,2025,8,August,5,5,0,1
C12539,2024,11,November,1,0,1,0
C12539,2025,2,February,2,1,0,0
C12539,2025,6,June,3,2,0,1
C12540,2024,7,July,1,1,1,0
C12540,2024,9,September,2,2,0,1
C12540,2024,11,November,4,4,0,1
C12540,2025,2,February,6,5,0,1
C12540,2025,7,July,7,6,0,1
C12540,2025,8,August,8,7,0,1
C12541,2025,12,December,1,1,1,0
C12542,2025,3,March,1,1,1,0
C12542,2025,5,May,2,2,0,1
C12542,2025,12,December,3,3,0,1
C12543,2024,9,September,1,1,1,0
C12543,2025,4,April,2,2,0,1
C12544,2025,1,January,1,1,1,0
C12545,2024,7,July,1,0,1,0
C12545,2025,6,June,2,1,0,0
C12546,2024,7,July,1,1,1,0
C12546,2024,8,August,2,2,0,1
C12546,2024,10,October,3,4,0,1
C12546,2024,11,November,5,4,0,1
C12546,2024,12,December,7,5,0,1
C12546,2025,2,February,8,6,0,1
C12546,2025,3,March,9,6,0,1
C12547,2024,12,December,1,0,1,0
C12548,2025,12,December,1,1,1,0
C12549,2024,8,August,1,1,1,0
C12549,2024,9,September,2,2,0,1
C12549,2024,11,November,3,3,0,1
C12549,2025,3,March,4,4,0,1
C12549,2025,4,April,5,5,0,1
C12549,2025,6,June,6,6,0,1
C12549,2025,7,July,7,7,0,1
C12549,2025,9,September,8,7,0,1
C12549,2025,11,November,9,8,0,1
C12550,2025,2,February,1,1,1,0
C12551,2024,10,October,1,2,0,1
C12551,2025,1,January,3,3,0,1
C12551,2025,3,March,4,4,0,1
C12551,2025,4,April,5,5,0,1
C12551,2025,5,May,6,6,0,1
C12552,2024,7,July,1,0,1,0
C12552,2024,12,December,2,0,0,0
C12552,2025,8,August,3,0,0,0
C12552,2025,9,September,4,1,0,0
C12553,2025,3,March,1,1,1,0
C12553,2025,5,May,2,2,0,1
C12554,2024,10,October,1,3,0,1
C12554,2025,3,March,4,5,0,1
C12554,2025,4,April,6,6,0,1
C12554,2025,6,June,7,7,0,1
C12555,2024,8,August,1,1,1,0
C12555,2024,11,November,2,2,0,1
C12555,2025,3,March,3,3,0,1
C12555,2025,9,September,4,3,0,1
C12556,2024,7,July,1,0,1,0
C12556,2025,1,January,2,0,0,0
C12556,2025,3,March,3,1,0,0
C12556,2025,8,August,4,2,0,1
C12556,2025,12,December,5,3,0,1
C12557,2024,7,July,1,0,1,0
C12557,2024,11,November,2,1,0,0
C12557,2025,6,June,3,1,0,0
C12558,2024,9,September,1,1,1,0
C12558,2024,12,December,2,2,0,1
C12558,2025,7,July,4,3,0,1
C12558,2025,9,September,5,3,0,1
C12558,2025,10,October,6,4,0,1
C12559,2024,12,December,1,1,1,0
C12560,2024,10,October,1,1,1,0
C12561,2025,4,April,1,0,1,0
C12561,2025,7,July,2,1,0,0
C12561,2025,9,September,3,2,0,1
C12561,2025,11,November,4,3,0,1
C12562,2024,9,September,1,2,0,1
C12562,2024,11,November,3,3,0,1
C12562,2025,1,January,4,4,0,1
C12562,2025,3,March,5,5,0,1
C12563,2024,7,July,1,1,1,0
C12563,2024,12,December,2,2,0,1
C12563,2025,7,July,3,4,0,1
C12564,2024,9,September,1,0,1,0
C12564,2024,11,November,2,1,0,0
C12564,2024,12,December,3,2,0,1
C12564,2025,6,June,4,3,0,1
C12564,2025,7,July,5,4,0,1
C12564,2025,9,September,6,5,0,1
C12564,2025,10,October,7,6,0,1
C12564,2025,11,November,8,7,0,1
C12564,2025,12,December,9,8,0,1
C12565,2024,7,July,1,1,1,0
C12565,2024,9,September,2,2,0,1
C12565,2024,12,December,3,3,0,1
C12565,2025,1,January,4,4,0,1
C12565,2025,4,April,5,5,0,1
C12565,2025,7,July,6,6,0,1
C12565,2025,10,October,7,8,0,1
C12565,2025,11,November,9,9,0,1
C12565,2025,12,December,10,10,0,1
C12566,2025,8,August,1,1,1,0
C12566,2025,11,November,2,2,0,1
C12567,2025,1,January,1,0,1,0
C12567,2025,3,March,2,0,0,0
C12567,2025,4,April,3,1,0,0
C12567,2025,6,June,4,2,0,1
C12567,2025,7,July,5,4,0,1
C12567,2025,12,December,7,5,0,1
C12568,2025,6,June,1,1,1,0
C12568,2025,7,July,2,2,0,1
C12569,2024,8,August,1,1,1,0
C12569,2024,11,November,3,2,0,1
C12569,2025,4,April,4,3,0,1
C12569,2025,5,May,6,4,0,1
C12569,2025,6,June,7,5,0,1
C12570,2025,1,January,1,1,1,0
C12570,2025,3,March,2,2,0,1
C12570,2025,8,August,3,3,0,1
C12570,2025,9,September,4,4,0,1
C12570,2025,10,October,5,4,0,1
C12571,2024,7,July,1,1,1,0
C12571,2025,1,January,2,2,0,1
C12571,2025,4,April,3,3,0,1
C12571,2025,6,June,4,4,0,1
C12571,2025,11,November,5,5,0,1
C12572,2024,10,October,1,1,1,0
C12572,2024,12,December,2,2,0,1
C12572,2025,2,February,4,3,0,1
C12572,2025,3,March,5,4,0,1
C12572,2025,12,December,6,5,0,1
C12573,2024,12,December,1,1,1,0
C12573,2025,3,March,2,1,0,0
C12574,2024,9,September,1,1,1,0
C12574,2025,3,March,2,2,0,1
C12574,2025,8,August,3,3,0,1
C12575,2024,8,August,1,1,1,0
C12575,2024,12,December,2,2,0,1
C12575,2025,1,January,3,3,0,1
C12575,2025,5,May,4,3,0,1
C12575,2025,6,June,5,4,0,1
C12575,2025,7,July,6,5,0,1
C12575,2025,9,September,7,6,0,1
C12575,2025,11,November,8,7,0,1
C12575,2025,12,December,9,8,0,1
C12576,2025,2,February,1,1,1,0
C12576,2025,3,March,2,1,0,0
C12576,2025,4,April,3,2,0,1
C12576,2025,7,July,4,4,0,1
C12576,2025,11,November,6,5,0,1
C12577,2024,7,July,1,1,1,0
C12577,2024,11,November,2,2,0,1
C12577,2025,1,January,3,4,0,1
C12577,2025,2,February,5,5,0,1
C12577,2025,9,September,6,5,0,1
C12577,2025,12,December,7,7,0,1
C12578,2024,7,July,1,1,1,0
C12578,2025,5,May,2,1,0,0
C12578,2025,8,August,3,2,0,1
C12579,2025,8,August,1,2,0,1
C12580,2025,3,March,1,1,1,0
C12580,2025,6,June,2,1,0,0
C12580,2025,7,July,3,2,0,1
C12580,2025,11,November,4,3,0,1
C12581,2024,7,July,1,1,1,0
C12581,2024,9,September,2,2,0,1
C12581,2024,10,October,3,3,0,1
C12581,2024,12,December,4,4,0,1
C12581,2025,1,January,7,5,0,1
C12581,2025,2,February,8,6,0,1
C12581,2025,4,April,9,7,0,1
C12581,2025,5,May,10,10,0,1
C12581,2025,7,July,13,12,0,1
C12581,2025,8,August,15,13,0,1
C12581,2025,9,September,16,15,0,1
C12581,2025,10,October,18,15,0,1
C12581,2025,12,December,19,17,0,1
C12582,2025,6,June,1,0,1,0
C12582,2025,7,July,2,1,0,0
C12582,2025,8,August,3,2,0,1
C12582,2025,9,September,4,3,0,1
C12583,2024,10,October,1,1,1,0
C12583,2024,12,December,2,2,0,1
C12584,2024,8,August,1,1,1,0
C12584,2024,9,September,2,2,0,1
C12584,2025,1,January,3,3,0,1
C12584,2025,12,December,4,4,0,1
C12585,2025,12,December,1,1,1,0
C12586,2024,12,December,1,1,1,0
C12586,2025,3,March,2,2,0,1
C12586,2025,8,August,3,3,0,1
C12586,2025,10,October,4,4,0,1
C12586,2025,12,December,5,5,0,1
C12587,2024,9,September,1,1,1,0
C12587,2024,10,October,2,2,0,1
C12587,2025,6,June,3,2,0,1
C12587,2025,7,July,4,3,0,1
C12587,2025,10,October,5,4,0,1
C12588,2024,12,December,1,1,1,0
C12589,2024,8,August,1,1,1,0
C12589,2025,2,February,2,2,0,1
C12589,2025,5,May,3,3,0,1
C12589,2025,11,November,4,5,0,1
C12590,2024,8,August,1,1,1,0
C12590,2025,3,March,2,2,0,1
C12591,2024,11,November,1,1,1,0
C12591,2025,5,May,3,2,0,1
C12591,2025,10,October,4,3,0,1
C12591,2025,11,November,5,4,0,1
C12592,2024,11,November,1,1,1,0
C12592,2025,6,June,2,2,0,1
C12592,2025,9,September,3,3,0,1
C12594,2024,10,October,1,1,1,0
C12594,2025,3,March,2,2,0,1
C12594,2025,7,July,3,3,0,1
C12594,2025,8,August,4,4,0,1
C12594,2025,11,November,5,5,0,1
C12595,2024,11,November,1,1,1,0
C12595,2025,1,January,2,2,0,1
C12595,2025,2,February,3,3,0,1
C12595,2025,4,April,4,4,0,1
C12595,2025,6,June,5,5,0,1
C12596,2024,9,September,1,1,1,0
C12596,2024,11,November,2,1,0,0
C12596,2024,12,December,3,2,0,1
C12598,2024,9,September,1,1,1,0
C12599,2024,9,September,1,1,1,0
C12599,2024,11,November,2,1,0,0
C12599,2025,5,May,3,2,0,1
C12599,2025,6,June,4,3,0,1
C12599,2025,7,July,5,4,0,1
C12599,2025,9,September,6,4,0,1
C12599,2025,12,December,7,5,0,1
C12600,2024,7,July,1,2,0,1
C12600,2024,8,August,3,3,0,1
C12600,2024,10,October,4,4,0,1
C12601,2024,7,July,1,1,1,0
C12601,2024,10,October,2,2,0,1
C12601,2025,7,July,3,3,0,1
C12602,2024,8,August,1,1,1,0
C12602,2024,10,October,2,1,0,0
C12602,2024,12,December,3,1,0,0
C12602,2025,3,March,4,2,0,1
C12602,2025,5,May,5,3,0,1
C12602,2025,6,June,6,3,0,1
C12602,2025,9,September,7,4,0,1
C12602,2025,10,October,8,5,0,1
C12602,2025,12,December,9,7,0,1
C12603,2025,3,March,1,1,1,0
C12603,2025,6,June,2,2,0,1
C12604,2024,12,December,1,0,1,0
C12604,2025,4,April,2,1,0,0
C12604,2025,6,June,3,2,0,1
C12604,2025,7,July,4,3,0,1
C12604,2025,8,August,5,5,0,1
C12604,2025,12,December,7,6,0,1
C12605,2024,7,July,1,1,1,0
C12605,2024,8,August,2,2,0,1
C12606,2024,10,October,1,1,1,0
C12606,2024,11,November,2,1,0,0
C12606,2025,5,May,3,2,0,1
C12606,2025,7,July,4,3,0,1
C12606,2025,8,August,5,4,0,1
C12607,2024,9,September,1,0,1,0
C12607,2024,12,December,2,1,0,0
C12607,2025,2,February,3,2,0,1
C12607,2025,8,August,4,3,0,1
C12607,2025,11,November,5,3,0,1
C12608,2025,1,January,1,1,1,0
C12608,2025,11,November,2,2,0,1
C12608,2025,12,December,3,3,0,1
C12609,2024,11,November,1,1,1,0
C12609,2025,8,August,2,1,0,0
C12610,2024,9,September,1,1,1,0
C12610,2024,12,December,2,3,0,1
C12610,2025,3,March,4,3,0,1
C12610,2025,4,April,5,3,0,1
C12610,2025,8,August,6,3,0,1
C12610,2025,9,September,7,4,0,1
C12611,2024,11,November,1,1,1,0
C12611,2025,10,October,2,2,0,1
C12612,2024,9,September,1,1,1,0
C12612,2025,1,January,2,2,0,1
C12612,2025,6,June,3,2,0,1
C12612,2025,8,August,4,2,0,1
C12613,2024,7,July,1,1,1,0
C12613,2024,9,September,2,2,0,1
C12613,2024,11,November,3,3,0,1
C12613,2025,1,January,4,4,0,1
C12613,2025,3,March,5,6,0,1
C12613,2025,4,April,7,7,0,1
C12613,2025,5,May,8,9,0,1
C12614,2024,12,December,1,1,1,0
C12614,2025,12,December,2,2,0,1
C12615,2024,11,November,1,1,1,0
C12615,2025,1,January,2,2,0,1
C12615,2025,4,April,3,2,0,1
C12615,2025,8,August,4,3,0,1
C12615,2025,10,October,5,5,0,1
C12616,2024,10,October,1,0,1,0
C12616,2025,8,August,2,1,0,0
C12617,2024,12,December,1,1,1,0
C12617,2025,1,January,2,2,0,1
C12617,2025,5,May,3,3,0,1
C12617,2025,10,October,4,4,0,1
C12618,2024,11,November,1,0,1,0
C12618,2025,4,April,2,1,0,0
C12619,2025,1,January,1,1,1,0
C12619,2025,6,June,2,2,0,1
C12619,2025,11,November,3,3,0,1
C12620,2024,9,September,1,1,1,0
C12620,2024,11,November,2,2,0,1
C12620,2025,9,September,3,2,0,1
C12620,2025,10,October,4,3,0,1
C12621,2025,3,March,1,1,1,0
C12621,2025,7,July,2,2,0,1
C12621,2025,10,October,3,2,0,1
C12622,2024,10,October,1,1,1,0
C12622,2025,11,November,2,1,0,0
C12623,2025,10,October,1,1,1,0
C12624,2024,7,July,1,1,1,0
C12624,2024,9,September,2,2,0,1
C12624,2024,10,October,3,3,0,1
C12624,2024,11,November,4,4,0,1
C12624,2024,12,December,5,5,0,1
C12624,2025,2,February,6,7,0,1
C12624,2025,3,March,8,8,0,1
C12624,2025,5,May,9,9,0,1
C12624,2025,9,September,10,9,0,1
C12624,2025,11,November,11,10,0,1
C12624,2025,12,December,12,11,0,1
C12625,2024,9,September,1,1,1,0
C12625,2024,11,November,2,2,0,1
C12625,2025,4,April,3,3,0,1
C12626,2024,10,October,1,1,1,0
C12626,2025,1,January,2,3,0,1
C12626,2025,4,April,4,4,0,1
C12626,2025,5,May,5,5,0,1
C12626,2025,7,July,6,7,0,1
C12626,2025,8,August,8,7,0,1
C12626,2025,12,December,9,8,0,1
C12627,2024,8,August,1,1,1,0
C12627,2025,2,February,2,2,0,1
C12627,2025,12,December,3,3,0,1
C12628,2024,9,September,1,0,1,0
C12628,2025,11,November,2,0,0,0
C12629,2025,8,August,1,1,1,0
C12630,2025,12,December,1,1,1,0
C12631,2025,2,February,1,1,1,0
C12632,2025,1,January,1,1,1,0
C12632,2025,4,April,2,1,0,0
C12632,2025,7,July,3,2,0,1
C12633,2024,9,September,1,1,1,0
C12633,2024,11,November,2,1,0,0
C12633,2025,3,March,3,1,0,0
C12633,2025,4,April,4,2,0,1
C12633,2025,6,June,5,3,0,1
C12633,2025,7,July,6,4,0,1
C12633,2025,10,October,7,5,0,1
C12633,2025,12,December,8,5,0,1
C12634,2024,9,September,1,0,1,0
C12634,2025,11,November,2,0,0,0
C12635,2025,9,September,1,1,1,0
C12636,2024,7,July,1,1,1,0
C12636,2024,12,December,2,1,0,0
C12636,2025,2,February,3,2,0,1
C12636,2025,6,June,4,3,0,1
C12636,2025,9,September,5,4,0,1
C12636,2025,12,December,6,6,0,1
C12637,2024,9,September,1,1,1,0
C12637,2025,4,April,2,2,0,1
C12640,2024,8,August,1,1,1,0
C12640,2025,8,August,2,2,0,1
C12640,2025,12,December,3,3,0,1
C12641,2024,9,September,1,0,1,0
C12641,2025,4,April,2,1,0,0
C12641,2025,5,May,3,1,0,0
C12642,2024,11,November,1,1,1,0
C12642,2024,12,December,2,2,0,1
C12642,2025,1,January,3,2,0,1
C12642,2025,4,April,4,2,0,1
C12642,2025,5,May,5,3,0,1
C12642,2025,9,September,6,4,0,1
C12643,2025,1,January,1,1,1,0
C12643,2025,5,May,3,2,0,1
C12644,2024,8,August,1,2,0,1
C12644,2024,12,December,3,4,0,1
C12644,2025,4,April,5,6,0,1
C12644,2025,8,August,7,7,0,1
C12644,2025,12,December,8,8,0,1
C12645,2024,10,October,1,1,1,0
C12646,2024,11,November,1,1,1,0
C12646,2025,3,March,2,2,0,1
C12647,2024,8,August,1,1,1,0
C12647,2025,2,February,2,2,0,1
C12647,2025,9,September,3,3,0,1
C12648,2024,11,November,1,2,0,1
C12648,2025,2,February,3,3,0,1
C12648,2025,3,March,4,4,0,1
C12648,2025,5,May,5,4,0,1
C12648,2025,7,July,7,6,0,1
C12649,2025,7,July,1,1,1,0
C12651,2025,1,January,1,1,1,0
C12651,2025,4,April,2,2,0,1
C12651,2025,7,July,3,3,0,1
C12652,2024,7,July,1,1,1,0
C12652,2024,12,December,2,1,0,0
C12652,2025,8,August,3,2,0,1
C12652,2025,10,October,4,3,0,1
C12653,2024,11,November,1,1,1,0
C12653,2024,12,December,2,2,0,1
C12653,2025,6,June,3,3,0,1
C12653,2025,8,August,4,4,0,1
C12654,2024,8,August,1,2,0,1
C12654,2024,9,September,3,3,0,1
C12654,2025,1,January,4,4,0,1
C12654,2025,2,February,5,5,0,1
C12654,2025,5,May,6,6,0,1
C12655,2024,7,July,1,0,1,0
C12655,2024,9,September,2,1,0,0
C12655,2024,11,November,3,2,0,1
C12655,2024,12,December,4,3,0,1
C12655,2025,4,April,5,4,0,1
C12655,2025,9,September,6,5,0,1
C12655,2025,12,December,7,6,0,1
C12656,2024,7,July,1,1,1,0
C12656,2024,8,August,2,3,0,1
C12656,2024,9,September,4,4,0,1
C12656,2025,3,March,5,5,0,1
C12656,2025,5,May,6,6,0,1
C12656,2025,7,July,7,7,0,1
C12656,2025,12,December,8,7,0,1
C12657,2025,4,April,1,1,1,0
C12658,2024,7,July,1,1,1,0
C12658,2024,11,November,3,2,0,1
C12658,2025,8,August,4,3,0,1
C12660,2024,12,December,1,1,1,0
C12660,2025,3,March,2,2,0,1
C12660,2025,4,April,3,3,0,1
C12660,2025,9,September,4,5,0,1
C12661,2024,10,October,1,1,1,0
C12661,2025,1,January,2,2,0,1
C12661,2025,3,March,3,3,0,1
C12661,2025,12,December,4,4,0,1
C12662,2024,7,July,1,1,1,0
C12662,2024,9,September,2,2,0,1
C12662,2024,10,October,3,4,0,1
C12662,2025,1,January,6,6,0,1
C12662,2025,2,February,8,7,0,1
C12662,2025,5,May,9,8,0,1
C12662,2025,6,June,10,9,0,1
C12662,2025,7,July,11,10,0,1
C12663,2025,4,April,1,1,1,0
C12663,2025,12,December,2,1,0,0
C12664,2024,10,October,1,0,1,0
C12664,2024,11,November,2,1,0,0
C12664,2025,4,April,3,2,0,1
C12664,2025,9,September,4,3,0,1
C12665,2024,9,September,1,1,1,0
C12665,2025,1,January,2,3,0,1
C12665,2025,3,March,4,4,0,1
C12665,2025,7,July,5,4,0,1
C12665,2025,10,October,6,5,0,1
C12666,2024,10,October,1,0,1,0
C12666,2025,6,June,2,1,0,0
C12666,2025,7,July,3,1,0,0
C12666,2025,9,September,4,2,0,1
C12666,2025,12,December,5,3,0,1
C12668,2024,8,August,1,1,1,0
C12668,2024,10,October,2,1,0,0
C12668,2025,7,July,3,1,0,0
C12668,2025,12,December,4,2,0,1
C12669,2024,8,August,1,1,1,0
C12669,2024,12,December,2,2,0,1
C12669,2025,8,August,3,3,0,1
C12669,2025,11,November,5,4,0,1
C12670,2024,8,August,1,1,1,0
C12670,2024,12,December,2,2,0,1
C12670,2025,12,December,3,2,0,1
C12671,2025,1,January,1,0,1,0
C12671,2025,2,February,2,1,0,0
C12671,2025,6,June,3,2,0,1
C12672,2024,9,September,1,0,1,0
C12672,2024,10,October,2,1,0,0
C12672,2025,8,August,3,2,0,1
C12673,2024,10,October,1,2,0,1
C12673,2024,11,November,3,3,0,1
C12673,2025,4,April,4,5,0,1
C12673,2025,5,May,6,6,0,1
C12673,2025,7,July,7,7,0,1
C12673,2025,10,October,8,8,0,1
C12674,2024,10,October,1,1,1,0
C12674,2025,2,February,2,1,0,0
C12674,2025,5,May,3,2,0,1
C12675,2024,8,August,1,1,1,0
C12675,2024,9,September,2,2,0,1
C12675,2024,11,November,3,3,0,1
C12675,2025,1,January,4,4,0,1
C12675,2025,3,March,6,5,0,1
C12676,2025,10,October,1,1,1,0
C12676,2025,12,December,2,2,0,1
C12677,2024,10,October,1,1,1,0
C12677,2025,4,April,2,2,0,1
C12677,2025,5,May,3,3,0,1
C12677,2025,6,June,4,4,0,1
C12678,2024,11,November,1,1,1,0
C12678,2025,6,June,2,2,0,1
C12679,2024,11,November,1,1,1,0
C12679,2025,4,April,2,1,0,0
C12679,2025,11,November,3,2,0,1
C12680,2024,7,July,1,1,1,0
C12680,2024,10,October,2,2,0,1
C12680,2025,1,January,3,4,0,1
C12680,2025,6,June,5,7,0,1
C12680,2025,7,July,8,8,0,1
C12680,2025,10,October,9,9,0,1
C12681,2024,7,July,1,1,1,0
C12681,2024,8,August,2,2,0,1
C12681,2024,9,September,3,2,0,1
C12681,2025,1,January,4,3,0,1
C12682,2024,9,September,1,0,1,0
C12683,2024,8,August,1,1,1,0
C12683,2024,11,November,2,2,0,1
C12683,2025,2,February,3,2,0,1
C12683,2025,3,March,4,3,0,1
C12683,2025,5,May,6,5,0,1
C12683,2025,8,August,8,7,0,1
C12683,2025,11,November,10,9,0,1
C12683,2025,12,December,12,9,0,1
C12684,2025,1,January,1,1,1,0
C12684,2025,2,February,2,2,0,1
C12684,2025,3,March,3,2,0,1
C12684,2025,4,April,4,3,0,1
C12684,2025,10,October,5,3,0,1
C12684,2025,11,November,6,4,0,1
C12685,2025,10,October,1,1,1,0
C12686,2024,8,August,1,0,1,0
C12686,2025,5,May,2,0,0,0
C12686,2025,10,October,4,0,0,0
C12687,2025,7,July,1,1,1,0
C12687,2025,9,September,2,2,0,1
C12688,2025,1,January,1,1,1,0
C12688,2025,5,May,2,3,0,1
C12688,2025,6,June,5,4,0,1
C12689,2025,1,January,1,1,1,0
C12690,2025,7,July,1,1,1,0
C12690,2025,9,September,2,2,0,1
C12691,2024,9,September,1,1,1,0
C12691,2024,10,October,2,1,0,0
C12691,2025,3,March,3,1,0,0
C12691,2025,7,July,4,2,0,1
C12691,2025,9,September,5,3,0,1
C12692,2024,8,August,1,3,0,1
C12692,2024,11,November,4,6,0,1
C12692,2025,1,January,7,6,0,1
C12692,2025,3,March,8,6,0,1
C12692,2025,7,July,9,7,0,1
C12692,2025,9,September,10,8,0,1
C12692,2025,10,October,11,8,0,1
C12692,2025,11,November,12,9,0,1
C12693,2024,7,July,1,1,1,0
C12693,2024,11,November,2,2,0,1
C12693,2024,12,December,3,2,0,1
C12694,2024,9,September,1,1,1,0
C12694,2024,10,October,3,2,0,1
C12694,2025,1,January,4,3,0,1
C12694,2025,2,February,6,4,0,1
C12694,2025,3,March,7,5,0,1
C12694,2025,4,April,9,5,0,1
C12694,2025,8,August,10,5,0,1
C12694,2025,10,October,11,6,0,1
C12695,2024,11,November,1,2,0,1
C12695,2024,12,December,3,2,0,1
C12695,2025,4,April,4,3,0,1
C12695,2025,8,August,5,5,0,1
C12696,2024,11,November,1,1,1,0
C12697,2024,9,September,1,0,1,0
C12697,2024,12,December,2,1,0,0
C12697,2025,4,April,3,1,0,0
C12697,2025,7,July,4,2,0,1
C12697,2025,11,November,5,3,0,1
C12697,2025,12,December,6,3,0,1
C12698,2025,3,March,1,1,1,0
C12698,2025,6,June,2,2,0,1
C12698,2025,7,July,3,3,0,1
C12698,2025,8,August,4,4,0,1
C12700,2024,7,July,1,0,1,0
C12700,2024,8,August,2,2,0,1
C12700,2024,11,November,4,2,0,1
C12700,2024,12,December,5,3,0,1
C12700,2025,1,January,6,4,0,1
C12700,2025,2,February,7,5,0,1
C12700,2025,3,March,8,6,0,1
C12700,2025,4,April,9,7,0,1
C12700,2025,5,May,10,8,0,1
C12700,2025,6,June,11,9,0,1
C12700,2025,7,July,12,9,0,1
C12700,2025,9,September,14,10,0,1
C12700,2025,11,November,15,11,0,1
C12700,2025,12,December,16,12,0,1
C12702,2025,1,January,1,1,1,0
C12703,2024,8,August,1,1,1,0
C12704,2024,10,October,1,1,1,0
C12704,2024,11,November,2,1,0,0
C12704,2024,12,December,3,1,0,0
C12704,2025,1,January,4,2,0,1
C12704,2025,2,February,5,3,0,1
C12704,2025,7,July,6,4,0,1
C12704,2025,12,December,7,5,0,1
C12705,2024,8,August,1,1,1,0
C12705,2024,9,September,3,2,0,1
C12705,2025,1,January,4,3,0,1
C12705,2025,9,September,6,4,0,1
C12706,2025,3,March,1,1,1,0
C12706,2025,6,June,2,2,0,1
C12707,2025,3,March,1,1,1,0
C12707,2025,4,April,2,1,0,0
C12707,2025,5,May,3,2,0,1
C12707,2025,7,July,4,3,0,1
C12707,2025,11,November,5,3,0,1
C12708,2024,8,August,1,1,1,0
C12708,2024,9,September,2,2,0,1
C12708,2025,8,August,3,2,0,1
C12708,2025,12,December,4,3,0,1
C12709,2024,10,October,1,1,1,0
C12709,2025,2,February,2,2,0,1
C12709,2025,3,March,3,3,0,1
C12709,2025,7,July,4,4,0,1
C12709,2025,8,August,5,5,0,1
C12709,2025,9,September,6,6,0,1
C12709,2025,11,November,7,7,0,1
C12710,2024,9,September,1,0,1,0
C12710,2024,12,December,3,1,0,0
C12710,2025,12,December,4,2,0,1
C12711,2024,7,July,1,1,1,0
C12711,2024,8,August,2,2,0,1
C12711,2024,9,September,3,3,0,1
C12711,2024,10,October,4,3,0,1
C12711,2025,11,November,5,3,0,1
C12711,2025,12,December,6,5,0,1
C12712,2025,3,March,1,0,1,0
C12713,2024,7,July,1,1,1,0
C12713,2024,9,September,2,2,0,1
C12713,2024,11,November,3,3,0,1
C12714,2024,11,November,1,1,1,0
C12715,2024,9,September,1,1,1,0
C12715,2024,11,November,2,2,0,1
C12715,2025,2,February,3,3,0,1
C12715,2025,5,May,4,5,0,1
C12715,2025,9,September,6,6,0,1
C12716,2024,7,July,1,1,1,0
C12716,2025,5,May,2,2,0,1
C12716,2025,10,October,3,3,0,1
C12717,2024,9,September,1,1,1,0
C12717,2024,10,October,2,3,0,1
C12717,2024,12,December,4,5,0,1
C12717,2025,1,January,6,6,0,1
C12717,2025,2,February,7,6,0,1
C12718,2024,9,September,1,1,1,0
C12719,2024,12,December,1,1,1,0
C12719,2025,1,January,2,2,0,1
C12719,2025,9,September,3,3,0,1
C12720,2024,7,July,1,0,1,0
C12721,2024,9,September,1,1,1,0
C12721,2025,4,April,2,3,0,1
C12721,2025,5,May,4,4,0,1
C12721,2025,7,July,5,5,0,1
C12722,2024,12,December,1,1,1,0
C12722,2025,4,April,2,2,0,1
C12722,2025,11,November,3,3,0,1
C12723,2024,7,July,1,1,1,0
C12723,2025,3,March,2,2,0,1
C12724,2024,8,August,1,0,1,0
C12724,2024,12,December,3,0,0,0
C12724,2025,2,February,4,1,0,0
C12724,2025,3,March,5,2,0,1
C12724,2025,6,June,6,2,0,1
C12724,2025,9,September,7,3,0,1
C12724,2025,10,October,8,4,0,1
C12725,2024,12,December,1,0,1,0
C12725,2025,11,November,2,1,0,0
C12726,2024,7,July,1,0,1,0
C12726,2024,9,September,2,1,0,0
C12726,2024,10,October,3,2,0,1
C12726,2025,6,June,4,3,0,1
C12726,2025,8,August,5,4,0,1
C12726,2025,11,November,6,5,0,1
C12727,2024,8,August,1,0,1,0
C12727,2024,9,September,2,1,0,0
C12727,2025,6,June,3,1,0,0
C12728,2025,3,March,1,1,1,0
C12729,2024,11,November,1,1,1,0
C12729,2025,3,March,2,2,0,1
C12729,2025,7,July,3,3,0,1
C12729,2025,9,September,4,4,0,1
C12730,2024,7,July,1,0,1,0
C12730,2024,8,August,2,1,0,0
C12730,2024,12,December,3,2,0,1
C12730,2025,1,January,4,4,0,1
C12730,2025,2,February,6,5,0,1
C12730,2025,4,April,7,7,0,1
C12730,2025,8,August,9,7,0,1
C12730,2025,12,December,10,9,0,1
C12731,2024,8,August,1,1,1,0
C12731,2024,10,October,2,2,0,1
C12731,2025,2,February,3,3,0,1
C12731,2025,11,November,4,4,0,1
C12732,2024,8,August,1,1,1,0
C12733,2024,7,July,1,1,1,0
C12733,2024,8,August,2,2,0,1
C12733,2025,12,December,3,3,0,1
C12734,2024,8,August,1,1,1,0
C12734,2025,2,February,2,2,0,1
C12734,2025,10,October,3,3,0,1
C12735,2024,8,August,1,2,0,1
C12735,2025,1,January,3,3,0,1
C12735,2025,4,April,4,5,0,1
C12735,2025,9,September,6,7,0,1
C12735,2025,11,November,8,9,0,1
C12736,2024,7,July,1,1,1,0
C12736,2024,8,August,2,2,0,1
C12736,2024,9,September,3,3,0,1
C12736,2025,1,January,4,4,0,1
C12736,2025,6,June,5,6,0,1
C12736,2025,7,July,7,7,0,1
C12736,2025,12,December,8,7,0,1
C12737,2025,3,March,1,1,1,0
C12738,2024,9,September,1,1,1,0
C12738,2024,11,November,2,2,0,1
C12738,2025,4,April,3,3,0,1
C12739,2025,1,January,1,1,1,0
C12740,2024,8,August,1,0,1,0
C12740,2024,9,September,2,0,0,0
C12740,2025,6,June,3,1,0,0
C12740,2025,9,September,4,2,0,1
C12740,2025,12,December,5,3,0,1
C12741,2024,10,October,1,2,0,1
C12741,2024,11,November,3,3,0,1
C12741,2025,12,December,4,4,0,1
C12742,2024,7,July,1,1,1,0
C12742,2024,10,October,2,3,0,1
C12742,2025,1,January,4,4,0,1
C12742,2025,4,April,5,6,0,1
C12742,2025,6,June,7,7,0,1
C12742,2025,10,October,8,8,0,1
C12743,2024,8,August,1,1,1,0
C12743,2024,10,October,2,2,0,1
C12743,2024,11,November,3,3,0,1
C12743,2025,6,June,4,4,0,1
C12743,2025,7,July,5,5,0,1
C12743,2025,8,August,6,6,0,1
C12743,2025,10,October,7,7,0,1
C12743,2025,12,December,8,7,0,1
C12744,2024,8,August,1,0,1,0
C12744,2025,1,January,2,1,0,0
C12744,2025,4,April,3,2,0,1
C12744,2025,6,June,4,3,0,1
C12744,2025,8,August,5,4,0,1
C12744,2025,11,November,6,5,0,1
C12745,2024,9,September,1,1,1,0
C12745,2025,1,January,2,2,0,1
C12745,2025,2,February,3,3,0,1
C12746,2024,8,August,1,1,1,0
C12746,2024,11,November,3,1,0,0
C12746,2025,1,January,4,2,0,1
C12746,2025,4,April,5,3,0,1
C12746,2025,5,May,7,4,0,1
C12746,2025,6,June,8,4,0,1
C12746,2025,7,July,10,5,0,1
C12746,2025,8,August,11,6,0,1
C12746,2025,9,September,12,7,0,1
C12746,2025,10,October,13,9,0,1
C12746,2025,11,November,16,10,0,1
C12747,2025,8,August,1,2,0,1
C12748,2024,7,July,1,0,1,0
C12748,2024,12,December,2,1,0,0
C12748,2025,1,January,3,1,0,0
C12748,2025,2,February,4,3,0,1
C12748,2025,11,November,6,3,0,1
C12748,2025,12,December,7,4,0,1
C12749,2024,11,November,1,1,1,0
C12749,2025,6,June,2,2,0,1
C12749,2025,10,October,3,3,0,1
C12750,2025,7,July,1,1,1,0
C12750,2025,8,August,2,2,0,1
C12750,2025,11,November,3,3,0,1
C12751,2024,12,December,1,1,1,0
C12751,2025,8,August,2,3,0,1
C12751,2025,10,October,4,4,0,1
C12751,2025,11,November,5,4,0,1
C12752,2024,7,July,1,1,1,0
C12752,2024,9,September,2,2,0,1
C12752,2025,8,August,3,2,0,1
C12752,2025,12,December,4,3,0,1
C12753,2024,7,July,1,0,1,0
C12753,2025,5,May,2,1,0,0
C12753,2025,8,August,3,2,0,1
C12754,2024,11,November,1,1,1,0
C12754,2024,12,December,2,2,0,1
C12754,2025,7,July,3,3,0,1
C12755,2024,10,October,1,1,1,0
C12755,2025,1,January,2,2,0,1
C12756,2025,6,June,1,1,1,0
C12756,2025,7,July,2,2,0,1
C12756,2025,10,October,3,3,0,1
C12758,2025,8,August,1,1,1,0
C12759,2024,10,October,1,1,1,0
C12760,2024,8,August,1,1,1,0
C12760,2024,10,October,3,2,0,1
C12760,2025,5,May,4,3,0,1
C12760,2025,6,June,5,4,0,1
C12760,2025,7,July,6,5,0,1
C12761,2025,3,March,1,0,1,0
C12761,2025,4,April,2,1,0,0
C12762,2024,8,August,1,1,1,0
C12762,2025,4,April,2,1,0,0
C12763,2024,7,July,1,2,0,1
C12763,2025,3,March,3,3,0,1
C12763,2025,4,April,4,4,0,1
C12763,2025,6,June,5,5,0,1
C12763,2025,7,July,6,5,0,1
C12763,2025,8,August,7,6,0,1
C12763,2025,10,October,8,7,0,1
C12764,2024,7,July,1,1,1,0
C12764,2024,9,September,2,2,0,1
C12764,2025,8,August,3,3,0,1
C12764,2025,10,October,4,4,0,1
C12765,2024,9,September,1,1,1,0
C12765,2025,11,November,2,2,0,1
C12766,2025,3,March,1,1,1,0
C12766,2025,6,June,2,2,0,1
C12767,2024,7,July,1,1,1,0
C12767,2024,10,October,2,2,0,1
C12767,2024,12,December,3,3,0,1
C12767,2025,2,February,5,4,0,1
C12767,2025,4,April,6,4,0,1
C12767,2025,5,May,7,5,0,1
C12767,2025,6,June,8,7,0,1
C12767,2025,7,July,10,8,0,1
C12767,2025,8,August,11,8,0,1
C12768,2024,8,August,1,2,0,1
C12768,2025,4,April,3,3,0,1
C12769,2024,12,December,1,1,1,0
C12769,2025,1,January,2,2,0,1
C12770,2024,7,July,1,1,1,0
C12770,2024,12,December,2,2,0,1
C12770,2025,4,April,3,3,0,1
C12770,2025,5,May,4,4,0,1
C12770,2025,6,June,6,4,0,1
C12771,2025,1,January,1,1,1,0
C12771,2025,6,June,2,2,0,1
C12772,2024,8,August,1,1,1,0
C12772,2024,9,September,2,2,0,1
C12773,2024,8,August,1,1,1,0
C12773,2024,9,September,2,2,0,1
C12773,2025,3,March,3,3,0,1
C12773,2025,6,June,4,4,0,1
C12773,2025,9,September,5,5,0,1
C12774,2024,10,October,1,0,1,0
C12774,2025,5,May,2,1,0,0
C12774,2025,6,June,3,2,0,1
C12774,2025,8,August,4,3,0,1
C12775,2024,8,August,1,1,1,0
C12775,2024,10,October,2,2,0,1
C12775,2025,3,March,3,3,0,1
C12776,2024,12,December,1,1,1,0
C12776,2025,12,December,2,2,0,1
C12777,2024,9,September,1,0,1,0
C12777,2024,12,December,2,1,0,0
C12778,2025,5,May,1,1,1,0
C12779,2025,2,February,1,0,1,0
C12779,2025,5,May,2,1,0,0
C12779,2025,6,June,3,2,0,1
C12780,2024,9,September,1,1,1,0
C12780,2025,2,February,2,2,0,1
C12780,2025,4,April,3,3,0,1
C12780,2025,8,August,4,4,0,1
C12780,2025,9,September,5,5,0,1
C12781,2024,8,August,1,1,1,0
C12781,2024,11,November,2,2,0,1
C12782,2024,8,August,1,1,1,0
C12782,2024,9,September,2,1,0,0
C12782,2025,2,February,3,2,0,1
C12782,2025,4,April,4,3,0,1
C12783,2024,7,July,1,1,1,0
C12783,2024,9,September,2,2,0,1
C12783,2025,3,March,3,3,0,1
C12783,2025,9,September,4,4,0,1
C12783,2025,10,October,5,5,0,1
C12784,2025,10,October,1,1,1,0
C12785,2025,1,January,1,1,1,0
C12785,2025,8,August,2,2,0,1
C12786,2025,3,March,1,2,0,1
C12786,2025,5,May,3,4,0,1
C12787,2025,9,September,1,0,1,0
C12788,2025,8,August,1,0,1,0
C12789,2024,10,October,1,1,1,0
C12789,2025,12,December,2,1,0,0
C12790,2024,10,October,1,1,1,0
C12790,2024,12,December,2,2,0,1
C12790,2025,1,January,3,4,0,1
C12790,2025,8,August,5,5,0,1
C12790,2025,11,November,6,6,0,1
C12791,2025,6,June,1,1,1,0
C12791,2025,10,October,2,2,0,1
C12791,2025,12,December,3,3,0,1
C12792,2024,7,July,1,1,1,0
C12792,2024,12,December,2,1,0,0
C12792,2025,4,April,3,2,0,1
C12792,2025,7,July,4,3,0,1
C12793,2024,10,October,1,0,1,0
C12794,2024,10,October,1,3,0,1
C12794,2025,2,February,4,4,0,1
C12794,2025,4,April,5,5,0,1
C12794,2025,5,May,6,6,0,1
C12794,2025,7,July,7,8,0,1
C12794,2025,10,October,9,10,0,1
C12794,2025,11,November,11,11,0,1
C12795,2024,9,September,1,1,1,0
C12795,2025,4,April,2,2,0,1
C12795,2025,5,May,3,3,0,1
C12795,2025,7,July,4,4,0,1
C12795,2025,8,August,5,5,0,1
C12795,2025,10,October,6,6,0,1
C12796,2024,10,October,1,0,1,0
C12796,2024,12,December,2,0,0,0
C12796,2025,2,February,3,2,0,1
C12796,2025,3,March,5,3,0,1
C12796,2025,4,April,6,4,0,1
C12796,2025,12,December,7,4,0,1
C12797,2024,11,November,1,1,1,0
C12797,2024,12,December,2,2,0,1
C12797,2025,10,October,3,3,0,1
C12797,2025,11,November,4,3,0,1
C12797,2025,12,December,5,5,0,1
C12798,2024,9,September,1,2,0,1
C12798,2024,10,October,3,3,0,1
C12798,2024,12,December,4,4,0,1
C12798,2025,5,May,5,5,0,1
C12799,2025,6,June,1,1,1,0
C12799,2025,7,July,2,2,0,1
C12800,2025,3,March,1,0,1,0
C12800,2025,5,May,2,1,0,0
C12800,2025,10,October,3,3,0,1
C12801,2025,4,April,1,1,1,0
C12802,2024,9,September,1,1,1,0
C12802,2025,5,May,2,2,0,1
C12803,2025,1,January,1,1,1,0
C12803,2025,4,April,2,2,0,1
C12803,2025,8,August,3,3,0,1
C12803,2025,11,November,4,4,0,1
C12803,2025,12,December,6,5,0,1
C12804,2024,8,August,1,1,1,0
C12804,2024,11,November,2,2,0,1
C12804,2025,3,March,3,3,0,1
C12804,2025,5,May,4,5,0,1
C12804,2025,9,September,6,6,0,1
C12806,2025,1,January,1,1,1,0
C12806,2025,5,May,2,2,0,1
C12807,2024,7,July,1,1,1,0
C12807,2024,12,December,2,2,0,1
C12807,2025,6,June,4,2,0,1
C12808,2024,10,October,1,1,1,0
C12808,2024,11,November,2,2,0,1
C12808,2025,1,January,3,3,0,1
C12808,2025,4,April,4,4,0,1
C12808,2025,6,June,5,5,0,1
C12808,2025,8,August,6,6,0,1
C12808,2025,10,October,7,7,0,1
C12809,2024,8,August,1,1,1,0
C12810,2024,7,July,1,1,1,0
C12810,2025,2,February,2,2,0,1
C12810,2025,4,April,3,3,0,1
C12810,2025,6,June,4,4,0,1
C12810,2025,7,July,5,6,0,1
C12810,2025,8,August,7,7,0,1
C12810,2025,12,December,8,8,0,1
C12811,2024,8,August,1,1,1,0
C12811,2024,10,October,3,1,0,0
C12811,2024,12,December,4,2,0,1
C12811,2025,2,February,5,3,0,1
C12811,2025,6,June,6,4,0,1
C12812,2025,3,March,1,1,1,0
C12812,2025,4,April,2,2,0,1
C12812,2025,5,May,3,3,0,1
C12812,2025,8,August,4,4,0,1
C12813,2024,9,September,1,1,1,0
C12813,2024,10,October,2,2,0,1
C12813,2025,1,January,3,3,0,1
C12813,2025,4,April,4,5,0,1
C12813,2025,5,May,6,7,0,1
C12813,2025,9,September,8,8,0,1
C12813,2025,12,December,9,9,0,1
C12814,2025,1,January,1,1,1,0
C12815,2025,3,March,1,1,1,0
C12816,2024,10,October,1,1,1,0
C12816,2024,12,December,2,1,0,0
C12816,2025,4,April,3,2,0,1
C12816,2025,6,June,4,2,0,1
C12816,2025,7,July,5,3,0,1
C12817,2025,5,May,1,1,1,0
C12818,2025,10,October,1,2,0,1
C12820,2024,9,September,1,1,1,0
C12820,2024,11,November,2,2,0,1
C12820,2025,4,April,3,3,0,1
C12822,2024,8,August,1,1,1,0
C12822,2024,10,October,2,2,0,1
C12822,2025,2,February,4,3,0,1
C12822,2025,4,April,5,3,0,1
C12822,2025,7,July,6,4,0,1
C12823,2025,4,April,1,1,1,0
C12823,2025,10,October,2,2,0,1
C12824,2025,6,June,1,1,1,0
C12825,2024,10,October,1,1,1,0
C12825,2024,12,December,2,2,0,1
C12825,2025,2,February,3,3,0,1
C12825,2025,9,September,4,3,0,1
C12826,2025,6,June,1,1,1,0
C12827,2025,5,May,1,1,1,0
C12828,2025,10,October,1,1,1,0
C12828,2025,12,December,2,1,0,0
C12829,2025,1,January,1,1,1,0
C12829,2025,2,February,2,2,0,1
C12830,2024,8,August,1,1,1,0
C12830,2024,12,December,2,2,0,1
C12830,2025,1,January,3,3,0,1
C12831,2024,8,August,1,1,1,0
C12831,2024,11,November,2,2,0,1
C12832,2024,11,November,1,1,1,0
C12832,2025,4,April,2,2,0,1
C12832,2025,11,November,3,2,0,1
C12833,2024,10,October,1,1,1,0
C12833,2025,3,March,2,2,0,1
C12833,2025,12,December,3,3,0,1
C12834,2024,8,August,1,1,1,0
C12834,2024,9,September,2,2,0,1
C12835,2024,9,September,1,1,1,0
C12835,2024,10,October,2,1,0,0
C12835,2024,12,December,3,2,0,1
C12835,2025,1,January,6,3,0,1
C12835,2025,2,February,7,3,0,1
C12835,2025,5,May,8,4,0,1
C12835,2025,7,July,9,5,0,1
C12835,2025,8,August,10,6,0,1
C12835,2025,12,December,12,9,0,1
C12836,2024,8,August,1,1,1,0
C12836,2024,9,September,2,2,0,1
C12836,2024,10,October,4,3,0,1
C12836,2025,12,December,5,4,0,1
C12837,2025,11,November,1,1,1,0
C12838,2024,7,July,1,1,1,0
C12838,2024,8,August,2,2,0,1
C12838,2024,12,December,4,4,0,1
C12838,2025,2,February,6,4,0,1
C12838,2025,5,May,7,6,0,1
C12838,2025,9,September,10,7,0,1
C12838,2025,12,December,12,8,0,1
C12839,2025,3,March,1,1,1,0
C12839,2025,5,May,2,2,0,1
C12840,2024,12,December,1,1,1,0
C12840,2025,1,January,2,2,0,1
C12841,2024,8,August,1,3,0,1
C12841,2024,10,October,4,4,0,1
C12841,2025,1,January,5,5,0,1
C12842,2024,8,August,1,1,1,0
C12842,2024,12,December,2,2,0,1
C12842,2025,2,February,3,3,0,1
C12842,2025,4,April,4,4,0,1
C12842,2025,5,May,5,5,0,1
C12842,2025,8,August,6,6,0,1
C12842,2025,10,October,7,7,0,1
C12842,2025,11,November,9,8,0,1
C12842,2025,12,December,10,9,0,1
C12843,2024,8,August,1,0,1,0
C12843,2025,6,June,2,1,0,0
C12843,2025,8,August,3,2,0,1
C12843,2025,9,September,4,3,0,1
C12843,2025,12,December,5,4,0,1
C12844,2025,1,January,1,1,1,0
C12844,2025,3,March,2,2,0,1
C12844,2025,11,November,3,3,0,1
C12844,2025,12,December,4,4,0,1
C12845,2025,2,February,1,1,1,0
C12845,2025,8,August,2,1,0,0
C12845,2025,11,November,3,2,0,1
C12845,2025,12,December,4,2,0,1
C12846,2024,11,November,1,0,1,0
C12846,2025,10,October,2,1,0,0
C12847,2024,12,December,1,1,1,0
C12847,2025,1,January,3,2,0,1
C12847,2025,10,October,4,3,0,1
C12847,2025,11,November,5,4,0,1
C12848,2024,10,October,1,1,1,0
C12848,2024,11,November,2,2,0,1
C12848,2025,8,August,3,3,0,1
C12849,2024,7,July,1,1,1,0
C12849,2024,9,September,2,2,0,1
C12849,2024,10,October,3,3,0,1
C12849,2025,3,March,4,3,0,1
C12849,2025,7,July,5,3,0,1
C12849,2025,11,November,6,4,0,1
C12849,2025,12,December,7,4,0,1
C12850,2024,9,September,1,1,1,0
C12850,2025,4,April,2,2,0,1
C12850,2025,5,May,3,3,0,1
C12850,2025,12,December,4,4,0,1
C12851,2024,7,July,1,1,1,0
C12851,2025,1,January,2,2,0,1
C12851,2025,2,February,3,2,0,1
C12851,2025,7,July,4,4,0,1
C12851,2025,11,November,6,5,0,1
C12851,2025,12,December,7,6,0,1
C12852,2025,2,February,1,1,1,0
C12852,2025,10,October,2,2,0,1
C12852,2025,12,December,3,3,0,1
C12853,2024,8,August,1,1,1,0
C12853,2025,1,January,2,2,0,1
C12853,2025,10,October,3,3,0,1
C12853,2025,12,December,4,4,0,1
C12854,2025,6,June,1,1,1,0
C12855,2024,8,August,1,2,0,1
C12855,2025,6,June,3,3,0,1
C12855,2025,11,November,4,4,0,1
C12855,2025,12,December,5,5,0,1
C12856,2024,7,July,1,1,1,0
C12856,2024,8,August,2,2,0,1
C12856,2025,2,February,3,2,0,1
C12856,2025,7,July,4,4,0,1
C12856,2025,8,August,6,4,0,1
C12857,2024,7,July,1,1,1,0
C12857,2024,12,December,2,1,0,0
C12858,2024,12,December,1,1,1,0
C12858,2025,5,May,2,1,0,0
C12858,2025,9,September,3,2,0,1
C12859,2024,8,August,1,1,1,0
C12859,2024,9,September,3,2,0,1
C12859,2024,10,October,4,3,0,1
C12859,2025,5,May,5,4,0,1
C12859,2025,6,June,6,5,0,1
C12859,2025,10,October,7,6,0,1
C12860,2025,7,July,1,2,0,1
C12860,2025,12,December,3,3,0,1
C12861,2025,7,July,1,1,1,0
C12861,2025,10,October,2,2,0,1
C12862,2024,7,July,1,0,1,0
C12862,2024,9,September,2,1,0,0
C12862,2024,12,December,3,1,0,0
C12862,2025,9,September,4,1,0,0
C12863,2024,8,August,1,1,1,0
C12863,2024,9,September,2,2,0,1
C12863,2024,10,October,3,3,0,1
C12863,2025,3,March,4,5,0,1
C12863,2025,11,November,6,6,0,1
C12864,2025,11,November,1,1,1,0
C12864,2025,12,December,2,1,0,0
C12865,2025,6,June,1,1,1,0
C12866,2024,12,December,1,1,1,0
C12866,2025,2,February,2,2,0,1
C12867,2024,10,October,1,1,1,0
C12867,2025,3,March,2,2,0,1
C12867,2025,4,April,3,3,0,1
C12867,2025,6,June,4,4,0,1
C12867,2025,10,October,5,5,0,1
C12868,2024,10,October,1,1,1,0
C12868,2024,12,December,3,2,0,1
C12868,2025,5,May,4,3,0,1
C12868,2025,7,July,5,4,0,1
C12868,2025,8,August,6,5,0,1
C12868,2025,9,September,7,6,0,1
C12868,2025,10,October,8,7,0,1
C12868,2025,12,December,9,10,0,1
C12869,2024,8,August,1,1,1,0
C12869,2025,1,January,2,2,0,1
C12869,2025,7,July,3,2,0,1
C12870,2024,12,December,1,1,1,0
C12870,2025,6,June,2,2,0,1
C12870,2025,9,September,3,3,0,1
C12871,2024,9,September,1,1,1,0
C12871,2024,12,December,2,1,0,0
C12871,2025,2,February,3,2,0,1
C12871,2025,3,March,4,3,0,1
C12871,2025,5,May,5,4,0,1
C12871,2025,10,October,6,5,0,1
C12871,2025,12,December,7,6,0,1
C12872,2024,7,July,1,1,1,0
C12872,2025,3,March,2,1,0,0
C12872,2025,10,October,3,1,0,0
C12872,2025,12,December,4,2,0,1
C12873,2024,7,July,1,1,1,0
C12873,2025,1,January,2,3,0,1
C12873,2025,2,February,4,4,0,1
C12873,2025,3,March,5,5,0,1
C12874,2024,10,October,1,0,1,0
C12874,2025,8,August,2,1,0,0
C12874,2025,9,September,3,2,0,1
C12875,2025,1,January,1,0,1,0
C12876,2025,8,August,1,1,1,0
C12876,2025,10,October,2,2,0,1
C12877,2025,6,June,1,1,1,0
C12877,2025,8,August,2,2,0,1
C12878,2024,7,July,1,1,1,0
C12878,2024,8,August,2,2,0,1
C12878,2025,6,June,3,2,0,1
C12878,2025,12,December,4,3,0,1
C12879,2024,7,July,1,1,1,0
C12879,2024,9,September,2,1,0,0
C12879,2025,1,January,3,2,0,1
C12879,2025,11,November,4,3,0,1
C12880,2024,10,October,1,1,1,0
C12880,2025,1,January,2,2,0,1
C12880,2025,3,March,3,4,0,1
C12880,2025,6,June,5,5,0,1
C12880,2025,7,July,6,6,0,1
C12880,2025,8,August,7,7,0,1
C12881,2024,8,August,1,1,1,0
C12881,2025,1,January,2,2,0,1
C12882,2024,7,July,1,2,0,1
C12882,2025,3,March,3,2,0,1
C12882,2025,8,August,4,3,0,1
C12884,2025,3,March,1,0,1,0
C12884,2025,12,December,2,1,0,0
C12885,2025,3,March,1,1,1,0
C12886,2024,10,October,1,1,1,0
C12886,2025,12,December,2,2,0,1
C12887,2025,5,May,1,1,1,0
C12887,2025,7,July,2,2,0,1
C12887,2025,12,December,3,3,0,1
C12888,2024,10,October,1,1,1,0
C12888,2025,9,September,2,2,0,1
C12889,2025,2,February,1,1,1,0
C12889,2025,4,April,2,1,0,0
C12890,2024,7,July,1,1,1,0
C12890,2024,10,October,2,2,0,1
C12890,2024,11,November,3,3,0,1
C12890,2025,1,January,4,4,0,1
C12890,2025,4,April,5,4,0,1
C12890,2025,7,July,6,5,0,1
C12890,2025,9,September,7,6,0,1
C12890,2025,10,October,8,7,0,1
C12891,2025,1,January,1,1,1,0
C12891,2025,3,March,2,2,0,1
C12891,2025,5,May,3,3,0,1
C12891,2025,10,October,4,5,0,1
C12891,2025,12,December,6,6,0,1
C12893,2024,8,August,1,1,1,0
C12893,2024,9,September,2,2,0,1
C12893,2024,11,November,3,3,0,1
C12893,2024,12,December,4,4,0,1
C12893,2025,3,March,6,5,0,1
C12893,2025,8,August,7,7,0,1
C12893,2025,12,December,9,7,0,1
C12894,2025,5,May,1,1,1,0
C12894,2025,8,August,2,2,0,1
C12894,2025,11,November,3,2,0,1
C12895,2024,7,July,1,0,1,0
C12895,2024,8,August,2,1,0,0
C12895,2024,11,November,3,2,0,1
C12895,2025,1,January,4,3,0,1
C12896,2024,8,August,1,1,1,0
C12896,2025,6,June,2,2,0,1
C12897,2024,8,August,1,1,1,0
C12897,2025,3,March,2,2,0,1
C12897,2025,4,April,4,3,0,1
C12897,2025,7,July,5,5,0,1
C12897,2025,12,December,7,6,0,1
C12898,2025,6,June,1,1,1,0
C12898,2025,7,July,2,2,0,1
C12898,2025,10,October,3,3,0,1
C12900,2024,10,October,1,1,1,0
C12900,2025,3,March,2,2,0,1
C12900,2025,7,July,3,3,0,1
C12900,2025,11,November,4,4,0,1
C12901,2024,7,July,1,0,1,0
C12901,2024,11,November,2,1,0,0
C12901,2025,5,May,3,2,0,1
C12901,2025,7,July,4,3,0,1
C12901,2025,11,November,5,4,0,1
C12901,2025,12,December,6,5,0,1
C12902,2024,9,September,1,1,1,0
C12902,2025,6,June,2,1,0,0
C12903,2025,7,July,1,0,1,0
C12903,2025,8,August,2,1,0,0
C12903,2025,10,October,3,2,0,1
C12904,2024,9,September,1,0,1,0
C12904,2024,10,October,2,0,0,0
C12904,2025,10,October,3,0,0,0
C12904,2025,11,November,4,1,0,0
C12905,2024,9,September,1,1,1,0
C12905,2025,4,April,2,2,0,1
C12905,2025,9,September,3,3,0,1
C12906,2024,12,December,1,1,1,0
C12906,2025,12,December,2,2,0,1
C12907,2024,7,July,1,2,0,1
C12907,2024,9,September,3,3,0,1
C12907,2024,12,December,4,4,0,1
C12907,2025,2,February,5,5,0,1
C12907,2025,4,April,6,6,0,1
C12907,2025,9,September,7,7,0,1
C12908,2024,12,December,1,1,1,0
C12908,2025,4,April,3,2,0,1
C12908,2025,6,June,4,3,0,1
C12909,2024,8,August,1,0,1,0
C12909,2024,11,November,3,1,0,0
C12909,2025,3,March,5,1,0,0
C12909,2025,4,April,6,2,0,1
C12909,2025,6,June,7,3,0,1
C12909,2025,9,September,8,4,0,1
C12909,2025,11,November,9,5,0,1
C12910,2024,10,October,1,1,1,0
C12911,2024,9,September,1,1,1,0
C12911,2025,6,June,2,2,0,1
C12911,2025,11,November,3,2,0,1
C12912,2025,6,June,1,1,1,0
C12912,2025,10,October,2,2,0,1
C12914,2025,2,February,1,1,1,0
C12914,2025,4,April,2,1,0,0
C12914,2025,6,June,3,2,0,1
C12915,2024,7,July,1,1,1,0
C12915,2025,2,February,2,2,0,1
C12915,2025,3,March,3,3,0,1
C12915,2025,4,April,4,4,0,1
C12915,2025,12,December,6,4,0,1
C12916,2025,2,February,1,1,1,0
C12916,2025,8,August,3,2,0,1
C12917,2024,7,July,1,1,1,0
C12917,2025,4,April,2,2,0,1
C12917,2025,5,May,3,2,0,1
C12918,2025,5,May,1,1,1,0
C12919,2024,10,October,1,1,1,0
C12919,2025,9,September,2,2,0,1
C12920,2025,3,March,1,0,1,0
C12920,2025,6,June,2,1,0,0
C12921,2024,10,October,1,1,1,0
C12921,2024,12,December,2,1,0,0
C12921,2025,2,February,3,2,0,1
C12922,2024,11,November,1,1,1,0
C12922,2025,3,March,2,2,0,1
C12923,2024,11,November,1,1,1,0
C12923,2025,2,February,2,2,0,1
C12923,2025,10,October,3,3,0,1
C12923,2025,12,December,4,4,0,1
C12924,2024,7,July,1,0,1,0
C12924,2024,9,September,3,1,0,0
C12924,2025,10,October,4,2,0,1
C12924,2025,12,December,5,3,0,1
C12925,2024,9,September,1,0,1,0
C12925,2024,10,October,2,0,0,0
C12925,2024,11,November,3,2,0,1
C12925,2025,1,January,5,2,0,1
C12925,2025,3,March,6,3,0,1
C12925,2025,5,May,7,3,0,1
C12925,2025,7,July,8,4,0,1
C12925,2025,11,November,9,5,0,1
C12925,2025,12,December,10,6,0,1
C12926,2024,8,August,1,1,1,0
C12926,2024,12,December,2,2,0,1
C12926,2025,1,January,3,3,0,1
C12926,2025,3,March,4,4,0,1
C12926,2025,7,July,5,5,0,1
C12926,2025,8,August,6,6,0,1
C12926,2025,9,September,7,8,0,1
C12926,2025,12,December,9,8,0,1
C12927,2024,9,September,1,1,1,0
C12927,2025,7,July,2,2,0,1
C12927,2025,12,December,4,3,0,1
C12928,2024,9,September,1,0,1,0
C12928,2024,11,November,2,0,0,0
C12928,2025,1,January,3,2,0,1
C12928,2025,9,September,5,3,0,1
C12928,2025,12,December,6,4,0,1
C12929,2024,12,December,1,1,1,0
C12929,2025,6,June,2,2,0,1
C12930,2024,7,July,1,2,0,1
C12930,2024,8,August,3,3,0,1
C12930,2025,2,February,4,3,0,1
C12930,2025,3,March,5,4,0,1
C12930,2025,4,April,6,5,0,1
C12930,2025,10,October,7,6,0,1
C12930,2025,12,December,8,7,0,1
C12931,2025,9,September,1,1,1,0
C12931,2025,10,October,2,3,0,1
C12932,2024,8,August,1,1,1,0
C12932,2025,5,May,2,1,0,0
C12932,2025,8,August,3,2,0,1
C12932,2025,10,October,5,3,0,1
C12933,2024,8,August,1,0,1,0
C12933,2024,12,December,2,1,0,0
C12933,2025,1,January,3,1,0,0
C12933,2025,2,February,4,2,0,1
C12933,2025,5,May,5,3,0,1
C12933,2025,7,July,6,4,0,1
C12934,2024,7,July,1,1,1,0
C12934,2024,8,August,2,2,0,1
C12934,2025,3,March,3,3,0,1
C12934,2025,10,October,4,5,0,1
C12935,2024,7,July,1,3,0,1
C12935,2025,3,March,4,3,0,1
C12936,2024,12,December,1,1,1,0
C12936,2025,2,February,2,2,0,1
C12937,2024,11,November,1,1,1,0
C12937,2025,6,June,2,2,0,1
C12937,2025,8,August,3,3,0,1
C12938,2024,9,September,1,1,1,0
C12938,2024,12,December,2,2,0,1
C12939,2024,7,July,1,1,1,0
C12939,2024,12,December,2,2,0,1
C12939,2025,5,May,3,3,0,1
C12939,2025,11,November,4,4,0,1
C12940,2025,10,October,1,1,1,0
C12940,2025,11,November,2,1,0,0
C12942,2024,8,August,1,1,1,0
C12942,2025,5,May,2,2,0,1
C12942,2025,6,June,3,2,0,1
C12942,2025,8,August,4,3,0,1
C12943,2024,11,November,1,0,1,0
C12943,2025,3,March,3,1,0,0
C12943,2025,5,May,4,2,0,1
C12943,2025,7,July,5,3,0,1
C12944,2024,7,July,1,2,0,1
C12944,2025,6,June,3,3,0,1
C12944,2025,8,August,4,4,0,1
C12944,2025,11,November,5,5,0,1
C12945,2025,9,September,1,1,1,0
C12945,2025,12,December,2,2,0,1
C12946,2024,9,September,1,1,1,0
C12946,2024,12,December,2,2,0,1
C12946,2025,8,August,3,4,0,1
C12946,2025,11,November,5,5,0,1
C12948,2024,7,July,1,2,0,1
C12948,2024,8,August,3,3,0,1
C12948,2024,9,September,4,4,0,1
C12948,2024,10,October,5,5,0,1
C12948,2024,12,December,6,7,0,1
C12948,2025,6,June,8,10,0,1
C12949,2024,8,August,1,1,1,0
C12949,2025,7,July,2,1,0,0
C12950,2024,9,September,1,0,1,0
C12950,2025,5,May,2,1,0,0
C12950,2025,6,June,3,2,0,1
C12950,2025,9,September,4,2,0,1
C12951,2025,1,January,1,1,1,0
C12952,2024,10,October,1,2,0,1
C12952,2025,10,October,3,3,0,1
C12952,2025,11,November,4,5,0,1
C12953,2025,4,April,1,0,1,0
C12953,2025,10,October,2,0,0,0
C12954,2024,7,July,1,0,1,0
C12954,2024,9,September,2,1,0,0
C12954,2025,2,February,3,2,0,1
C12954,2025,4,April,4,3,0,1
C12954,2025,9,September,5,5,0,1
C12955,2025,3,March,1,1,1,0
C12955,2025,4,April,2,1,0,0
C12955,2025,8,August,3,2,0,1
C12955,2025,12,December,4,3,0,1
C12956,2024,9,September,1,1,1,0
C12956,2025,1,January,2,2,0,1
C12956,2025,4,April,3,3,0,1
C12956,2025,5,May,4,4,0,1
C12956,2025,10,October,5,6,0,1
C12957,2024,10,October,1,1,1,0
C12957,2025,4,April,2,2,0,1
C12958,2025,8,August,1,1,1,0
C12959,2024,8,August,1,1,1,0
C12959,2025,3,March,2,2,0,1
C12959,2025,5,May,3,2,0,1
C12960,2025,11,November,1,1,1,0
C12961,2024,8,August,1,1,1,0
C12961,2025,9,September,2,2,0,1
C12961,2025,10,October,3,3,0,1
C12962,2025,5,May,1,1,1,0
C12963,2024,9,September,1,1,1,0
C12963,2025,1,January,2,1,0,0
C12963,2025,8,August,3,2,0,1
C12963,2025,11,November,4,3,0,1
C12963,2025,12,December,5,4,0,1
C12964,2024,9,September,1,0,1,0
C12964,2024,10,October,2,1,0,0
C12964,2024,12,December,3,2,0,1
C12964,2025,3,March,4,4,0,1
C12964,2025,7,July,6,5,0,1
C12964,2025,8,August,7,6,0,1
C12965,2024,10,October,1,1,1,0
C12965,2025,3,March,2,2,0,1
C12965,2025,7,July,3,3,0,1
C12966,2024,12,December,1,2,0,1
C12966,2025,2,February,3,3,0,1
C12966,2025,12,December,4,4,0,1
C12967,2024,8,August,1,1,1,0
C12967,2025,6,June,2,2,0,1
C12967,2025,12,December,3,3,0,1
C12968,2024,11,November,1,1,1,0
C12968,2025,4,April,2,2,0,1
C12968,2025,7,July,4,3,0,1
C12968,2025,9,September,5,3,0,1
C12969,2024,11,November,1,0,1,0
C12970,2024,9,September,1,1,1,0
C12970,2024,10,October,2,2,0,1
C12970,2024,11,November,3,3,0,1
C12970,2025,2,February,4,4,0,1
C12970,2025,4,April,5,5,0,1
C12970,2025,7,July,6,6,0,1
C12970,2025,8,August,7,8,0,1
C12970,2025,10,October,9,8,0,1
C12971,2024,9,September,1,0,1,0
C12971,2024,11,November,2,1,0,0
C12972,2024,9,September,1,1,1,0
C12972,2024,12,December,2,2,0,1
C12972,2025,3,March,3,3,0,1
C12972,2025,4,April,4,5,0,1
C12973,2024,12,December,1,2,0,1
C12973,2025,7,July,3,2,0,1
C12974,2024,10,October,1,0,1,0
C12974,2025,5,May,2,1,0,0
C12974,2025,9,September,3,2,0,1
C12975,2024,7,July,1,1,1,0
C12975,2024,12,December,2,1,0,0
C12975,2025,5,May,3,1,0,0
C12975,2025,10,October,4,2,0,1
C12975,2025,12,December,5,3,0,1
C12976,2024,7,July,1,0,1,0
C12976,2024,9,September,2,1,0,0
C12976,2024,12,December,3,2,0,1
C12976,2025,5,May,4,3,0,1
C12976,2025,9,September,5,4,0,1
C12976,2025,10,October,6,5,0,1
C12977,2024,7,July,1,1,1,0
C12977,2025,4,April,2,2,0,1
C12977,2025,9,September,3,3,0,1
C12978,2024,8,August,1,1,1,0
C12978,2025,1,January,2,1,0,0
C12978,2025,10,October,3,2,0,1
C12978,2025,11,November,4,2,0,1
C12979,2024,8,August,1,0,1,0
C12979,2025,5,May,2,0,0,0
C12979,2025,8,August,3,1,0,0
C12979,2025,11,November,4,2,0,1
C12980,2025,1,January,1,1,1,0
C12980,2025,12,December,2,3,0,1
C12981,2024,9,September,1,2,0,1
C12981,2025,6,June,3,2,0,1
C12981,2025,11,November,4,3,0,1
C12982,2025,1,January,1,1,1,0
C12983,2024,8,August,1,1,1,0
C12983,2025,2,February,2,3,0,1
C12983,2025,11,November,4,4,0,1
C12984,2025,7,July,1,1,1,0
C12984,2025,10,October,2,2,0,1
C12985,2025,4,April,1,1,1,0
C12985,2025,8,August,2,1,0,0
C12985,2025,11,November,3,2,0,1
C12986,2025,1,January,1,0,1,0
C12986,2025,2,February,2,0,0,0
C12986,2025,3,March,3,3,0,1
C12986,2025,4,April,6,5,0,1
C12986,2025,8,August,8,6,0,1
C12986,2025,11,November,9,6,0,1
C12986,2025,12,December,10,8,0,1
C12987,2025,3,March,1,1,1,0
C12987,2025,11,November,2,2,0,1
C12988,2024,8,August,1,1,1,0
C12989,2025,9,September,1,0,1,0
C12989,2025,12,December,2,1,0,0
C12990,2024,10,October,1,1,1,0
C12990,2025,1,January,2,2,0,1
C12990,2025,3,March,3,3,0,1
C12991,2025,5,May,1,1,1,0
C12991,2025,6,June,2,2,0,1
C12991,2025,8,August,3,3,0,1
C12992,2024,8,August,1,1,1,0
C12992,2024,12,December,2,2,0,1
C12992,2025,6,June,3,3,0,1
C12992,2025,9,September,4,4,0,1
C12993,2024,11,November,1,2,0,1
C12993,2024,12,December,3,3,0,1
C12993,2025,11,November,4,3,0,1
C12994,2024,9,September,1,1,1,0
C12994,2024,12,December,2,2,0,1
C12994,2025,1,January,3,3,0,1
C12994,2025,2,February,4,4,0,1
C12994,2025,3,March,5,5,0,1
C12994,2025,4,April,6,6,0,1
C12994,2025,6,June,7,7,0,1
C12994,2025,7,July,8,8,0,1
C12994,2025,8,August,9,9,0,1
C12994,2025,9,September,10,10,0,1
C12996,2025,4,April,1,0,1,0
C12998,2024,11,November,1,1,1,0
C12998,2025,3,March,2,2,0,1
C12998,2025,8,August,3,3,0,1
C12999,2024,11,November,1,1,1,0
C12999,2025,1,January,2,2,0,1
C12999,2025,4,April,3,3,0,1
C12999,2025,5,May,4,4,0,1
C12999,2025,9,September,5,5,0,1
C13000,2025,6,June,1,1,1,0
C13000,2025,11,November,2,2,0,1
C13001,2024,9,September,1,1,1,0
C13001,2024,10,October,2,1,0,0
C13001,2024,11,November,3,3,0,1
C13001,2025,3,March,6,3,0,1
C13001,2025,4,April,7,3,0,1
C13002,2024,7,July,1,2,0,1
C13002,2024,8,August,3,3,0,1
C13002,2024,9,September,4,4,0,1
C13002,2024,12,December,5,4,0,1
C13002,2025,3,March,7,5,0,1
C13002,2025,10,October,8,5,0,1
C13002,2025,12,December,9,6,0,1
C13003,2024,12,December,1,1,1,0
C13003,2025,6,June,2,2,0,1
C13004,2025,10,October,1,0,1,0
C13005,2024,8,August,1,1,1,0
C13005,2025,1,January,2,1,0,0
C13005,2025,9,September,3,2,0,1
C13005,2025,10,October,4,2,0,1
C13005,2025,11,November,5,2,0,1
C13006,2025,12,December,1,1,1,0
C13007,2024,9,September,1,0,1,0
C13007,2025,4,April,2,1,0,0
C13008,2024,7,July,1,1,1,0
C13008,2024,10,October,2,2,0,1
C13008,2025,5,May,3,3,0,1
C13008,2025,8,August,4,4,0,1
C13008,2025,9,September,5,5,0,1
C13009,2024,8,August,1,1,1,0
C13009,2024,11,November,2,1,0,0
C13009,2024,12,December,3,3,0,1
C13009,2025,1,January,5,4,0,1
C13009,2025,4,April,6,5,0,1
C13009,2025,5,May,7,6,0,1
C13009,2025,7,July,8,7,0,1
C13009,2025,12,December,9,8,0,1
C13010,2024,8,August,1,0,1,0
C13010,2024,12,December,2,2,0,1
C13010,2025,3,March,5,3,0,1
C13010,2025,7,July,6,4,0,1
C13010,2025,9,September,7,6,0,1
C13011,2024,10,October,1,0,1,0
C13011,2024,12,December,2,1,0,0
C13011,2025,1,January,3,2,0,1
C13011,2025,9,September,4,3,0,1
C13012,2024,7,July,1,1,1,0
C13012,2024,9,September,2,1,0,0
C13013,2024,12,December,1,0,1,0
C13014,2024,7,July,1,1,1,0
C13015,2024,10,October,1,1,1,0
C13015,2025,4,April,2,2,0,1
C13015,2025,9,September,3,3,0,1
C13016,2024,9,September,1,1,1,0
C13016,2024,10,October,2,2,0,1
C13016,2025,3,March,3,3,0,1
C13017,2025,3,March,1,0,1,0
C13018,2024,9,September,1,1,1,0
C13018,2025,8,August,2,2,0,1
C13019,2024,7,July,1,1,1,0
C13019,2024,10,October,2,1,0,0
C13019,2025,2,February,3,2,0,1
C13019,2025,9,September,4,3,0,1
C13020,2025,1,January,1,0,1,0
C13021,2024,10,October,1,1,1,0
C13021,2025,5,May,2,2,0,1
C13021,2025,12,December,3,3,0,1
C13022,2024,11,November,1,1,1,0
C13022,2025,11,November,2,2,0,1
C13022,2025,12,December,3,3,0,1
C13023,2024,10,October,1,1,1,0
C13023,2025,5,May,2,2,0,1
C13023,2025,9,September,4,3,0,1
C13024,2024,9,September,1,1,1,0
C13024,2024,10,October,2,1,0,0
C13024,2025,8,August,3,2,0,1
C13025,2025,1,January,1,1,1,0
C13025,2025,3,March,2,2,0,1
C13025,2025,5,May,3,3,0,1
C13025,2025,12,December,4,4,0,1
C13026,2024,9,September,1,1,1,0
C13026,2024,11,November,2,2,0,1
C13026,2025,2,February,3,3,0,1
C13026,2025,4,April,4,4,0,1
C13026,2025,5,May,5,5,0,1
C13027,2024,8,August,1,1,1,0
C13027,2024,9,September,3,2,0,1
C13027,2025,1,January,4,3,0,1
C13027,2025,5,May,5,4,0,1
C13027,2025,6,June,6,5,0,1
C13027,2025,8,August,7,6,0,1
C13027,2025,9,September,8,7,0,1
C13028,2024,9,September,1,1,1,0
C13029,2025,2,February,1,1,1,0
C13030,2024,7,July,1,1,1,0
C13030,2024,8,August,2,2,0,1
C13030,2025,4,April,3,3,0,1
C13030,2025,7,July,4,4,0,1
C13030,2025,8,August,5,5,0,1
C13030,2025,10,October,6,6,0,1
C13030,2025,11,November,7,7,0,1
C13031,2024,9,September,1,1,1,0
C13031,2024,12,December,2,2,0,1
C13031,2025,4,April,3,3,0,1
C13031,2025,6,June,4,3,0,1
C13031,2025,7,July,5,3,0,1
C13031,2025,10,October,6,4,0,1
C13032,2024,8,August,1,1,1,0
C13032,2024,11,November,2,2,0,1
C13032,2024,12,December,3,3,0,1
C13032,2025,7,July,4,4,0,1
C13033,2024,9,September,1,0,1,0
C13033,2025,9,September,2,1,0,0
C13034,2024,10,October,1,1,1,0
C13034,2025,5,May,2,1,0,0
C13035,2024,12,December,1,1,1,0
C13035,2025,3,March,2,2,0,1
C13035,2025,5,May,3,3,0,1
C13035,2025,7,July,4,3,0,1
C13036,2024,10,October,1,1,1,0
C13036,2025,1,January,2,2,0,1
C13036,2025,5,May,3,4,0,1
C13036,2025,6,June,5,6,0,1
C13036,2025,7,July,7,7,0,1
C13036,2025,8,August,8,8,0,1
C13036,2025,9,September,9,9,0,1
C13037,2024,8,August,1,1,1,0
C13037,2024,9,September,2,2,0,1
C13037,2024,11,November,3,2,0,1
C13037,2025,5,May,4,4,0,1
C13037,2025,6,June,6,5,0,1
C13037,2025,9,September,7,8,0,1
C13037,2025,10,October,10,8,0,1
C13037,2025,12,December,11,8,0,1
C13038,2024,7,July,1,0,1,0
C13038,2025,2,February,2,1,0,0
C13038,2025,4,April,3,2,0,1
C13038,2025,9,September,4,3,0,1
C13038,2025,11,November,5,4,0,1
C13039,2025,10,October,1,1,1,0
C13039,2025,12,December,2,2,0,1
C13040,2024,9,September,1,0,1,0
C13040,2024,11,November,2,1,0,0
C13040,2025,1,January,3,2,0,1
C13040,2025,6,June,4,3,0,1
C13040,2025,8,August,5,3,0,1
C13040,2025,12,December,6,4,0,1
C13041,2024,11,November,1,1,1,0
C13041,2025,3,March,2,2,0,1
C13041,2025,9,September,3,4,0,1
C13041,2025,12,December,6,5,0,1
C13042,2025,6,June,1,1,1,0
C13042,2025,10,October,2,3,0,1
C13042,2025,11,November,4,4,0,1
C13043,2024,7,July,1,1,1,0
C13043,2025,7,July,2,2,0,1
C13043,2025,10,October,3,2,0,1
C13044,2024,9,September,1,1,1,0
C13044,2025,7,July,2,2,0,1
C13044,2025,12,December,3,3,0,1
C13045,2024,7,July,1,1,1,0
C13045,2025,6,June,2,2,0,1
C13045,2025,7,July,3,2,0,1
C13046,2024,8,August,1,1,1,0
C13046,2024,9,September,2,2,0,1
C13046,2025,8,August,3,3,0,1
C13047,2024,7,July,1,0,1,0
C13047,2024,9,September,2,1,0,0
C13047,2024,11,November,4,2,0,1
C13047,2025,1,January,5,3,0,1
C13047,2025,3,March,6,4,0,1
C13047,2025,4,April,7,5,0,1
C13047,2025,6,June,8,6,0,1
C13047,2025,9,September,9,7,0,1
C13047,2025,11,November,10,8,0,1
C13048,2024,7,July,1,1,1,0
C13048,2024,8,August,2,1,0,0
C13048,2024,10,October,3,2,0,1
C13048,2024,12,December,4,2,0,1
C13048,2025,2,February,5,3,0,1
C13048,2025,5,May,6,4,0,1
C13048,2025,6,June,7,5,0,1
C13048,2025,7,July,8,6,0,1
C13048,2025,8,August,9,8,0,1
C13048,2025,12,December,11,9,0,1
C13049,2024,7,July,1,1,1,0
C13049,2024,9,September,2,2,0,1
C13049,2025,5,May,3,3,0,1
C13049,2025,6,June,4,4,0,1
C13049,2025,10,October,5,5,0,1
C13050,2024,9,September,1,1,1,0
C13050,2025,8,August,2,2,0,1
C13050,2025,10,October,3,2,0,1
C13051,2024,8,August,1,1,1,0
C13051,2025,4,April,2,2,0,1
C13051,2025,5,May,3,3,0,1
C13051,2025,7,July,4,4,0,1
C13051,2025,8,August,5,5,0,1
C13051,2025,9,September,6,5,0,1
C13052,2024,8,August,1,1,1,0
C13052,2024,12,December,2,2,0,1
C13052,2025,3,March,3,3,0,1
C13052,2025,7,July,4,4,0,1
C13053,2024,11,November,1,1,1,0
C13053,2025,4,April,2,3,0,1
C13053,2025,6,June,4,6,0,1
C13054,2024,9,September,1,0,1,0
C13054,2025,1,January,2,2,0,1
C13054,2025,7,July,4,3,0,1
C13054,2025,9,September,5,4,0,1
C13054,2025,11,November,6,5,0,1
C13055,2024,7,July,1,1,1,0
C13055,2024,8,August,2,2,0,1
C13055,2025,2,February,3,2,0,1
C13055,2025,3,March,4,3,0,1
C13055,2025,10,October,5,4,0,1
C13056,2025,1,January,1,0,1,0
C13057,2025,8,August,1,2,0,1
C13058,2024,7,July,1,1,1,0
C13058,2024,9,September,2,3,0,1
C13059,2024,7,July,1,0,1,0
C13059,2024,11,November,2,1,0,0
C13059,2024,12,December,3,2,0,1
C13059,2025,5,May,4,4,0,1
C13060,2024,8,August,1,1,1,0
C13060,2025,7,July,2,1,0,0
C13060,2025,12,December,3,2,0,1
C13061,2024,7,July,1,1,1,0
C13061,2024,9,September,2,2,0,1
C13061,2025,6,June,3,3,0,1
C13061,2025,11,November,4,3,0,1
C13062,2024,9,September,1,1,1,0
C13062,2024,12,December,2,2,0,1
C13062,2025,2,February,3,3,0,1
C13062,2025,4,April,4,4,0,1
C13062,2025,5,May,6,5,0,1
C13062,2025,6,June,7,5,0,1
C13062,2025,9,September,8,6,0,1
C13062,2025,11,November,9,7,0,1
C13063,2024,8,August,1,1,1,0
C13063,2025,1,January,2,1,0,0
C13063,2025,3,March,3,2,0,1
C13063,2025,11,November,4,4,0,1
C13064,2025,7,July,1,1,1,0
C13065,2024,10,October,1,1,1,0
C13065,2024,11,November,2,2,0,1
C13065,2025,9,September,3,3,0,1
C13065,2025,11,November,4,4,0,1
C13065,2025,12,December,5,5,0,1
C13066,2024,11,November,1,0,1,0
C13066,2025,7,July,2,1,0,0
C13067,2024,7,July,1,1,1,0
C13067,2025,11,November,2,2,0,1
C13068,2024,8,August,1,1,1,0
C13068,2024,11,November,2,2,0,1
C13068,2025,3,March,3,3,0,1
C13068,2025,5,May,4,4,0,1
C13068,2025,6,June,5,5,0,1
C13068,2025,7,July,6,6,0,1
C13068,2025,8,August,7,7,0,1
C13070,2024,8,August,1,1,1,0
C13070,2024,10,October,2,1,0,0
C13070,2024,11,November,3,1,0,0
C13070,2025,9,September,4,3,0,1
C13071,2024,7,July,1,0,1,0
C13071,2025,4,April,2,1,0,0
C13071,2025,8,August,3,2,0,1
C13071,2025,9,September,4,3,0,1
C13072,2024,9,September,1,0,1,0
C13072,2024,11,November,2,1,0,0
C13072,2025,10,October,3,2,0,1
C13073,2024,7,July,1,1,1,0
C13073,2024,8,August,2,2,0,1
C13073,2024,11,November,3,3,0,1
C13073,2025,10,October,4,4,0,1
C13074,2025,3,March,1,1,1,0
C13074,2025,11,November,2,2,0,1
C13075,2024,8,August,1,1,1,0
C13075,2024,10,October,2,2,0,1
C13075,2024,11,November,3,3,0,1
C13076,2024,9,September,1,0,1,0
C13076,2024,10,October,3,1,0,0
C13076,2025,9,September,4,2,0,1
C13076,2025,11,November,6,3,0,1
C13076,2025,12,December,7,4,0,1
C13077,2024,11,November,1,1,1,0
C13077,2025,10,October,2,2,0,1
C13078,2024,10,October,1,1,1,0
C13078,2025,5,May,2,2,0,1
C13078,2025,7,July,3,3,0,1
C13080,2025,2,February,1,1,1,0
C13080,2025,3,March,2,1,0,0
C13080,2025,5,May,3,3,0,1
C13080,2025,6,June,5,4,0,1
C13081,2024,7,July,1,0,1,0
C13081,2024,10,October,2,1,0,0
C13082,2024,12,December,1,1,1,0
C13082,2025,2,February,2,2,0,1
C13083,2024,7,July,1,1,1,0
C13083,2024,8,August,2,2,0,1
C13083,2024,12,December,3,3,0,1
C13083,2025,1,January,4,4,0,1
C13083,2025,4,April,5,6,0,1
C13083,2025,12,December,7,7,0,1
C13085,2024,11,November,1,1,1,0
C13085,2025,1,January,2,2,0,1
C13085,2025,3,March,3,3,0,1
C13085,2025,7,July,4,4,0,1
C13086,2024,8,August,1,1,1,0
C13086,2025,8,August,2,2,0,1
C13086,2025,12,December,3,3,0,1
C13087,2025,5,May,1,2,0,1
C13087,2025,6,June,3,3,0,1
C13087,2025,7,July,4,4,0,1
C13087,2025,8,August,5,5,0,1
C13088,2024,11,November,1,0,1,0
C13088,2025,3,March,2,1,0,0
C13088,2025,4,April,4,2,0,1
C13088,2025,5,May,5,3,0,1
C13088,2025,6,June,6,4,0,1
C13088,2025,12,December,7,5,0,1
C13089,2024,8,August,1,1,1,0
C13089,2025,8,August,2,1,0,0
C13090,2024,7,July,1,1,1,0
C13090,2024,8,August,2,2,0,1
C13090,2025,4,April,4,2,0,1
C13090,2025,5,May,5,3,0,1
C13090,2025,7,July,6,3,0,1
C13090,2025,8,August,7,4,0,1
C13090,2025,9,September,8,5,0,1
C13091,2024,8,August,1,1,1,0
C13091,2025,1,January,2,2,0,1
C13091,2025,6,June,3,5,0,1
C13091,2025,11,November,6,6,0,1
C13092,2024,11,November,1,1,1,0
C13092,2025,1,January,2,2,0,1
C13092,2025,4,April,3,3,0,1
C13092,2025,8,August,4,4,0,1
C13092,2025,10,October,5,6,0,1
C13093,2024,9,September,1,1,1,0
C13093,2025,1,January,2,2,0,1
C13093,2025,6,June,3,2,0,1
C13093,2025,9,September,4,3,0,1
C13094,2025,4,April,1,1,1,0
C13094,2025,5,May,2,2,0,1
C13094,2025,6,June,4,3,0,1
C13095,2025,5,May,1,0,1,0
C13095,2025,7,July,2,1,0,0
C13096,2024,10,October,1,1,1,0
C13096,2024,11,November,2,2,0,1
C13096,2025,1,January,3,3,0,1
C13096,2025,4,April,4,4,0,1
C13096,2025,8,August,5,5,0,1
C13096,2025,11,November,6,6,0,1
C13097,2025,6,June,1,1,1,0
C13097,2025,12,December,2,2,0,1
C13098,2024,8,August,1,0,1,0
C13098,2024,9,September,2,1,0,0
C13098,2024,10,October,3,1,0,0
C13098,2025,1,January,4,3,0,1
C13098,2025,3,March,6,4,0,1
C13098,2025,4,April,7,5,0,1
C13098,2025,8,August,8,5,0,1
C13098,2025,11,November,9,6,0,1
C13098,2025,12,December,10,7,0,1
C13099,2025,8,August,1,1,1,0
C13099,2025,10,October,2,2,0,1
C13100,2025,4,April,1,1,1,0
C13100,2025,12,December,2,2,0,1
C13101,2024,11,November,1,1,1,0
C13101,2024,12,December,2,2,0,1
C13101,2025,4,April,3,4,0,1
C13101,2025,7,July,5,5,0,1
C13101,2025,10,October,6,5,0,1
C13103,2025,2,February,1,1,1,0
C13104,2024,8,August,1,1,1,0
C13104,2024,10,October,2,2,0,1
C13104,2025,11,November,3,3,0,1
C13105,2024,8,August,1,1,1,0
C13105,2025,8,August,2,2,0,1
C13105,2025,10,October,3,3,0,1
C13106,2024,7,July,1,1,1,0
C13106,2024,12,December,2,2,0,1
C13107,2024,9,September,1,2,0,1
C13107,2024,10,October,3,3,0,1
C13107,2025,2,February,4,4,0,1
C13107,2025,5,May,6,4,0,1
C13107,2025,6,June,7,6,0,1
C13107,2025,7,July,9,8,0,1
C13107,2025,9,September,12,9,0,1
C13107,2025,10,October,13,10,0,1
C13108,2024,10,October,1,1,1,0
C13108,2025,6,June,2,1,0,0
C13108,2025,8,August,3,2,0,1
C13108,2025,10,October,4,4,0,1
C13109,2024,9,September,1,1,1,0
C13109,2024,11,November,2,1,0,0
C13109,2025,7,July,3,1,0,0
C13110,2024,7,July,1,1,1,0
C13110,2024,10,October,2,2,0,1
C13110,2025,4,April,3,3,0,1
C13111,2024,10,October,1,1,1,0
C13111,2025,2,February,2,2,0,1
C13112,2024,7,July,1,0,1,0
C13112,2024,8,August,2,1,0,0
C13112,2024,9,September,3,1,0,0
C13112,2025,12,December,5,1,0,0
C13113,2025,11,November,1,1,1,0
C13114,2024,10,October,1,1,1,0
C13114,2024,11,November,2,2,0,1
C13114,2025,1,January,3,4,0,1
C13114,2025,5,May,5,5,0,1
C13115,2024,7,July,1,1,1,0
C13115,2024,9,September,2,3,0,1
C13115,2024,11,November,4,3,0,1
C13115,2025,1,January,5,4,0,1
C13115,2025,7,July,7,5,0,1
C13115,2025,8,August,8,6,0,1
C13115,2025,9,September,9,6,0,1
C13115,2025,12,December,10,7,0,1
C13116,2024,10,October,1,1,1,0
C13116,2025,7,July,2,2,0,1
C13116,2025,10,October,3,2,0,1
C13117,2024,8,August,1,2,0,1
C13117,2024,10,October,3,3,0,1
C13117,2024,12,December,4,4,0,1
C13118,2025,11,November,1,1,1,0
C13118,2025,12,December,2,2,0,1
C13119,2025,5,May,1,1,1,0
C13119,2025,7,July,2,1,0,0
C13120,2024,8,August,1,1,1,0
C13120,2025,2,February,2,2,0,1
C13120,2025,8,August,3,3,0,1
C13120,2025,11,November,4,6,0,1
C13121,2024,11,November,1,1,1,0
C13121,2025,4,April,3,2,0,1
C13122,2025,9,September,1,1,1,0
C13123,2025,6,June,1,1,1,0
C13123,2025,9,September,3,2,0,1
C13124,2024,9,September,1,1,1,0
C13124,2025,1,January,2,2,0,1
C13124,2025,11,November,3,3,0,1
C13125,2024,10,October,1,1,1,0
C13125,2025,2,February,2,2,0,1
C13125,2025,6,June,3,3,0,1
C13126,2024,7,July,1,1,1,0
C13126,2024,8,August,2,2,0,1
C13126,2024,9,September,3,2,0,1
C13126,2025,2,February,4,3,0,1
C13127,2025,6,June,1,1,1,0
C13128,2024,11,November,1,1,1,0
C13128,2025,7,July,2,2,0,1
C13128,2025,10,October,3,3,0,1
C13129,2025,9,September,1,1,1,0
C13129,2025,11,November,2,2,0,1
C13130,2025,2,February,1,1,1,0
C13130,2025,3,March,2,2,0,1
C13130,2025,9,September,3,2,0,1
C13130,2025,10,October,4,3,0,1
C13130,2025,12,December,5,4,0,1
C13131,2024,9,September,1,1,1,0
C13131,2025,4,April,2,2,0,1
C13131,2025,8,August,3,3,0,1
C13131,2025,9,September,4,4,0,1
C13132,2024,7,July,1,1,1,0
C13132,2025,12,December,2,2,0,1
C13133,2024,11,November,1,2,0,1
C13133,2025,7,July,3,4,0,1
C13133,2025,11,November,5,5,0,1
C13134,2024,7,July,1,1,1,0
C13136,2025,9,September,1,1,1,0
C13137,2024,9,September,1,1,1,0
C13137,2024,10,October,2,2,0,1
C13138,2024,11,November,1,0,1,0
C13138,2024,12,December,2,1,0,0
C13138,2025,3,March,3,2,0,1
C13138,2025,5,May,4,3,0,1
C13138,2025,9,September,6,4,0,1
C13139,2024,12,December,1,1,1,0
C13140,2025,1,January,1,1,1,0
C13140,2025,2,February,2,2,0,1
C13140,2025,7,July,3,2,0,1
C13140,2025,8,August,4,3,0,1
C13140,2025,9,September,5,4,0,1
C13140,2025,12,December,6,6,0,1
C13141,2024,10,October,1,1,1,0
C13141,2025,4,April,2,2,0,1
C13141,2025,7,July,3,3,0,1
C13141,2025,10,October,4,4,0,1
C13142,2025,4,April,1,1,1,0
C13143,2024,10,October,1,1,1,0
C13143,2025,2,February,2,2,0,1
C13143,2025,9,September,3,4,0,1
C13144,2025,2,February,1,0,1,0
C13145,2024,7,July,1,1,1,0
C13145,2024,8,August,2,2,0,1
C13145,2024,9,September,3,3,0,1
C13146,2024,7,July,1,1,1,0
C13146,2024,8,August,2,2,0,1
C13146,2024,10,October,3,3,0,1
C13146,2025,7,July,4,4,0,1
C13146,2025,11,November,5,6,0,1
C13146,2025,12,December,8,7,0,1
C13147,2024,8,August,1,1,1,0
C13147,2024,10,October,2,3,0,1
C13147,2025,3,March,4,4,0,1
C13147,2025,4,April,5,4,0,1
C13147,2025,6,June,6,6,0,1
C13147,2025,11,November,8,7,0,1
C13148,2024,10,October,1,1,1,0
C13148,2025,11,November,2,2,0,1
C13149,2025,6,June,1,0,1,0
C13150,2024,8,August,1,0,1,0
C13150,2025,6,June,2,0,0,0
C13150,2025,11,November,3,0,0,0
C13150,2025,12,December,4,0,0,0
C13151,2024,8,August,1,1,1,0
C13151,2024,9,September,2,2,0,1
C13153,2025,12,December,1,0,1,0
C13154,2024,8,August,1,0,1,0
C13154,2024,9,September,2,1,0,0
C13154,2024,11,November,3,2,0,1
C13154,2025,5,May,4,3,0,1
C13154,2025,10,October,5,4,0,1
C13155,2024,7,July,1,0,1,0
C13155,2024,8,August,2,1,0,0
C13155,2025,2,February,3,1,0,0
C13155,2025,8,August,4,2,0,1
C13156,2024,10,October,1,1,1,0
C13156,2024,12,December,2,2,0,1
C13157,2024,8,August,1,1,1,0
C13158,2025,5,May,1,2,0,1
C13158,2025,12,December,3,3,0,1
C13159,2025,2,February,1,1,1,0
C13160,2024,7,July,1,0,1,0
C13160,2024,12,December,2,1,0,0
C13160,2025,9,September,3,2,0,1
C13161,2025,2,February,1,1,1,0
C13161,2025,5,May,2,2,0,1
C13161,2025,8,August,3,4,0,1
C13161,2025,10,October,5,5,0,1
C13161,2025,11,November,6,6,0,1
C13161,2025,12,December,8,7,0,1
C13162,2024,9,September,1,1,1,0
C13162,2024,11,November,2,2,0,1
C13163,2024,7,July,1,1,1,0
C13163,2024,10,October,2,1,0,0
C13163,2025,10,October,4,2,0,1
C13163,2025,12,December,5,2,0,1
C13164,2024,9,September,1,1,1,0
C13164,2024,12,December,2,2,0,1
C13164,2025,10,October,3,3,0,1
C13164,2025,12,December,4,4,0,1
C13165,2024,8,August,1,1,1,0
C13165,2025,2,February,2,2,0,1
C13165,2025,5,May,3,3,0,1
C13165,2025,7,July,4,4,0,1
C13166,2025,5,May,1,1,1,0
C13167,2025,6,June,1,1,1,0
C13168,2025,3,March,1,0,1,0
C13168,2025,4,April,2,1,0,0
C13168,2025,8,August,3,2,0,1
C13168,2025,9,September,4,3,0,1
C13169,2025,9,September,1,0,1,0
C13170,2024,7,July,1,1,1,0
C13170,2025,6,June,2,2,0,1
C13171,2024,11,November,1,1,1,0
C13173,2025,5,May,1,0,1,0
C13173,2025,6,June,2,1,0,0
C13173,2025,10,October,3,3,0,1
C13173,2025,12,December,5,3,0,1
C13174,2024,7,July,1,0,1,0
C13174,2024,10,October,2,1,0,0
C13174,2025,7,July,3,3,0,1
C13175,2024,10,October,1,1,1,0
C13175,2024,12,December,2,2,0,1
C13175,2025,1,January,3,3,0,1
C13175,2025,6,June,4,4,0,1
C13175,2025,9,September,5,5,0,1
C13176,2024,7,July,1,0,1,0
C13176,2025,7,July,2,0,0,0
C13177,2024,9,September,1,1,1,0
C13177,2024,12,December,2,1,0,0
C13177,2025,1,January,4,2,0,1
C13177,2025,3,March,5,3,0,1
C13177,2025,6,June,6,4,0,1
C13177,2025,12,December,7,5,0,1
C13178,2024,8,August,1,0,1,0
C13178,2024,11,November,2,1,0,0
C13178,2025,4,April,3,2,0,1
C13178,2025,11,November,4,3,0,1
C13179,2025,1,January,1,1,1,0
C13179,2025,3,March,2,1,0,0
C13179,2025,10,October,4,3,0,1
C13180,2025,9,September,1,1,1,0
C13181,2024,12,December,1,1,1,0
C13181,2025,4,April,2,1,0,0
C13181,2025,9,September,3,2,0,1
C13181,2025,11,November,4,4,0,1
C13182,2024,10,October,1,1,1,0
C13182,2025,1,January,2,2,0,1
C13183,2024,8,August,1,1,1,0
C13183,2024,9,September,2,2,0,1
C13183,2025,1,January,3,3,0,1
C13183,2025,2,February,4,4,0,1
C13183,2025,8,August,5,5,0,1
C13185,2024,8,August,1,1,1,0
C13185,2025,2,February,2,2,0,1
C13185,2025,7,July,3,3,0,1
C13185,2025,10,October,4,4,0,1
C13186,2025,4,April,1,1,1,0
C13187,2024,12,December,1,0,1,0
C13187,2025,1,January,2,1,0,0
C13187,2025,2,February,3,2,0,1
C13187,2025,3,March,4,3,0,1
C13187,2025,6,June,5,4,0,1
C13187,2025,7,July,6,5,0,1
C13188,2024,8,August,1,1,1,0
C13188,2025,3,March,2,2,0,1
C13188,2025,4,April,3,3,0,1
C13188,2025,12,December,4,4,0,1
C13189,2024,7,July,1,1,1,0
C13189,2024,12,December,2,2,0,1
C13189,2025,3,March,3,3,0,1
C13189,2025,6,June,4,4,0,1
C13189,2025,8,August,5,6,0,1
C13189,2025,10,October,7,7,0,1
C13189,2025,11,November,8,7,0,1
C13190,2024,7,July,1,1,1,0
C13190,2024,12,December,2,2,0,1
C13190,2025,1,January,3,3,0,1
C13191,2024,8,August,1,1,1,0
C13191,2025,4,April,2,3,0,1
C13191,2025,7,July,4,4,0,1
C13191,2025,9,September,5,5,0,1
C13191,2025,11,November,6,5,0,1
C13192,2024,7,July,1,1,1,0
C13192,2025,10,October,2,2,0,1
C13193,2025,1,January,1,1,1,0
C13193,2025,4,April,2,2,0,1
C13193,2025,8,August,3,4,0,1
C13193,2025,10,October,5,5,0,1
C13194,2024,7,July,1,0,1,0
C13194,2024,11,November,2,1,0,0
C13194,2025,3,March,3,3,0,1
C13194,2025,4,April,5,4,0,1
C13194,2025,6,June,6,5,0,1
C13194,2025,8,August,7,7,0,1
C13194,2025,9,September,9,9,0,1
C13194,2025,10,October,11,9,0,1
C13194,2025,11,November,12,10,0,1
C13195,2024,9,September,1,1,1,0
C13195,2025,1,January,2,2,0,1
C13196,2024,12,December,1,0,1,0
C13196,2025,6,June,2,0,0,0
C13196,2025,7,July,3,0,0,0
C13197,2025,2,February,1,1,1,0
C13197,2025,5,May,2,2,0,1
C13198,2024,8,August,1,1,1,0
C13198,2025,2,February,2,2,0,1
C13199,2024,9,September,1,2,0,1
C13199,2025,2,February,3,2,0,1
C13199,2025,4,April,4,3,0,1
C13199,2025,6,June,5,4,0,1
C13199,2025,11,November,6,4,0,1
C13200,2024,10,October,1,1,1,0
C13200,2024,11,November,2,2,0,1
C13200,2025,5,May,3,2,0,1
C13201,2024,7,July,1,1,1,0
C13201,2024,8,August,2,2,0,1
C13201,2024,11,November,3,3,0,1
C13201,2024,12,December,5,3,0,1
C13201,2025,1,January,6,5,0,1
C13201,2025,6,June,8,6,0,1
C13201,2025,7,July,9,7,0,1
C13201,2025,11,November,10,8,0,1
C13202,2024,9,September,1,0,1,0
C13202,2024,10,October,2,1,0,0
C13202,2025,1,January,4,1,0,0
C13203,2024,7,July,1,1,1,0
C13203,2024,10,October,2,2,0,1
C13203,2025,4,April,3,2,0,1
C13203,2025,6,June,4,3,0,1
C13203,2025,11,November,5,4,0,1
C13204,2025,6,June,1,1,1,0
C13205,2024,7,July,1,1,1,0
C13205,2024,11,November,2,2,0,1
C13205,2025,1,January,3,3,0,1
C13205,2025,4,April,4,5,0,1
C13205,2025,7,July,6,6,0,1
C13205,2025,8,August,7,7,0,1
C13205,2025,9,September,8,8,0,1
C13205,2025,10,October,9,8,0,1
C13205,2025,11,November,10,9,0,1
C13205,2025,12,December,11,10,0,1
C13207,2024,8,August,1,2,0,1
C13207,2024,12,December,3,3,0,1
C13207,2025,1,January,4,4,0,1
C13207,2025,3,March,5,6,0,1
C13207,2025,6,June,7,7,0,1
C13207,2025,10,October,8,8,0,1
C13207,2025,12,December,9,9,0,1
C13208,2024,9,September,1,1,1,0
C13208,2024,11,November,2,2,0,1
C13208,2025,1,January,3,3,0,1
C13208,2025,5,May,4,6,0,1
C13208,2025,7,July,7,7,0,1
C13208,2025,11,November,8,8,0,1
C13208,2025,12,December,9,8,0,1
C13209,2024,8,August,1,1,1,0
C13209,2025,12,December,2,2,0,1
C13210,2025,10,October,1,1,1,0
C13211,2024,7,July,1,0,1,0
C13211,2024,8,August,2,0,0,0
C13211,2025,1,January,3,1,0,0
C13211,2025,2,February,4,2,0,1
C13211,2025,8,August,5,3,0,1
C13212,2024,12,December,1,1,1,0
C13212,2025,2,February,3,2,0,1
C13212,2025,6,June,4,3,0,1
C13212,2025,7,July,5,3,0,1
C13212,2025,11,November,6,5,0,1
C13212,2025,12,December,8,6,0,1
C13213,2024,9,September,1,1,1,0
C13213,2024,11,November,3,2,0,1
C13213,2025,2,February,4,3,0,1
C13213,2025,5,May,5,4,0,1
C13213,2025,6,June,6,4,0,1
C13213,2025,7,July,7,4,0,1
C13213,2025,12,December,8,5,0,1
C13214,2024,7,July,1,1,1,0
C13214,2024,12,December,2,2,0,1
C13214,2025,1,January,3,2,0,1
C13214,2025,4,April,5,3,0,1
C13214,2025,7,July,7,4,0,1
C13214,2025,9,September,8,4,0,1
C13214,2025,11,November,9,5,0,1
C13215,2024,11,November,1,1,1,0
C13215,2024,12,December,2,2,0,1
C13215,2025,2,February,3,3,0,1
C13216,2025,2,February,1,1,1,0
C13216,2025,7,July,2,2,0,1
C13217,2024,7,July,1,2,0,1
C13217,2024,9,September,4,3,0,1
C13217,2025,2,February,5,4,0,1
C13217,2025,4,April,6,5,0,1
C13217,2025,10,October,7,6,0,1
C13218,2024,12,December,1,1,1,0
C13219,2024,8,August,1,1,1,0
C13219,2024,9,September,2,2,0,1
C13219,2025,1,January,3,4,0,1
C13219,2025,2,February,5,6,0,1
C13219,2025,3,March,7,7,0,1
C13219,2025,4,April,8,7,0,1
C13219,2025,5,May,9,8,0,1
C13219,2025,7,July,10,10,0,1
C13219,2025,8,August,12,10,0,1
C13219,2025,9,September,13,12,0,1
C13219,2025,11,November,15,13,0,1
C13220,2024,9,September,1,1,1,0
C13220,2024,10,October,2,2,0,1
C13220,2024,11,November,3,3,0,1
C13220,2025,1,January,4,4,0,1
C13220,2025,4,April,5,4,0,1
C13220,2025,12,December,6,5,0,1
C13222,2025,7,July,1,1,1,0
C13222,2025,11,November,2,2,0,1
C13223,2025,6,June,1,1,1,0
C13223,2025,7,July,2,2,0,1
C13223,2025,8,August,3,2,0,1
C13223,2025,12,December,4,3,0,1
C13224,2024,12,December,1,1,1,0
C13224,2025,6,June,2,2,0,1
C13224,2025,11,November,3,2,0,1
C13225,2024,7,July,1,3,0,1
C13225,2024,9,September,4,4,0,1
C13225,2024,10,October,5,5,0,1
C13225,2024,11,November,6,6,0,1
C13225,2024,12,December,7,9,0,1
C13225,2025,4,April,10,10,0,1
C13225,2025,9,September,11,11,0,1
C13225,2025,12,December,12,11,0,1
C13226,2025,1,January,1,1,1,0
C13226,2025,8,August,2,2,0,1
C13227,2024,10,October,1,1,1,0
C13227,2024,12,December,2,3,0,1
C13227,2025,3,March,4,4,0,1
C13227,2025,4,April,5,5,0,1
C13227,2025,11,November,6,6,0,1
C13228,2024,8,August,1,1,1,0
C13228,2024,11,November,2,2,0,1
C13228,2025,5,May,3,3,0,1
C13228,2025,11,November,4,4,0,1
C13229,2024,8,August,1,2,0,1
C13229,2025,1,January,3,3,0,1
C13229,2025,2,February,4,3,0,1
C13229,2025,3,March,5,4,0,1
C13229,2025,5,May,6,5,0,1
C13229,2025,7,July,7,6,0,1
C13229,2025,8,August,9,7,0,1
C13229,2025,9,September,10,8,0,1
C13229,2025,12,December,11,9,0,1
C13230,2025,10,October,1,1,1,0
C13230,2025,12,December,2,2,0,1
C13231,2025,2,February,1,1,1,0
C13231,2025,6,June,2,2,0,1
C13232,2024,7,July,1,1,1,0
C13232,2024,9,September,2,2,0,1
C13232,2025,3,March,3,3,0,1
C13232,2025,11,November,4,4,0,1
C13233,2024,8,August,1,1,1,0
C13234,2024,7,July,1,1,1,0
C13234,2024,8,August,3,2,0,1
C13234,2024,9,September,5,3,0,1
C13234,2024,10,October,7,4,0,1
C13234,2024,12,December,8,5,0,1
C13234,2025,4,April,9,6,0,1
C13234,2025,5,May,10,7,0,1
C13234,2025,7,July,11,9,0,1
C13234,2025,9,September,14,10,0,1
C13234,2025,10,October,15,11,0,1
C13234,2025,12,December,16,12,0,1
C13236,2025,3,March,1,0,1,0
C13237,2024,10,October,1,1,1,0
C13237,2025,4,April,2,3,0,1
C13237,2025,5,May,4,3,0,1
C13237,2025,12,December,5,4,0,1
C13238,2024,11,November,1,1,1,0
C13238,2025,3,March,2,2,0,1
C13238,2025,10,October,3,3,0,1
C13240,2024,9,September,1,1,1,0
C13240,2024,12,December,2,3,0,1
C13240,2025,3,March,4,4,0,1
C13240,2025,4,April,5,4,0,1
C13241,2025,7,July,1,2,0,1
C13242,2025,1,January,1,1,1,0
C13242,2025,4,April,2,2,0,1
C13243,2024,11,November,1,1,1,0
C13243,2025,8,August,2,2,0,1
C13243,2025,12,December,3,3,0,1
C13244,2024,9,September,1,1,1,0
C13244,2025,12,December,2,2,0,1
C13245,2024,12,December,1,1,1,0
C13245,2025,4,April,2,3,0,1
C13245,2025,5,May,4,4,0,1
C13245,2025,7,July,5,5,0,1
C13245,2025,12,December,6,7,0,1
C13246,2024,8,August,1,1,1,0
C13246,2025,3,March,2,2,0,1
C13246,2025,9,September,3,3,0,1
C13247,2024,7,July,1,1,1,0
C13247,2024,12,December,2,1,0,0
C13247,2025,1,January,3,1,0,0
C13247,2025,4,April,4,3,0,1
C13247,2025,7,July,6,4,0,1
C13247,2025,11,November,7,5,0,1
C13248,2024,7,July,1,1,1,0
C13248,2024,8,August,2,2,0,1
C13248,2024,10,October,3,3,0,1
C13248,2025,2,February,4,4,0,1
C13248,2025,5,May,5,5,0,1
C13248,2025,6,June,6,6,0,1
C13248,2025,7,July,7,7,0,1
C13248,2025,8,August,8,8,0,1
C13248,2025,9,September,10,9,0,1
C13248,2025,10,October,11,10,0,1
C13249,2024,9,September,1,1,1,0
C13249,2024,10,October,2,2,0,1
C13249,2025,1,January,3,2,0,1
C13249,2025,2,February,4,2,0,1
C13249,2025,8,August,5,2,0,1
C13249,2025,11,November,6,3,0,1
C13249,2025,12,December,7,4,0,1
C13250,2025,2,February,1,0,1,0
C13250,2025,7,July,2,1,0,0
C13250,2025,12,December,4,3,0,1
C13251,2024,12,December,1,0,1,0
C13251,2025,8,August,2,0,0,0
C13252,2024,8,August,1,1,1,0
C13252,2024,12,December,3,3,0,1
C13252,2025,1,January,5,4,0,1
C13252,2025,2,February,6,5,0,1
C13252,2025,3,March,7,6,0,1
C13252,2025,6,June,8,7,0,1
C13252,2025,7,July,9,7,0,1
C13252,2025,10,October,10,8,0,1
C13253,2025,12,December,1,1,1,0
C13254,2024,11,November,1,0,1,0
C13254,2025,7,July,2,1,0,0
C13254,2025,12,December,3,2,0,1
C13255,2024,12,December,1,0,1,0
C13255,2025,1,January,2,1,0,0
C13255,2025,4,April,3,2,0,1
C13255,2025,6,June,4,3,0,1
C13255,2025,11,November,6,3,0,1
C13255,2025,12,December,7,4,0,1
C13256,2024,12,December,1,2,0,1
C13256,2025,3,March,3,3,0,1
C13256,2025,4,April,4,5,0,1
C13256,2025,8,August,6,6,0,1
C13256,2025,11,November,7,6,0,1
C13256,2025,12,December,8,7,0,1
C13257,2024,7,July,1,1,1,0
C13257,2024,9,September,2,2,0,1
C13257,2024,12,December,3,3,0,1
C13257,2025,1,January,4,4,0,1
C13257,2025,4,April,5,4,0,1
C13257,2025,8,August,6,6,0,1
C13257,2025,10,October,8,9,0,1
C13258,2025,3,March,1,0,1,0
C13258,2025,5,May,2,1,0,0
C13258,2025,6,June,3,2,0,1
C13258,2025,11,November,4,3,0,1
C13258,2025,12,December,5,4,0,1
C13259,2024,9,September,1,1,1,0
C13259,2024,10,October,2,1,0,0
C13259,2025,3,March,3,3,0,1
C13259,2025,5,May,5,4,0,1
C13259,2025,6,June,6,5,0,1
C13259,2025,10,October,7,6,0,1
C13259,2025,11,November,8,8,0,1
C13260,2024,8,August,1,1,1,0
C13260,2024,9,September,2,2,0,1
C13260,2024,12,December,3,3,0,1
C13260,2025,4,April,4,3,0,1
C13260,2025,5,May,5,4,0,1
C13260,2025,9,September,6,5,0,1
C13260,2025,11,November,7,6,0,1
C13261,2024,8,August,1,1,1,0
C13261,2025,1,January,2,2,0,1
C13262,2024,8,August,1,1,1,0
C13262,2024,9,September,2,3,0,1
C13262,2024,10,October,4,5,0,1
C13262,2025,1,January,6,6,0,1
C13262,2025,9,September,7,7,0,1
C13262,2025,11,November,8,8,0,1
C13262,2025,12,December,9,9,0,1
C13263,2024,8,August,1,1,1,0
C13263,2024,9,September,3,2,0,1
C13263,2024,11,November,4,3,0,1
C13263,2025,3,March,6,4,0,1
C13263,2025,5,May,7,6,0,1
C13263,2025,7,July,9,8,0,1
C13263,2025,11,November,11,10,0,1
C13264,2025,12,December,1,1,1,0
C13265,2025,4,April,1,2,0,1
C13265,2025,7,July,3,3,0,1
C13265,2025,8,August,4,4,0,1
C13265,2025,11,November,5,5,0,1
C13266,2024,7,July,1,1,1,0
C13267,2024,7,July,1,1,1,0
C13267,2024,8,August,2,2,0,1
C13267,2024,11,November,3,3,0,1
C13267,2024,12,December,4,4,0,1
C13267,2025,1,January,5,5,0,1
C13267,2025,5,May,6,6,0,1
C13267,2025,10,October,7,6,0,1
C13267,2025,11,November,8,7,0,1
C13268,2024,8,August,1,1,1,0
C13268,2024,9,September,2,2,0,1
C13268,2024,12,December,3,4,0,1
C13268,2025,5,May,5,7,0,1
C13268,2025,6,June,8,8,0,1
C13268,2025,12,December,9,9,0,1
C13269,2024,8,August,1,2,0,1
C13269,2025,3,March,3,3,0,1
C13269,2025,7,July,4,4,0,1
C13269,2025,8,August,5,5,0,1
C13269,2025,11,November,6,6,0,1
C13270,2025,3,March,1,1,1,0
C13270,2025,6,June,2,1,0,0
C13270,2025,10,October,3,2,0,1
C13271,2024,7,July,1,1,1,0
C13271,2024,9,September,2,2,0,1
C13271,2025,9,September,3,3,0,1
C13272,2024,7,July,1,0,1,0
C13272,2024,10,October,2,1,0,0
C13272,2024,12,December,3,1,0,0
C13272,2025,4,April,4,2,0,1
C13272,2025,7,July,5,3,0,1
C13272,2025,10,October,6,5,0,1
C13273,2025,4,April,1,1,1,0
C13273,2025,7,July,2,2,0,1
C13274,2024,7,July,1,1,1,0
C13274,2024,8,August,2,1,0,0
C13274,2024,11,November,3,2,0,1
C13274,2025,11,November,4,3,0,1
C13274,2025,12,December,5,4,0,1
C13275,2025,2,February,1,2,0,1
C13275,2025,11,November,4,3,0,1
C13276,2024,10,October,1,1,1,0
C13276,2025,10,October,2,2,0,1
C13277,2025,7,July,1,1,1,0
C13277,2025,12,December,2,3,0,1
C13278,2024,8,August,1,1,1,0
C13278,2025,1,January,2,2,0,1
C13278,2025,3,March,3,3,0,1
C13278,2025,4,April,4,3,0,1
C13279,2024,9,September,1,1,1,0
C13279,2025,7,July,2,2,0,1
C13280,2025,11,November,1,0,1,0
C13281,2024,10,October,1,1,1,0
C13282,2024,9,September,1,1,1,0
C13282,2024,11,November,2,2,0,1
C13282,2024,12,December,3,3,0,1
C13282,2025,3,March,4,4,0,1
C13282,2025,4,April,5,5,0,1
C13282,2025,5,May,6,5,0,1
C13282,2025,11,November,8,6,0,1
C13282,2025,12,December,9,7,0,1
C13283,2024,8,August,1,1,1,0
C13283,2025,7,July,2,1,0,0
C13285,2024,7,July,1,1,1,0
C13285,2024,8,August,2,2,0,1
C13285,2024,10,October,3,3,0,1
C13285,2024,12,December,4,4,0,1
C13285,2025,2,February,5,5,0,1
C13285,2025,3,March,6,6,0,1
C13285,2025,6,June,7,7,0,1
C13285,2025,10,October,8,8,0,1
C13285,2025,12,December,9,9,0,1
C13286,2024,7,July,1,1,1,0
C13286,2024,10,October,2,2,0,1
C13286,2024,11,November,3,3,0,1
C13286,2024,12,December,4,4,0,1
C13286,2025,3,March,5,5,0,1
C13286,2025,6,June,6,6,0,1
C13286,2025,11,November,7,7,0,1
C13287,2024,7,July,1,0,1,0
C13287,2024,11,November,2,1,0,0
C13288,2024,7,July,1,1,1,0
C13288,2025,10,October,2,1,0,0
C13289,2024,7,July,1,1,1,0
C13289,2024,9,September,3,2,0,1
C13289,2024,10,October,4,3,0,1
C13289,2025,2,February,5,4,0,1
C13289,2025,5,May,6,5,0,1
C13289,2025,6,June,7,6,0,1
C13289,2025,9,September,8,7,0,1
C13289,2025,10,October,9,8,0,1
C13290,2024,9,September,1,2,0,1
C13290,2024,10,October,3,3,0,1
C13290,2024,12,December,4,4,0,1
C13290,2025,1,January,5,5,0,1
C13290,2025,7,July,6,6,0,1
C13290,2025,8,August,7,8,0,1
C13290,2025,10,October,9,9,0,1
C13290,2025,11,November,10,10,0,1
C13290,2025,12,December,11,11,0,1
C13291,2024,8,August,1,1,1,0
C13291,2024,11,November,2,2,0,1
C13291,2025,4,April,3,3,0,1
C13292,2024,7,July,1,1,1,0
C13292,2025,4,April,2,1,0,0
C13292,2025,5,May,3,2,0,1
C13292,2025,6,June,4,3,0,1
C13292,2025,9,September,5,3,0,1
C13293,2025,9,September,1,1,1,0
C13294,2024,9,September,1,1,1,0
C13294,2024,11,November,2,2,0,1
C13294,2025,1,January,3,3,0,1
C13294,2025,5,May,4,4,0,1
C13294,2025,9,September,5,6,0,1
C13295,2025,3,March,1,1,1,0
C13295,2025,4,April,2,2,0,1
C13295,2025,7,July,3,3,0,1
C13295,2025,8,August,4,3,0,1
C13295,2025,11,November,5,3,0,1
C13296,2025,5,May,1,1,1,0
C13296,2025,6,June,2,2,0,1
C13297,2024,11,November,1,1,1,0
C13297,2025,3,March,2,1,0,0
C13297,2025,11,November,3,1,0,0
C13298,2024,8,August,1,1,1,0
C13298,2024,9,September,2,1,0,0
C13298,2025,5,May,3,2,0,1
C13298,2025,9,September,4,4,0,1
C13299,2024,8,August,1,1,1,0
C13299,2024,9,September,2,3,0,1
C13299,2024,11,November,4,4,0,1
C13299,2025,1,January,5,5,0,1
C13299,2025,3,March,6,5,0,1
C13299,2025,5,May,7,6,0,1
C13299,2025,8,August,8,7,0,1
C13299,2025,12,December,9,8,0,1
C13300,2024,8,August,1,1,1,0
C13300,2024,9,September,3,2,0,1
C13300,2025,2,February,4,2,0,1
C13300,2025,8,August,5,3,0,1
C13300,2025,10,October,6,5,0,1
C13301,2024,7,July,1,1,1,0
C13301,2024,10,October,2,1,0,0
C13301,2025,2,February,3,2,0,1
C13301,2025,3,March,4,3,0,1
C13301,2025,5,May,5,5,0,1
C13301,2025,7,July,7,6,0,1
C13301,2025,8,August,8,7,0,1
C13301,2025,9,September,9,8,0,1
C13301,2025,10,October,10,9,0,1
C13301,2025,11,November,11,10,0,1
C13301,2025,12,December,12,13,0,1
C13302,2024,12,December,1,1,1,0
C13302,2025,7,July,2,2,0,1
C13303,2025,2,February,1,0,1,0
C13304,2024,10,October,1,1,1,0
C13304,2024,12,December,2,2,0,1
C13305,2025,5,May,1,2,0,1
C13305,2025,7,July,3,2,0,1
C13305,2025,8,August,4,5,0,1
C13305,2025,11,November,7,6,0,1
C13306,2025,1,January,1,2,0,1
C13307,2024,8,August,1,1,1,0
C13307,2024,9,September,2,2,0,1
C13307,2024,12,December,3,2,0,1
C13307,2025,2,February,4,2,0,1
C13307,2025,6,June,5,4,0,1
C13307,2025,9,September,7,6,0,1
C13308,2024,7,July,1,1,1,0
C13308,2025,4,April,2,1,0,0
C13308,2025,10,October,3,2,0,1
C13308,2025,11,November,4,3,0,1
C13309,2024,7,July,1,0,1,0
C13309,2024,11,November,2,1,0,0
C13309,2025,1,January,3,2,0,1
C13309,2025,4,April,4,2,0,1
C13309,2025,5,May,5,3,0,1
C13309,2025,8,August,6,3,0,1
C13309,2025,11,November,7,4,0,1
C13310,2024,12,December,1,1,1,0
C13310,2025,1,January,2,1,0,0
C13310,2025,8,August,3,2,0,1
C13310,2025,12,December,4,2,0,1
C13311,2024,10,October,1,1,1,0
C13311,2025,2,February,2,2,0,1
C13311,2025,3,March,3,3,0,1
C13311,2025,9,September,4,4,0,1
C13312,2024,12,December,1,1,1,0
C13312,2025,6,June,2,2,0,1
C13312,2025,7,July,3,3,0,1
C13312,2025,8,August,4,4,0,1
C13312,2025,10,October,5,5,0,1
C13313,2024,7,July,1,1,1,0
C13313,2024,8,August,2,1,0,0
C13313,2024,9,September,3,1,0,0
C13313,2024,11,November,4,2,0,1
C13313,2025,4,April,5,4,0,1
C13313,2025,5,May,7,5,0,1
C13313,2025,6,June,8,6,0,1
C13313,2025,7,July,10,7,0,1
C13313,2025,11,November,11,8,0,1
C13314,2024,10,October,1,1,1,0
C13314,2025,9,September,2,2,0,1
C13314,2025,11,November,3,3,0,1
C13315,2025,7,July,1,1,1,0
C13315,2025,10,October,2,2,0,1
C13317,2024,8,August,1,1,1,0
C13317,2024,11,November,2,2,0,1
C13317,2025,4,April,3,3,0,1
C13318,2025,2,February,1,1,1,0
C13318,2025,7,July,2,1,0,0
C13318,2025,9,September,3,3,0,1
C13319,2024,9,September,1,1,1,0
C13320,2025,1,January,1,0,1,0
C13320,2025,5,May,3,1,0,0
C13320,2025,12,December,4,2,0,1
C13321,2025,3,March,1,1,1,0
C13321,2025,6,June,2,2,0,1
C13322,2024,11,November,1,1,1,0
C13322,2024,12,December,2,2,0,1
C13322,2025,1,January,3,3,0,1
C13322,2025,5,May,4,4,0,1
C13322,2025,8,August,5,5,0,1
C13323,2024,9,September,1,1,1,0
C13323,2024,10,October,2,2,0,1
C13323,2024,11,November,3,3,0,1
C13323,2025,1,January,4,4,0,1
C13323,2025,3,March,5,5,0,1
C13323,2025,4,April,6,7,0,1
C13323,2025,10,October,9,8,0,1
C13323,2025,11,November,10,8,0,1
C13324,2025,10,October,1,1,1,0
C13325,2024,9,September,1,1,1,0
C13325,2025,1,January,2,2,0,1
C13327,2024,9,September,1,1,1,0
C13327,2024,10,October,2,2,0,1
C13327,2025,5,May,4,2,0,1
C13327,2025,7,July,5,3,0,1
C13327,2025,8,August,6,3,0,1
C13327,2025,10,October,7,4,0,1
C13327,2025,11,November,8,5,0,1
C13327,2025,12,December,9,6,0,1
C13328,2024,12,December,1,0,1,0
C13330,2024,8,August,1,1,1,0
C13330,2024,9,September,2,2,0,1
C13330,2025,3,March,3,3,0,1
C13330,2025,5,May,4,3,0,1
C13330,2025,7,July,6,4,0,1
C13330,2025,8,August,7,5,0,1
C13330,2025,10,October,8,6,0,1
C13331,2024,9,September,1,1,1,0
C13331,2024,10,October,2,2,0,1
C13331,2025,1,January,3,2,0,1
C13331,2025,4,April,4,3,0,1
C13331,2025,7,July,5,4,0,1
C13331,2025,8,August,6,5,0,1
C13331,2025,9,September,7,6,0,1
C13331,2025,10,October,8,7,0,1
C13332,2024,8,August,1,1,1,0
C13332,2025,3,March,2,2,0,1
C13332,2025,8,August,3,4,0,1
C13332,2025,10,October,5,4,0,1
C13332,2025,11,November,6,6,0,1
C13332,2025,12,December,8,7,0,1
C13333,2024,10,October,1,1,1,0
C13333,2024,11,November,2,2,0,1
C13333,2024,12,December,3,2,0,1
C13333,2025,6,June,4,3,0,1
C13333,2025,7,July,5,4,0,1
C13333,2025,8,August,6,4,0,1
C13333,2025,10,October,8,4,0,1
C13334,2024,11,November,1,1,1,0
C13334,2024,12,December,2,1,0,0
C13334,2025,3,March,3,2,0,1
C13334,2025,4,April,4,4,0,1
C13334,2025,8,August,6,6,0,1
C13334,2025,12,December,8,7,0,1
C13335,2024,11,November,1,1,1,0
C13335,2025,4,April,2,2,0,1
C13335,2025,5,May,3,2,0,1
C13335,2025,11,November,4,3,0,1
C13336,2025,9,September,1,1,1,0
C13336,2025,12,December,2,2,0,1
C13337,2024,8,August,1,1,1,0
C13337,2024,9,September,2,3,0,1
C13337,2024,10,October,4,4,0,1
C13337,2024,11,November,5,5,0,1
C13337,2024,12,December,6,6,0,1
C13337,2025,1,January,7,7,0,1
C13337,2025,2,February,9,7,0,1
C13337,2025,4,April,10,8,0,1
C13337,2025,5,May,11,10,0,1
C13337,2025,8,August,13,11,0,1
C13337,2025,11,November,14,12,0,1
C13338,2024,7,July,1,1,1,0
C13338,2024,8,August,2,2,0,1
C13338,2024,9,September,3,3,0,1
C13338,2024,11,November,4,4,0,1
C13338,2024,12,December,5,5,0,1
C13338,2025,2,February,6,6,0,1
C13338,2025,3,March,7,7,0,1
C13338,2025,5,May,8,8,0,1
C13338,2025,7,July,9,10,0,1
C13338,2025,10,October,11,11,0,1
C13339,2024,9,September,1,1,1,0
C13339,2024,11,November,2,1,0,0
C13340,2025,2,February,1,1,1,0
C13340,2025,5,May,2,2,0,1
C13341,2025,2,February,1,0,1,0
C13341,2025,12,December,2,1,0,0
C13342,2024,10,October,1,1,1,0
C13342,2025,1,January,2,2,0,1
C13342,2025,4,April,3,4,0,1
C13342,2025,6,June,5,6,0,1
C13342,2025,7,July,7,7,0,1
C13342,2025,12,December,8,8,0,1
C13343,2024,9,September,1,1,1,0
C13343,2024,11,November,2,2,0,1
C13343,2025,4,April,3,3,0,1
C13343,2025,9,September,4,5,0,1
C13344,2025,3,March,1,1,1,0
C13344,2025,9,September,2,3,0,1
C13344,2025,11,November,4,3,0,1
C13344,2025,12,December,5,3,0,1
C13345,2025,11,November,1,0,1,0
C13346,2025,2,February,1,1,1,0
C13346,2025,3,March,3,2,0,1
C13346,2025,12,December,4,3,0,1
C13347,2024,7,July,1,1,1,0
C13347,2025,5,May,2,2,0,1
C13347,2025,6,June,3,3,0,1
C13347,2025,8,August,4,3,0,1
C13348,2024,11,November,1,0,1,0
C13349,2024,8,August,1,1,1,0
C13349,2024,12,December,2,2,0,1
C13349,2025,6,June,3,3,0,1
C13349,2025,10,October,4,4,0,1
C13350,2024,11,November,1,1,1,0
C13351,2024,7,July,1,1,1,0
C13351,2024,9,September,2,2,0,1
C13351,2025,1,January,3,3,0,1
C13351,2025,9,September,4,4,0,1
C13352,2024,10,October,1,1,1,0
C13352,2024,11,November,2,2,0,1
C13352,2025,1,January,3,4,0,1
C13352,2025,3,March,5,4,0,1
C13352,2025,8,August,6,5,0,1
C13352,2025,9,September,7,6,0,1
C13352,2025,11,November,8,7,0,1
C13353,2024,9,September,1,1,1,0
C13353,2024,11,November,2,2,0,1
C13353,2025,4,April,3,3,0,1
C13353,2025,5,May,4,4,0,1
C13353,2025,6,June,6,5,0,1
C13353,2025,12,December,7,6,0,1
C13354,2025,7,July,1,1,1,0
C13354,2025,10,October,2,2,0,1
C13355,2024,7,July,1,1,1,0
C13355,2024,10,October,2,2,0,1
C13355,2025,2,February,3,3,0,1
C13355,2025,11,November,4,4,0,1
C13356,2025,4,April,1,1,1,0
C13356,2025,5,May,2,2,0,1
C13356,2025,8,August,3,4,0,1
C13356,2025,12,December,5,4,0,1
C13357,2024,10,October,1,2,0,1
C13357,2025,3,March,3,3,0,1
C13359,2025,11,November,1,1,1,0
C13360,2025,2,February,1,1,1,0
C13360,2025,12,December,2,1,0,0
C13361,2024,8,August,1,1,1,0
C13361,2024,11,November,2,2,0,1
C13361,2025,1,January,3,3,0,1
C13361,2025,11,November,4,4,0,1
C13362,2025,7,July,1,1,1,0
C13363,2024,7,July,1,1,1,0
C13363,2024,8,August,3,2,0,1
C13363,2025,6,June,4,4,0,1
C13364,2024,11,November,1,0,1,0
C13364,2024,12,December,2,0,0,0
C13364,2025,11,November,3,1,0,0
C13365,2024,11,November,1,1,1,0
C13365,2025,2,February,2,1,0,0
C13366,2025,1,January,1,1,1,0
C13366,2025,3,March,2,1,0,0
C13366,2025,10,October,3,2,0,1
C13367,2025,5,May,1,1,1,0
C13367,2025,10,October,2,3,0,1
C13367,2025,12,December,4,5,0,1
C13368,2024,7,July,1,1,1,0
C13368,2025,7,July,2,2,0,1
C13368,2025,8,August,3,3,0,1
C13368,2025,10,October,4,4,0,1
C13368,2025,11,November,5,5,0,1
C13369,2024,8,August,1,0,1,0
C13369,2024,10,October,2,1,0,0
C13369,2025,6,June,3,2,0,1
C13369,2025,10,October,4,3,0,1
C13369,2025,11,November,6,4,0,1
C13370,2024,7,July,1,1,1,0
C13370,2024,8,August,2,2,0,1
C13370,2025,2,February,3,2,0,1
C13371,2025,10,October,1,1,1,0
C13372,2025,3,March,1,1,1,0
C13372,2025,7,July,2,1,0,0
C13372,2025,9,September,3,2,0,1
C13373,2024,12,December,1,0,1,0
C13374,2024,7,July,1,1,1,0
C13374,2024,8,August,2,2,0,1
C13374,2024,9,September,3,3,0,1
C13374,2024,10,October,4,3,0,1
C13374,2024,12,December,5,4,0,1
C13374,2025,8,August,7,5,0,1
C13374,2025,9,September,8,6,0,1
C13374,2025,10,October,9,7,0,1
C13375,2024,12,December,1,1,1,0
C13375,2025,2,February,2,2,0,1
C13375,2025,4,April,3,3,0,1
C13376,2025,3,March,1,0,1,0
C13376,2025,4,April,2,1,0,0
C13376,2025,5,May,3,2,0,1
C13377,2024,11,November,1,1,1,0
C13377,2024,12,December,2,1,0,0
C13377,2025,2,February,3,2,0,1
C13377,2025,10,October,4,3,0,1
C13378,2024,12,December,1,1,1,0
C13378,2025,7,July,2,2,0,1
C13378,2025,9,September,3,3,0,1
C13378,2025,10,October,4,4,0,1
C13379,2024,9,September,1,1,1,0
C13379,2024,10,October,2,2,0,1
C13379,2024,12,December,3,2,0,1
C13379,2025,2,February,4,3,0,1
C13379,2025,8,August,5,4,0,1
C13379,2025,9,September,6,5,0,1
C13379,2025,11,November,7,6,0,1
C13380,2024,11,November,1,0,1,0
C13380,2024,12,December,2,1,0,0
C13380,2025,7,July,3,2,0,1
C13380,2025,9,September,4,3,0,1
C13380,2025,12,December,5,3,0,1
C13381,2024,8,August,1,1,1,0
C13381,2024,9,September,2,2,0,1
C13381,2024,12,December,3,3,0,1
C13381,2025,7,July,4,5,0,1
C13382,2024,7,July,1,1,1,0
C13382,2024,9,September,2,1,0,0
C13382,2024,10,October,4,2,0,1
C13382,2025,3,March,5,3,0,1
C13382,2025,5,May,6,4,0,1
C13382,2025,8,August,7,5,0,1
C13382,2025,12,December,8,6,0,1
C13383,2025,6,June,1,1,1,0
C13384,2024,8,August,1,1,1,0
C13384,2025,1,January,2,2,0,1
C13384,2025,3,March,3,3,0,1
C13384,2025,8,August,4,4,0,1
C13384,2025,12,December,5,5,0,1
C13385,2024,9,September,1,1,1,0
C13386,2024,7,July,1,1,1,0
C13387,2024,7,July,1,1,1,0
C13387,2024,11,November,2,2,0,1
C13387,2025,9,September,3,3,0,1
C13388,2024,10,October,1,1,1,0
C13388,2025,3,March,2,2,0,1
C13388,2025,5,May,3,3,0,1
C13388,2025,7,July,4,4,0,1
C13389,2024,7,July,1,1,1,0
C13389,2024,8,August,2,2,0,1
C13389,2025,11,November,3,2,0,1
C13390,2025,5,May,1,0,1,0
C13390,2025,7,July,2,1,0,0
C13390,2025,11,November,3,2,0,1
C13390,2025,12,December,4,4,0,1
C13391,2025,8,August,1,1,1,0
C13392,2024,10,October,1,1,1,0
C13392,2025,7,July,2,2,0,1
C13392,2025,11,November,3,3,0,1
C13393,2024,8,August,1,1,1,0
C13393,2024,11,November,2,2,0,1
C13394,2025,2,February,1,1,1,0
C13394,2025,11,November,2,2,0,1
C13395,2024,10,October,1,1,1,0
C13395,2025,2,February,2,2,0,1
C13395,2025,3,March,3,3,0,1
C13395,2025,4,April,4,4,0,1
C13396,2024,12,December,1,1,1,0
C13396,2025,2,February,2,2,0,1
C13396,2025,5,May,3,3,0,1
C13396,2025,9,September,4,4,0,1
C13397,2024,7,July,1,1,1,0
C13397,2024,9,September,2,3,0,1
C13397,2025,10,October,4,5,0,1
C13397,2025,12,December,6,5,0,1
C13398,2024,12,December,1,1,1,0
C13398,2025,4,April,2,2,0,1
C13398,2025,5,May,3,2,0,1
C13398,2025,7,July,4,3,0,1
C13398,2025,11,November,5,4,0,1
C13399,2024,7,July,1,1,1,0
C13399,2024,8,August,2,2,0,1
C13399,2024,9,September,3,2,0,1
C13399,2025,1,January,4,3,0,1
C13399,2025,4,April,5,3,0,1
C13400,2024,9,September,1,1,1,0
C13400,2024,11,November,2,2,0,1
C13400,2025,5,May,3,3,0,1
C13400,2025,7,July,4,4,0,1
C13401,2024,11,November,1,1,1,0
C13401,2025,5,May,2,2,0,1
C13402,2025,2,February,1,1,1,0
C13402,2025,10,October,2,2,0,1
C13403,2025,3,March,1,1,1,0
C13403,2025,5,May,2,1,0,0
C13404,2025,1,January,1,1,1,0
C13404,2025,3,March,2,2,0,1
C13404,2025,6,June,3,3,0,1
C13405,2024,8,August,1,1,1,0
C13405,2024,11,November,2,1,0,0
C13405,2024,12,December,3,2,0,1
C13405,2025,5,May,4,3,0,1
C13405,2025,9,September,5,4,0,1
C13406,2025,2,February,1,1,1,0
C13406,2025,12,December,2,2,0,1
C13407,2024,7,July,1,3,0,1
C13407,2024,8,August,4,3,0,1
C13407,2024,10,October,5,4,0,1
C13407,2024,11,November,6,5,0,1
C13407,2024,12,December,7,5,0,1
C13407,2025,2,February,8,6,0,1
C13407,2025,3,March,9,7,0,1
C13407,2025,6,June,10,8,0,1
C13407,2025,7,July,11,9,0,1
C13407,2025,10,October,12,10,0,1
C13408,2024,10,October,1,0,1,0
C13408,2025,7,July,2,1,0,0
C13409,2024,7,July,1,1,1,0
C13409,2024,10,October,2,2,0,1
C13409,2025,1,January,3,3,0,1
C13409,2025,3,March,4,4,0,1
C13409,2025,9,September,5,5,0,1
C13409,2025,11,November,6,6,0,1
C13410,2024,8,August,1,1,1,0
C13410,2024,10,October,2,2,0,1
C13410,2024,11,November,3,3,0,1
C13410,2024,12,December,4,4,0,1
C13410,2025,4,April,5,5,0,1
C13410,2025,10,October,6,5,0,1
C13411,2024,9,September,1,1,1,0
C13411,2025,2,February,2,1,0,0
C13411,2025,8,August,3,3,0,1
C13411,2025,9,September,5,5,0,1
C13411,2025,12,December,7,6,0,1
C13412,2025,4,April,1,1,1,0
C13412,2025,5,May,2,2,0,1
C13413,2024,9,September,1,2,0,1
C13413,2024,10,October,3,3,0,1
C13413,2025,2,February,4,4,0,1
C13413,2025,5,May,5,5,0,1
C13413,2025,10,October,6,6,0,1
C13414,2025,3,March,1,1,1,0
C13414,2025,10,October,2,2,0,1
C13414,2025,11,November,3,3,0,1
C13415,2024,11,November,1,1,1,0
C13415,2025,1,January,2,2,0,1
C13415,2025,4,April,3,3,0,1
C13415,2025,11,November,4,3,0,1
C13416,2024,8,August,1,1,1,0
C13416,2024,10,October,2,2,0,1
C13417,2024,7,July,1,1,1,0
C13417,2024,12,December,2,2,0,1
C13417,2025,8,August,3,3,0,1
C13417,2025,11,November,4,4,0,1
C13417,2025,12,December,5,5,0,1
C13418,2025,7,July,1,1,1,0
C13418,2025,12,December,2,2,0,1
C13419,2024,7,July,1,1,1,0
C13419,2025,5,May,2,2,0,1
C13419,2025,8,August,3,3,0,1
C13419,2025,11,November,4,4,0,1
C13419,2025,12,December,5,6,0,1
C13420,2024,8,August,1,1,1,0
C13420,2024,12,December,2,2,0,1
C13420,2025,2,February,3,3,0,1
C13420,2025,9,September,4,4,0,1
C13420,2025,11,November,5,5,0,1
C13421,2024,7,July,1,1,1,0
C13421,2024,11,November,2,3,0,1
C13421,2024,12,December,4,4,0,1
C13421,2025,1,January,6,5,0,1
C13421,2025,3,March,7,6,0,1
C13421,2025,6,June,8,7,0,1
C13421,2025,8,August,9,8,0,1
C13421,2025,9,September,10,9,0,1
C13422,2024,9,September,1,0,1,0
C13422,2025,4,April,2,1,0,0
C13422,2025,8,August,3,2,0,1
C13422,2025,10,October,4,3,0,1
C13423,2024,11,November,1,1,1,0
C13423,2025,1,January,2,2,0,1
C13423,2025,2,February,3,3,0,1
C13424,2024,10,October,1,0,1,0
C13424,2025,5,May,2,1,0,0
C13425,2025,12,December,1,1,1,0
C13426,2025,8,August,1,1,1,0
C13427,2024,7,July,1,1,1,0
C13427,2024,8,August,2,2,0,1
C13427,2024,10,October,3,3,0,1
C13427,2025,1,January,4,4,0,1
C13427,2025,5,May,5,5,0,1
C13427,2025,7,July,6,6,0,1
C13427,2025,10,October,7,7,0,1
C13428,2024,7,July,1,2,0,1
C13428,2024,9,September,3,3,0,1
C13428,2024,10,October,4,3,0,1
C13428,2024,11,November,5,4,0,1
C13428,2025,3,March,6,5,0,1
C13428,2025,6,June,7,6,0,1
C13428,2025,8,August,8,7,0,1
C13428,2025,10,October,9,8,0,1
C13428,2025,11,November,10,9,0,1
C13428,2025,12,December,11,9,0,1
C13429,2024,9,September,1,2,0,1
C13429,2025,2,February,3,3,0,1
C13429,2025,5,May,4,3,0,1
C13429,2025,7,July,5,4,0,1
C13429,2025,11,November,6,4,0,1
C13431,2024,12,December,1,1,1,0
C13431,2025,1,January,2,2,0,1
C13431,2025,8,August,3,3,0,1
C13432,2024,10,October,1,0,1,0
C13432,2025,1,January,2,1,0,0
C13433,2024,9,September,1,2,0,1
C13433,2025,1,January,3,3,0,1
C13433,2025,2,February,4,4,0,1
C13433,2025,7,July,5,5,0,1
C13433,2025,8,August,6,6,0,1
C13434,2024,9,September,1,1,1,0
C13434,2025,1,January,2,3,0,1
C13434,2025,5,May,4,4,0,1
C13434,2025,12,December,5,6,0,1
C13435,2024,9,September,1,1,1,0
C13435,2024,10,October,2,1,0,0
C13435,2025,1,January,3,2,0,1
C13435,2025,10,October,4,3,0,1
C13435,2025,11,November,5,4,0,1
C13436,2025,7,July,1,1,1,0
C13436,2025,10,October,2,2,0,1
C13436,2025,11,November,3,3,0,1
C13437,2024,8,August,1,0,1,0
C13437,2024,10,October,2,1,0,0
C13437,2025,9,September,3,1,0,0
C13437,2025,11,November,4,1,0,0
C13438,2025,2,February,1,0,1,0
C13438,2025,4,April,2,0,0,0
C13438,2025,6,June,3,1,0,0
C13438,2025,7,July,4,2,0,1
C13439,2024,9,September,1,2,0,1
C13439,2024,12,December,3,2,0,1
C13439,2025,5,May,4,3,0,1
C13439,2025,7,July,5,4,0,1
C13439,2025,8,August,6,5,0,1
C13440,2025,1,January,1,1,1,0
C13440,2025,3,March,2,2,0,1
C13441,2024,7,July,1,1,1,0
C13441,2024,11,November,2,2,0,1
C13441,2025,6,June,3,3,0,1
C13442,2024,11,November,1,1,1,0
C13442,2025,2,February,2,2,0,1
C13442,2025,4,April,3,3,0,1
C13442,2025,5,May,4,4,0,1
C13442,2025,11,November,5,5,0,1
C13443,2024,12,December,1,1,1,0
C13443,2025,7,July,2,2,0,1
C13444,2025,7,July,1,1,1,0
C13444,2025,8,August,2,2,0,1
C13444,2025,10,October,3,3,0,1
C13445,2024,10,October,1,1,1,0
C13445,2024,11,November,2,2,0,1
C13445,2025,5,May,3,2,0,1
C13445,2025,11,November,4,2,0,1
C13446,2024,7,July,1,1,1,0
C13446,2024,8,August,2,1,0,0
C13446,2024,12,December,3,2,0,1
C13446,2025,6,June,4,3,0,1
C13446,2025,9,September,5,3,0,1
C13446,2025,12,December,6,4,0,1
C13447,2024,9,September,1,0,1,0
C13447,2024,10,October,2,1,0,0
C13447,2024,12,December,3,2,0,1
C13447,2025,1,January,4,3,0,1
C13447,2025,5,May,5,4,0,1
C13447,2025,8,August,6,5,0,1
C13448,2024,10,October,1,1,1,0
C13448,2025,5,May,2,2,0,1
C13448,2025,10,October,3,4,0,1
C13448,2025,12,December,5,5,0,1
C13450,2024,10,October,1,0,1,0
C13450,2025,12,December,2,1,0,0
C13451,2024,9,September,1,0,1,0
C13451,2024,10,October,2,1,0,0
C13451,2025,4,April,3,1,0,0
C13453,2024,10,October,1,1,1,0
C13453,2024,11,November,2,1,0,0
C13453,2025,1,January,3,2,0,1
C13453,2025,8,August,4,3,0,1
C13453,2025,9,September,5,4,0,1
C13454,2024,9,September,1,1,1,0
C13454,2024,12,December,2,2,0,1
C13454,2025,3,March,3,3,0,1
C13454,2025,6,June,4,4,0,1
C13454,2025,7,July,5,5,0,1
C13454,2025,12,December,6,6,0,1
C13455,2025,1,January,1,1,1,0
C13455,2025,5,May,2,4,0,1
C13455,2025,6,June,6,6,0,1
C13455,2025,8,August,9,7,0,1
C13455,2025,10,October,10,8,0,1
C13455,2025,12,December,11,9,0,1
C13456,2024,9,September,1,0,1,0
C13456,2025,5,May,2,1,0,0
C13456,2025,6,June,3,2,0,1
C13456,2025,8,August,4,3,0,1
C13456,2025,9,September,5,3,0,1
C13457,2024,9,September,1,1,1,0
C13457,2024,11,November,2,2,0,1
C13457,2024,12,December,3,3,0,1
C13457,2025,1,January,4,4,0,1
C13457,2025,2,February,5,5,0,1
C13457,2025,6,June,6,6,0,1
C13457,2025,12,December,7,7,0,1
C13458,2024,10,October,1,0,1,0
C13458,2025,11,November,2,1,0,0
C13458,2025,12,December,3,2,0,1
C13459,2025,1,January,1,2,0,1
C13459,2025,2,February,3,2,0,1
C13459,2025,4,April,4,4,0,1
C13459,2025,5,May,6,4,0,1
C13460,2024,11,November,1,1,1,0
C13460,2025,3,March,2,1,0,0
C13460,2025,6,June,3,2,0,1
C13460,2025,10,October,4,3,0,1
C13461,2024,9,September,1,1,1,0
C13461,2025,2,February,2,2,0,1
C13461,2025,8,August,3,2,0,1
C13462,2025,6,June,1,1,1,0
C13462,2025,8,August,2,1,0,0
C13463,2025,3,March,1,1,1,0
C13463,2025,5,May,2,1,0,0
C13464,2024,9,September,1,1,1,0
C13464,2024,10,October,2,2,0,1
C13464,2025,2,February,3,3,0,1
C13464,2025,12,December,4,6,0,1
C13465,2024,12,December,1,0,1,0
C13465,2025,10,October,2,1,0,0
C13465,2025,12,December,3,2,0,1
C13466,2024,11,November,1,0,1,0
C13466,2025,6,June,2,1,0,0
C13467,2025,6,June,1,1,1,0
C13467,2025,9,September,2,2,0,1
C13468,2024,10,October,1,0,1,0
C13468,2025,6,June,3,1,0,0
C13468,2025,7,July,4,2,0,1
C13469,2024,9,September,1,1,1,0
C13469,2024,11,November,2,2,0,1
C13469,2024,12,December,3,5,0,1
C13469,2025,3,March,6,6,0,1
C13469,2025,4,April,7,7,0,1
C13469,2025,6,June,8,8,0,1
C13469,2025,12,December,9,9,0,1
C13470,2025,8,August,1,1,1,0
C13470,2025,9,September,2,3,0,1
C13471,2024,9,September,1,1,1,0
C13471,2024,10,October,3,1,0,0
C13471,2024,11,November,4,2,0,1
C13471,2024,12,December,5,3,0,1
C13471,2025,1,January,6,4,0,1
C13471,2025,3,March,7,5,0,1
C13471,2025,7,July,8,6,0,1
C13471,2025,8,August,9,6,0,1
C13471,2025,11,November,10,7,0,1
C13471,2025,12,December,11,8,0,1
C13472,2024,11,November,1,1,1,0
C13472,2025,2,February,2,2,0,1
C13472,2025,4,April,3,3,0,1
C13472,2025,9,September,4,4,0,1
C13472,2025,11,November,5,6,0,1
C13473,2025,10,October,1,1,1,0
C13474,2024,8,August,1,1,1,0
C13474,2025,6,June,2,2,0,1
C13474,2025,10,October,3,3,0,1
C13474,2025,11,November,4,3,0,1
C13474,2025,12,December,5,4,0,1
C13475,2024,7,July,1,1,1,0
C13475,2024,9,September,2,1,0,0
C13475,2024,12,December,3,2,0,1
C13475,2025,3,March,4,3,0,1
C13475,2025,4,April,5,4,0,1
C13475,2025,5,May,6,6,0,1
C13476,2024,8,August,1,1,1,0
C13476,2024,10,October,2,2,0,1
C13476,2024,12,December,4,3,0,1
C13476,2025,3,March,5,5,0,1
C13476,2025,10,October,7,6,0,1
C13477,2025,2,February,1,1,1,0
C13477,2025,7,July,2,1,0,0
C13478,2025,3,March,1,1,1,0
C13478,2025,5,May,2,2,0,1
C13478,2025,6,June,3,3,0,1
C13478,2025,10,October,4,4,0,1
C13478,2025,11,November,5,5,0,1
C13479,2024,8,August,1,1,1,0
C13479,2025,5,May,2,2,0,1
C13479,2025,6,June,3,3,0,1
C13479,2025,8,August,4,4,0,1
C13479,2025,9,September,5,5,0,1
C13479,2025,11,November,6,5,0,1
C13480,2025,2,February,1,1,1,0
C13480,2025,5,May,2,2,0,1
C13480,2025,6,June,3,4,0,1
C13480,2025,12,December,5,5,0,1
C13481,2024,10,October,1,0,1,0
C13482,2024,8,August,1,1,1,0
C13483,2024,11,November,1,1,1,0
C13483,2025,5,May,2,2,0,1
C13484,2024,9,September,1,0,1,0
C13484,2025,2,February,2,1,0,0
C13484,2025,4,April,3,1,0,0
C13484,2025,10,October,4,2,0,1
C13484,2025,11,November,5,3,0,1
C13485,2024,8,August,1,2,0,1
C13485,2024,10,October,3,2,0,1
C13485,2025,1,January,4,3,0,1
C13485,2025,6,June,5,4,0,1
C13486,2024,7,July,1,2,0,1
C13486,2024,10,October,3,3,0,1
C13486,2025,1,January,4,4,0,1
C13486,2025,2,February,5,4,0,1
C13486,2025,6,June,6,5,0,1
C13487,2025,6,June,1,0,1,0
C13488,2024,9,September,1,0,1,0
C13488,2024,10,October,2,1,0,0
C13488,2025,2,February,3,2,0,1
C13488,2025,3,March,4,3,0,1
C13488,2025,8,August,5,4,0,1
C13488,2025,10,October,6,5,0,1
C13488,2025,11,November,7,6,0,1
C13489,2024,7,July,1,1,1,0
C13489,2025,1,January,2,2,0,1
C13489,2025,5,May,3,3,0,1
C13489,2025,11,November,4,4,0,1
C13490,2024,7,July,1,1,1,0
C13490,2024,8,August,2,2,0,1
C13490,2024,9,September,3,3,0,1
C13490,2024,10,October,4,4,0,1
C13490,2024,11,November,5,5,0,1
C13490,2025,3,March,6,6,0,1
C13490,2025,7,July,8,7,0,1
C13490,2025,11,November,9,8,0,1
C13491,2024,12,December,1,0,1,0
C13492,2025,6,June,1,1,1,0
C13493,2024,7,July,1,0,1,0
C13493,2025,5,May,2,1,0,0
C13493,2025,6,June,3,2,0,1
C13493,2025,12,December,5,3,0,1
C13494,2024,11,November,1,1,1,0
C13494,2025,2,February,2,2,0,1
C13494,2025,5,May,3,5,0,1
C13494,2025,10,October,6,6,0,1
C13495,2024,7,July,1,1,1,0
C13495,2024,8,August,2,2,0,1
C13495,2024,11,November,3,3,0,1
C13495,2024,12,December,4,4,0,1
C13495,2025,12,December,6,5,0,1
C13496,2024,11,November,1,1,1,0
C13496,2025,1,January,2,2,0,1
C13496,2025,2,February,3,3,0,1
C13497,2024,7,July,1,1,1,0
C13497,2025,1,January,2,2,0,1
C13497,2025,5,May,3,3,0,1
C13497,2025,8,August,4,4,0,1
C13497,2025,9,September,5,4,0,1
C13497,2025,10,October,6,4,0,1
C13497,2025,12,December,7,5,0,1
C13498,2024,7,July,1,1,1,0
C13498,2025,1,January,2,2,0,1
C13498,2025,6,June,3,3,0,1
C13498,2025,8,August,4,4,0,1
C13498,2025,9,September,5,5,0,1
C13499,2024,8,August,1,1,1,0
C13499,2024,11,November,2,2,0,1
C13499,2024,12,December,3,3,0,1
C13499,2025,1,January,4,5,0,1
C13499,2025,4,April,6,5,0,1
C13499,2025,5,May,7,6,0,1
C13499,2025,7,July,8,8,0,1
C13499,2025,11,November,10,11,0,1
C13499,2025,12,December,13,12,0,1
C13500,2024,8,August,1,1,1,0
C13500,2025,1,January,2,1,0,0
C13500,2025,2,February,3,2,0,1
C13500,2025,4,April,4,3,0,1
C13500,2025,6,June,5,3,0,1
C13500,2025,10,October,6,4,0,1
C13500,2025,12,December,7,4,0,1
C13501,2024,7,July,1,1,1,0
C13501,2024,10,October,2,2,0,1
C13501,2025,2,February,3,3,0,1
C13501,2025,3,March,4,4,0,1
C13501,2025,8,August,5,5,0,1
C13501,2025,10,October,6,6,0,1
C13502,2024,7,July,1,1,1,0
C13502,2025,4,April,2,2,0,1
C13503,2024,9,September,1,1,1,0
C13503,2024,10,October,2,2,0,1
C13503,2025,3,March,3,3,0,1
C13503,2025,11,November,4,4,0,1
C13503,2025,12,December,5,5,0,1
C13504,2024,8,August,1,1,1,0
C13504,2025,1,January,2,3,0,1
C13504,2025,8,August,4,4,0,1
C13505,2024,7,July,1,1,1,0
C13505,2024,10,October,2,2,0,1
C13505,2025,2,February,3,3,0,1
C13505,2025,4,April,4,3,0,1
C13505,2025,7,July,5,4,0,1
C13505,2025,8,August,6,5,0,1
C13505,2025,11,November,7,6,0,1
C13506,2024,7,July,1,1,1,0
C13506,2024,8,August,2,2,0,1
C13506,2024,11,November,3,2,0,1
C13506,2025,6,June,4,2,0,1
C13506,2025,10,October,5,3,0,1
C13507,2025,8,August,1,1,1,0
C13507,2025,9,September,2,2,0,1
C13507,2025,10,October,3,3,0,1
C13507,2025,11,November,4,3,0,1
C13508,2024,7,July,1,1,1,0
C13508,2024,8,August,2,2,0,1
C13508,2024,9,September,3,3,0,1
C13508,2024,10,October,4,4,0,1
C13508,2025,1,January,5,5,0,1
C13508,2025,3,March,6,8,0,1
C13508,2025,5,May,9,9,0,1
C13508,2025,7,July,10,10,0,1
C13508,2025,8,August,11,12,0,1
C13508,2025,9,September,13,14,0,1
C13509,2024,8,August,1,1,1,0
C13509,2024,9,September,2,2,0,1
C13509,2024,10,October,3,3,0,1
C13509,2025,3,March,4,3,0,1
C13509,2025,11,November,5,4,0,1
C13510,2025,2,February,1,1,1,0
C13510,2025,6,June,2,1,0,0
C13511,2024,11,November,1,1,1,0
C13511,2025,6,June,2,2,0,1
C13512,2024,10,October,1,1,1,0
C13512,2025,4,April,2,1,0,0
C13512,2025,6,June,3,2,0,1
C13513,2024,10,October,1,1,1,0
C13513,2025,5,May,2,2,0,1
C13513,2025,6,June,3,3,0,1
C13513,2025,12,December,4,4,0,1
C13514,2024,7,July,1,1,1,0
C13514,2024,8,August,3,3,0,1
C13514,2024,9,September,5,4,0,1
C13514,2025,1,January,6,5,0,1
C13514,2025,2,February,8,7,0,1
C13514,2025,3,March,10,8,0,1
C13514,2025,5,May,11,9,0,1
C13514,2025,8,August,12,10,0,1
C13515,2024,11,November,1,0,1,0
C13515,2025,3,March,2,0,0,0
C13516,2024,10,October,1,1,1,0
C13516,2025,1,January,2,2,0,1
C13516,2025,3,March,3,3,0,1
C13516,2025,9,September,4,4,0,1
C13517,2025,3,March,1,1,1,0
C13518,2025,7,July,1,1,1,0
C13519,2024,9,September,1,1,1,0
C13519,2025,8,August,2,2,0,1
C13520,2024,7,July,1,1,1,0
C13520,2024,8,August,2,2,0,1
C13520,2024,10,October,3,3,0,1
C13520,2025,3,March,4,4,0,1
C13520,2025,11,November,5,5,0,1
C13521,2024,8,August,1,1,1,0
C13521,2024,9,September,2,2,0,1
C13521,2024,12,December,3,3,0,1
C13521,2025,2,February,4,5,0,1
C13521,2025,10,October,6,6,0,1
C13521,2025,11,November,7,7,0,1
C13522,2025,1,January,1,1,1,0
C13522,2025,5,May,3,2,0,1
C13522,2025,10,October,4,3,0,1
C13522,2025,12,December,5,3,0,1
C13523,2024,7,July,1,1,1,0
C13523,2025,7,July,2,1,0,0
C13523,2025,8,August,3,2,0,1
C13523,2025,11,November,4,3,0,1
C13523,2025,12,December,5,4,0,1
C13524,2025,11,November,1,1,1,0
C13525,2024,10,October,1,1,1,0
C13525,2025,1,January,2,2,0,1
C13525,2025,9,September,3,3,0,1
C13525,2025,11,November,4,4,0,1
C13526,2025,9,September,1,1,1,0
C13526,2025,11,November,2,2,0,1
C13527,2024,9,September,1,0,1,0
C13527,2025,1,January,2,1,0,0
C13527,2025,5,May,3,2,0,1
C13527,2025,7,July,4,3,0,1
C13528,2024,11,November,1,1,1,0
C13528,2025,3,March,2,2,0,1
C13528,2025,4,April,3,3,0,1
C13529,2024,12,December,1,1,1,0
C13529,2025,5,May,2,2,0,1
C13530,2024,11,November,1,0,1,0
C13530,2025,12,December,2,1,0,0
C13531,2024,7,July,1,1,1,0
C13531,2024,10,October,2,2,0,1
C13531,2024,12,December,3,3,0,1
C13531,2025,2,February,5,4,0,1
C13531,2025,4,April,6,5,0,1
C13532,2025,2,February,1,1,1,0
C13532,2025,10,October,2,2,0,1
C13533,2025,4,April,1,1,1,0
C13533,2025,10,October,2,2,0,1
C13534,2024,9,September,1,0,1,0
C13534,2024,10,October,2,1,0,0
C13534,2025,4,April,3,2,0,1
C13534,2025,6,June,4,2,0,1
C13534,2025,7,July,5,3,0,1
C13535,2024,8,August,1,0,1,0
C13535,2025,1,January,2,1,0,0
C13535,2025,3,March,3,2,0,1
C13535,2025,10,October,4,3,0,1
C13536,2024,9,September,1,0,1,0
C13536,2024,10,October,2,1,0,0
C13536,2025,7,July,3,2,0,1
C13536,2025,9,September,4,2,0,1
C13536,2025,10,October,5,3,0,1
C13537,2024,7,July,1,1,1,0
C13537,2024,12,December,2,1,0,0
C13537,2025,3,March,3,3,0,1
C13538,2025,10,October,1,0,1,0
C13539,2024,8,August,1,1,1,0
C13539,2025,4,April,2,2,0,1
C13540,2024,10,October,1,1,1,0
C13540,2024,11,November,2,2,0,1
C13540,2025,10,October,3,3,0,1
C13541,2024,7,July,1,1,1,0
C13541,2024,10,October,2,2,0,1
C13541,2025,7,July,3,2,0,1
C13541,2025,8,August,4,3,0,1
C13542,2025,3,March,1,1,1,0
C13543,2024,7,July,1,1,1,0
C13543,2025,1,January,2,2,0,1
C13543,2025,2,February,3,2,0,1
C13543,2025,11,November,4,3,0,1
C13544,2024,11,November,1,1,1,0
C13544,2025,8,August,2,2,0,1
C13545,2024,12,December,1,1,1,0
C13545,2025,1,January,2,2,0,1
C13545,2025,4,April,3,3,0,1
C13545,2025,6,June,4,4,0,1
C13545,2025,11,November,5,5,0,1
C13546,2024,9,September,1,1,1,0
C13546,2024,10,October,2,2,0,1
C13546,2024,11,November,3,3,0,1
C13546,2025,5,May,4,4,0,1
C13546,2025,6,June,5,6,0,1
C13546,2025,7,July,7,7,0,1
C13546,2025,9,September,8,7,0,1
C13546,2025,11,November,9,8,0,1
C13547,2024,7,July,1,1,1,0
C13547,2024,9,September,2,1,0,0
C13547,2024,12,December,3,2,0,1
C13547,2025,10,October,4,3,0,1
C13548,2024,8,August,1,1,1,0
C13548,2025,2,February,2,1,0,0
C13549,2024,9,September,1,1,1,0
C13549,2024,11,November,2,2,0,1
C13549,2024,12,December,3,2,0,1
C13549,2025,1,January,4,2,0,1
C13549,2025,5,May,5,3,0,1
C13549,2025,9,September,7,4,0,1
C13550,2024,9,September,1,1,1,0
C13550,2024,11,November,2,2,0,1
C13550,2025,1,January,3,3,0,1
C13550,2025,6,June,4,4,0,1
C13550,2025,11,November,5,6,0,1
C13551,2025,6,June,1,1,1,0
C13551,2025,7,July,2,2,0,1
C13552,2024,7,July,1,0,1,0
C13552,2024,10,October,2,1,0,0
C13552,2024,12,December,3,1,0,0
C13552,2025,7,July,4,3,0,1
C13554,2025,9,September,1,1,1,0
C13555,2024,7,July,1,1,1,0
C13555,2024,8,August,2,2,0,1
C13555,2024,10,October,3,3,0,1
C13555,2025,12,December,4,4,0,1
C13556,2024,8,August,1,1,1,0
C13556,2025,3,March,2,2,0,1
C13556,2025,7,July,3,3,0,1
C13556,2025,10,October,4,4,0,1
C13556,2025,12,December,5,5,0,1
C13557,2024,7,July,1,1,1,0
C13557,2025,1,January,2,1,0,0
C13557,2025,7,July,3,2,0,1
C13557,2025,9,September,4,3,0,1
C13557,2025,10,October,6,4,0,1
C13557,2025,11,November,7,5,0,1
C13558,2025,8,August,1,1,1,0
C13558,2025,11,November,2,2,0,1
C13559,2024,12,December,1,0,1,0
C13559,2025,2,February,2,1,0,0
C13559,2025,6,June,3,1,0,0
C13559,2025,7,July,4,2,0,1
C13560,2024,7,July,1,1,1,0
C13560,2025,7,July,2,2,0,1
C13560,2025,8,August,3,2,0,1
C13560,2025,10,October,4,2,0,1
C13560,2025,11,November,5,2,0,1
C13560,2025,12,December,6,3,0,1
C13561,2024,7,July,1,2,0,1
C13561,2024,9,September,3,4,0,1
C13562,2024,7,July,1,1,1,0
C13562,2025,1,January,2,2,0,1
C13562,2025,4,April,3,3,0,1
C13563,2024,11,November,1,1,1,0
C13563,2025,1,January,2,2,0,1
C13563,2025,5,May,3,4,0,1
C13563,2025,8,August,5,7,0,1
C13563,2025,9,September,8,8,0,1
C13564,2024,7,July,1,0,1,0
C13564,2025,5,May,2,0,0,0
C13565,2024,10,October,1,1,1,0
C13565,2025,2,February,2,2,0,1
C13565,2025,4,April,3,3,0,1
C13565,2025,11,November,4,4,0,1
C13566,2024,9,September,1,1,1,0
C13566,2025,5,May,2,3,0,1
C13566,2025,10,October,4,4,0,1
C13567,2024,11,November,1,1,1,0
C13567,2025,4,April,2,2,0,1
C13567,2025,12,December,3,3,0,1
C13568,2024,12,December,1,1,1,0
C13568,2025,6,June,2,2,0,1
C13568,2025,10,October,3,3,0,1
C13568,2025,11,November,4,4,0,1
C13568,2025,12,December,5,5,0,1
C13569,2024,11,November,1,0,1,0
C13569,2025,2,February,2,0,0,0
C13569,2025,6,June,3,1,0,0
C13569,2025,12,December,4,2,0,1
C13570,2024,10,October,1,1,1,0
C13570,2025,9,September,2,1,0,0
C13571,2024,9,September,1,2,0,1
C13572,2024,7,July,1,1,1,0
C13572,2025,9,September,2,2,0,1
C13572,2025,11,November,4,4,0,1
C13573,2024,9,September,1,1,1,0
C13573,2024,11,November,2,2,0,1
C13574,2025,10,October,1,1,1,0
C13575,2024,7,July,1,1,1,0
C13575,2024,9,September,2,1,0,0
C13575,2024,10,October,3,2,0,1
C13575,2025,10,October,4,3,0,1
C13576,2024,7,July,1,1,1,0
C13577,2024,9,September,1,1,1,0
C13577,2025,5,May,2,2,0,1
C13577,2025,8,August,3,3,0,1
C13577,2025,12,December,4,3,0,1
C13578,2024,11,November,1,1,1,0
C13578,2025,11,November,2,1,0,0
C13579,2024,9,September,1,1,1,0
C13579,2025,6,June,2,3,0,1
C13579,2025,10,October,4,4,0,1
C13579,2025,12,December,6,4,0,1
C13580,2024,7,July,1,1,1,0
C13581,2024,8,August,1,1,1,0
C13581,2025,1,January,2,2,0,1
C13581,2025,6,June,3,3,0,1
C13581,2025,9,September,4,4,0,1
C13581,2025,11,November,5,5,0,1
C13582,2024,10,October,1,1,1,0
C13582,2024,12,December,2,2,0,1
C13582,2025,3,March,3,2,0,1
C13582,2025,4,April,4,3,0,1
C13583,2024,9,September,1,1,1,0
C13583,2024,12,December,2,2,0,1
C13584,2025,2,February,1,0,1,0
C13584,2025,11,November,2,1,0,0
C13585,2024,11,November,1,1,1,0
C13585,2025,6,June,2,1,0,0
C13586,2024,7,July,1,1,1,0
C13586,2024,11,November,2,2,0,1
C13586,2024,12,December,3,4,0,1
C13586,2025,1,January,5,5,0,1
C13586,2025,11,November,7,6,0,1
C13587,2024,11,November,1,1,1,0
C13587,2024,12,December,2,2,0,1
C13587,2025,6,June,3,3,0,1
C13587,2025,8,August,4,4,0,1
C13587,2025,12,December,5,5,0,1
C13588,2025,1,January,1,1,1,0
C13589,2024,8,August,1,2,0,1
C13589,2024,12,December,3,3,0,1
C13589,2025,4,April,4,4,0,1
C13589,2025,9,September,5,5,0,1
C13590,2024,7,July,1,1,1,0
C13590,2024,10,October,2,2,0,1
C13591,2025,1,January,1,1,1,0
C13591,2025,4,April,2,2,0,1
C13591,2025,10,October,3,3,0,1
C13592,2025,1,January,1,1,1,0
C13592,2025,4,April,2,2,0,1
C13592,2025,8,August,3,3,0,1
C13592,2025,10,October,4,4,0,1
C13593,2024,7,July,1,1,1,0
C13593,2024,8,August,2,2,0,1
C13593,2024,12,December,3,3,0,1
C13594,2024,10,October,1,1,1,0
C13594,2025,3,March,2,2,0,1
C13594,2025,8,August,3,2,0,1
C13594,2025,10,October,4,2,0,1
C13595,2025,1,January,1,1,1,0
C13596,2024,8,August,1,1,1,0
C13596,2024,11,November,2,2,0,1
C13597,2024,7,July,1,1,1,0
C13597,2024,9,September,2,2,0,1
C13597,2025,11,November,3,3,0,1
C13598,2024,7,July,1,2,0,1
C13598,2025,2,February,3,3,0,1
C13598,2025,5,May,4,4,0,1
C13599,2024,12,December,1,1,1,0
C13599,2025,1,January,2,3,0,1
C13599,2025,4,April,4,4,0,1
C13599,2025,5,May,5,5,0,1
C13599,2025,6,June,6,6,0,1
C13599,2025,9,September,7,7,0,1
C13599,2025,11,November,8,8,0,1
C13600,2024,7,July,1,1,1,0
C13600,2024,10,October,2,2,0,1
C13600,2024,12,December,3,2,0,1
C13600,2025,2,February,4,2,0,1
C13600,2025,3,March,5,3,0,1
C13600,2025,4,April,6,4,0,1
C13600,2025,6,June,7,5,0,1
C13600,2025,8,August,8,6,0,1
C13600,2025,12,December,9,7,0,1
C13601,2025,6,June,1,2,0,1
C13601,2025,11,November,3,3,0,1
C13601,2025,12,December,4,4,0,1
C13602,2024,7,July,1,1,1,0
C13602,2025,5,May,2,1,0,0
C13602,2025,10,October,3,2,0,1
C13603,2024,8,August,1,1,1,0
C13603,2024,10,October,2,2,0,1
C13603,2025,10,October,3,3,0,1
C13604,2024,9,September,1,2,0,1
C13604,2024,10,October,3,3,0,1
C13604,2024,11,November,4,4,0,1
C13604,2025,5,May,5,4,0,1
C13604,2025,6,June,6,5,0,1
C13604,2025,9,September,7,6,0,1
C13605,2024,11,November,1,1,1,0
C13605,2025,1,January,2,2,0,1
C13605,2025,4,April,3,3,0,1
C13605,2025,6,June,4,4,0,1
C13605,2025,8,August,5,5,0,1
C13606,2024,7,July,1,1,1,0
C13606,2024,12,December,2,2,0,1
C13606,2025,7,July,3,3,0,1
C13607,2024,9,September,1,0,1,0
C13607,2025,3,March,2,1,0,0
C13607,2025,10,October,3,2,0,1
C13607,2025,12,December,4,3,0,1
C13608,2024,12,December,1,1,1,0
C13608,2025,1,January,2,2,0,1
C13608,2025,9,September,3,3,0,1
C13609,2025,11,November,1,2,0,1
C13610,2025,9,September,1,1,1,0
C13611,2024,10,October,1,2,0,1
C13611,2025,10,October,3,3,0,1
C13612,2024,7,July,1,1,1,0
C13612,2025,3,March,2,1,0,0
C13612,2025,8,August,3,2,0,1
C13613,2024,7,July,1,1,1,0
C13613,2025,2,February,2,2,0,1
C13613,2025,8,August,3,2,0,1
C13613,2025,10,October,4,3,0,1
C13614,2024,10,October,1,0,1,0
C13614,2024,11,November,2,1,0,0
C13614,2025,7,July,3,1,0,0
C13614,2025,11,November,4,2,0,1
C13615,2024,10,October,1,1,1,0
C13615,2024,11,November,3,2,0,1
C13615,2024,12,December,4,3,0,1
C13615,2025,1,January,5,4,0,1
C13615,2025,8,August,6,5,0,1
C13615,2025,10,October,7,6,0,1
C13615,2025,11,November,8,7,0,1
C13615,2025,12,December,9,8,0,1
C13616,2024,8,August,1,1,1,0
C13616,2025,1,January,2,2,0,1
C13616,2025,2,February,3,3,0,1
C13616,2025,3,March,4,4,0,1
C13616,2025,4,April,6,5,0,1
C13616,2025,5,May,7,6,0,1
C13616,2025,6,June,8,6,0,1
C13616,2025,10,October,9,8,0,1
C13616,2025,11,November,11,8,0,1
C13616,2025,12,December,13,10,0,1
C13617,2024,7,July,1,1,1,0
C13618,2025,2,February,1,1,1,0
C13619,2024,7,July,1,1,1,0
C13619,2024,8,August,2,2,0,1
C13619,2024,12,December,3,3,0,1
C13619,2025,3,March,4,4,0,1
C13619,2025,5,May,5,5,0,1
C13619,2025,9,September,6,6,0,1
C13619,2025,11,November,7,6,0,1
C13620,2024,9,September,1,1,1,0
C13620,2024,11,November,2,2,0,1
C13620,2025,6,June,3,4,0,1
C13620,2025,7,July,6,5,0,1
C13620,2025,9,September,7,6,0,1
C13620,2025,12,December,8,7,0,1
C13621,2024,7,July,1,1,1,0
C13621,2025,4,April,2,1,0,0
C13621,2025,10,October,3,1,0,0
C13621,2025,11,November,4,1,0,0
C13622,2025,7,July,1,1,1,0
C13623,2024,9,September,1,1,1,0
C13623,2025,10,October,2,2,0,1
C13624,2025,3,March,1,1,1,0
C13624,2025,8,August,2,2,0,1
C13625,2024,11,November,1,1,1,0
C13625,2025,1,January,2,2,0,1
C13625,2025,6,June,3,2,0,1
C13625,2025,7,July,4,2,0,1
C13625,2025,12,December,5,3,0,1
C13626,2025,2,February,1,1,1,0
C13626,2025,11,November,2,2,0,1
C13626,2025,12,December,3,3,0,1
C13628,2025,2,February,1,1,1,0
C13628,2025,9,September,2,2,0,1
C13628,2025,11,November,3,3,0,1
C13629,2024,9,September,1,1,1,0
C13629,2024,12,December,2,2,0,1
C13629,2025,1,January,3,3,0,1
C13629,2025,4,April,4,4,0,1
C13629,2025,7,July,5,4,0,1
C13629,2025,9,September,6,5,0,1
C13629,2025,10,October,7,6,0,1
C13629,2025,12,December,8,7,0,1
C13630,2025,5,May,1,1,1,0
C13630,2025,8,August,2,2,0,1
C13631,2024,7,July,1,1,1,0
C13631,2025,4,April,2,2,0,1
C13631,2025,6,June,3,3,0,1
C13632,2024,10,October,1,1,1,0
C13632,2025,2,February,2,2,0,1
C13632,2025,3,March,3,3,0,1
C13632,2025,4,April,4,4,0,1
C13632,2025,5,May,5,4,0,1
C13632,2025,7,July,7,5,0,1
C13632,2025,12,December,8,6,0,1
C13633,2025,9,September,1,1,1,0
C13634,2024,7,July,1,0,1,0
C13634,2024,8,August,2,0,0,0
C13634,2024,9,September,3,1,0,0
C13634,2024,11,November,4,4,0,1
C13634,2025,1,January,7,6,0,1
C13634,2025,2,February,9,6,0,1
C13634,2025,5,May,10,7,0,1
C13635,2024,7,July,1,0,1,0
C13635,2024,8,August,2,1,0,0
C13635,2024,10,October,3,2,0,1
C13635,2024,11,November,4,2,0,1
C13635,2025,1,January,5,3,0,1
C13635,2025,4,April,6,4,0,1
C13635,2025,5,May,7,5,0,1
C13635,2025,7,July,8,6,0,1
C13635,2025,8,August,9,6,0,1
C13635,2025,9,September,10,7,0,1
C13636,2025,4,April,1,1,1,0
C13637,2024,7,July,1,1,1,0
C13637,2024,9,September,2,2,0,1
C13637,2024,12,December,3,3,0,1
C13637,2025,5,May,4,4,0,1
C13637,2025,7,July,5,5,0,1
C13637,2025,10,October,6,6,0,1
C13640,2025,7,July,1,1,1,0
C13640,2025,12,December,2,2,0,1
C13641,2024,7,July,1,1,1,0
C13641,2025,4,April,2,2,0,1
C13641,2025,9,September,3,3,0,1
C13641,2025,10,October,4,3,0,1
C13642,2024,10,October,1,0,1,0
C13642,2025,1,January,2,1,0,0
C13643,2024,10,October,1,1,1,0
C13643,2025,10,October,2,2,0,1
C13644,2024,8,August,1,2,0,1
C13644,2024,9,September,3,3,0,1
C13644,2024,12,December,4,3,0,1
C13644,2025,9,September,5,5,0,1
C13645,2024,10,October,1,1,1,0
C13645,2025,1,January,2,2,0,1
C13645,2025,2,February,3,4,0,1
C13645,2025,4,April,5,5,0,1
C13645,2025,8,August,6,6,0,1
C13645,2025,9,September,7,7,0,1
C13646,2025,7,July,1,1,1,0
C13646,2025,11,November,2,2,0,1
C13647,2024,9,September,1,1,1,0
C13647,2025,7,July,2,2,0,1
C13647,2025,8,August,3,4,0,1
C13647,2025,11,November,5,4,0,1
C13648,2024,8,August,1,2,0,1
C13648,2024,10,October,3,3,0,1
C13648,2024,11,November,4,4,0,1
C13648,2024,12,December,5,5,0,1
C13648,2025,3,March,6,6,0,1
C13648,2025,8,August,7,7,0,1
C13648,2025,10,October,8,8,0,1
C13648,2025,11,November,9,9,0,1
C13649,2024,9,September,1,1,1,0
C13649,2025,1,January,2,2,0,1
C13649,2025,5,May,3,3,0,1
C13649,2025,9,September,4,4,0,1
C13649,2025,11,November,5,5,0,1
C13650,2025,6,June,1,1,1,0
C13650,2025,9,September,2,2,0,1
C13650,2025,11,November,3,3,0,1
C13650,2025,12,December,4,4,0,1
C13651,2024,12,December,1,1,1,0
C13651,2025,8,August,2,2,0,1
C13651,2025,10,October,3,3,0,1
C13652,2024,7,July,1,1,1,0
C13652,2024,11,November,2,3,0,1
C13652,2025,4,April,4,4,0,1
C13652,2025,5,May,5,5,0,1
C13652,2025,8,August,6,6,0,1
C13652,2025,10,October,7,7,0,1
C13652,2025,11,November,8,8,0,1
C13653,2024,7,July,1,0,1,0
C13653,2024,10,October,2,1,0,0
C13653,2025,3,March,3,1,0,0
C13653,2025,6,June,4,2,0,1
C13654,2024,7,July,1,2,0,1
C13654,2025,5,May,3,4,0,1
C13654,2025,8,August,5,4,0,1
C13654,2025,10,October,6,5,0,1
C13655,2024,9,September,1,1,1,0
C13655,2025,2,February,3,3,0,1
C13655,2025,5,May,5,4,0,1
C13655,2025,10,October,6,5,0,1
C13656,2024,9,September,1,1,1,0
C13656,2024,12,December,2,2,0,1
C13656,2025,9,September,3,2,0,1
C13656,2025,10,October,4,3,0,1
C13657,2024,7,July,1,1,1,0
C13658,2024,12,December,1,1,1,0
C13658,2025,3,March,2,2,0,1
C13658,2025,4,April,3,3,0,1
C13659,2025,9,September,1,1,1,0
C13659,2025,10,October,2,2,0,1
C13660,2025,2,February,1,1,1,0
C13660,2025,10,October,2,2,0,1
C13661,2024,7,July,1,1,1,0
C13661,2024,8,August,2,2,0,1
C13661,2025,1,January,3,2,0,1
C13661,2025,3,March,4,4,0,1
C13661,2025,6,June,7,6,0,1
C13661,2025,11,November,10,7,0,1
C13661,2025,12,December,11,8,0,1
C13662,2025,6,June,1,1,1,0
C13662,2025,7,July,2,2,0,1
C13662,2025,9,September,3,3,0,1
C13662,2025,11,November,4,3,0,1
C13663,2024,7,July,1,2,0,1
C13663,2024,8,August,3,3,0,1
C13663,2024,12,December,4,4,0,1
C13663,2025,3,March,5,5,0,1
C13663,2025,6,June,6,5,0,1
C13663,2025,9,September,7,6,0,1
C13663,2025,11,November,8,6,0,1
C13664,2024,11,November,1,2,0,1
C13664,2025,4,April,3,3,0,1
C13665,2024,10,October,1,1,1,0
C13665,2024,11,November,2,2,0,1
C13665,2025,1,January,3,3,0,1
C13665,2025,7,July,4,4,0,1
C13666,2024,9,September,1,1,1,0
C13666,2025,5,May,2,2,0,1
C13666,2025,7,July,3,3,0,1
C13667,2025,4,April,1,1,1,0
C13667,2025,8,August,2,2,0,1
C13667,2025,12,December,3,3,0,1
C13668,2024,7,July,1,1,1,0
C13668,2025,1,January,2,2,0,1
C13668,2025,2,February,3,3,0,1
C13668,2025,5,May,4,4,0,1
C13668,2025,12,December,6,5,0,1
C13669,2025,11,November,1,1,1,0
C13669,2025,12,December,2,2,0,1
C13670,2025,2,February,1,1,1,0
C13671,2024,8,August,1,1,1,0
C13671,2025,4,April,2,2,0,1
C13671,2025,10,October,3,2,0,1
C13672,2024,10,October,1,1,1,0
C13672,2025,2,February,2,2,0,1
C13673,2024,12,December,1,1,1,0
C13673,2025,6,June,2,2,0,1
C13673,2025,12,December,3,3,0,1
C13674,2024,12,December,1,2,0,1
C13674,2025,4,April,3,3,0,1
C13674,2025,6,June,4,4,0,1
C13674,2025,12,December,5,5,0,1
C13675,2025,2,February,1,1,1,0
C13675,2025,11,November,3,2,0,1
C13676,2025,5,May,1,1,1,0
C13676,2025,8,August,2,2,0,1
C13676,2025,11,November,3,4,0,1
C13677,2024,11,November,1,1,1,0
C13677,2024,12,December,2,2,0,1
C13677,2025,5,May,3,3,0,1
C13678,2025,1,January,1,0,1,0
C13678,2025,4,April,2,2,0,1
C13679,2024,7,July,1,0,1,0
C13679,2025,4,April,2,2,0,1
C13679,2025,6,June,4,3,0,1
C13679,2025,7,July,5,3,0,1
C13679,2025,8,August,6,4,0,1
C13680,2024,10,October,1,1,1,0
C13680,2025,3,March,2,1,0,0
C13680,2025,4,April,3,2,0,1
C13680,2025,9,September,4,3,0,1
C13681,2024,9,September,1,1,1,0
C13681,2025,2,February,2,2,0,1
C13681,2025,5,May,3,3,0,1
C13681,2025,7,July,5,4,0,1
C13681,2025,12,December,6,5,0,1
C13682,2024,8,August,1,1,1,0
C13682,2024,9,September,2,1,0,0
C13682,2024,11,November,3,2,0,1
C13682,2025,1,January,4,3,0,1
C13682,2025,3,March,6,3,0,1
C13682,2025,8,August,7,4,0,1
C13682,2025,10,October,8,5,0,1
C13682,2025,11,November,9,7,0,1
C13683,2024,10,October,1,0,1,0
C13684,2025,9,September,1,1,1,0
C13686,2025,11,November,1,1,1,0
C13687,2024,7,July,1,1,1,0
C13687,2025,4,April,2,3,0,1
C13687,2025,8,August,4,4,0,1
C13688,2024,8,August,1,0,1,0
C13688,2025,9,September,2,1,0,0
C13688,2025,12,December,3,1,0,0
C13689,2024,12,December,1,1,1,0
C13689,2025,4,April,2,1,0,0
C13689,2025,7,July,3,2,0,1
C13689,2025,9,September,4,3,0,1
C13690,2024,7,July,1,1,1,0
C13690,2025,3,March,2,3,0,1
C13690,2025,4,April,4,4,0,1
C13690,2025,6,June,5,5,0,1
C13690,2025,7,July,6,6,0,1
C13690,2025,10,October,7,7,0,1
C13691,2025,7,July,1,1,1,0
C13692,2024,7,July,1,1,1,0
C13692,2024,10,October,2,2,0,1
C13692,2025,10,October,3,3,0,1
C13693,2024,9,September,1,1,1,0
C13693,2025,1,January,2,5,0,1
C13693,2025,2,February,6,6,0,1
C13693,2025,6,June,7,6,0,1
C13693,2025,7,July,8,7,0,1
C13693,2025,8,August,9,7,0,1
C13694,2024,7,July,1,1,1,0
C13694,2024,8,August,2,2,0,1
C13694,2025,7,July,3,2,0,1
C13695,2025,3,March,1,1,1,0
C13695,2025,4,April,2,2,0,1
C13695,2025,5,May,3,3,0,1
C13696,2024,10,October,1,1,1,0
C13696,2024,12,December,3,3,0,1
C13696,2025,2,February,6,4,0,1
C13696,2025,4,April,7,5,0,1
C13696,2025,6,June,8,7,0,1
C13696,2025,8,August,10,9,0,1
C13696,2025,9,September,12,10,0,1
C13696,2025,10,October,13,12,0,1
C13696,2025,11,November,16,13,0,1
C13696,2025,12,December,17,14,0,1
C13697,2025,3,March,1,1,1,0
C13698,2025,4,April,1,1,1,0
C13698,2025,6,June,2,2,0,1
C13699,2024,11,November,1,1,1,0
C13699,2025,1,January,2,2,0,1
C13699,2025,4,April,3,3,0,1
C13699,2025,10,October,4,4,0,1
C13699,2025,11,November,5,4,0,1
C13699,2025,12,December,6,5,0,1
C13700,2024,9,September,1,1,1,0
C13700,2025,3,March,2,2,0,1
C13701,2024,7,July,1,1,1,0
C13701,2025,4,April,2,2,0,1
C13701,2025,6,June,3,4,0,1
C13701,2025,9,September,5,6,0,1
C13702,2024,8,August,1,1,1,0
C13702,2024,9,September,2,4,0,1
C13702,2024,10,October,5,5,0,1
C13702,2025,1,January,6,6,0,1
C13702,2025,5,May,7,6,0,1
C13702,2025,6,June,8,7,0,1
C13702,2025,8,August,9,8,0,1
C13702,2025,9,September,11,9,0,1
C13702,2025,11,November,12,10,0,1
C13703,2025,7,July,1,1,1,0
C13704,2024,7,July,1,1,1,0
C13704,2024,12,December,2,2,0,1
C13704,2025,6,June,3,2,0,1
C13704,2025,10,October,4,3,0,1
C13704,2025,12,December,5,4,0,1
C13705,2024,10,October,1,1,1,0
C13706,2024,10,October,1,0,1,0
C13706,2025,7,July,2,1,0,0
C13707,2024,9,September,1,1,1,0
C13707,2025,9,September,2,2,0,1
C13708,2024,7,July,1,1,1,0
C13708,2024,9,September,3,2,0,1
C13708,2025,2,February,4,4,0,1
C13708,2025,3,March,7,5,0,1
C13708,2025,6,June,8,6,0,1
C13708,2025,8,August,9,8,0,1
C13708,2025,10,October,11,11,0,1
C13709,2024,9,September,1,1,1,0
C13709,2024,10,October,2,2,0,1
C13709,2025,5,May,3,3,0,1
C13709,2025,9,September,4,4,0,1
C13709,2025,10,October,5,5,0,1
C13709,2025,11,November,6,6,0,1
C13709,2025,12,December,7,7,0,1
C13710,2024,9,September,1,1,1,0
C13710,2024,10,October,2,2,0,1
C13710,2024,12,December,3,3,0,1
C13711,2025,2,February,1,1,1,0
C13711,2025,3,March,2,2,0,1
C13712,2025,6,June,1,1,1,0
C13713,2024,12,December,1,1,1,0
C13713,2025,2,February,2,2,0,1
C13713,2025,3,March,3,2,0,1
C13713,2025,4,April,4,3,0,1
C13713,2025,5,May,6,3,0,1
C13713,2025,6,June,7,5,0,1
C13713,2025,7,July,9,7,0,1
C13713,2025,10,October,11,8,0,1
C13714,2024,8,August,1,1,1,0
C13714,2025,5,May,2,2,0,1
C13714,2025,9,September,3,3,0,1
C13714,2025,10,October,4,4,0,1
C13715,2024,7,July,1,1,1,0
C13715,2024,9,September,2,2,0,1
C13715,2025,4,April,3,3,0,1
C13715,2025,6,June,4,4,0,1
C13715,2025,11,November,5,5,0,1
C13716,2024,7,July,1,2,0,1
C13716,2024,9,September,3,3,0,1
C13716,2024,10,October,4,5,0,1
C13716,2024,12,December,6,6,0,1
C13716,2025,2,February,7,7,0,1
C13716,2025,4,April,8,8,0,1
C13716,2025,6,June,9,9,0,1
C13717,2024,8,August,1,1,1,0
C13718,2024,7,July,1,1,1,0
C13718,2024,9,September,2,3,0,1
C13718,2025,7,July,4,4,0,1
C13719,2025,1,January,1,1,1,0
C13719,2025,6,June,2,2,0,1
C13719,2025,7,July,3,3,0,1
C13719,2025,11,November,4,4,0,1
C13720,2024,7,July,1,1,1,0
C13720,2024,8,August,2,2,0,1
C13720,2024,12,December,3,3,0,1
C13720,2025,1,January,4,4,0,1
C13720,2025,3,March,5,5,0,1
C13720,2025,11,November,6,6,0,1
C13720,2025,12,December,7,7,0,1
C13721,2025,4,April,1,0,1,0
C13721,2025,8,August,2,1,0,0
C13721,2025,9,September,3,2,0,1
C13721,2025,10,October,4,3,0,1
C13722,2024,8,August,1,1,1,0
C13723,2025,3,March,1,1,1,0
C13724,2024,7,July,1,1,1,0
C13724,2025,11,November,2,2,0,1
C13725,2024,12,December,1,1,1,0
C13725,2025,5,May,2,1,0,0
C13726,2024,7,July,1,1,1,0
C13726,2024,8,August,2,3,0,1
C13726,2024,9,September,4,4,0,1
C13726,2024,11,November,5,5,0,1
C13726,2025,4,April,6,6,0,1
C13726,2025,5,May,7,7,0,1
C13726,2025,8,August,8,8,0,1
C13727,2024,8,August,1,0,1,0
C13727,2025,5,May,2,0,0,0
C13727,2025,7,July,3,1,0,0
C13727,2025,12,December,4,2,0,1
C13728,2024,7,July,1,1,1,0
C13728,2025,11,November,2,2,0,1
C13729,2025,3,March,1,1,1,0
C13729,2025,4,April,2,2,0,1
C13729,2025,8,August,3,3,0,1
C13729,2025,9,September,4,3,0,1
C13729,2025,11,November,5,4,0,1
C13730,2024,11,November,1,0,1,0
C13732,2024,11,November,1,1,1,0
C13733,2024,7,July,1,0,1,0
C13733,2024,9,September,2,1,0,0
C13733,2024,12,December,3,3,0,1
C13733,2025,2,February,5,4,0,1
C13733,2025,3,March,6,6,0,1
C13733,2025,4,April,8,7,0,1
C13733,2025,12,December,9,8,0,1
C13734,2024,8,August,1,1,1,0
C13734,2025,2,February,2,1,0,0
C13734,2025,12,December,3,2,0,1
C13735,2025,5,May,1,1,1,0
C13735,2025,9,September,2,2,0,1
C13736,2025,2,February,1,0,1,0
C13736,2025,5,May,2,1,0,0
C13736,2025,6,June,4,2,0,1
C13736,2025,7,July,5,4,0,1
C13737,2025,2,February,1,2,0,1
C13737,2025,6,June,3,2,0,1
C13738,2024,11,November,1,0,1,0
C13738,2025,1,January,2,1,0,0
C13738,2025,3,March,3,2,0,1
C13738,2025,5,May,4,3,0,1
C13738,2025,10,October,5,4,0,1
C13739,2024,12,December,1,1,1,0
C13739,2025,4,April,2,1,0,0
C13739,2025,9,September,3,2,0,1
C13739,2025,11,November,4,4,0,1
C13740,2025,3,March,1,0,1,0
C13740,2025,10,October,2,1,0,0
C13740,2025,12,December,3,1,0,0
C13741,2024,7,July,1,1,1,0
C13741,2024,8,August,2,2,0,1
C13741,2024,11,November,3,3,0,1
C13741,2025,3,March,4,3,0,1
C13741,2025,5,May,5,4,0,1
C13741,2025,11,November,6,5,0,1
C13742,2025,4,April,1,1,1,0
C13743,2024,10,October,1,0,1,0
C13744,2024,7,July,1,0,1,0
C13744,2024,8,August,2,1,0,0
C13744,2024,9,September,4,3,0,1
C13744,2024,11,November,6,4,0,1
C13744,2024,12,December,7,4,0,1
C13744,2025,1,January,8,5,0,1
C13744,2025,2,February,9,6,0,1
C13744,2025,4,April,10,7,0,1
C13744,2025,5,May,11,9,0,1
C13744,2025,8,August,13,10,0,1
C13744,2025,9,September,14,13,0,1
C13744,2025,11,November,17,14,0,1
C13744,2025,12,December,18,15,0,1
C13745,2025,11,November,1,1,1,0
C13746,2024,9,September,1,1,1,0
C13746,2025,3,March,2,2,0,1
C13746,2025,12,December,3,3,0,1
C13747,2025,1,January,1,1,1,0
C13747,2025,2,February,2,1,0,0
C13747,2025,6,June,3,1,0,0
C13747,2025,11,November,4,2,0,1
C13748,2024,11,November,1,1,1,0
C13748,2024,12,December,2,2,0,1
C13748,2025,3,March,3,3,0,1
C13748,2025,5,May,4,4,0,1
C13748,2025,9,September,5,5,0,1
C13748,2025,11,November,6,6,0,1
C13748,2025,12,December,8,8,0,1
C13749,2025,10,October,1,2,0,1
C13749,2025,11,November,3,3,0,1
C13750,2025,4,April,1,2,0,1
C13750,2025,6,June,3,4,0,1
C13750,2025,12,December,5,4,0,1
C13751,2025,4,April,1,1,1,0
C13752,2024,10,October,1,0,1,0
C13752,2025,3,March,2,1,0,0
C13752,2025,7,July,4,1,0,0
C13752,2025,9,September,5,1,0,0
C13752,2025,11,November,6,2,0,1
C13753,2024,7,July,1,1,1,0
C13753,2024,8,August,2,2,0,1
C13753,2024,9,September,3,3,0,1
C13753,2024,11,November,4,4,0,1
C13753,2024,12,December,5,4,0,1
C13753,2025,1,January,6,4,0,1
C13753,2025,5,May,7,5,0,1
C13753,2025,10,October,8,6,0,1
C13753,2025,11,November,9,6,0,1
C13753,2025,12,December,10,8,0,1
C13754,2024,9,September,1,1,1,0
C13755,2024,7,July,1,1,1,0
C13755,2025,4,April,2,1,0,0
C13755,2025,8,August,3,2,0,1
C13755,2025,9,September,4,3,0,1
C13755,2025,10,October,5,4,0,1
C13755,2025,11,November,6,5,0,1
C13756,2024,7,July,1,1,1,0
C13756,2024,8,August,2,2,0,1
C13756,2025,1,January,3,4,0,1
C13756,2025,4,April,5,5,0,1
C13756,2025,6,June,6,6,0,1
C13756,2025,8,August,7,7,0,1
C13756,2025,11,November,8,8,0,1
C13757,2024,9,September,1,1,1,0
C13757,2024,10,October,2,2,0,1
C13757,2025,1,January,3,3,0,1
C13757,2025,2,February,4,4,0,1
C13757,2025,3,March,5,5,0,1
C13757,2025,9,September,6,6,0,1
C13757,2025,12,December,7,7,0,1
C13758,2024,9,September,1,1,1,0
C13758,2024,10,October,2,1,0,0
C13758,2025,8,August,3,2,0,1
C13759,2024,10,October,1,1,1,0
C13759,2024,11,November,2,2,0,1
C13759,2025,1,January,3,3,0,1
C13760,2024,10,October,1,0,1,0
C13760,2025,4,April,2,1,0,0
C13760,2025,7,July,3,2,0,1
C13761,2024,12,December,1,1,1,0
C13761,2025,4,April,2,3,0,1
C13761,2025,5,May,4,4,0,1
C13762,2024,9,September,1,1,1,0
C13762,2025,3,March,2,1,0,0
C13765,2024,8,August,1,1,1,0
C13765,2025,9,September,2,2,0,1
C13765,2025,10,October,3,4,0,1
C13765,2025,11,November,5,5,0,1
C13766,2024,9,September,1,1,1,0
C13766,2025,1,January,2,2,0,1
C13766,2025,7,July,3,3,0,1
C13766,2025,11,November,4,4,0,1
C13767,2025,5,May,1,1,1,0
C13768,2024,10,October,1,1,1,0
C13768,2024,12,December,2,2,0,1
C13768,2025,3,March,3,3,0,1
C13768,2025,5,May,4,4,0,1
C13768,2025,6,June,5,5,0,1
C13768,2025,7,July,6,6,0,1
C13768,2025,10,October,7,7,0,1
C13769,2025,4,April,1,0,1,0
C13770,2024,8,August,1,2,0,1
C13770,2024,9,September,3,3,0,1
C13770,2025,1,January,4,4,0,1
C13770,2025,10,October,5,5,0,1
C13770,2025,11,November,6,6,0,1
C13771,2024,12,December,1,1,1,0
C13771,2025,3,March,2,2,0,1
C13771,2025,11,November,3,3,0,1
C13771,2025,12,December,4,4,0,1
C13772,2024,8,August,1,1,1,0
C13772,2024,10,October,2,2,0,1
C13772,2025,4,April,3,3,0,1
C13773,2024,7,July,1,1,1,0
C13773,2025,5,May,2,2,0,1
C13773,2025,6,June,3,3,0,1
C13773,2025,7,July,4,4,0,1
C13773,2025,12,December,5,6,0,1
C13774,2024,11,November,1,1,1,0
C13774,2024,12,December,2,2,0,1
C13775,2024,8,August,1,1,1,0
C13775,2025,7,July,2,2,0,1
C13776,2024,7,July,1,1,1,0
C13776,2025,8,August,2,2,0,1
C13777,2024,7,July,1,2,0,1
C13777,2024,11,November,3,3,0,1
C13777,2024,12,December,4,4,0,1
C13777,2025,2,February,5,5,0,1
C13777,2025,3,March,6,5,0,1
C13777,2025,8,August,7,6,0,1
C13777,2025,11,November,8,7,0,1
C13778,2024,7,July,1,1,1,0
C13778,2025,6,June,2,2,0,1
C13778,2025,9,September,3,3,0,1
C13778,2025,12,December,4,4,0,1
C13779,2024,11,November,1,1,1,0
C13779,2024,12,December,2,1,0,0
C13779,2025,5,May,3,1,0,0
C13779,2025,11,November,4,2,0,1
C13779,2025,12,December,5,3,0,1
C13780,2025,8,August,1,1,1,0
C13780,2025,9,September,2,2,0,1
C13780,2025,10,October,3,2,0,1
C13781,2024,11,November,1,1,1,0
C13781,2025,12,December,2,2,0,1
C13782,2024,7,July,1,0,1,0
C13782,2025,1,January,2,1,0,0
C13782,2025,3,March,3,2,0,1
C13782,2025,4,April,4,3,0,1
C13782,2025,5,May,5,4,0,1
C13782,2025,7,July,6,5,0,1
C13782,2025,8,August,7,6,0,1
C13782,2025,10,October,9,8,0,1
C13782,2025,12,December,11,8,0,1
C13783,2024,7,July,1,2,0,1
C13783,2025,1,January,3,3,0,1
C13783,2025,8,August,4,4,0,1
C13784,2024,8,August,1,1,1,0
C13784,2025,1,January,2,2,0,1
C13784,2025,5,May,3,3,0,1
C13784,2025,12,December,4,4,0,1
C13786,2024,10,October,1,1,1,0
C13786,2025,3,March,2,2,0,1
C13786,2025,10,October,3,3,0,1
C13786,2025,11,November,4,4,0,1
C13786,2025,12,December,5,5,0,1
C13787,2024,9,September,1,2,0,1
C13787,2024,12,December,3,2,0,1
C13787,2025,5,May,4,3,0,1
C13787,2025,9,September,5,4,0,1
C13787,2025,10,October,6,5,0,1
C13787,2025,12,December,7,5,0,1
C13788,2024,10,October,1,1,1,0
C13788,2024,11,November,2,2,0,1
C13788,2025,2,February,3,3,0,1
C13788,2025,6,June,4,4,0,1
C13788,2025,7,July,5,5,0,1
C13788,2025,9,September,6,6,0,1
C13789,2024,10,October,1,1,1,0
C13790,2025,4,April,1,0,1,0
C13790,2025,10,October,2,1,0,0
C13791,2024,11,November,1,1,1,0
C13791,2024,12,December,2,2,0,1
C13791,2025,1,January,3,3,0,1
C13791,2025,3,March,4,3,0,1
C13792,2025,7,July,1,1,1,0
C13793,2024,7,July,1,1,1,0
C13793,2024,11,November,2,2,0,1
C13793,2025,3,March,3,2,0,1
C13793,2025,6,June,4,3,0,1
C13793,2025,7,July,5,3,0,1
C13794,2024,8,August,1,1,1,0
C13794,2025,5,May,2,2,0,1
C13794,2025,6,June,3,3,0,1
C13794,2025,8,August,4,4,0,1
C13795,2025,2,February,1,1,1,0
C13795,2025,8,August,3,1,0,0
C13796,2024,8,August,1,1,1,0
C13796,2025,3,March,2,1,0,0
C13796,2025,6,June,3,2,0,1
C13796,2025,10,October,4,3,0,1
C13797,2025,7,July,1,1,1,0
C13798,2024,10,October,1,1,1,0
C13798,2025,6,June,2,2,0,1
C13798,2025,8,August,3,3,0,1
C13798,2025,9,September,4,3,0,1
C13799,2024,8,August,1,1,1,0
C13799,2024,10,October,2,2,0,1
C13799,2024,11,November,4,3,0,1
C13799,2025,1,January,5,3,0,1
C13799,2025,2,February,6,4,0,1
C13799,2025,8,August,7,6,0,1
C13799,2025,12,December,9,7,0,1
C13800,2024,11,November,1,1,1,0
C13800,2024,12,December,2,2,0,1
C13800,2025,2,February,3,3,0,1
C13800,2025,7,July,4,4,0,1
C13800,2025,9,September,5,5,0,1
C13801,2024,10,October,1,1,1,0
C13801,2025,1,January,2,2,0,1
C13801,2025,6,June,3,3,0,1
C13801,2025,8,August,4,4,0,1
C13801,2025,10,October,5,5,0,1
C13801,2025,12,December,6,6,0,1
C13802,2024,12,December,1,0,1,0
C13802,2025,6,June,2,1,0,0
C13802,2025,7,July,3,2,0,1
C13803,2024,7,July,1,2,0,1
C13803,2025,12,December,3,4,0,1
C13804,2024,10,October,1,1,1,0
C13804,2024,11,November,2,2,0,1
C13804,2024,12,December,3,3,0,1
C13804,2025,3,March,4,3,0,1
C13804,2025,5,May,5,4,0,1
C13804,2025,7,July,6,4,0,1
C13804,2025,9,September,7,5,0,1
C13804,2025,10,October,8,5,0,1
C13804,2025,12,December,9,6,0,1
C13805,2025,6,June,1,1,1,0
C13805,2025,7,July,2,2,0,1
C13805,2025,8,August,3,3,0,1
C13806,2024,9,September,1,1,1,0
C13806,2024,10,October,2,2,0,1
C13807,2025,1,January,1,1,1,0
C13807,2025,2,February,2,2,0,1
C13807,2025,11,November,3,3,0,1
C13808,2024,7,July,1,1,1,0
C13808,2024,10,October,2,3,0,1
C13808,2024,12,December,4,4,0,1
C13808,2025,1,January,5,6,0,1
C13808,2025,2,February,8,7,0,1
C13808,2025,4,April,9,8,0,1
C13808,2025,5,May,11,10,0,1
C13808,2025,7,July,13,11,0,1
C13808,2025,9,September,14,12,0,1
C13808,2025,11,November,15,14,0,1
C13809,2024,7,July,1,1,1,0
C13809,2024,10,October,2,2,0,1
C13809,2025,4,April,3,3,0,1
C13809,2025,6,June,4,4,0,1
C13809,2025,9,September,5,5,0,1
C13809,2025,10,October,6,6,0,1
C13810,2024,7,July,1,1,1,0
C13810,2024,10,October,2,2,0,1
C13811,2024,8,August,1,1,1,0
C13811,2024,10,October,2,2,0,1
C13811,2024,12,December,3,3,0,1
C13811,2025,5,May,4,3,0,1
C13811,2025,6,June,5,4,0,1
C13812,2024,12,December,1,1,1,0
C13812,2025,3,March,2,2,0,1
C13812,2025,7,July,3,2,0,1
C13812,2025,9,September,4,3,0,1
C13813,2024,11,November,1,1,1,0
C13813,2025,5,May,2,2,0,1
C13814,2024,9,September,1,0,1,0
C13814,2024,12,December,2,1,0,0
C13814,2025,2,February,3,1,0,0
C13814,2025,9,September,4,2,0,1
C13814,2025,10,October,5,3,0,1
C13814,2025,11,November,6,4,0,1
C13815,2024,12,December,1,1,1,0
C13816,2024,7,July,1,1,1,0
C13816,2024,9,September,2,2,0,1
C13816,2024,10,October,3,3,0,1
C13816,2024,11,November,4,4,0,1
C13816,2024,12,December,5,7,0,1
C13816,2025,1,January,8,8,0,1
C13816,2025,3,March,9,9,0,1
C13816,2025,5,May,10,10,0,1
C13816,2025,6,June,11,12,0,1
C13816,2025,8,August,13,16,0,1
C13817,2024,10,October,1,1,1,0
C13817,2025,1,January,2,2,0,1
C13817,2025,5,May,3,3,0,1
C13818,2025,3,March,1,3,0,1
C13818,2025,4,April,4,3,0,1
C13818,2025,7,July,5,4,0,1
C13818,2025,8,August,6,5,0,1
C13818,2025,9,September,7,5,0,1
C13818,2025,10,October,8,6,0,1
C13819,2025,5,May,1,1,1,0
C13819,2025,6,June,2,2,0,1
C13820,2025,6,June,1,0,1,0
C13820,2025,7,July,2,1,0,0
C13820,2025,9,September,3,1,0,0
C13820,2025,10,October,4,2,0,1
C13820,2025,12,December,5,3,0,1
C13821,2024,8,August,1,1,1,0
C13821,2025,10,October,2,2,0,1
C13821,2025,11,November,3,3,0,1
C13821,2025,12,December,4,4,0,1
C13822,2024,7,July,1,0,1,0
C13822,2024,8,August,2,0,0,0
C13822,2025,2,February,3,0,0,0
C13822,2025,4,April,4,0,0,0
C13823,2024,8,August,1,2,0,1
C13823,2025,5,May,3,3,0,1
C13824,2024,9,September,1,1,1,0
C13824,2025,3,March,2,2,0,1
C13824,2025,10,October,3,3,0,1
C13824,2025,11,November,4,4,0,1
C13825,2025,1,January,1,1,1,0
C13825,2025,9,September,2,1,0,0
C13826,2024,7,July,1,0,1,0
C13826,2024,8,August,2,1,0,0
C13826,2024,10,October,3,2,0,1
C13826,2024,11,November,4,3,0,1
C13826,2025,3,March,5,4,0,1
C13826,2025,7,July,6,4,0,1
C13826,2025,8,August,7,5,0,1
C13827,2025,12,December,1,1,1,0
C13828,2024,7,July,1,1,1,0
C13828,2025,5,May,2,2,0,1
C13828,2025,7,July,3,2,0,1
C13828,2025,12,December,4,3,0,1
C13829,2024,7,July,1,1,1,0
C13829,2025,9,September,2,2,0,1
C13830,2025,4,April,1,1,1,0
C13830,2025,5,May,2,2,0,1
C13831,2024,10,October,1,1,1,0
C13832,2025,6,June,1,1,1,0
C13832,2025,10,October,2,2,0,1
C13832,2025,12,December,3,3,0,1
C13833,2024,7,July,1,1,1,0
C13833,2025,11,November,2,2,0,1
C13834,2024,8,August,1,1,1,0
C13834,2024,9,September,2,2,0,1
C13834,2024,12,December,3,3,0,1
C13834,2025,5,May,4,4,0,1
C13834,2025,9,September,5,5,0,1
C13834,2025,10,October,6,6,0,1
C13834,2025,12,December,7,6,0,1
C13835,2025,1,January,1,1,1,0
C13835,2025,4,April,2,2,0,1
C13835,2025,5,May,3,4,0,1
C13835,2025,7,July,5,4,0,1
C13835,2025,9,September,6,5,0,1
C13835,2025,10,October,7,6,0,1
C13836,2024,7,July,1,1,1,0
C13836,2024,12,December,2,2,0,1
C13836,2025,6,June,4,3,0,1
C13836,2025,8,August,5,4,0,1
C13836,2025,12,December,6,5,0,1
C13837,2025,5,May,1,1,1,0
C13838,2024,9,September,1,1,1,0
C13838,2024,12,December,2,2,0,1
C13838,2025,10,October,3,3,0,1
C13838,2025,11,November,4,4,0,1
C13839,2025,8,August,1,2,0,1
C13840,2024,10,October,1,1,1,0
C13840,2024,12,December,2,2,0,1
C13840,2025,4,April,3,3,0,1
C13840,2025,7,July,4,4,0,1
C13840,2025,10,October,5,5,0,1
C13842,2025,2,February,1,0,1,0
C13842,2025,5,May,2,1,0,0
C13843,2024,9,September,1,1,1,0
C13844,2025,10,October,1,0,1,0
C13844,2025,11,November,2,1,0,0
C13845,2025,10,October,1,1,1,0
C13846,2025,4,April,1,1,1,0
C13847,2025,10,October,1,0,1,0
C13847,2025,12,December,2,1,0,0
C13848,2025,9,September,1,1,1,0
C13849,2024,11,November,1,1,1,0
C13849,2025,11,November,2,1,0,0
C13850,2025,2,February,1,1,1,0
C13850,2025,9,September,2,2,0,1
C13851,2024,8,August,1,1,1,0
C13852,2024,7,July,1,0,1,0
C13852,2024,9,September,2,1,0,0
C13852,2025,1,January,3,2,0,1
C13852,2025,6,June,5,3,0,1
C13853,2024,7,July,1,1,1,0
C13853,2024,12,December,3,2,0,1
C13853,2025,3,March,4,4,0,1
C13853,2025,7,July,6,6,0,1
C13853,2025,10,October,8,8,0,1
C13854,2024,8,August,1,0,1,0
C13854,2024,10,October,2,2,0,1
C13854,2024,11,November,4,3,0,1
C13854,2024,12,December,5,4,0,1
C13854,2025,6,June,6,6,0,1
C13854,2025,7,July,9,6,0,1
C13854,2025,8,August,10,7,0,1
C13854,2025,10,October,11,8,0,1
C13855,2024,11,November,1,0,1,0
C13855,2025,4,April,2,1,0,0
C13855,2025,7,July,3,2,0,1
C13856,2025,3,March,1,1,1,0
C13856,2025,10,October,2,2,0,1
C13856,2025,11,November,3,3,0,1
C13857,2024,9,September,1,2,0,1
C13857,2024,10,October,3,3,0,1
C13857,2025,2,February,4,4,0,1
C13857,2025,6,June,5,4,0,1
C13857,2025,11,November,6,5,0,1
C13858,2025,5,May,1,1,1,0
C13858,2025,6,June,2,2,0,1
C13859,2024,10,October,1,0,1,0
C13859,2024,12,December,2,1,0,0
C13859,2025,2,February,3,2,0,1
C13859,2025,6,June,4,3,0,1
C13859,2025,11,November,5,4,0,1
C13860,2025,3,March,1,1,1,0
C13860,2025,9,September,2,2,0,1
C13861,2024,10,October,1,2,0,1
C13861,2024,11,November,3,3,0,1
C13861,2025,3,March,4,4,0,1
C13861,2025,8,August,5,5,0,1
C13861,2025,12,December,6,6,0,1
C13862,2025,6,June,1,1,1,0
C13863,2024,7,July,1,1,1,0
C13863,2024,9,September,2,2,0,1
C13863,2025,6,June,3,3,0,1
C13864,2024,8,August,1,1,1,0
C13864,2024,12,December,2,2,0,1
C13864,2025,1,January,3,3,0,1
C13864,2025,8,August,4,4,0,1
C13865,2024,8,August,1,1,1,0
C13865,2025,1,January,2,2,0,1
C13865,2025,8,August,3,3,0,1
C13865,2025,9,September,4,3,0,1
C13866,2025,1,January,1,1,1,0
C13866,2025,5,May,2,2,0,1
C13866,2025,10,October,3,3,0,1
C13867,2024,8,August,1,0,1,0
C13867,2024,10,October,2,1,0,0
C13867,2024,11,November,3,2,0,1
C13867,2025,3,March,4,3,0,1
C13867,2025,4,April,5,4,0,1
C13867,2025,8,August,6,5,0,1
C13867,2025,10,October,7,6,0,1
C13867,2025,11,November,8,7,0,1
C13868,2024,8,August,1,0,1,0
C13868,2025,2,February,3,1,0,0
C13868,2025,5,May,4,2,0,1
C13869,2024,7,July,1,1,1,0
C13869,2024,9,September,2,2,0,1
C13869,2024,11,November,3,5,0,1
C13869,2025,7,July,6,6,0,1
C13869,2025,9,September,7,7,0,1
C13870,2024,7,July,1,1,1,0
C13870,2024,10,October,2,3,0,1
C13870,2024,12,December,4,4,0,1
C13870,2025,1,January,5,5,0,1
C13870,2025,4,April,6,6,0,1
C13870,2025,6,June,7,7,0,1
C13870,2025,7,July,8,7,0,1
C13870,2025,9,September,9,8,0,1
C13870,2025,11,November,10,8,0,1
C13871,2024,8,August,1,1,1,0
C13871,2025,2,February,2,1,0,0
C13871,2025,4,April,3,4,0,1
C13871,2025,9,September,6,5,0,1
C13872,2024,7,July,1,1,1,0
C13872,2024,11,November,2,3,0,1
C13872,2024,12,December,4,4,0,1
C13872,2025,10,October,5,5,0,1
C13873,2024,8,August,1,0,1,0
C13873,2024,12,December,2,0,0,0
C13873,2025,9,September,3,1,0,0
C13873,2025,10,October,4,2,0,1
C13873,2025,12,December,5,2,0,1
C13875,2025,3,March,1,1,1,0
C13875,2025,4,April,2,2,0,1
C13875,2025,11,November,3,3,0,1
C13875,2025,12,December,4,4,0,1
C13876,2024,10,October,1,1,1,0
C13877,2024,7,July,1,2,0,1
C13877,2025,3,March,3,2,0,1
C13877,2025,4,April,4,3,0,1
C13877,2025,6,June,5,4,0,1
C13877,2025,7,July,6,5,0,1
C13877,2025,11,November,7,6,0,1
C13878,2024,8,August,1,1,1,0
C13878,2024,11,November,2,2,0,1
C13878,2025,8,August,3,3,0,1
C13878,2025,10,October,4,4,0,1
C13879,2024,8,August,1,1,1,0
C13879,2024,12,December,4,2,0,1
C13879,2025,2,February,5,3,0,1
C13879,2025,6,June,6,4,0,1
C13879,2025,8,August,7,5,0,1
C13880,2024,8,August,1,1,1,0
C13880,2024,9,September,2,2,0,1
C13880,2024,11,November,3,3,0,1
C13880,2025,1,January,4,4,0,1
C13880,2025,2,February,5,5,0,1
C13880,2025,3,March,6,7,0,1
C13880,2025,4,April,8,8,0,1
C13880,2025,5,May,9,8,0,1
C13880,2025,6,June,10,9,0,1
C13880,2025,8,August,11,11,0,1
C13882,2024,11,November,1,1,1,0
C13882,2025,3,March,2,2,0,1
C13882,2025,8,August,3,3,0,1
C13882,2025,10,October,4,4,0,1
C13882,2025,11,November,5,5,0,1
C13883,2024,10,October,1,1,1,0
C13883,2025,5,May,2,1,0,0
C13883,2025,11,November,3,2,0,1
C13883,2025,12,December,4,4,0,1
C13884,2024,8,August,1,1,1,0
C13884,2024,9,September,2,1,0,0
C13884,2024,10,October,3,3,0,1
C13884,2024,11,November,5,4,0,1
C13884,2025,4,April,6,5,0,1
C13885,2025,1,January,1,1,1,0
C13885,2025,10,October,2,1,0,0
C13886,2024,9,September,1,1,1,0
C13886,2024,10,October,2,2,0,1
C13886,2025,2,February,3,3,0,1
C13886,2025,4,April,4,4,0,1
C13887,2024,7,July,1,3,0,1
C13887,2024,10,October,4,4,0,1
C13887,2025,1,January,5,4,0,1
C13887,2025,3,March,6,5,0,1
C13887,2025,6,June,7,6,0,1
C13887,2025,8,August,8,7,0,1
C13887,2025,10,October,9,8,0,1
C13887,2025,11,November,11,9,0,1
C13887,2025,12,December,13,10,0,1
C13888,2024,7,July,1,1,1,0
C13888,2024,12,December,2,2,0,1
C13888,2025,5,May,3,3,0,1
C13890,2024,11,November,1,1,1,0
C13890,2025,10,October,2,2,0,1
C13891,2024,9,September,1,0,1,0
C13891,2025,3,March,2,1,0,0
C13891,2025,5,May,3,2,0,1
C13892,2025,2,February,1,1,1,0
C13892,2025,8,August,2,3,0,1
C13892,2025,11,November,4,4,0,1
C13893,2024,10,October,1,1,1,0
C13893,2025,1,January,2,1,0,0
C13893,2025,12,December,3,2,0,1
C13894,2024,10,October,1,1,1,0
C13894,2025,3,March,2,2,0,1
C13894,2025,6,June,3,3,0,1
C13894,2025,10,October,4,4,0,1
C13895,2025,4,April,1,2,0,1
C13895,2025,10,October,3,3,0,1
C13896,2024,11,November,1,0,1,0
C13896,2025,9,September,2,1,0,0
C13897,2024,7,July,1,1,1,0
C13898,2024,7,July,1,1,1,0
C13898,2025,3,March,2,2,0,1
C13898,2025,10,October,3,3,0,1
C13898,2025,11,November,4,3,0,1
C13899,2025,6,June,1,1,1,0
C13900,2024,7,July,1,0,1,0
C13900,2024,8,August,2,1,0,0
C13900,2025,11,November,3,1,0,0
C13900,2025,12,December,4,2,0,1
C13901,2024,8,August,1,2,0,1
C13901,2024,11,November,3,3,0,1
C13901,2025,1,January,4,4,0,1
C13901,2025,2,February,5,5,0,1
C13901,2025,5,May,6,6,0,1
C13901,2025,11,November,7,7,0,1
C13902,2024,8,August,1,1,1,0
C13902,2024,9,September,2,3,0,1
C13902,2024,12,December,4,3,0,1
C13902,2025,8,August,5,4,0,1
C13903,2025,2,February,1,0,1,0
C13903,2025,3,March,2,1,0,0
C13903,2025,5,May,3,1,0,0
C13903,2025,7,July,4,1,0,0
C13904,2024,9,September,1,1,1,0
C13904,2024,10,October,2,2,0,1
C13904,2024,11,November,3,3,0,1
C13904,2024,12,December,4,3,0,1
C13904,2025,1,January,5,3,0,1
C13904,2025,2,February,6,4,0,1
C13904,2025,3,March,7,5,0,1
C13904,2025,4,April,8,6,0,1
C13904,2025,6,June,9,7,0,1
C13904,2025,11,November,10,7,0,1
C13905,2024,10,October,1,1,1,0
C13905,2025,5,May,2,2,0,1
C13905,2025,6,June,3,3,0,1
C13905,2025,9,September,4,4,0,1
C13906,2024,8,August,1,1,1,0
C13906,2024,10,October,2,2,0,1
C13906,2025,2,February,3,2,0,1
C13906,2025,9,September,4,3,0,1
C13907,2024,10,October,1,1,1,0
C13907,2024,11,November,2,2,0,1
C13907,2025,8,August,3,3,0,1
C13907,2025,9,September,4,4,0,1
C13908,2024,11,November,1,1,1,0
C13908,2025,3,March,2,2,0,1
C13908,2025,7,July,3,3,0,1
C13908,2025,8,August,4,4,0,1
C13908,2025,12,December,5,4,0,1
C13909,2024,7,July,1,1,1,0
C13909,2024,9,September,2,2,0,1
C13909,2025,1,January,3,2,0,1
C13909,2025,3,March,4,3,0,1
C13910,2024,8,August,1,1,1,0
C13910,2025,11,November,2,2,0,1
C13911,2024,8,August,1,0,1,0
C13911,2024,10,October,2,2,0,1
C13911,2025,5,May,4,3,0,1
C13911,2025,11,November,5,4,0,1
C13912,2024,7,July,1,1,1,0
C13912,2024,10,October,2,2,0,1
C13912,2025,11,November,3,3,0,1
C13912,2025,12,December,4,4,0,1
C13913,2024,7,July,1,1,1,0
C13913,2025,3,March,2,2,0,1
C13914,2024,9,September,1,1,1,0
C13914,2024,11,November,3,2,0,1
C13914,2024,12,December,4,4,0,1
C13914,2025,2,February,6,5,0,1
C13914,2025,5,May,7,6,0,1
C13914,2025,11,November,8,7,0,1
C13915,2024,7,July,1,1,1,0
C13915,2024,12,December,2,2,0,1
C13915,2025,5,May,3,2,0,1
C13916,2024,11,November,1,2,0,1
C13916,2025,4,April,3,4,0,1
C13916,2025,8,August,5,5,0,1
C13916,2025,9,September,6,7,0,1
C13916,2025,10,October,8,8,0,1
C13916,2025,12,December,9,9,0,1
C13917,2025,1,January,1,1,1,0
C13917,2025,5,May,2,2,0,1
C13917,2025,7,July,3,3,0,1
C13917,2025,8,August,4,3,0,1
C13917,2025,12,December,5,4,0,1
C13918,2025,10,October,1,1,1,0
C13919,2024,9,September,1,0,1,0
C13919,2025,3,March,2,0,0,0
C13919,2025,5,May,3,1,0,0
C13920,2024,10,October,1,0,1,0
C13920,2024,11,November,2,1,0,0
C13920,2025,9,September,3,2,0,1
C13921,2024,11,November,1,1,1,0
C13921,2025,1,January,3,2,0,1
C13921,2025,6,June,4,3,0,1
C13921,2025,12,December,5,4,0,1
C13922,2024,9,September,1,2,0,1
C13922,2024,11,November,3,3,0,1
C13923,2025,4,April,1,1,1,0
C13923,2025,6,June,2,1,0,0
C13924,2024,7,July,1,1,1,0
C13924,2024,9,September,2,1,0,0
C13924,2024,12,December,3,2,0,1
C13924,2025,2,February,4,3,0,1
C13924,2025,4,April,5,4,0,1
C13924,2025,7,July,6,5,0,1
C13924,2025,12,December,7,6,0,1
C13925,2024,10,October,1,1,1,0
C13925,2025,1,January,2,2,0,1
C13925,2025,2,February,3,2,0,1
C13925,2025,6,June,4,3,0,1
C13926,2025,2,February,1,0,1,0
C13926,2025,4,April,2,1,0,0
C13926,2025,7,July,3,1,0,0
C13926,2025,10,October,4,2,0,1
C13926,2025,11,November,6,4,0,1
C13927,2024,7,July,1,1,1,0
C13927,2025,4,April,2,2,0,1
C13927,2025,5,May,3,3,0,1
C13928,2024,9,September,1,1,1,0
C13928,2025,2,February,2,2,0,1
C13928,2025,11,November,3,3,0,1
C13929,2024,8,August,1,1,1,0
C13929,2024,9,September,2,2,0,1
C13929,2025,1,January,3,3,0,1
C13929,2025,11,November,4,4,0,1
C13930,2024,9,September,1,2,0,1
C13930,2025,11,November,3,3,0,1
C13931,2025,3,March,1,2,0,1
C13931,2025,4,April,3,3,0,1
C13931,2025,6,June,4,4,0,1
C13931,2025,7,July,5,6,0,1
C13932,2024,11,November,1,0,1,0
C13932,2025,1,January,2,2,0,1
C13932,2025,8,August,4,3,0,1
C13932,2025,10,October,5,3,0,1
C13932,2025,11,November,6,4,0,1
C13932,2025,12,December,8,5,0,1
C13933,2024,11,November,1,1,1,0
C13933,2025,8,August,2,2,0,1
C13933,2025,10,October,3,3,0,1
C13934,2024,9,September,1,1,1,0
C13934,2025,6,June,2,2,0,1
C13934,2025,9,September,3,3,0,1
C13934,2025,10,October,4,4,0,1
C13934,2025,11,November,5,4,0,1
C13935,2024,9,September,1,1,1,0
C13935,2024,10,October,2,3,0,1
C13935,2024,12,December,4,4,0,1
C13935,2025,3,March,5,5,0,1
C13935,2025,7,July,6,6,0,1
C13935,2025,8,August,7,7,0,1
C13935,2025,10,October,8,7,0,1
C13935,2025,11,November,10,8,0,1
C13936,2024,8,August,1,1,1,0
C13936,2025,2,February,2,2,0,1
C13936,2025,11,November,4,3,0,1
C13936,2025,12,December,5,4,0,1
C13937,2024,11,November,1,1,1,0
C13937,2025,10,October,2,1,0,0
C13938,2025,11,November,1,0,1,0
C13939,2025,5,May,1,1,1,0
C13940,2024,7,July,1,1,1,0
C13940,2024,12,December,2,2,0,1
C13940,2025,5,May,3,3,0,1
C13940,2025,6,June,4,4,0,1
C13940,2025,7,July,6,5,0,1
C13941,2024,9,September,1,1,1,0
C13941,2024,11,November,2,2,0,1
C13941,2025,7,July,3,4,0,1
C13941,2025,9,September,5,4,0,1
C13941,2025,11,November,6,4,0,1
C13941,2025,12,December,7,5,0,1
C13942,2025,2,February,1,1,1,0
C13942,2025,5,May,2,2,0,1
C13942,2025,10,October,3,3,0,1
C13943,2025,2,February,1,1,1,0
C13943,2025,7,July,2,2,0,1
C13943,2025,9,September,3,3,0,1
C13943,2025,12,December,4,4,0,1
C13944,2024,7,July,1,1,1,0
C13944,2024,12,December,2,2,0,1
C13944,2025,7,July,3,3,0,1
C13945,2024,10,October,1,1,1,0
C13945,2025,5,May,2,1,0,0
C13945,2025,6,June,3,3,0,1
C13945,2025,8,August,5,5,0,1
C13945,2025,11,November,7,6,0,1
C13946,2024,7,July,1,1,1,0
C13946,2024,8,August,2,2,0,1
C13946,2025,7,July,3,3,0,1
C13946,2025,10,October,4,4,0,1
C13947,2024,12,December,1,1,1,0
C13947,2025,5,May,2,2,0,1
C13948,2024,7,July,1,0,1,0
C13948,2025,4,April,2,1,0,0
C13948,2025,11,November,4,2,0,1
C13949,2024,9,September,1,1,1,0
C13949,2025,12,December,2,2,0,1
C13950,2025,2,February,1,1,1,0
C13950,2025,4,April,2,1,0,0
C13951,2024,11,November,1,1,1,0
C13951,2025,5,May,2,2,0,1
C13952,2024,8,August,1,1,1,0
C13952,2024,10,October,2,2,0,1
C13952,2025,10,October,3,2,0,1
C13953,2024,8,August,1,1,1,0
C13953,2025,4,April,2,1,0,0
C13953,2025,5,May,3,2,0,1
C13953,2025,9,September,4,3,0,1
C13953,2025,10,October,5,4,0,1
C13955,2024,8,August,1,1,1,0
C13955,2025,1,January,2,2,0,1
C13955,2025,3,March,4,3,0,1
C13955,2025,4,April,5,4,0,1
C13955,2025,8,August,6,5,0,1
C13955,2025,10,October,7,6,0,1
C13956,2024,8,August,1,1,1,0
C13956,2024,9,September,2,2,0,1
C13956,2025,1,January,3,3,0,1
C13957,2024,9,September,1,1,1,0
C13957,2025,7,July,2,2,0,1
C13957,2025,12,December,3,3,0,1
C13958,2024,8,August,1,1,1,0
C13958,2024,9,September,3,2,0,1
C13958,2024,12,December,4,4,0,1
C13958,2025,4,April,6,5,0,1
C13958,2025,7,July,7,5,0,1
C13958,2025,8,August,8,6,0,1
C13958,2025,10,October,9,8,0,1
C13959,2025,7,July,1,1,1,0
C13960,2024,9,September,1,2,0,1
C13960,2025,1,January,3,3,0,1
C13960,2025,3,March,5,4,0,1
C13960,2025,10,October,6,4,0,1
C13960,2025,11,November,7,5,0,1
C13961,2024,10,October,1,1,1,0
C13961,2025,1,January,2,3,0,1
C13961,2025,4,April,4,3,0,1
C13961,2025,10,October,5,4,0,1
C13962,2024,7,July,1,0,1,0
C13962,2024,11,November,2,0,0,0
C13962,2024,12,December,3,1,0,0
C13963,2025,12,December,1,1,1,0
C13964,2024,9,September,1,1,1,0
C13964,2025,6,June,2,2,0,1
C13964,2025,9,September,3,3,0,1
C13965,2025,1,January,1,1,1,0
C13966,2025,1,January,1,0,1,0
C13966,2025,3,March,2,1,0,0
C13966,2025,8,August,3,3,0,1
C13966,2025,11,November,5,4,0,1
C13966,2025,12,December,6,5,0,1
C13967,2024,11,November,1,1,1,0
C13968,2024,9,September,1,1,1,0
C13970,2024,10,October,1,1,1,0
C13970,2025,4,April,2,2,0,1
C13970,2025,6,June,3,3,0,1
C13970,2025,7,July,4,4,0,1
C13970,2025,8,August,5,5,0,1
C13971,2025,5,May,1,1,1,0
C13971,2025,7,July,2,2,0,1
C13971,2025,12,December,3,4,0,1
C13972,2024,11,November,1,1,1,0
C13972,2025,11,November,2,2,0,1
C13973,2024,8,August,1,1,1,0
C13973,2024,10,October,2,3,0,1
C13973,2025,8,August,5,4,0,1
C13973,2025,10,October,6,5,0,1
C13973,2025,12,December,7,6,0,1
C13974,2024,8,August,1,1,1,0
C13974,2025,3,March,2,2,0,1
C13974,2025,5,May,3,2,0,1
C13974,2025,6,June,4,3,0,1
C13974,2025,8,August,5,3,0,1
C13974,2025,9,September,6,4,0,1
C13975,2025,2,February,1,1,1,0
C13975,2025,10,October,2,2,0,1
C13975,2025,11,November,3,3,0,1
C13976,2025,6,June,1,1,1,0
C13976,2025,9,September,2,2,0,1
C13977,2025,5,May,1,0,1,0
C13977,2025,6,June,2,0,0,0
C13977,2025,10,October,3,1,0,0
C13978,2025,1,January,1,1,1,0
C13978,2025,12,December,2,2,0,1
C13979,2024,12,December,1,0,1,0
C13979,2025,1,January,2,0,0,0
C13979,2025,3,March,3,2,0,1
C13979,2025,4,April,5,4,0,1
C13980,2024,7,July,1,0,1,0
C13980,2024,10,October,2,1,0,0
C13980,2025,3,March,3,2,0,1
C13980,2025,5,May,4,3,0,1
C13980,2025,9,September,5,3,0,1
C13980,2025,11,November,6,4,0,1
C13981,2024,7,July,1,0,1,0
C13981,2025,12,December,3,1,0,0
C13982,2024,7,July,1,1,1,0
C13982,2024,8,August,2,3,0,1
C13982,2024,9,September,5,5,0,1
C13982,2024,11,November,7,5,0,1
C13982,2025,1,January,8,5,0,1
C13982,2025,8,August,9,6,0,1
C13983,2024,8,August,1,1,1,0
C13983,2024,11,November,2,1,0,0
C13983,2024,12,December,3,2,0,1
C13983,2025,3,March,4,3,0,1
C13983,2025,12,December,5,4,0,1
C13984,2025,8,August,1,1,1,0
C13985,2024,8,August,1,0,1,0
C13986,2024,8,August,1,1,1,0
C13986,2025,4,April,2,2,0,1
C13986,2025,7,July,3,2,0,1
C13986,2025,8,August,4,3,0,1
C13986,2025,9,September,5,4,0,1
C13986,2025,11,November,6,5,0,1
C13987,2025,4,April,1,2,0,1
C13988,2024,8,August,1,1,1,0
C13988,2024,9,September,3,2,0,1
C13988,2025,6,June,4,3,0,1
C13988,2025,11,November,5,4,0,1
C13989,2024,7,July,1,1,1,0
C13989,2024,11,November,2,2,0,1
C13989,2025,3,March,3,4,0,1
C13989,2025,5,May,5,5,0,1
C13989,2025,7,July,6,6,0,1
C13989,2025,10,October,7,7,0,1
C13989,2025,12,December,8,9,0,1
C13990,2024,7,July,1,1,1,0
C13990,2025,2,February,3,2,0,1
C13991,2024,7,July,1,1,1,0
C13992,2024,8,August,1,2,0,1
C13992,2025,3,March,3,3,0,1
C13992,2025,7,July,4,4,0,1
C13993,2024,8,August,1,1,1,0
C13993,2025,5,May,2,2,0,1
C13993,2025,8,August,3,3,0,1
C13994,2024,7,July,1,1,1,0
C13994,2024,11,November,2,2,0,1
C13994,2024,12,December,3,3,0,1
C13994,2025,8,August,4,4,0,1
C13995,2024,7,July,1,1,1,0
C13995,2024,9,September,2,2,0,1
C13995,2024,10,October,3,3,0,1
C13995,2025,1,January,4,3,0,1
C13995,2025,2,February,5,4,0,1
C13995,2025,4,April,6,5,0,1
C13995,2025,10,October,7,5,0,1
C13995,2025,11,November,8,6,0,1
C13996,2024,7,July,1,1,1,0
C13996,2024,9,September,2,2,0,1
C13996,2025,3,March,3,3,0,1
C13996,2025,4,April,4,3,0,1
C13997,2024,8,August,1,1,1,0
C13997,2024,11,November,2,1,0,0
C13997,2024,12,December,3,1,0,0
C13997,2025,1,January,4,3,0,1
C13997,2025,2,February,6,4,0,1
C13997,2025,3,March,9,5,0,1
C13997,2025,4,April,10,6,0,1
C13997,2025,6,June,11,7,0,1
C13997,2025,8,August,12,9,0,1
C13997,2025,11,November,14,10,0,1
C13998,2025,5,May,1,1,1,0
C13998,2025,11,November,2,3,0,1
C13998,2025,12,December,4,4,0,1
C13999,2024,8,August,1,1,1,0
C14000,2024,9,September,1,2,0,1
C14000,2024,11,November,3,4,0,1
C14000,2025,3,March,5,5,0,1
C14000,2025,5,May,6,5,0,1
C14000,2025,10,October,7,5,0,1
C14001,2024,9,September,1,1,1,0
C14001,2024,11,November,2,1,0,0
C14001,2025,11,November,3,3,0,1
C14002,2024,9,September,1,1,1,0
C14002,2025,7,July,2,2,0,1
C14002,2025,9,September,3,3,0,1
C14003,2025,8,August,1,1,1,0
C14003,2025,11,November,2,2,0,1
C14004,2024,10,October,1,0,1,0
C14004,2024,12,December,2,1,0,0
C14005,2024,8,August,1,1,1,0
C14005,2025,10,October,2,2,0,1
C14006,2025,3,March,1,1,1,0
C14006,2025,5,May,2,2,0,1
C14007,2024,8,August,1,1,1,0
C14007,2025,12,December,2,2,0,1
C14008,2024,7,July,1,1,1,0
C14008,2024,11,November,3,2,0,1
C14008,2024,12,December,4,3,0,1
C14008,2025,5,May,5,4,0,1
C14008,2025,6,June,6,4,0,1
C14008,2025,7,July,7,5,0,1
C14008,2025,9,September,8,6,0,1
C14008,2025,10,October,9,7,0,1
C14008,2025,11,November,10,8,0,1
C14008,2025,12,December,11,9,0,1
C14009,2024,10,October,1,1,1,0
C14009,2025,5,May,2,3,0,1
C14009,2025,8,August,5,5,0,1
C14010,2024,7,July,1,0,1,0
C14010,2025,2,February,2,1,0,0
C14010,2025,7,July,3,1,0,0
C14010,2025,8,August,4,3,0,1
C14010,2025,12,December,6,4,0,1
C14011,2024,9,September,1,1,1,0
C14011,2024,12,December,2,2,0,1
C14012,2024,10,October,1,1,1,0
C14013,2024,9,September,1,0,1,0
C14013,2025,7,July,2,0,0,0
C14014,2025,12,December,1,1,1,0
C14015,2025,5,May,1,1,1,0
C14016,2025,3,March,1,1,1,0
C14016,2025,10,October,2,2,0,1
C14016,2025,11,November,3,2,0,1
C14017,2024,9,September,1,1,1,0
C14017,2025,2,February,2,2,0,1
C14017,2025,5,May,3,2,0,1
C14017,2025,10,October,4,3,0,1
C14018,2024,8,August,1,1,1,0
C14018,2024,9,September,2,2,0,1
C14018,2024,11,November,3,3,0,1
C14018,2025,2,February,4,4,0,1
C14018,2025,3,March,5,5,0,1
C14018,2025,4,April,6,6,0,1
C14018,2025,5,May,7,7,0,1
C14018,2025,7,July,8,8,0,1
C14018,2025,10,October,9,9,0,1
C14018,2025,12,December,10,10,0,1
C14019,2024,8,August,1,1,1,0
C14019,2024,10,October,2,2,0,1
C14019,2024,11,November,3,3,0,1
C14019,2024,12,December,4,4,0,1
C14019,2025,1,January,5,5,0,1
C14019,2025,2,February,6,6,0,1
C14019,2025,4,April,7,7,0,1
C14019,2025,5,May,8,8,0,1
C14020,2024,8,August,1,1,1,0
C14020,2024,9,September,2,2,0,1
C14020,2025,4,April,3,2,0,1
C14020,2025,11,November,4,3,0,1
C14021,2025,1,January,1,1,1,0
C14021,2025,5,May,2,2,0,1
C14021,2025,8,August,3,4,0,1
C14021,2025,12,December,5,5,0,1
C14022,2024,10,October,1,1,1,0
C14022,2024,12,December,2,2,0,1
C14022,2025,3,March,3,3,0,1
C14022,2025,11,November,4,4,0,1
C14023,2024,9,September,1,1,1,0
C14023,2024,10,October,2,2,0,1
C14023,2024,11,November,3,2,0,1
C14023,2025,5,May,4,3,0,1
C14023,2025,12,December,5,3,0,1
C14024,2024,9,September,1,1,1,0
C14024,2024,12,December,2,2,0,1
C14024,2025,3,March,3,3,0,1
C14024,2025,4,April,4,3,0,1
C14024,2025,9,September,5,3,0,1
C14026,2024,8,August,1,1,1,0
C14026,2025,7,July,2,2,0,1
C14027,2024,10,October,1,1,1,0
C14028,2024,9,September,1,1,1,0
C14029,2024,8,August,1,1,1,0
C14029,2024,10,October,2,2,0,1
C14029,2025,1,January,3,3,0,1
C14029,2025,6,June,4,4,0,1
C14029,2025,7,July,5,5,0,1
C14029,2025,12,December,7,6,0,1
C14030,2025,4,April,1,1,1,0
C14031,2025,5,May,1,1,1,0
C14032,2024,12,December,1,1,1,0
C14032,2025,5,May,2,2,0,1
C14032,2025,7,July,3,2,0,1
C14033,2024,10,October,1,1,1,0
C14033,2025,4,April,2,2,0,1
C14033,2025,7,July,3,3,0,1
C14034,2024,7,July,1,2,0,1
C14034,2024,9,September,3,3,0,1
C14034,2024,10,October,4,4,0,1
C14034,2025,1,January,5,5,0,1
C14034,2025,3,March,7,6,0,1
C14034,2025,10,October,8,9,0,1
C14034,2025,11,November,11,10,0,1
C14035,2025,8,August,1,1,1,0
C14036,2024,8,August,1,1,1,0
C14036,2025,2,February,2,2,0,1
C14036,2025,7,July,3,3,0,1
C14036,2025,9,September,4,4,0,1
C14036,2025,12,December,5,5,0,1
C14037,2024,10,October,1,1,1,0
C14037,2025,1,January,2,2,0,1
C14037,2025,7,July,3,3,0,1
C14038,2024,7,July,1,0,1,0
C14038,2025,9,September,2,1,0,0
C14039,2025,2,February,1,1,1,0
C14039,2025,8,August,2,2,0,1
C14039,2025,9,September,3,3,0,1
C14040,2025,2,February,1,1,1,0
C14040,2025,3,March,2,2,0,1
C14040,2025,4,April,4,3,0,1
C14040,2025,5,May,5,4,0,1
C14040,2025,9,September,6,5,0,1
C14041,2024,7,July,1,1,1,0
C14041,2024,10,October,2,2,0,1
C14041,2024,11,November,3,3,0,1
C14041,2025,8,August,4,4,0,1
C14042,2024,10,October,1,1,1,0
C14042,2025,1,January,2,2,0,1
C14042,2025,3,March,3,4,0,1
C14042,2025,4,April,5,5,0,1
C14042,2025,5,May,6,5,0,1
C14043,2024,10,October,1,0,1,0
C14043,2024,11,November,2,1,0,0
C14044,2024,7,July,1,1,1,0
C14044,2024,11,November,3,2,0,1
C14044,2024,12,December,4,3,0,1
C14044,2025,4,April,5,3,0,1
C14044,2025,7,July,6,4,0,1
C14044,2025,11,November,7,5,0,1
C14045,2024,8,August,1,0,1,0
C14045,2025,1,January,2,1,0,0
C14045,2025,3,March,3,1,0,0
C14045,2025,8,August,4,4,0,1
C14045,2025,9,September,7,5,0,1
C14045,2025,11,November,8,6,0,1
C14046,2024,9,September,1,1,1,0
C14047,2024,8,August,1,1,1,0
C14047,2025,6,June,2,2,0,1
C14047,2025,11,November,3,3,0,1
C14048,2024,9,September,1,1,1,0
C14048,2024,11,November,2,2,0,1
C14048,2025,2,February,3,3,0,1
C14048,2025,4,April,4,3,0,1
C14048,2025,10,October,5,4,0,1
C14049,2025,5,May,1,1,1,0
C14049,2025,9,September,2,2,0,1
C14049,2025,10,October,3,3,0,1
C14050,2024,10,October,1,1,1,0
C14050,2025,2,February,2,2,0,1
C14050,2025,3,March,3,3,0,1
C14050,2025,7,July,4,4,0,1
C14050,2025,9,September,5,5,0,1
C14050,2025,10,October,6,6,0,1
C14051,2024,11,November,1,1,1,0
C14051,2024,12,December,2,1,0,0
C14051,2025,8,August,3,2,0,1
C14052,2025,1,January,1,1,1,0
C14052,2025,2,February,2,2,0,1
C14052,2025,12,December,3,4,0,1
C14053,2024,12,December,1,1,1,0
C14053,2025,2,February,2,2,0,1
C14053,2025,5,May,3,3,0,1
C14053,2025,11,November,4,3,0,1
C14054,2024,9,September,1,0,1,0
C14054,2024,12,December,2,1,0,0
C14055,2024,10,October,1,1,1,0
C14056,2024,10,October,1,0,1,0
C14056,2025,5,May,2,1,0,0
C14056,2025,9,September,3,1,0,0
C14056,2025,10,October,4,3,0,1
C14056,2025,11,November,6,3,0,1
C14057,2024,8,August,1,1,1,0
C14057,2024,9,September,2,2,0,1
C14057,2024,12,December,3,3,0,1
C14057,2025,2,February,4,4,0,1
C14057,2025,4,April,5,5,0,1
C14057,2025,8,August,6,6,0,1
C14057,2025,9,September,7,7,0,1
C14058,2024,7,July,1,1,1,0
C14058,2024,12,December,2,2,0,1
C14058,2025,8,August,3,3,0,1
C14058,2025,10,October,4,4,0,1
C14058,2025,12,December,5,5,0,1
C14059,2025,3,March,1,0,1,0
C14059,2025,12,December,2,1,0,0
C14060,2024,12,December,1,0,1,0
C14061,2024,7,July,1,1,1,0
C14061,2024,11,November,2,2,0,1
C14061,2025,1,January,3,3,0,1
C14061,2025,6,June,4,4,0,1
C14061,2025,10,October,5,5,0,1
C14061,2025,12,December,6,6,0,1
C14062,2025,5,May,1,1,1,0
C14062,2025,6,June,2,2,0,1
C14062,2025,8,August,3,3,0,1
C14063,2024,12,December,1,2,0,1
C14063,2025,1,January,3,3,0,1
C14064,2024,9,September,1,1,1,0
C14064,2025,12,December,2,2,0,1
C14065,2024,7,July,1,1,1,0
C14065,2024,11,November,2,1,0,0
C14065,2024,12,December,3,3,0,1
C14066,2025,5,May,1,1,1,0
C14066,2025,8,August,2,2,0,1
C14066,2025,11,November,3,3,0,1
C14067,2024,10,October,1,1,1,0
C14067,2025,11,November,2,1,0,0
C14068,2024,7,July,1,1,1,0
C14068,2024,8,August,2,3,0,1
C14068,2024,12,December,4,4,0,1
C14068,2025,2,February,5,5,0,1
C14068,2025,4,April,6,6,0,1
C14068,2025,8,August,7,7,0,1
C14068,2025,11,November,8,8,0,1
C14069,2025,8,August,1,1,1,0
C14070,2024,7,July,1,2,0,1
C14070,2024,11,November,3,3,0,1
C14070,2025,7,July,4,4,0,1
C14071,2024,8,August,1,1,1,0
C14071,2025,2,February,2,2,0,1
C14071,2025,9,September,3,2,0,1
C14072,2024,8,August,1,1,1,0
C14072,2024,12,December,2,1,0,0
C14072,2025,11,November,3,3,0,1
C14072,2025,12,December,5,4,0,1
C14073,2024,10,October,1,1,1,0
C14074,2025,7,July,1,1,1,0
C14074,2025,8,August,2,2,0,1
C14074,2025,9,September,3,3,0,1
C14074,2025,11,November,4,3,0,1
C14075,2024,10,October,1,0,1,0
C14075,2025,2,February,2,1,0,0
C14075,2025,3,March,3,1,0,0
C14075,2025,10,October,4,2,0,1
C14076,2025,11,November,1,1,1,0
C14077,2025,7,July,1,1,1,0
C14077,2025,9,September,2,2,0,1
C14078,2025,4,April,1,1,1,0
C14078,2025,11,November,2,2,0,1
C14079,2024,9,September,1,0,1,0
C14079,2024,11,November,2,1,0,0
C14079,2025,2,February,3,2,0,1
C14079,2025,7,July,4,3,0,1
C14080,2024,8,August,1,1,1,0
C14080,2024,11,November,2,2,0,1
C14080,2024,12,December,3,3,0,1
C14080,2025,3,March,4,4,0,1
C14080,2025,5,May,5,5,0,1
C14080,2025,9,September,6,6,0,1
C14081,2024,7,July,1,1,1,0
C14081,2024,12,December,2,2,0,1
C14081,2025,8,August,3,2,0,1
C14082,2024,9,September,1,1,1,0
C14083,2024,12,December,1,1,1,0
C14083,2025,5,May,2,2,0,1
C14083,2025,12,December,3,3,0,1
C14084,2024,11,November,1,1,1,0
C14084,2024,12,December,2,1,0,0
C14084,2025,8,August,3,2,0,1
C14085,2024,9,September,1,1,1,0
C14085,2024,12,December,2,2,0,1
C14085,2025,9,September,3,3,0,1
C14085,2025,12,December,4,5,0,1
C14086,2025,2,February,1,1,1,0
C14086,2025,6,June,2,2,0,1
C14086,2025,7,July,3,2,0,1
C14086,2025,9,September,4,3,0,1
C14087,2024,9,September,1,1,1,0
C14087,2024,12,December,2,2,0,1
C14087,2025,1,January,3,3,0,1
C14087,2025,3,March,4,4,0,1
C14087,2025,11,November,5,5,0,1
C14088,2024,7,July,1,1,1,0
C14088,2025,6,June,2,2,0,1
C14088,2025,8,August,3,3,0,1
C14089,2024,9,September,1,0,1,0
C14089,2024,11,November,2,1,0,0
C14089,2025,5,May,3,2,0,1
C14089,2025,8,August,4,3,0,1
C14089,2025,9,September,5,4,0,1
C14090,2024,7,July,1,1,1,0
C14090,2024,12,December,2,2,0,1
C14090,2025,4,April,3,3,0,1
C14090,2025,5,May,4,4,0,1
C14090,2025,9,September,5,5,0,1
C14091,2024,7,July,1,0,1,0
C14091,2024,9,September,2,1,0,0
C14091,2024,12,December,3,2,0,1
C14091,2025,1,January,4,3,0,1
C14091,2025,4,April,5,4,0,1
C14091,2025,8,August,6,6,0,1
C14092,2024,10,October,1,1,1,0
C14092,2024,11,November,2,2,0,1
C14092,2025,7,July,3,3,0,1
C14093,2024,7,July,1,1,1,0
C14093,2024,12,December,2,2,0,1
C14093,2025,3,March,3,3,0,1
C14093,2025,4,April,5,4,0,1
C14093,2025,6,June,6,5,0,1
C14093,2025,8,August,7,6,0,1
C14093,2025,9,September,8,7,0,1
C14093,2025,11,November,9,8,0,1
C14094,2024,10,October,1,1,1,0
C14094,2024,11,November,2,2,0,1
C14094,2024,12,December,3,3,0,1
C14094,2025,6,June,4,4,0,1
C14094,2025,8,August,5,5,0,1
C14094,2025,10,October,6,6,0,1
C14094,2025,12,December,7,7,0,1
C14095,2024,7,July,1,0,1,0
C14095,2025,11,November,2,1,0,0
C14096,2024,7,July,1,1,1,0
C14096,2024,8,August,2,2,0,1
C14096,2025,1,January,3,3,0,1
C14096,2025,4,April,5,3,0,1
C14096,2025,10,October,7,5,0,1
C14096,2025,12,December,9,6,0,1
C14097,2024,7,July,1,1,1,0
C14097,2024,9,September,2,2,0,1
C14097,2024,10,October,3,3,0,1
C14097,2024,12,December,4,4,0,1
C14097,2025,2,February,5,6,0,1
C14097,2025,3,March,7,7,0,1
C14097,2025,4,April,8,8,0,1
C14097,2025,7,July,9,9,0,1
C14097,2025,8,August,10,9,0,1
C14097,2025,9,September,11,10,0,1
C14097,2025,12,December,12,11,0,1
C14098,2024,8,August,1,1,1,0
C14098,2025,12,December,2,2,0,1
C14099,2024,10,October,1,1,1,0
C14099,2025,8,August,2,2,0,1
C14099,2025,12,December,3,2,0,1
C14100,2025,1,January,1,0,1,0
C14100,2025,2,February,2,1,0,0
C14101,2024,10,October,1,1,1,0
C14102,2024,7,July,1,0,1,0
C14102,2024,9,September,2,1,0,0
C14102,2024,10,October,3,2,0,1
C14102,2024,11,November,4,3,0,1
C14102,2025,4,April,5,4,0,1
C14102,2025,5,May,6,6,0,1
C14102,2025,8,August,8,7,0,1
C14102,2025,11,November,9,8,0,1
C14102,2025,12,December,10,9,0,1
C14103,2025,7,July,1,1,1,0
C14104,2024,8,August,1,1,1,0
C14104,2024,12,December,2,2,0,1
C14104,2025,12,December,3,3,0,1
C14105,2025,5,May,1,1,1,0
C14106,2024,12,December,1,0,1,0
C14106,2025,2,February,2,3,0,1
C14106,2025,6,June,5,3,0,1
C14107,2024,11,November,1,1,1,0
C14107,2024,12,December,2,2,0,1
C14107,2025,12,December,3,3,0,1
C14108,2024,12,December,1,1,1,0
C14108,2025,2,February,2,2,0,1
C14108,2025,9,September,3,3,0,1
C14108,2025,11,November,4,4,0,1
C14109,2024,9,September,1,1,1,0
C14109,2025,5,May,3,4,0,1
C14110,2024,7,July,1,1,1,0
C14110,2024,9,September,2,2,0,1
C14110,2025,2,February,3,3,0,1
C14110,2025,7,July,4,4,0,1
C14110,2025,8,August,5,5,0,1
C14110,2025,12,December,6,6,0,1
C14111,2024,7,July,1,1,1,0
C14111,2024,11,November,2,2,0,1
C14111,2025,10,October,3,2,0,1
C14112,2024,7,July,1,1,1,0
C14112,2025,6,June,2,1,0,0
C14112,2025,8,August,3,2,0,1
C14113,2024,7,July,1,1,1,0
C14113,2025,1,January,2,2,0,1
C14113,2025,2,February,3,2,0,1
C14114,2024,10,October,1,1,1,0
C14114,2024,12,December,2,2,0,1
C14114,2025,12,December,3,3,0,1
C14115,2025,9,September,1,1,1,0
C14115,2025,12,December,2,2,0,1
C14116,2024,8,August,1,1,1,0
C14116,2024,12,December,2,1,0,0
C14117,2025,7,July,1,1,1,0
C14117,2025,10,October,2,1,0,0
C14118,2025,1,January,1,1,1,0
C14118,2025,6,June,2,2,0,1
C14119,2024,8,August,1,1,1,0
C14119,2025,1,January,2,1,0,0
C14119,2025,7,July,3,2,0,1
C14120,2024,10,October,1,1,1,0
C14120,2025,1,January,2,2,0,1
C14120,2025,4,April,3,2,0,1
C14121,2024,8,August,1,0,1,0
C14121,2025,1,January,2,1,0,0
C14121,2025,12,December,3,2,0,1
C14122,2025,5,May,1,0,1,0
C14122,2025,11,November,2,1,0,0
C14123,2024,7,July,1,1,1,0
C14124,2024,9,September,1,0,1,0
C14124,2025,2,February,2,0,0,0
C14124,2025,5,May,3,1,0,0
C14125,2024,8,August,1,1,1,0
C14125,2024,9,September,2,1,0,0
C14125,2025,6,June,3,1,0,0
C14125,2025,8,August,4,3,0,1
C14125,2025,11,November,6,3,0,1
C14126,2025,3,March,1,1,1,0
C14126,2025,11,November,2,2,0,1
C14127,2025,7,July,1,1,1,0
C14128,2025,8,August,1,1,1,0
C14129,2024,8,August,1,1,1,0
C14129,2025,2,February,3,1,0,0
C14130,2024,9,September,1,1,1,0
C14130,2024,10,October,2,2,0,1
C14130,2024,12,December,3,2,0,1
C14130,2025,2,February,4,3,0,1
C14130,2025,3,March,5,3,0,1
C14130,2025,4,April,6,4,0,1
C14130,2025,6,June,7,5,0,1
C14130,2025,10,October,8,5,0,1
C14131,2024,10,October,1,1,1,0
C14131,2024,11,November,2,2,0,1
C14131,2025,3,March,3,3,0,1
C14131,2025,7,July,4,4,0,1
C14132,2024,7,July,1,1,1,0
C14132,2024,9,September,2,3,0,1
C14132,2025,2,February,4,4,0,1
C14132,2025,6,June,5,5,0,1
C14132,2025,10,October,6,6,0,1
C14132,2025,12,December,7,7,0,1
C14133,2024,8,August,1,1,1,0
C14134,2024,9,September,1,1,1,0
C14134,2025,7,July,2,2,0,1
C14134,2025,8,August,3,3,0,1
C14135,2024,11,November,1,1,1,0
C14135,2025,5,May,2,2,0,1
C14135,2025,7,July,3,3,0,1
C14135,2025,11,November,4,3,0,1
C14136,2025,2,February,1,1,1,0
C14137,2025,1,January,1,0,1,0
C14137,2025,2,February,2,1,0,0
C14137,2025,4,April,4,2,0,1
C14137,2025,5,May,5,3,0,1
C14138,2024,9,September,1,1,1,0
C14138,2025,8,August,2,3,0,1
C14139,2024,7,July,1,1,1,0
C14139,2025,1,January,2,2,0,1
C14139,2025,2,February,3,2,0,1
C14139,2025,4,April,4,3,0,1
C14140,2024,7,July,1,1,1,0
C14140,2024,8,August,2,2,0,1
C14140,2025,8,August,3,3,0,1
C14140,2025,10,October,4,4,0,1
C14140,2025,12,December,5,5,0,1
C14141,2025,1,January,1,1,1,0
C14141,2025,2,February,2,2,0,1
C14141,2025,3,March,3,3,0,1
C14141,2025,4,April,4,4,0,1
C14141,2025,5,May,5,5,0,1
C14141,2025,7,July,6,5,0,1
C14141,2025,8,August,7,7,0,1
C14143,2025,1,January,1,1,1,0
C14144,2024,8,August,1,0,1,0
C14144,2025,4,April,2,0,0,0
C14144,2025,10,October,3,0,0,0
C14145,2024,12,December,1,1,1,0
C14145,2025,3,March,2,2,0,1
C14146,2024,8,August,1,1,1,0
C14146,2024,9,September,2,1,0,0
C14146,2024,12,December,3,2,0,1
C14146,2025,3,March,4,3,0,1
C14146,2025,5,May,5,5,0,1
C14147,2024,11,November,1,1,1,0
C14147,2025,2,February,2,2,0,1
C14147,2025,4,April,3,3,0,1
C14147,2025,6,June,4,4,0,1
C14147,2025,10,October,5,5,0,1
C14148,2024,8,August,1,1,1,0
C14148,2024,9,September,2,2,0,1
C14148,2025,3,March,3,3,0,1
C14148,2025,9,September,4,4,0,1
C14149,2024,8,August,1,1,1,0
C14149,2025,12,December,2,2,0,1
C14150,2024,7,July,1,1,1,0
C14150,2024,8,August,2,2,0,1
C14150,2025,4,April,3,4,0,1
C14150,2025,6,June,5,6,0,1
C14150,2025,7,July,7,7,0,1
C14150,2025,8,August,8,8,0,1
C14150,2025,9,September,9,9,0,1
C14151,2024,11,November,1,1,1,0
C14151,2025,2,February,2,2,0,1
C14151,2025,3,March,3,3,0,1
C14152,2025,7,July,1,1,1,0
C14152,2025,12,December,2,1,0,0
C14153,2024,8,August,1,1,1,0
C14153,2024,12,December,2,3,0,1
C14153,2025,1,January,4,4,0,1
C14153,2025,5,May,5,5,0,1
C14153,2025,11,November,6,6,0,1
C14155,2024,10,October,1,0,1,0
C14155,2024,11,November,2,1,0,0
C14155,2024,12,December,3,2,0,1
C14155,2025,9,September,4,3,0,1
C14155,2025,12,December,5,4,0,1
C14156,2024,12,December,1,0,1,0
C14156,2025,1,January,2,0,0,0
C14156,2025,5,May,3,1,0,0
C14156,2025,6,June,4,1,0,0
C14156,2025,9,September,5,3,0,1
C14156,2025,11,November,7,5,0,1
C14156,2025,12,December,9,6,0,1
C14158,2025,1,January,1,1,1,0
C14158,2025,2,February,2,2,0,1
C14159,2024,8,August,1,1,1,0
C14159,2024,12,December,2,2,0,1
C14159,2025,1,January,3,4,0,1
C14159,2025,2,February,5,5,0,1
C14159,2025,4,April,6,6,0,1
C14159,2025,6,June,8,7,0,1
C14159,2025,8,August,9,9,0,1
C14159,2025,10,October,11,10,0,1
C14160,2025,7,July,1,1,1,0
C14161,2024,7,July,1,1,1,0
C14161,2024,12,December,2,2,0,1
C14161,2025,6,June,3,3,0,1
C14161,2025,9,September,4,4,0,1
C14162,2024,8,August,1,0,1,0
C14162,2024,11,November,2,2,0,1
C14162,2025,5,May,4,3,0,1
C14162,2025,6,June,5,4,0,1
C14163,2024,7,July,1,1,1,0
C14163,2024,10,October,2,2,0,1
C14163,2024,12,December,3,4,0,1
C14163,2025,2,February,5,5,0,1
C14163,2025,6,June,6,5,0,1
C14163,2025,7,July,7,7,0,1
C14163,2025,8,August,9,7,0,1
C14163,2025,12,December,10,8,0,1
C14164,2025,3,March,1,1,1,0
C14164,2025,6,June,2,2,0,1
C14165,2025,11,November,1,2,0,1
C14166,2024,12,December,1,1,1,0
C14166,2025,9,September,2,2,0,1
C14167,2024,11,November,1,1,1,0
C14167,2025,5,May,2,2,0,1
C14168,2024,9,September,1,2,0,1
C14168,2024,11,November,3,3,0,1
C14168,2024,12,December,4,4,0,1
C14168,2025,11,November,5,5,0,1
C14169,2024,10,October,1,1,1,0
C14169,2025,6,June,3,2,0,1
C14169,2025,7,July,4,3,0,1
C14169,2025,9,September,5,4,0,1
C14170,2025,5,May,1,2,0,1
C14170,2025,12,December,3,5,0,1
C14171,2025,1,January,1,2,0,1
C14171,2025,3,March,3,3,0,1
C14171,2025,4,April,4,4,0,1
C14171,2025,11,November,5,4,0,1
C14172,2024,11,November,1,1,1,0
C14172,2025,4,April,3,2,0,1
C14172,2025,8,August,4,3,0,1
C14172,2025,11,November,5,4,0,1
C14172,2025,12,December,6,5,0,1
C14173,2024,8,August,1,0,1,0
C14173,2024,9,September,2,1,0,0
C14173,2025,1,January,4,2,0,1
C14173,2025,3,March,5,3,0,1
C14173,2025,5,May,6,6,0,1
C14173,2025,11,November,9,7,0,1
C14174,2024,10,October,1,0,1,0
C14174,2024,11,November,2,1,0,0
C14174,2025,1,January,3,2,0,1
C14174,2025,3,March,4,3,0,1
C14174,2025,4,April,5,4,0,1
C14174,2025,8,August,6,4,0,1
C14175,2024,7,July,1,1,1,0
C14175,2025,2,February,2,2,0,1
C14175,2025,8,August,3,2,0,1
C14175,2025,10,October,4,4,0,1
C14175,2025,12,December,6,4,0,1
C14176,2024,10,October,1,1,1,0
C14176,2025,12,December,2,2,0,1
C14177,2025,1,January,1,1,1,0
C14177,2025,4,April,2,1,0,0
C14177,2025,7,July,3,2,0,1
C14177,2025,11,November,4,3,0,1
C14178,2024,8,August,1,1,1,0
C14178,2025,5,May,2,2,0,1
C14178,2025,6,June,3,3,0,1
C14179,2024,10,October,1,1,1,0
C14179,2025,11,November,2,1,0,0
C14180,2024,7,July,1,2,0,1
C14180,2025,3,March,3,2,0,1
C14180,2025,4,April,4,3,0,1
C14180,2025,12,December,5,4,0,1
C14181,2025,5,May,1,1,1,0
C14182,2024,11,November,1,1,1,0
C14182,2025,5,May,3,2,0,1
C14183,2024,11,November,1,0,1,0
C14183,2025,2,February,2,0,0,0
C14183,2025,12,December,3,0,0,0
C14184,2025,12,December,1,1,1,0
C14185,2024,7,July,1,1,1,0
C14185,2024,8,August,2,2,0,1
C14185,2025,8,August,3,3,0,1
C14186,2025,3,March,1,1,1,0
C14186,2025,7,July,2,1,0,0
C14186,2025,8,August,3,2,0,1
C14187,2025,3,March,1,0,1,0
C14188,2024,9,September,1,1,1,0
C14188,2024,10,October,2,2,0,1
C14188,2025,1,January,3,2,0,1
C14188,2025,3,March,4,2,0,1
C14188,2025,7,July,5,3,0,1
C14188,2025,10,October,6,5,0,1
C14188,2025,11,November,8,6,0,1
C14188,2025,12,December,9,7,0,1
C14189,2025,1,January,1,0,1,0
C14189,2025,2,February,2,1,0,0
C14189,2025,9,September,3,2,0,1
C14190,2025,2,February,1,1,1,0
C14190,2025,4,April,2,1,0,0
C14190,2025,8,August,3,2,0,1
C14191,2024,12,December,1,1,1,0
C14191,2025,1,January,2,2,0,1
C14191,2025,3,March,3,3,0,1
C14191,2025,6,June,4,5,0,1
C14191,2025,9,September,6,6,0,1
C14191,2025,10,October,7,7,0,1
C14191,2025,11,November,8,8,0,1
C14192,2024,9,September,1,1,1,0
C14192,2025,5,May,2,1,0,0
C14192,2025,12,December,3,1,0,0
C14193,2025,6,June,1,0,1,0
C14193,2025,8,August,2,0,0,0
C14193,2025,10,October,3,0,0,0
C14195,2025,4,April,1,1,1,0
C14195,2025,6,June,2,2,0,1
C14197,2024,9,September,1,1,1,0
C14197,2025,3,March,2,3,0,1
C14197,2025,5,May,4,4,0,1
C14198,2025,2,February,1,2,0,1
C14199,2024,7,July,1,1,1,0
C14199,2024,9,September,2,2,0,1
C14199,2024,12,December,3,2,0,1
C14199,2025,11,November,4,3,0,1
C14200,2024,8,August,1,1,1,0
C14200,2024,10,October,2,2,0,1
C14200,2024,12,December,3,3,0,1
C14200,2025,6,June,4,3,0,1
C14200,2025,9,September,5,4,0,1
C14201,2024,12,December,1,1,1,0
C14201,2025,8,August,2,2,0,1
C14201,2025,11,November,3,3,0,1
C14201,2025,12,December,4,4,0,1
C14202,2024,10,October,1,1,1,0
C14202,2024,11,November,2,1,0,0
C14202,2025,1,January,4,1,0,0
C14202,2025,5,May,5,2,0,1
C14202,2025,7,July,6,3,0,1
C14202,2025,8,August,7,4,0,1
C14202,2025,9,September,8,6,0,1
C14202,2025,10,October,10,7,0,1
C14202,2025,11,November,11,8,0,1
C14202,2025,12,December,12,9,0,1
C14204,2024,7,July,1,0,1,0
C14204,2024,8,August,2,1,0,0
C14204,2024,9,September,3,2,0,1
C14204,2024,11,November,4,3,0,1
C14204,2025,9,September,5,4,0,1
C14204,2025,11,November,6,5,0,1
C14205,2024,10,October,1,1,1,0
C14205,2025,3,March,2,2,0,1
C14205,2025,8,August,3,3,0,1
C14205,2025,9,September,4,4,0,1
C14206,2025,6,June,1,1,1,0
C14206,2025,9,September,2,2,0,1
C14207,2024,9,September,1,0,1,0
C14208,2024,8,August,1,1,1,0
C14208,2025,4,April,2,2,0,1
C14208,2025,8,August,3,3,0,1
C14208,2025,9,September,4,4,0,1
C14209,2024,12,December,1,1,1,0
C14209,2025,2,February,2,2,0,1
C14209,2025,9,September,3,3,0,1
C14209,2025,10,October,4,4,0,1
C14210,2024,11,November,1,1,1,0
C14210,2025,1,January,2,2,0,1
C14210,2025,2,February,3,3,0,1
C14210,2025,7,July,4,4,0,1
C14210,2025,8,August,5,4,0,1
C14210,2025,9,September,6,4,0,1
C14210,2025,11,November,7,5,0,1
C14211,2024,8,August,1,1,1,0
C14211,2025,4,April,2,2,0,1
C14212,2025,4,April,1,1,1,0
C14212,2025,7,July,2,2,0,1
C14212,2025,12,December,3,3,0,1
C14213,2024,8,August,1,1,1,0
C14213,2024,10,October,2,2,0,1
C14213,2025,8,August,3,3,0,1
C14214,2024,11,November,1,1,1,0
C14214,2025,3,March,2,2,0,1
C14215,2024,8,August,1,1,1,0
C14215,2024,11,November,2,2,0,1
C14215,2025,4,April,3,3,0,1
C14216,2024,7,July,1,1,1,0
C14216,2025,5,May,2,2,0,1
C14216,2025,7,July,3,3,0,1
C14216,2025,8,August,4,6,0,1
C14216,2025,9,September,7,7,0,1
C14217,2024,10,October,1,1,1,0
C14217,2025,2,February,2,2,0,1
C14217,2025,3,March,3,3,0,1
C14217,2025,6,June,4,4,0,1
C14218,2024,9,September,1,1,1,0
C14218,2024,12,December,2,2,0,1
C14218,2025,2,February,3,2,0,1
C14218,2025,6,June,4,3,0,1
C14218,2025,8,August,5,4,0,1
C14219,2024,11,November,1,1,1,0
C14219,2025,1,January,2,2,0,1
C14219,2025,4,April,3,3,0,1
C14219,2025,6,June,4,4,0,1
C14219,2025,9,September,5,4,0,1
C14219,2025,11,November,6,5,0,1
C14220,2025,11,November,1,1,1,0
C14221,2024,12,December,1,1,1,0
C14221,2025,2,February,2,2,0,1
C14221,2025,7,July,3,3,0,1
C14222,2025,5,May,1,1,1,0
C14223,2024,7,July,1,0,1,0
C14223,2024,10,October,2,1,0,0
C14223,2024,11,November,3,2,0,1
C14223,2025,2,February,4,3,0,1
C14223,2025,6,June,5,4,0,1
C14223,2025,7,July,6,5,0,1
C14223,2025,9,September,7,7,0,1
C14224,2024,8,August,1,1,1,0
C14224,2024,11,November,2,2,0,1
C14224,2025,2,February,3,4,0,1
C14225,2025,5,May,1,1,1,0
C14226,2024,11,November,1,1,1,0
C14226,2025,1,January,2,2,0,1
C14226,2025,3,March,3,3,0,1
C14226,2025,6,June,4,4,0,1
C14226,2025,11,November,5,5,0,1
C14226,2025,12,December,6,6,0,1
C14227,2024,10,October,1,1,1,0
C14227,2024,11,November,2,2,0,1
C14227,2025,8,August,4,3,0,1
C14227,2025,10,October,5,4,0,1
C14227,2025,12,December,6,5,0,1
C14228,2024,8,August,1,1,1,0
C14228,2025,8,August,2,1,0,0
C14228,2025,9,September,3,2,0,1
C14229,2024,9,September,1,1,1,0
C14229,2025,4,April,2,1,0,0
C14229,2025,12,December,3,2,0,1
C14230,2024,8,August,1,2,0,1
C14230,2025,9,September,4,3,0,1
C14230,2025,11,November,5,4,0,1
C14231,2024,8,August,1,1,1,0
C14231,2025,6,June,2,2,0,1
C14232,2025,6,June,1,1,1,0
C14232,2025,8,August,2,2,0,1
C14233,2025,4,April,1,1,1,0
C14233,2025,5,May,2,2,0,1
C14233,2025,9,September,3,3,0,1
C14233,2025,10,October,4,4,0,1
C14234,2025,1,January,1,0,1,0
C14234,2025,3,March,2,1,0,0
C14235,2024,11,November,1,1,1,0
C14235,2025,3,March,2,2,0,1
C14235,2025,6,June,3,3,0,1
C14235,2025,10,October,4,3,0,1
C14235,2025,12,December,5,3,0,1
C14236,2024,7,July,1,2,0,1
C14238,2024,8,August,1,1,1,0
C14238,2025,2,February,2,1,0,0
C14239,2025,1,January,1,0,1,0
C14239,2025,2,February,2,0,0,0
C14239,2025,5,May,3,1,0,0
C14240,2024,7,July,1,1,1,0
C14240,2024,11,November,2,2,0,1
C14241,2024,7,July,1,1,1,0
C14241,2025,12,December,2,3,0,1
C14242,2025,1,January,1,1,1,0
C14242,2025,5,May,2,2,0,1
C14243,2025,3,March,1,0,1,0
C14243,2025,4,April,2,1,0,0
C14243,2025,5,May,3,2,0,1
C14244,2024,8,August,1,1,1,0
C14244,2024,11,November,2,3,0,1
C14244,2025,8,August,4,4,0,1
C14245,2024,9,September,1,1,1,0
C14245,2024,11,November,2,1,0,0
C14245,2025,3,March,3,2,0,1
C14246,2025,5,May,1,1,1,0
C14246,2025,9,September,2,2,0,1
C14246,2025,11,November,3,3,0,1
C14247,2024,8,August,1,1,1,0
C14247,2025,2,February,2,1,0,0
C14248,2024,8,August,1,1,1,0
C14248,2025,3,March,3,3,0,1
C14248,2025,8,August,5,4,0,1
C14249,2025,3,March,1,1,1,0
C14249,2025,8,August,2,2,0,1
C14249,2025,9,September,3,3,0,1
C14249,2025,11,November,4,4,0,1
C14249,2025,12,December,5,5,0,1
C14250,2024,7,July,1,1,1,0
C14250,2024,8,August,2,1,0,0
C14250,2024,12,December,3,1,0,0
C14250,2025,1,January,4,2,0,1
C14250,2025,8,August,5,3,0,1
C14251,2024,10,October,1,1,1,0
C14252,2025,3,March,1,1,1,0
C14253,2024,11,November,1,1,1,0
C14253,2025,6,June,2,2,0,1
C14254,2024,11,November,1,1,1,0
C14254,2025,1,January,2,2,0,1
C14254,2025,9,September,3,3,0,1
C14255,2024,8,August,1,1,1,0
C14255,2025,8,August,2,3,0,1
C14256,2025,2,February,1,1,1,0
C14256,2025,7,July,2,2,0,1
C14256,2025,11,November,3,3,0,1
C14257,2025,8,August,1,1,1,0
C14258,2025,4,April,1,1,1,0
C14259,2025,4,April,1,1,1,0
C14259,2025,9,September,2,2,0,1
C14260,2025,11,November,1,1,1,0
C14261,2024,7,July,1,1,1,0
C14261,2024,8,August,2,3,0,1
C14261,2024,9,September,4,4,0,1
C14261,2024,11,November,5,6,0,1
C14261,2024,12,December,7,9,0,1
C14261,2025,5,May,10,10,0,1
C14261,2025,6,June,11,11,0,1
C14261,2025,10,October,12,12,0,1
C14261,2025,11,November,13,13,0,1
C14261,2025,12,December,14,14,0,1
C14262,2024,10,October,1,1,1,0
C14262,2024,12,December,2,2,0,1
C14262,2025,2,February,3,3,0,1
C14262,2025,3,March,4,4,0,1
C14262,2025,4,April,5,5,0,1
C14262,2025,6,June,6,7,0,1
C14262,2025,10,October,8,9,0,1
C14262,2025,11,November,10,10,0,1
C14262,2025,12,December,11,12,0,1
C14263,2024,10,October,1,1,1,0
C14263,2024,12,December,2,2,0,1
C14263,2025,1,January,3,3,0,1
C14263,2025,4,April,4,4,0,1
C14263,2025,5,May,5,5,0,1
C14263,2025,10,October,6,6,0,1
C14263,2025,11,November,7,7,0,1
C14264,2024,12,December,1,1,1,0
C14264,2025,4,April,2,2,0,1
C14264,2025,5,May,3,3,0,1
C14265,2024,9,September,1,2,0,1
C14265,2025,5,May,3,3,0,1
C14265,2025,6,June,4,4,0,1
C14265,2025,8,August,5,5,0,1
C14266,2025,2,February,1,2,0,1
C14266,2025,6,June,3,3,0,1
C14267,2024,11,November,1,1,1,0
C14267,2025,3,March,2,2,0,1
C14267,2025,7,July,3,3,0,1
C14269,2025,11,November,1,0,1,0
C14271,2024,11,November,1,1,1,0
C14271,2025,5,May,2,2,0,1
C14271,2025,9,September,3,3,0,1
C14271,2025,10,October,4,4,0,1
C14272,2024,10,October,1,1,1,0
C14272,2025,3,March,2,2,0,1
C14272,2025,10,October,3,3,0,1
C14273,2025,8,August,1,1,1,0
C14273,2025,12,December,2,2,0,1
C14274,2024,11,November,1,0,1,0
C14274,2025,5,May,2,2,0,1
C14274,2025,7,July,5,3,0,1
C14274,2025,8,August,6,4,0,1
C14274,2025,9,September,7,5,0,1
C14274,2025,10,October,8,5,0,1
C14274,2025,11,November,9,6,0,1
C14275,2024,7,July,1,0,1,0
C14275,2025,4,April,2,1,0,0
C14276,2025,3,March,1,1,1,0
C14276,2025,4,April,2,2,0,1
C14276,2025,5,May,3,3,0,1
C14276,2025,8,August,4,4,0,1
C14277,2025,1,January,1,1,1,0
C14277,2025,4,April,2,2,0,1
C14277,2025,6,June,3,3,0,1
C14277,2025,8,August,4,3,0,1
C14277,2025,10,October,5,3,0,1
C14278,2024,11,November,1,1,1,0
C14278,2025,2,February,2,2,0,1
C14278,2025,3,March,3,3,0,1
C14278,2025,7,July,4,4,0,1
C14278,2025,12,December,5,5,0,1
C14279,2024,9,September,1,1,1,0
C14279,2025,1,January,2,2,0,1
C14279,2025,2,February,3,3,0,1
C14279,2025,3,March,4,4,0,1
C14279,2025,4,April,5,5,0,1
C14279,2025,5,May,6,6,0,1
C14279,2025,10,October,7,7,0,1
C14280,2024,8,August,1,1,1,0
C14280,2024,9,September,2,3,0,1
C14280,2025,1,January,4,4,0,1
C14280,2025,4,April,5,6,0,1
C14280,2025,8,August,7,7,0,1
C14280,2025,9,September,8,7,0,1
C14280,2025,11,November,9,8,0,1
C14281,2024,7,July,1,1,1,0
C14281,2024,8,August,2,1,0,0
C14281,2025,1,January,3,2,0,1
C14281,2025,3,March,4,2,0,1
C14281,2025,5,May,5,3,0,1
C14282,2024,7,July,1,1,1,0
C14282,2024,10,October,2,2,0,1
C14282,2024,12,December,3,3,0,1
C14282,2025,8,August,4,3,0,1
C14283,2024,8,August,1,2,0,1
C14283,2024,11,November,3,3,0,1
C14283,2025,1,January,4,4,0,1
C14283,2025,4,April,5,4,0,1
C14283,2025,6,June,6,5,0,1
C14283,2025,8,August,7,5,0,1
C14284,2024,7,July,1,1,1,0
C14284,2024,9,September,2,2,0,1
C14284,2024,10,October,3,2,0,1
C14284,2025,4,April,4,3,0,1
C14284,2025,6,June,5,4,0,1
C14284,2025,7,July,6,5,0,1
C14284,2025,9,September,7,5,0,1
C14284,2025,10,October,8,7,0,1
C14285,2024,10,October,1,1,1,0
C14285,2024,11,November,2,2,0,1
C14285,2025,3,March,3,4,0,1
C14285,2025,5,May,5,5,0,1
C14285,2025,10,October,6,6,0,1
C14285,2025,11,November,7,8,0,1
C14286,2024,8,August,1,1,1,0
C14286,2025,8,August,2,2,0,1
C14287,2024,7,July,1,1,1,0
C14287,2024,12,December,2,2,0,1
C14287,2025,3,March,3,3,0,1
C14287,2025,5,May,4,4,0,1
C14287,2025,7,July,5,4,0,1
C14287,2025,8,August,6,6,0,1
C14288,2025,6,June,1,1,1,0
C14289,2024,8,August,1,1,1,0
C14289,2025,2,February,2,2,0,1
C14289,2025,7,July,3,3,0,1
C14289,2025,8,August,4,4,0,1
C14289,2025,9,September,5,5,0,1
C14289,2025,11,November,6,6,0,1
C14290,2025,2,February,1,1,1,0
C14290,2025,7,July,2,2,0,1
C14290,2025,9,September,3,3,0,1
C14290,2025,12,December,4,4,0,1
C14291,2025,10,October,1,0,1,0
C14292,2024,7,July,1,1,1,0
C14292,2025,3,March,2,1,0,0
C14293,2024,7,July,1,1,1,0
C14293,2024,9,September,2,2,0,1
C14293,2024,10,October,3,4,0,1
C14293,2025,1,January,5,5,0,1
C14293,2025,2,February,6,6,0,1
C14293,2025,5,May,8,7,0,1
C14293,2025,10,October,10,8,0,1
C14294,2024,8,August,1,1,1,0
C14294,2024,9,September,2,2,0,1
C14294,2025,8,August,3,3,0,1
C14295,2024,10,October,1,1,1,0
C14296,2024,7,July,1,1,1,0
C14296,2024,8,August,2,2,0,1
C14296,2025,4,April,3,3,0,1
C14296,2025,7,July,4,4,0,1
C14296,2025,11,November,5,5,0,1
C14297,2024,10,October,1,1,1,0
C14297,2025,1,January,3,2,0,1
C14297,2025,2,February,4,3,0,1
C14297,2025,4,April,5,3,0,1
C14297,2025,6,June,6,4,0,1
C14297,2025,10,October,7,6,0,1
C14298,2024,7,July,1,1,1,0
C14298,2024,9,September,2,2,0,1
C14298,2024,12,December,3,3,0,1
C14298,2025,9,September,4,3,0,1
C14299,2024,11,November,1,1,1,0
C14299,2025,1,January,3,1,0,0
C14299,2025,4,April,4,2,0,1
C14299,2025,5,May,5,3,0,1
C14299,2025,6,June,7,4,0,1
C14299,2025,9,September,9,5,0,1
C14299,2025,11,November,10,6,0,1
C14300,2025,7,July,1,1,1,0
C14300,2025,8,August,2,2,0,1
C14301,2024,8,August,1,1,1,0
C14301,2024,9,September,2,2,0,1
C14301,2025,7,July,3,3,0,1
C14302,2024,8,August,1,0,1,0
C14302,2025,6,June,2,1,0,0
C14302,2025,10,October,3,2,0,1
C14303,2024,9,September,1,1,1,0
C14303,2025,9,September,2,2,0,1
C14303,2025,10,October,3,3,0,1
C14304,2024,10,October,1,1,1,0
C14304,2025,2,February,2,2,0,1
C14304,2025,6,June,3,2,0,1
C14304,2025,12,December,4,4,0,1
C14305,2025,7,July,1,1,1,0
C14305,2025,9,September,2,1,0,0
C14305,2025,10,October,3,3,0,1
C14305,2025,12,December,6,3,0,1
C14306,2024,7,July,1,1,1,0
C14306,2025,5,May,2,2,0,1
C14306,2025,6,June,4,4,0,1
C14306,2025,7,July,6,5,0,1
C14306,2025,9,September,7,6,0,1
C14307,2025,3,March,1,1,1,0
C14307,2025,7,July,2,2,0,1
C14307,2025,8,August,3,3,0,1
C14307,2025,10,October,4,4,0,1
C14308,2024,12,December,1,1,1,0
C14308,2025,1,January,2,2,0,1
C14308,2025,9,September,3,2,0,1
C14309,2024,7,July,1,0,1,0
C14309,2025,5,May,2,1,0,0
C14309,2025,8,August,3,2,0,1
C14309,2025,9,September,4,3,0,1
C14310,2024,9,September,1,0,1,0
C14310,2025,5,May,2,1,0,0
C14311,2024,11,November,1,1,1,0
C14311,2025,3,March,2,1,0,0
C14312,2024,7,July,1,1,1,0
C14312,2025,1,January,2,2,0,1
C14312,2025,12,December,3,3,0,1
C14313,2024,8,August,1,1,1,0
C14313,2025,5,May,2,2,0,1
C14314,2024,8,August,1,1,1,0
C14314,2024,10,October,2,1,0,0
C14314,2024,11,November,3,3,0,1
C14314,2024,12,December,5,3,0,1
C14314,2025,3,March,6,4,0,1
C14314,2025,6,June,7,4,0,1
C14314,2025,7,July,8,6,0,1
C14314,2025,10,October,11,7,0,1
C14315,2025,5,May,1,1,1,0
C14315,2025,8,August,2,2,0,1
C14316,2025,1,January,1,2,0,1
C14316,2025,4,April,3,3,0,1
C14316,2025,5,May,4,4,0,1
C14316,2025,7,July,5,5,0,1
C14318,2024,8,August,1,1,1,0
C14318,2024,10,October,2,2,0,1
C14318,2025,4,April,3,3,0,1
C14319,2024,9,September,1,1,1,0
C14321,2024,10,October,1,2,0,1
C14321,2024,12,December,3,3,0,1
C14321,2025,2,February,4,4,0,1
C14321,2025,3,March,5,5,0,1
C14321,2025,8,August,6,6,0,1
C14321,2025,12,December,7,7,0,1
C14322,2024,8,August,1,1,1,0
C14322,2025,1,January,2,2,0,1
C14323,2025,1,January,1,1,1,0
C14323,2025,9,September,2,2,0,1
C14323,2025,10,October,3,3,0,1
C14324,2025,4,April,1,1,1,0
C14324,2025,5,May,2,2,0,1
C14325,2024,9,September,1,1,1,0
C14325,2024,10,October,2,1,0,0
C14325,2024,12,December,3,2,0,1
C14325,2025,2,February,4,3,0,1
C14325,2025,5,May,5,4,0,1
C14325,2025,6,June,6,4,0,1
C14325,2025,11,November,7,5,0,1
C14326,2024,8,August,1,1,1,0
C14326,2024,12,December,3,3,0,1
C14326,2025,3,March,5,5,0,1
C14326,2025,4,April,7,6,0,1
C14326,2025,7,July,8,8,0,1
C14326,2025,8,August,10,9,0,1
C14326,2025,11,November,11,10,0,1
C14327,2024,12,December,1,1,1,0
C14327,2025,1,January,2,2,0,1
C14327,2025,3,March,3,3,0,1
C14328,2024,11,November,1,1,1,0
C14328,2025,9,September,2,2,0,1
C14329,2024,8,August,1,2,0,1
C14329,2024,11,November,3,4,0,1
C14329,2025,2,February,5,5,0,1
C14329,2025,3,March,6,6,0,1
C14329,2025,5,May,7,7,0,1
C14329,2025,6,June,8,8,0,1
C14329,2025,7,July,9,9,0,1
C14329,2025,8,August,10,9,0,1
C14329,2025,10,October,11,10,0,1
C14330,2024,7,July,1,2,0,1
C14330,2024,10,October,3,2,0,1
C14330,2024,12,December,4,4,0,1
C14330,2025,1,January,6,5,0,1
C14330,2025,6,June,7,6,0,1
C14330,2025,9,September,8,6,0,1
C14331,2024,7,July,1,1,1,0
C14331,2024,11,November,2,1,0,0
C14331,2025,6,June,3,2,0,1
C14332,2024,7,July,1,0,1,0
C14332,2024,8,August,2,1,0,0
C14332,2025,9,September,3,2,0,1
C14333,2024,9,September,1,0,1,0
C14334,2024,8,August,1,0,1,0
C14334,2024,12,December,2,0,0,0
C14334,2025,3,March,3,1,0,0
C14334,2025,7,July,4,1,0,0
C14334,2025,12,December,5,2,0,1
C14335,2024,9,September,1,1,1,0
C14335,2024,11,November,2,2,0,1
C14335,2025,7,July,3,2,0,1
C14335,2025,9,September,4,3,0,1
C14335,2025,12,December,5,5,0,1
C14336,2024,9,September,1,1,1,0
C14336,2025,9,September,2,2,0,1
C14336,2025,10,October,3,3,0,1
C14337,2024,10,October,1,1,1,0
C14337,2024,12,December,2,1,0,0
C14337,2025,6,June,3,2,0,1
C14337,2025,8,August,4,3,0,1
C14338,2025,10,October,1,1,1,0
C14339,2024,9,September,1,1,1,0
C14339,2024,10,October,2,1,0,0
C14339,2025,6,June,3,2,0,1
C14339,2025,8,August,4,3,0,1
C14339,2025,11,November,5,4,0,1
C14340,2024,9,September,1,1,1,0
C14340,2025,8,August,2,2,0,1
C14341,2025,5,May,1,0,1,0
C14341,2025,8,August,2,2,0,1
C14342,2024,10,October,1,1,1,0
C14342,2025,1,January,2,2,0,1
C14342,2025,3,March,3,3,0,1
C14343,2024,7,July,1,1,1,0
C14343,2025,1,January,2,2,0,1
C14343,2025,4,April,3,3,0,1
C14343,2025,5,May,4,4,0,1
C14343,2025,8,August,5,4,0,1
C14345,2025,3,March,1,1,1,0
C14346,2024,7,July,1,1,1,0
C14346,2024,9,September,2,1,0,0
C14346,2025,5,May,3,1,0,0
C14346,2025,11,November,4,3,0,1
C14347,2025,3,March,1,1,1,0
C14347,2025,5,May,2,2,0,1
C14347,2025,10,October,3,2,0,1
C14348,2024,8,August,1,1,1,0
C14348,2024,10,October,2,2,0,1
C14348,2025,9,September,3,3,0,1
C14349,2025,2,February,1,1,1,0
C14349,2025,3,March,2,1,0,0
C14349,2025,4,April,3,2,0,1
C14349,2025,11,November,4,3,0,1
C14349,2025,12,December,5,4,0,1
C14350,2024,10,October,1,1,1,0
C14350,2024,11,November,2,2,0,1
C14350,2024,12,December,3,3,0,1
C14350,2025,1,January,4,3,0,1
C14350,2025,2,February,5,4,0,1
C14350,2025,3,March,6,5,0,1
C14350,2025,8,August,7,6,0,1
C14350,2025,10,October,8,7,0,1
C14351,2025,6,June,1,1,1,0
C14351,2025,8,August,2,2,0,1
C14351,2025,10,October,3,3,0,1
C14351,2025,12,December,4,4,0,1
C14352,2024,8,August,1,1,1,0
C14352,2025,1,January,2,2,0,1
C14353,2025,2,February,1,2,0,1
C14353,2025,3,March,3,3,0,1
C14353,2025,7,July,4,5,0,1
C14354,2024,7,July,1,1,1,0
C14354,2024,9,September,2,3,0,1
C14354,2024,10,October,4,4,0,1
C14354,2024,11,November,6,5,0,1
C14354,2025,1,January,7,6,0,1
C14354,2025,2,February,8,7,0,1
C14354,2025,3,March,9,9,0,1
C14354,2025,7,July,11,10,0,1
C14355,2025,3,March,1,0,1,0
C14355,2025,4,April,2,1,0,0
C14355,2025,7,July,3,2,0,1
C14356,2024,11,November,1,0,1,0
C14356,2024,12,December,2,2,0,1
C14356,2025,3,March,4,3,0,1
C14356,2025,8,August,5,4,0,1
C14357,2025,3,March,1,1,1,0
C14357,2025,5,May,2,2,0,1
C14357,2025,8,August,3,3,0,1
C14358,2024,9,September,1,0,1,0
C14358,2025,7,July,2,1,0,0
C14358,2025,11,November,3,2,0,1
C14359,2024,7,July,1,0,1,0
C14359,2025,2,February,2,1,0,0
C14359,2025,8,August,3,2,0,1
C14360,2025,7,July,1,1,1,0
C14360,2025,9,September,2,2,0,1
C14360,2025,11,November,3,3,0,1
C14360,2025,12,December,4,4,0,1
C14361,2025,6,June,1,1,1,0
C14361,2025,7,July,2,2,0,1
C14362,2025,3,March,1,1,1,0
C14362,2025,7,July,2,2,0,1
C14362,2025,8,August,3,3,0,1
C14362,2025,9,September,4,4,0,1
C14362,2025,12,December,5,5,0,1
C14363,2024,7,July,1,1,1,0
C14363,2024,12,December,2,2,0,1
C14363,2025,4,April,3,2,0,1
C14363,2025,8,August,4,3,0,1
C14364,2024,8,August,1,0,1,0
C14365,2025,8,August,1,1,1,0
C14365,2025,12,December,2,2,0,1
C14366,2024,8,August,1,1,1,0
C14367,2024,11,November,1,1,1,0
C14367,2025,1,January,2,2,0,1
C14367,2025,4,April,3,3,0,1
C14367,2025,12,December,4,4,0,1
C14368,2024,9,September,1,0,1,0
C14368,2024,11,November,2,1,0,0
C14368,2024,12,December,3,2,0,1
C14368,2025,6,June,4,3,0,1
C14369,2024,12,December,1,1,1,0
C14369,2025,2,February,2,2,0,1
C14369,2025,6,June,3,3,0,1
C14369,2025,10,October,4,5,0,1
C14369,2025,12,December,6,6,0,1
C14370,2024,9,September,1,0,1,0
C14370,2024,11,November,2,1,0,0
C14370,2025,2,February,3,2,0,1
C14370,2025,3,March,4,3,0,1
C14370,2025,5,May,5,4,0,1
C14371,2024,7,July,1,1,1,0
C14371,2024,9,September,2,2,0,1
C14371,2025,5,May,3,2,0,1
C14371,2025,7,July,4,4,0,1
C14371,2025,11,November,6,5,0,1
C14372,2024,12,December,1,0,1,0
C14373,2024,11,November,1,1,1,0
C14373,2025,6,June,2,2,0,1
C14373,2025,7,July,3,3,0,1
C14373,2025,9,September,4,3,0,1
C14374,2025,6,June,1,1,1,0
C14374,2025,12,December,2,1,0,0
C14375,2025,5,May,1,1,1,0
C14375,2025,9,September,2,2,0,1
C14375,2025,11,November,3,2,0,1
C14376,2024,12,December,1,1,1,0
C14376,2025,1,January,2,2,0,1
C14376,2025,7,July,3,3,0,1
C14377,2024,8,August,1,0,1,0
C14378,2024,11,November,1,1,1,0
C14378,2025,3,March,2,2,0,1
C14378,2025,8,August,3,3,0,1
C14378,2025,10,October,4,4,0,1
C14378,2025,11,November,5,5,0,1
C14380,2024,12,December,1,1,1,0
C14380,2025,1,January,2,1,0,0
C14380,2025,7,July,3,2,0,1
C14381,2025,6,June,1,1,1,0
C14381,2025,7,July,2,2,0,1
C14381,2025,11,November,3,2,0,1
C14382,2024,8,August,1,1,1,0
C14382,2024,9,September,2,1,0,0
C14382,2024,10,October,3,2,0,1
C14382,2024,12,December,4,3,0,1
C14382,2025,1,January,5,5,0,1
C14382,2025,2,February,7,6,0,1
C14382,2025,3,March,8,7,0,1
C14382,2025,5,May,9,7,0,1
C14382,2025,7,July,10,9,0,1
C14383,2024,7,July,1,1,1,0
C14383,2024,9,September,2,2,0,1
C14383,2024,12,December,3,3,0,1
C14383,2025,10,October,4,4,0,1
C14384,2024,9,September,1,1,1,0
C14384,2025,5,May,2,2,0,1
C14384,2025,8,August,3,3,0,1
C14384,2025,9,September,4,4,0,1
C14385,2024,7,July,1,1,1,0
C14385,2024,9,September,2,2,0,1
C14385,2024,10,October,3,3,0,1
C14385,2025,7,July,4,3,0,1
C14385,2025,8,August,5,3,0,1
C14385,2025,9,September,6,4,0,1
C14385,2025,12,December,7,5,0,1
C14386,2024,8,August,1,0,1,0
C14386,2024,12,December,2,0,0,0
C14386,2025,1,January,4,0,0,0
C14386,2025,8,August,5,1,0,0
C14386,2025,11,November,6,1,0,0
C14387,2024,10,October,1,1,1,0
C14387,2025,12,December,2,1,0,0
C14388,2024,9,September,1,1,1,0
C14388,2024,12,December,2,2,0,1
C14388,2025,1,January,3,3,0,1
C14388,2025,3,March,4,4,0,1
C14388,2025,11,November,5,5,0,1
C14389,2024,7,July,1,1,1,0
C14389,2024,12,December,2,2,0,1
C14389,2025,2,February,3,2,0,1
C14389,2025,12,December,4,3,0,1
C14390,2024,9,September,1,1,1,0
C14390,2025,3,March,3,2,0,1
C14390,2025,8,August,4,4,0,1
C14390,2025,10,October,6,5,0,1
C14391,2025,3,March,1,1,1,0
C14392,2024,11,November,1,2,0,1
C14392,2024,12,December,3,3,0,1
C14392,2025,6,June,4,4,0,1
C14392,2025,12,December,5,5,0,1
C14393,2025,12,December,1,1,1,0
C14394,2024,10,October,1,1,1,0
C14394,2025,1,January,4,1,0,0
C14394,2025,4,April,5,2,0,1
C14394,2025,5,May,6,3,0,1
C14394,2025,9,September,7,3,0,1
C14394,2025,12,December,8,4,0,1
C14395,2024,8,August,1,1,1,0
C14395,2025,9,September,2,2,0,1
C14395,2025,12,December,3,3,0,1
C14396,2025,5,May,1,1,1,0
C14396,2025,7,July,2,1,0,0
C14396,2025,8,August,3,2,0,1
C14396,2025,10,October,4,3,0,1
C14397,2024,7,July,1,2,0,1
C14397,2024,9,September,3,3,0,1
C14397,2024,10,October,4,4,0,1
C14397,2025,10,October,5,6,0,1
C14398,2024,8,August,1,2,0,1
C14398,2024,11,November,3,4,0,1
C14398,2025,8,August,5,6,0,1
C14398,2025,9,September,7,7,0,1
C14399,2025,10,October,1,1,1,0
C14400,2024,8,August,1,0,1,0
C14400,2024,12,December,2,1,0,0
C14401,2025,1,January,1,0,1,0
C14401,2025,9,September,2,1,0,0
C14402,2025,1,January,1,1,1,0
C14402,2025,3,March,2,2,0,1
C14402,2025,11,November,3,3,0,1
C14403,2024,12,December,1,1,1,0
C14403,2025,1,January,3,2,0,1
C14403,2025,4,April,4,3,0,1
C14403,2025,7,July,6,4,0,1
C14404,2024,9,September,1,1,1,0
C14404,2024,10,October,2,2,0,1
C14404,2024,12,December,3,3,0,1
C14404,2025,9,September,4,4,0,1
C14404,2025,10,October,5,5,0,1
C14404,2025,11,November,6,6,0,1
C14404,2025,12,December,7,7,0,1
C14405,2025,10,October,1,1,1,0
C14406,2025,6,June,1,1,1,0
C14406,2025,7,July,2,2,0,1
C14406,2025,10,October,3,3,0,1
C14407,2025,4,April,1,1,1,0
C14407,2025,7,July,2,2,0,1
C14408,2024,7,July,1,1,1,0
C14408,2024,9,September,2,2,0,1
C14408,2025,3,March,3,3,0,1
C14408,2025,7,July,4,4,0,1
C14408,2025,12,December,5,5,0,1
C14409,2025,7,July,1,1,1,0
C14409,2025,12,December,2,2,0,1
C14410,2024,7,July,1,1,1,0
C14410,2025,1,January,2,2,0,1
C14410,2025,7,July,3,3,0,1
C14410,2025,8,August,4,4,0,1
C14411,2024,7,July,1,1,1,0
C14411,2025,6,June,2,3,0,1
C14412,2024,7,July,1,0,1,0
C14412,2025,5,May,2,2,0,1
C14412,2025,8,August,4,4,0,1
C14412,2025,9,September,6,5,0,1
C14412,2025,10,October,7,6,0,1
C14412,2025,12,December,8,7,0,1
C14413,2024,10,October,1,1,1,0
C14413,2025,10,October,2,2,0,1
C14414,2024,9,September,1,1,1,0
C14414,2024,11,November,2,2,0,1
C14414,2025,10,October,3,3,0,1
C14415,2025,5,May,1,1,1,0
C14416,2024,12,December,1,0,1,0
C14416,2025,2,February,2,1,0,0
C14416,2025,5,May,3,1,0,0
C14416,2025,11,November,4,2,0,1
C14416,2025,12,December,5,3,0,1
C14417,2025,3,March,1,1,1,0
C14418,2024,8,August,1,0,1,0
C14418,2025,1,January,2,1,0,0
C14418,2025,4,April,3,2,0,1
C14418,2025,7,July,4,3,0,1
C14418,2025,8,August,5,4,0,1
C14419,2024,10,October,1,1,1,0
C14419,2025,3,March,2,2,0,1
C14419,2025,7,July,3,3,0,1
C14420,2024,11,November,1,1,1,0
C14421,2025,2,February,1,2,0,1
C14421,2025,3,March,3,3,0,1
C14422,2024,7,July,1,1,1,0
C14422,2024,9,September,2,2,0,1
C14422,2024,12,December,3,3,0,1
C14422,2025,6,June,4,4,0,1
C14422,2025,8,August,5,5,0,1
C14422,2025,9,September,6,6,0,1
C14423,2024,7,July,1,2,0,1
C14423,2024,8,August,3,3,0,1
C14423,2024,9,September,4,4,0,1
C14423,2024,10,October,5,6,0,1
C14423,2024,12,December,7,7,0,1
C14423,2025,1,January,8,8,0,1
C14423,2025,8,August,9,9,0,1
C14423,2025,9,September,10,10,0,1
C14424,2024,8,August,1,1,1,0
C14424,2025,1,January,2,2,0,1
C14424,2025,3,March,3,3,0,1
C14425,2025,5,May,1,1,1,0
C14425,2025,9,September,2,1,0,0
C14425,2025,12,December,3,1,0,0
C14426,2025,1,January,1,0,1,0
C14426,2025,2,February,2,1,0,0
C14426,2025,4,April,3,2,0,1
C14426,2025,12,December,4,3,0,1
C14427,2025,2,February,1,1,1,0
C14428,2024,12,December,1,1,1,0
C14428,2025,12,December,2,1,0,0
C14429,2024,7,July,1,1,1,0
C14429,2024,10,October,2,2,0,1
C14429,2024,12,December,3,3,0,1
C14429,2025,5,May,4,3,0,1
C14430,2024,9,September,1,1,1,0
C14430,2025,1,January,2,3,0,1
C14430,2025,8,August,4,3,0,1
C14431,2024,7,July,1,2,0,1
C14431,2024,8,August,3,3,0,1
C14431,2024,11,November,4,4,0,1
C14431,2025,2,February,5,5,0,1
C14431,2025,11,November,6,6,0,1
C14431,2025,12,December,7,7,0,1
C14432,2024,7,July,1,1,1,0
C14432,2024,10,October,2,2,0,1
C14432,2025,11,November,3,3,0,1
C14433,2024,7,July,1,1,1,0
C14433,2024,9,September,2,1,0,0
C14433,2024,12,December,3,2,0,1
C14433,2025,3,March,4,3,0,1
C14433,2025,10,October,6,4,0,1
C14434,2024,10,October,1,1,1,0
C14434,2024,11,November,2,2,0,1
C14435,2025,1,January,1,1,1,0
C14437,2024,12,December,1,1,1,0
C14437,2025,1,January,2,2,0,1
C14437,2025,2,February,3,3,0,1
C14437,2025,3,March,4,4,0,1
C14437,2025,4,April,5,5,0,1
C14437,2025,6,June,6,6,0,1
C14437,2025,7,July,7,7,0,1
C14437,2025,12,December,8,8,0,1
C14438,2024,10,October,1,1,1,0
C14438,2025,5,May,2,3,0,1
C14438,2025,10,October,4,4,0,1
C14439,2024,7,July,1,1,1,0
C14439,2024,11,November,2,2,0,1
C14439,2025,2,February,3,3,0,1
C14439,2025,8,August,4,3,0,1
C14439,2025,10,October,5,4,0,1
C14439,2025,12,December,6,5,0,1
C14440,2024,8,August,1,0,1,0
C14440,2025,3,March,2,1,0,0
C14441,2024,9,September,1,1,1,0
C14441,2025,3,March,2,3,0,1
C14441,2025,7,July,4,3,0,1
C14441,2025,10,October,5,4,0,1
C14442,2024,7,July,1,1,1,0
C14443,2025,6,June,1,0,1,0
C14443,2025,9,September,2,1,0,0
C14444,2024,11,November,1,1,1,0
C14444,2025,2,February,2,2,0,1
C14444,2025,6,June,3,3,0,1
C14445,2025,2,February,1,1,1,0
C14445,2025,3,March,2,2,0,1
C14445,2025,4,April,3,3,0,1
C14445,2025,10,October,4,4,0,1
C14446,2024,7,July,1,0,1,0
C14446,2024,8,August,2,0,0,0
C14446,2024,10,October,3,1,0,0
C14446,2025,2,February,4,2,0,1
C14446,2025,3,March,5,3,0,1
C14446,2025,4,April,6,3,0,1
C14446,2025,5,May,7,4,0,1
C14446,2025,7,July,9,5,0,1
C14447,2024,7,July,1,0,1,0
C14447,2024,8,August,2,1,0,0
C14447,2024,12,December,4,1,0,0
C14447,2025,8,August,5,2,0,1
C14447,2025,10,October,6,2,0,1
C14447,2025,11,November,7,3,0,1
C14447,2025,12,December,8,5,0,1
C14448,2024,10,October,1,1,1,0
C14448,2025,10,October,2,2,0,1
C14449,2024,7,July,1,1,1,0
C14449,2024,11,November,2,1,0,0
C14449,2025,11,November,3,2,0,1
C14450,2024,9,September,1,1,1,0
C14450,2024,10,October,2,2,0,1
C14450,2025,2,February,3,3,0,1
C14450,2025,7,July,4,4,0,1
C14450,2025,10,October,5,4,0,1
C14451,2024,8,August,1,1,1,0
C14451,2025,5,May,2,2,0,1
C14452,2024,7,July,1,1,1,0
C14452,2024,8,August,3,2,0,1
C14452,2025,1,January,4,3,0,1
C14452,2025,6,June,5,4,0,1
C14452,2025,8,August,6,5,0,1
C14452,2025,10,October,7,6,0,1
C14453,2024,11,November,1,1,1,0
C14453,2025,8,August,2,2,0,1
C14454,2025,3,March,1,1,1,0
C14454,2025,5,May,2,1,0,0
C14454,2025,8,August,3,2,0,1
C14454,2025,9,September,4,4,0,1
C14454,2025,12,December,6,4,0,1
C14455,2025,2,February,1,1,1,0
C14455,2025,4,April,2,2,0,1
C14455,2025,9,September,3,3,0,1
C14455,2025,10,October,4,4,0,1
C14455,2025,11,November,5,4,0,1
C14456,2025,6,June,1,1,1,0
C14456,2025,10,October,2,2,0,1
C14458,2024,7,July,1,1,1,0
C14458,2024,11,November,2,2,0,1
C14458,2025,2,February,3,3,0,1
C14459,2024,7,July,1,0,1,0
C14459,2025,2,February,2,0,0,0
C14460,2024,7,July,1,1,1,0
C14460,2024,8,August,2,2,0,1
C14460,2024,12,December,3,2,0,1
C14460,2025,4,April,4,3,0,1
C14460,2025,8,August,6,5,0,1
C14460,2025,12,December,8,6,0,1
C14463,2024,12,December,1,0,1,0
C14464,2025,3,March,1,1,1,0
C14465,2025,1,January,1,1,1,0
C14465,2025,5,May,2,3,0,1
C14465,2025,10,October,4,4,0,1
C14466,2024,7,July,1,1,1,0
C14466,2024,9,September,2,2,0,1
C14466,2025,9,September,3,2,0,1
C14466,2025,10,October,4,2,0,1
C14467,2024,10,October,1,3,0,1
C14468,2024,7,July,1,1,1,0
C14468,2024,8,August,2,3,0,1
C14468,2024,9,September,4,4,0,1
C14468,2024,11,November,5,6,0,1
C14468,2024,12,December,7,6,0,1
C14468,2025,6,June,8,7,0,1
C14468,2025,7,July,9,7,0,1
C14468,2025,8,August,10,8,0,1
C14468,2025,10,October,11,9,0,1
C14468,2025,11,November,12,10,0,1
C14469,2025,6,June,1,1,1,0
C14469,2025,8,August,2,2,0,1
C14470,2024,9,September,1,0,1,0
C14470,2024,10,October,2,1,0,0
C14470,2025,11,November,3,2,0,1
C14471,2024,12,December,1,0,1,0
C14471,2025,6,June,2,1,0,0
C14471,2025,9,September,3,1,0,0
C14472,2024,7,July,1,1,1,0
C14472,2024,8,August,2,1,0,0
C14472,2024,9,September,3,3,0,1
C14472,2025,8,August,5,4,0,1
C14472,2025,12,December,6,6,0,1
C14473,2024,7,July,1,1,1,0
C14473,2024,11,November,2,2,0,1
C14473,2025,1,January,3,3,0,1
C14473,2025,10,October,4,5,0,1
C14473,2025,12,December,6,7,0,1
C14474,2024,9,September,1,1,1,0
C14474,2025,5,May,2,2,0,1
C14474,2025,6,June,3,3,0,1
C14474,2025,7,July,4,4,0,1
C14474,2025,9,September,5,5,0,1
C14474,2025,10,October,6,6,0,1
C14475,2025,11,November,1,1,1,0
C14476,2024,8,August,1,1,1,0
C14476,2025,5,May,2,2,0,1
C14476,2025,7,July,3,3,0,1
C14476,2025,11,November,4,4,0,1
C14477,2025,3,March,1,1,1,0
C14477,2025,6,June,2,2,0,1
C14477,2025,7,July,3,3,0,1
C14477,2025,11,November,4,4,0,1
C14477,2025,12,December,5,5,0,1
C14478,2024,10,October,1,2,0,1
C14478,2024,11,November,3,2,0,1
C14478,2025,5,May,4,3,0,1
C14478,2025,8,August,5,4,0,1
C14479,2024,12,December,1,1,1,0
C14479,2025,4,April,2,1,0,0
C14479,2025,5,May,3,2,0,1
C14480,2024,10,October,1,1,1,0
C14480,2025,4,April,2,2,0,1
C14480,2025,9,September,3,5,0,1
C14480,2025,12,December,6,6,0,1
C14481,2024,7,July,1,1,1,0
C14481,2024,10,October,2,2,0,1
C14481,2025,3,March,3,3,0,1
C14481,2025,11,November,4,4,0,1
C14481,2025,12,December,5,5,0,1
C14482,2024,12,December,1,1,1,0
C14482,2025,4,April,2,2,0,1
C14482,2025,5,May,3,3,0,1
C14482,2025,6,June,4,4,0,1
C14482,2025,10,October,5,5,0,1
C14482,2025,11,November,6,6,0,1
C14483,2024,11,November,1,1,1,0
C14483,2024,12,December,2,1,0,0
C14483,2025,12,December,3,1,0,0
C14484,2024,8,August,1,1,1,0
C14484,2025,3,March,2,2,0,1
C14484,2025,5,May,3,3,0,1
C14484,2025,7,July,4,4,0,1
C14485,2024,12,December,1,0,1,0
C14485,2025,5,May,2,1,0,0
C14485,2025,6,June,3,2,0,1
C14486,2024,8,August,1,0,1,0
C14486,2024,10,October,2,1,0,0
C14486,2025,3,March,3,2,0,1
C14486,2025,7,July,4,4,0,1
C14487,2024,10,October,1,1,1,0
C14488,2024,7,July,1,1,1,0
C14488,2024,8,August,2,2,0,1
C14488,2024,9,September,3,3,0,1
C14488,2024,12,December,5,4,0,1
C14488,2025,6,June,6,5,0,1
C14488,2025,7,July,7,6,0,1
C14488,2025,8,August,8,8,0,1
C14488,2025,9,September,11,9,0,1
C14488,2025,11,November,12,10,0,1
C14488,2025,12,December,13,10,0,1
C14489,2024,9,September,1,1,1,0
C14489,2024,10,October,2,2,0,1
C14489,2025,2,February,3,3,0,1
C14489,2025,4,April,4,4,0,1
C14489,2025,8,August,5,5,0,1
C14489,2025,11,November,6,5,0,1
C14490,2025,9,September,1,1,1,0
C14491,2024,8,August,1,1,1,0
C14491,2025,4,April,2,2,0,1
C14491,2025,6,June,3,3,0,1
C14491,2025,8,August,4,4,0,1
C14491,2025,10,October,5,5,0,1
C14491,2025,11,November,6,6,0,1
C14492,2024,10,October,1,1,1,0
C14492,2025,11,November,2,2,0,1
C14492,2025,12,December,3,3,0,1
C14493,2024,11,November,1,1,1,0
C14493,2025,4,April,2,2,0,1
C14494,2024,7,July,1,1,1,0
C14494,2024,8,August,2,2,0,1
C14494,2024,9,September,3,4,0,1
C14494,2024,10,October,5,6,0,1
C14494,2025,3,March,7,7,0,1
C14494,2025,4,April,9,7,0,1
C14494,2025,8,August,10,8,0,1
C14494,2025,11,November,11,9,0,1
C14495,2024,9,September,1,2,0,1
C14495,2025,4,April,3,3,0,1
C14495,2025,6,June,4,4,0,1
C14495,2025,8,August,5,5,0,1
C14495,2025,11,November,6,6,0,1
C14495,2025,12,December,7,7,0,1
C14496,2024,9,September,1,1,1,0
C14496,2025,4,April,2,2,0,1
C14496,2025,6,June,3,4,0,1
C14497,2024,7,July,1,1,1,0
C14497,2024,10,October,2,1,0,0
C14497,2024,11,November,3,2,0,1
C14497,2025,6,June,4,4,0,1
C14498,2024,7,July,1,1,1,0
C14498,2024,8,August,2,2,0,1
C14498,2024,9,September,3,3,0,1
C14498,2025,3,March,4,4,0,1
C14499,2024,7,July,1,2,0,1
C14499,2025,5,May,3,3,0,1
C14499,2025,7,July,4,4,0,1
C14499,2025,9,September,5,5,0,1
C14500,2024,7,July,1,1,1,0
C14500,2024,9,September,2,2,0,1
C14500,2024,10,October,3,3,0,1
C14500,2025,3,March,4,4,0,1
C14500,2025,4,April,5,6,0,1
C14500,2025,6,June,7,7,0,1
C14500,2025,7,July,8,9,0,1
C14500,2025,9,September,10,10,0,1
C14500,2025,12,December,11,11,0,1
C14501,2025,9,September,1,1,1,0
C14502,2024,10,October,1,1,1,0
C14502,2025,2,February,2,2,0,1
C14502,2025,3,March,3,3,0,1
C14502,2025,6,June,4,4,0,1
C14502,2025,8,August,5,4,0,1
C14502,2025,10,October,6,5,0,1
C14503,2024,7,July,1,1,1,0
C14503,2024,8,August,2,2,0,1
C14503,2024,12,December,4,3,0,1
C14503,2025,1,January,5,3,0,1
C14503,2025,2,February,6,3,0,1
C14503,2025,6,June,7,4,0,1
C14504,2024,9,September,1,0,1,0
C14504,2024,12,December,2,1,0,0
C14504,2025,5,May,3,2,0,1
C14504,2025,6,June,4,3,0,1
C14505,2024,8,August,1,1,1,0
C14505,2025,6,June,2,2,0,1
C14505,2025,7,July,3,3,0,1
C14505,2025,10,October,4,4,0,1
C14506,2024,9,September,1,1,1,0
C14506,2025,1,January,2,2,0,1
C14506,2025,3,March,3,4,0,1
C14506,2025,4,April,5,5,0,1
C14506,2025,8,August,6,6,0,1
C14506,2025,9,September,7,7,0,1
C14507,2025,9,September,1,1,1,0
C14507,2025,12,December,2,2,0,1
C14508,2024,8,August,1,0,1,0
C14508,2025,10,October,2,1,0,0
C14509,2025,3,March,1,1,1,0
C14510,2024,8,August,1,1,1,0
C14510,2025,4,April,2,2,0,1
C14510,2025,7,July,3,3,0,1
C14510,2025,9,September,4,4,0,1
C14511,2024,9,September,1,2,0,1
C14511,2024,10,October,3,3,0,1
C14511,2025,11,November,4,4,0,1
C14511,2025,12,December,5,5,0,1
C14512,2025,1,January,1,1,1,0
C14512,2025,6,June,2,2,0,1
C14512,2025,12,December,3,3,0,1
C14514,2024,8,August,1,0,1,0
C14514,2024,12,December,2,1,0,0
C14514,2025,1,January,4,2,0,1
C14515,2024,10,October,1,1,1,0
C14515,2024,12,December,2,2,0,1
C14515,2025,5,May,3,3,0,1
C14515,2025,12,December,4,4,0,1
C14516,2024,9,September,1,1,1,0
C14516,2025,3,March,2,2,0,1
C14516,2025,7,July,3,3,0,1
C14516,2025,10,October,4,3,0,1
C14517,2024,8,August,1,1,1,0
C14517,2025,3,March,2,2,0,1
C14517,2025,7,July,3,3,0,1
C14518,2024,7,July,1,2,0,1
C14518,2024,8,August,3,3,0,1
C14518,2024,12,December,4,3,0,1
C14518,2025,1,January,5,4,0,1
C14518,2025,2,February,7,5,0,1
C14518,2025,3,March,8,5,0,1
C14518,2025,8,August,9,6,0,1
C14518,2025,11,November,10,8,0,1
C14519,2024,9,September,1,1,1,0
C14519,2025,5,May,2,2,0,1
C14519,2025,8,August,3,3,0,1
C14520,2024,7,July,1,1,1,0
C14520,2024,8,August,2,2,0,1
C14520,2024,10,October,3,3,0,1
C14520,2024,11,November,4,4,0,1
C14520,2024,12,December,5,6,0,1
C14520,2025,2,February,7,7,0,1
C14520,2025,4,April,8,10,0,1
C14520,2025,5,May,11,10,0,1
C14520,2025,6,June,12,10,0,1
C14520,2025,7,July,13,11,0,1
C14520,2025,9,September,15,12,0,1
C14520,2025,10,October,16,13,0,1
C14520,2025,11,November,17,14,0,1
C14521,2024,12,December,1,1,1,0
C14521,2025,4,April,2,3,0,1
C14521,2025,5,May,4,4,0,1
C14521,2025,7,July,5,6,0,1
C14521,2025,10,October,7,6,0,1
C14522,2024,7,July,1,1,1,0
C14522,2024,11,November,2,1,0,0
C14522,2025,9,September,3,2,0,1
C14522,2025,12,December,4,2,0,1
C14523,2024,8,August,1,1,1,0
C14523,2025,4,April,2,2,0,1
C14523,2025,5,May,3,3,0,1
C14523,2025,8,August,5,4,0,1
C14523,2025,9,September,6,5,0,1
C14523,2025,11,November,7,5,0,1
C14524,2025,1,January,1,2,0,1
C14524,2025,6,June,4,3,0,1
C14524,2025,8,August,5,4,0,1
C14524,2025,12,December,6,5,0,1
C14525,2024,7,July,1,1,1,0
C14525,2024,10,October,2,2,0,1
C14525,2024,11,November,3,3,0,1
C14525,2025,3,March,4,4,0,1
C14525,2025,6,June,5,4,0,1
C14525,2025,7,July,6,4,0,1
C14525,2025,9,September,7,5,0,1
C14525,2025,11,November,8,6,0,1
C14526,2025,1,January,1,1,1,0
C14526,2025,12,December,2,2,0,1
C14527,2024,10,October,1,2,0,1
C14527,2025,3,March,3,3,0,1
C14527,2025,4,April,4,4,0,1
C14527,2025,6,June,5,5,0,1
C14527,2025,7,July,6,7,0,1
C14527,2025,8,August,8,8,0,1
C14527,2025,9,September,9,9,0,1
C14527,2025,12,December,10,10,0,1
C14528,2025,6,June,1,0,1,0
C14528,2025,8,August,2,1,0,0
C14528,2025,9,September,3,2,0,1
C14528,2025,11,November,4,2,0,1
C14528,2025,12,December,5,3,0,1
C14529,2024,12,December,1,1,1,0
C14529,2025,2,February,2,2,0,1
C14530,2024,8,August,1,1,1,0
C14530,2025,5,May,2,2,0,1
C14530,2025,8,August,3,3,0,1
C14530,2025,9,September,4,4,0,1
C14530,2025,10,October,5,5,0,1
C14531,2024,7,July,1,1,1,0
C14531,2025,1,January,2,2,0,1
C14531,2025,7,July,3,2,0,1
C14531,2025,9,September,5,3,0,1
C14531,2025,11,November,6,4,0,1
C14531,2025,12,December,7,5,0,1
C14532,2024,11,November,1,1,1,0
C14532,2024,12,December,2,1,0,0
C14532,2025,1,January,3,1,0,0
C14532,2025,8,August,4,2,0,1
C14532,2025,10,October,5,3,0,1
C14532,2025,11,November,6,3,0,1
C14533,2024,7,July,1,1,1,0
C14533,2024,8,August,2,1,0,0
C14533,2024,9,September,3,3,0,1
C14533,2025,5,May,6,4,0,1
C14533,2025,8,August,7,6,0,1
C14533,2025,10,October,9,7,0,1
C14533,2025,12,December,10,7,0,1
C14534,2024,8,August,1,0,1,0
C14534,2025,4,April,2,1,0,0
C14534,2025,10,October,3,1,0,0
C14535,2024,10,October,1,1,1,0
C14535,2025,12,December,2,2,0,1
C14536,2024,10,October,1,1,1,0
C14537,2024,8,August,1,1,1,0
C14537,2025,6,June,2,2,0,1
C14538,2025,3,March,1,1,1,0
C14538,2025,5,May,2,1,0,0
C14538,2025,6,June,3,2,0,1
C14539,2024,9,September,1,1,1,0
C14539,2024,10,October,2,3,0,1
C14539,2024,12,December,4,3,0,1
C14539,2025,1,January,5,3,0,1
C14539,2025,10,October,6,4,0,1
C14540,2024,9,September,1,1,1,0
C14540,2025,5,May,2,2,0,1
C14540,2025,10,October,3,3,0,1
C14541,2025,4,April,1,1,1,0
C14541,2025,10,October,2,2,0,1
C14542,2025,1,January,1,1,1,0
C14543,2025,1,January,1,1,1,0
C14543,2025,5,May,2,2,0,1
C14543,2025,7,July,3,3,0,1
C14543,2025,8,August,4,4,0,1
C14543,2025,12,December,5,4,0,1
C14544,2024,7,July,1,1,1,0
C14544,2024,9,September,2,2,0,1
C14544,2024,12,December,3,3,0,1
C14545,2025,7,July,1,1,1,0
C14545,2025,9,September,2,3,0,1
C14546,2024,12,December,1,1,1,0
C14546,2025,3,March,2,2,0,1
C14546,2025,4,April,3,2,0,1
C14546,2025,8,August,4,3,0,1
C14546,2025,10,October,5,3,0,1
C14547,2024,12,December,1,0,1,0
C14547,2025,6,June,2,1,0,0
C14547,2025,8,August,3,2,0,1
C14547,2025,12,December,4,4,0,1
C14548,2024,9,September,1,1,1,0
C14550,2025,4,April,1,1,1,0
C14550,2025,10,October,2,3,0,1
C14550,2025,12,December,4,4,0,1
C14551,2025,1,January,1,1,1,0
C14551,2025,2,February,2,2,0,1
C14551,2025,6,June,3,3,0,1
C14551,2025,8,August,4,4,0,1
C14551,2025,9,September,5,4,0,1
C14551,2025,10,October,6,5,0,1
C14552,2024,8,August,1,1,1,0
C14552,2024,9,September,2,3,0,1
C14552,2025,1,January,4,3,0,1
C14552,2025,12,December,5,4,0,1
C14553,2024,8,August,1,1,1,0
C14553,2025,7,July,2,2,0,1
C14554,2024,8,August,1,1,1,0
C14554,2025,6,June,2,2,0,1
C14554,2025,11,November,3,3,0,1
C14555,2024,7,July,1,2,0,1
C14555,2024,9,September,3,2,0,1
C14555,2024,10,October,4,3,0,1
C14555,2024,12,December,5,3,0,1
C14555,2025,3,March,7,5,0,1
C14555,2025,9,September,10,6,0,1
C14556,2025,4,April,1,1,1,0
C14556,2025,6,June,2,2,0,1
C14556,2025,8,August,3,2,0,1
C14557,2025,10,October,1,1,1,0
C14557,2025,12,December,2,2,0,1
C14558,2025,6,June,1,2,0,1
C14559,2024,7,July,1,1,1,0
C14559,2024,8,August,2,3,0,1
C14559,2024,12,December,4,4,0,1
C14559,2025,2,February,5,5,0,1
C14559,2025,5,May,6,6,0,1
C14559,2025,7,July,7,7,0,1
C14559,2025,8,August,8,9,0,1
C14559,2025,9,September,10,10,0,1
C14559,2025,11,November,11,10,0,1
C14560,2025,8,August,1,1,1,0
C14560,2025,10,October,2,2,0,1
C14560,2025,11,November,3,3,0,1
C14560,2025,12,December,4,3,0,1
C14561,2024,10,October,1,1,1,0
C14561,2025,2,February,2,2,0,1
C14562,2025,6,June,1,0,1,0
C14563,2024,10,October,1,1,1,0
C14563,2024,12,December,2,2,0,1
C14563,2025,2,February,3,3,0,1
C14563,2025,3,March,4,3,0,1
C14563,2025,8,August,5,4,0,1
C14563,2025,11,November,6,5,0,1
C14564,2024,7,July,1,1,1,0
C14564,2024,8,August,2,3,0,1
C14564,2024,9,September,4,4,0,1
C14564,2025,10,October,5,6,0,1
C14566,2024,8,August,1,2,0,1
C14566,2024,12,December,3,3,0,1
C14566,2025,2,February,4,3,0,1
C14566,2025,3,March,6,5,0,1
C14566,2025,6,June,9,6,0,1
C14566,2025,7,July,10,7,0,1
C14566,2025,9,September,11,8,0,1
C14567,2025,6,June,1,1,1,0
C14567,2025,10,October,2,2,0,1
C14568,2024,7,July,1,0,1,0
C14569,2024,12,December,1,1,1,0
C14569,2025,1,January,2,2,0,1
C14569,2025,2,February,3,3,0,1
C14569,2025,4,April,4,4,0,1
C14569,2025,6,June,5,4,0,1
C14569,2025,12,December,6,5,0,1
C14570,2024,9,September,1,1,1,0
C14570,2025,1,January,2,2,0,1
C14570,2025,3,March,3,4,0,1
C14571,2024,7,July,1,1,1,0
C14571,2024,12,December,2,1,0,0
C14571,2025,4,April,3,3,0,1
C14571,2025,6,June,5,4,0,1
C14571,2025,9,September,6,4,0,1
C14572,2024,10,October,1,2,0,1
C14572,2024,12,December,3,2,0,1
C14572,2025,9,September,4,3,0,1
C14573,2024,9,September,1,1,1,0
C14573,2025,2,February,3,2,0,1
C14573,2025,4,April,4,3,0,1
C14573,2025,9,September,5,4,0,1
C14573,2025,12,December,6,4,0,1
C14574,2024,7,July,1,1,1,0
C14574,2024,8,August,2,1,0,0
C14574,2025,3,March,3,3,0,1
C14574,2025,4,April,5,4,0,1
C14574,2025,6,June,6,5,0,1
C14574,2025,7,July,7,6,0,1
C14574,2025,8,August,8,7,0,1
C14574,2025,12,December,9,8,0,1
C14575,2025,1,January,1,2,0,1
C14575,2025,2,February,3,3,0,1
C14575,2025,5,May,4,4,0,1
C14576,2024,8,August,1,1,1,0
C14577,2025,10,October,1,1,1,0
C14578,2024,11,November,1,1,1,0
C14578,2025,3,March,2,4,0,1
C14578,2025,4,April,5,5,0,1
C14578,2025,6,June,6,6,0,1
C14578,2025,8,August,7,7,0,1
C14578,2025,9,September,8,9,0,1
C14578,2025,12,December,10,10,0,1
C14579,2024,11,November,1,1,1,0
C14579,2024,12,December,2,2,0,1
C14579,2025,4,April,3,4,0,1
C14580,2024,7,July,1,1,1,0
C14580,2024,9,September,2,3,0,1
C14580,2024,11,November,4,4,0,1
C14580,2024,12,December,5,5,0,1
C14580,2025,3,March,6,5,0,1
C14581,2024,9,September,1,1,1,0
C14581,2024,12,December,2,1,0,0
C14581,2025,5,May,3,2,0,1
C14581,2025,6,June,4,3,0,1
C14581,2025,10,October,5,4,0,1
C14582,2024,7,July,1,1,1,0
C14582,2024,8,August,2,2,0,1
C14582,2025,8,August,3,3,0,1
C14583,2025,4,April,1,1,1,0
C14583,2025,7,July,2,2,0,1
C14583,2025,11,November,3,3,0,1
C14584,2025,12,December,1,1,1,0
C14585,2024,7,July,1,1,1,0
C14585,2024,9,September,2,2,0,1
C14585,2025,2,February,3,5,0,1
C14585,2025,3,March,6,5,0,1
C14585,2025,4,April,7,6,0,1
C14585,2025,8,August,8,8,0,1
C14586,2024,7,July,1,2,0,1
C14586,2024,11,November,4,2,0,1
C14586,2025,3,March,5,3,0,1
C14586,2025,7,July,6,4,0,1
C14586,2025,8,August,7,5,0,1
C14586,2025,9,September,8,6,0,1
C14586,2025,10,October,10,7,0,1
C14586,2025,12,December,11,8,0,1
C14587,2024,7,July,1,1,1,0
C14587,2024,11,November,2,2,0,1
C14587,2024,12,December,3,3,0,1
C14587,2025,4,April,4,4,0,1
C14587,2025,11,November,5,6,0,1
C14588,2025,3,March,1,1,1,0
C14588,2025,4,April,2,2,0,1
C14588,2025,11,November,3,2,0,1
C14589,2024,8,August,1,1,1,0
C14589,2024,12,December,2,2,0,1
C14589,2025,7,July,3,3,0,1
C14589,2025,10,October,4,4,0,1
C14590,2025,1,January,1,1,1,0
C14590,2025,8,August,2,2,0,1
C14591,2024,10,October,1,1,1,0
C14591,2024,12,December,2,2,0,1
C14591,2025,3,March,3,3,0,1
C14591,2025,5,May,4,4,0,1
C14591,2025,6,June,5,5,0,1
C14591,2025,11,November,6,6,0,1
C14592,2024,12,December,1,0,1,0
C14592,2025,2,February,2,1,0,0
C14592,2025,7,July,3,2,0,1
C14593,2024,8,August,1,1,1,0
C14593,2025,2,February,2,2,0,1
C14593,2025,3,March,3,4,0,1
C14593,2025,8,August,5,5,0,1
C14594,2024,7,July,1,1,1,0
C14594,2024,9,September,2,2,0,1
C14594,2024,10,October,3,3,0,1
C14594,2025,1,January,4,4,0,1
C14594,2025,8,August,5,5,0,1
C14594,2025,10,October,6,6,0,1
C14595,2024,7,July,1,1,1,0
C14595,2024,11,November,2,2,0,1
C14595,2024,12,December,3,4,0,1
C14595,2025,1,January,5,5,0,1
C14595,2025,6,June,6,6,0,1
C14595,2025,7,July,7,7,0,1
C14595,2025,10,October,8,8,0,1
C14596,2024,9,September,1,0,1,0
C14596,2025,4,April,2,1,0,0
C14596,2025,5,May,3,2,0,1
C14597,2025,2,February,1,1,1,0
C14597,2025,3,March,2,3,0,1
C14597,2025,7,July,4,4,0,1
C14597,2025,8,August,5,5,0,1
C14597,2025,11,November,6,6,0,1
C14598,2024,8,August,1,1,1,0
C14598,2024,12,December,2,2,0,1
C14598,2025,2,February,3,3,0,1
C14598,2025,6,June,4,4,0,1
C14598,2025,7,July,5,4,0,1
C14598,2025,8,August,6,5,0,1
C14598,2025,12,December,7,6,0,1
C14599,2024,10,October,1,1,1,0
C14599,2025,9,September,2,2,0,1
C14599,2025,11,November,3,2,0,1
C14599,2025,12,December,4,3,0,1
C14600,2024,10,October,1,1,1,0
C14600,2024,11,November,2,1,0,0
C14600,2024,12,December,3,4,0,1
C14600,2025,3,March,6,4,0,1
C14600,2025,5,May,7,5,0,1
C14600,2025,6,June,8,5,0,1
C14600,2025,7,July,9,6,0,1
C14601,2024,10,October,1,0,1,0
C14601,2025,3,March,2,1,0,0
C14602,2025,4,April,1,1,1,0
C14602,2025,6,June,2,1,0,0
C14602,2025,12,December,3,2,0,1
C14603,2025,10,October,1,1,1,0
C14603,2025,12,December,2,2,0,1
C14604,2024,9,September,1,1,1,0
C14604,2025,10,October,2,1,0,0
C14604,2025,11,November,3,2,0,1
C14606,2025,1,January,1,1,1,0
C14606,2025,10,October,2,2,0,1
C14606,2025,12,December,3,2,0,1
C14607,2025,1,January,1,0,1,0
C14608,2024,7,July,1,1,1,0
C14608,2024,8,August,2,1,0,0
C14608,2024,9,September,3,2,0,1
C14608,2024,11,November,4,4,0,1
C14608,2025,2,February,6,4,0,1
C14608,2025,3,March,7,5,0,1
C14608,2025,7,July,8,7,0,1
C14608,2025,9,September,11,8,0,1
C14609,2024,7,July,1,0,1,0
C14609,2024,9,September,2,1,0,0
C14609,2024,10,October,3,2,0,1
C14609,2025,6,June,4,3,0,1
C14609,2025,7,July,5,4,0,1
C14609,2025,11,November,6,4,0,1
C14610,2025,1,January,1,0,1,0
C14611,2024,10,October,1,1,1,0
C14611,2025,1,January,2,2,0,1
C14611,2025,3,March,3,3,0,1
C14611,2025,6,June,4,4,0,1
C14612,2025,1,January,1,1,1,0
C14612,2025,3,March,2,2,0,1
C14612,2025,5,May,3,3,0,1
C14612,2025,9,September,5,4,0,1
C14612,2025,10,October,6,5,0,1
C14612,2025,11,November,7,5,0,1
C14614,2025,5,May,1,1,1,0
C14614,2025,10,October,2,2,0,1
C14615,2024,10,October,1,1,1,0
C14615,2025,4,April,2,2,0,1
C14615,2025,9,September,3,2,0,1
C14615,2025,10,October,4,3,0,1
C14616,2024,9,September,1,1,1,0
C14616,2024,10,October,2,2,0,1
C14617,2024,7,July,1,1,1,0
C14617,2024,10,October,2,1,0,0
C14617,2025,12,December,3,1,0,0
C14618,2024,8,August,1,1,1,0
C14618,2024,11,November,2,1,0,0
C14618,2025,2,February,3,2,0,1
C14618,2025,5,May,4,3,0,1
C14618,2025,9,September,5,4,0,1
C14618,2025,10,October,6,5,0,1
C14618,2025,11,November,7,6,0,1
C14618,2025,12,December,8,7,0,1
C14619,2024,10,October,1,1,1,0
C14620,2025,9,September,1,2,0,1
C14621,2024,9,September,1,1,1,0
C14621,2025,6,June,2,2,0,1
C14621,2025,7,July,3,3,0,1
C14621,2025,9,September,4,5,0,1
C14622,2024,10,October,1,0,1,0
C14623,2025,10,October,1,1,1,0
C14624,2024,7,July,1,1,1,0
C14624,2024,9,September,2,1,0,0
C14624,2024,10,October,3,2,0,1
C14624,2024,11,November,4,3,0,1
C14624,2024,12,December,5,4,0,1
C14624,2025,1,January,6,5,0,1
C14624,2025,2,February,7,5,0,1
C14624,2025,5,May,8,7,0,1
C14624,2025,6,June,10,8,0,1
C14624,2025,10,October,11,9,0,1
C14625,2024,7,July,1,1,1,0
C14625,2024,8,August,2,3,0,1
C14625,2024,9,September,4,6,0,1
C14625,2024,10,October,7,7,0,1
C14625,2025,7,July,8,9,0,1
C14625,2025,8,August,10,11,0,1
C14625,2025,9,September,12,12,0,1
C14626,2024,7,July,1,0,1,0
C14626,2025,3,March,2,0,0,0
C14627,2024,7,July,1,1,1,0
C14627,2024,10,October,2,2,0,1
C14627,2024,11,November,3,3,0,1
C14627,2024,12,December,4,4,0,1
C14627,2025,2,February,5,5,0,1
C14627,2025,6,June,6,6,0,1
C14627,2025,9,September,7,9,0,1
C14627,2025,10,October,10,10,0,1
C14628,2025,4,April,1,1,1,0
C14629,2024,11,November,1,1,1,0
C14629,2025,5,May,2,2,0,1
C14629,2025,6,June,3,3,0,1
C14629,2025,8,August,4,4,0,1
C14630,2024,8,August,1,1,1,0
C14630,2025,8,August,2,2,0,1
C14631,2024,7,July,1,1,1,0
C14631,2025,6,June,2,1,0,0
C14631,2025,7,July,3,2,0,1
C14632,2025,9,September,1,1,1,0
C14633,2024,9,September,1,0,1,0
C14633,2024,10,October,2,1,0,0
C14633,2024,12,December,3,4,0,1
C14633,2025,1,January,6,6,0,1
C14633,2025,2,February,8,7,0,1
C14633,2025,5,May,9,8,0,1
C14633,2025,12,December,10,9,0,1
C14636,2024,11,November,1,1,1,0
C14636,2024,12,December,2,2,0,1
C14636,2025,2,February,3,3,0,1
C14636,2025,9,September,4,3,0,1
C14636,2025,12,December,5,4,0,1
C14637,2025,9,September,1,1,1,0
C14638,2024,9,September,1,1,1,0
C14638,2024,11,November,2,2,0,1
C14638,2025,5,May,3,3,0,1
C14639,2024,7,July,1,0,1,0
C14639,2024,11,November,2,3,0,1
C14639,2025,2,February,5,4,0,1
C14639,2025,8,August,6,5,0,1
C14639,2025,12,December,7,6,0,1
C14640,2024,8,August,1,1,1,0
C14640,2025,7,July,2,2,0,1
C14640,2025,10,October,3,3,0,1
C14641,2024,7,July,1,1,1,0
C14641,2024,11,November,3,2,0,1
C14641,2024,12,December,4,2,0,1
C14641,2025,2,February,5,3,0,1
C14641,2025,5,May,6,4,0,1
C14642,2024,9,September,1,1,1,0
C14642,2025,11,November,2,2,0,1
C14643,2024,8,August,1,1,1,0
C14643,2025,2,February,2,2,0,1
C14644,2024,9,September,1,1,1,0
C14644,2024,10,October,2,2,0,1
C14644,2025,9,September,3,4,0,1
C14645,2024,10,October,1,1,1,0
C14645,2025,2,February,2,2,0,1
C14645,2025,4,April,3,3,0,1
C14646,2025,5,May,1,1,1,0
C14646,2025,9,September,2,2,0,1
C14647,2024,7,July,1,1,1,0
C14647,2024,10,October,2,2,0,1
C14647,2025,11,November,3,4,0,1
C14648,2024,10,October,1,0,1,0
C14648,2025,2,February,2,1,0,0
C14648,2025,3,March,3,2,0,1
C14649,2024,11,November,1,2,0,1
C14649,2024,12,December,3,3,0,1
C14649,2025,5,May,4,4,0,1
C14650,2025,1,January,1,0,1,0
C14650,2025,8,August,2,1,0,0
C14651,2025,5,May,1,0,1,0
C14651,2025,10,October,3,2,0,1
C14652,2024,12,December,1,1,1,0
C14652,2025,7,July,2,2,0,1
C14653,2024,9,September,1,1,1,0
C14653,2024,11,November,2,2,0,1
C14653,2025,3,March,3,3,0,1
C14653,2025,7,July,4,4,0,1
C14654,2025,3,March,1,1,1,0
C14654,2025,8,August,2,2,0,1
C14654,2025,9,September,3,3,0,1
C14655,2024,7,July,1,1,1,0
C14655,2025,3,March,2,2,0,1
C14655,2025,6,June,3,2,0,1
C14655,2025,10,October,4,3,0,1
C14655,2025,11,November,5,4,0,1
C14656,2024,10,October,1,0,1,0
C14657,2024,8,August,1,1,1,0
C14657,2025,3,March,2,3,0,1
C14658,2024,8,August,1,0,1,0
C14658,2025,9,September,2,1,0,0
C14658,2025,10,October,3,3,0,1
C14659,2024,7,July,1,1,1,0
C14659,2024,8,August,2,2,0,1
C14659,2024,11,November,3,2,0,1
C14659,2024,12,December,4,3,0,1
C14660,2025,2,February,1,1,1,0
C14660,2025,10,October,2,2,0,1
C14661,2024,7,July,1,2,0,1
C14661,2024,8,August,4,3,0,1
C14661,2024,9,September,5,3,0,1
C14661,2025,5,May,6,4,0,1
C14661,2025,6,June,7,6,0,1
C14661,2025,11,November,9,8,0,1
C14661,2025,12,December,12,8,0,1
C14662,2024,7,July,1,1,1,0
C14662,2024,9,September,2,2,0,1
C14662,2024,11,November,3,2,0,1
C14662,2024,12,December,4,2,0,1
C14662,2025,2,February,5,3,0,1
C14664,2024,8,August,1,2,0,1
C14664,2025,4,April,3,3,0,1
C14664,2025,6,June,4,4,0,1
C14664,2025,9,September,5,5,0,1
C14664,2025,10,October,6,7,0,1
C14665,2025,9,September,1,0,1,0
C14666,2024,10,October,1,1,1,0
C14666,2025,8,August,2,2,0,1
C14666,2025,9,September,3,3,0,1
C14666,2025,12,December,4,5,0,1
C14668,2024,7,July,1,1,1,0
C14668,2025,1,January,2,2,0,1
C14668,2025,4,April,4,2,0,1
C14668,2025,10,October,5,3,0,1
C14669,2024,9,September,1,1,1,0
C14669,2024,11,November,2,3,0,1
C14669,2025,1,January,4,3,0,1
C14669,2025,3,March,5,4,0,1
C14669,2025,4,April,6,5,0,1
C14669,2025,10,October,7,6,0,1
C14670,2024,8,August,1,1,1,0
C14670,2025,4,April,2,2,0,1
C14670,2025,9,September,3,3,0,1
C14671,2024,7,July,1,2,0,1
C14671,2024,10,October,3,3,0,1
C14671,2024,12,December,4,4,0,1
C14671,2025,6,June,5,5,0,1
C14671,2025,10,October,6,6,0,1
C14671,2025,11,November,7,7,0,1
C14672,2024,9,September,1,1,1,0
C14672,2025,3,March,3,2,0,1
C14672,2025,10,October,4,3,0,1
C14673,2024,7,July,1,0,1,0
C14673,2024,11,November,2,1,0,0
C14673,2024,12,December,3,2,0,1
C14673,2025,7,July,4,3,0,1
C14673,2025,11,November,5,4,0,1
C14674,2024,10,October,1,1,1,0
C14674,2024,11,November,2,2,0,1
C14674,2025,4,April,3,3,0,1
C14674,2025,5,May,4,4,0,1
C14674,2025,8,August,5,4,0,1
C14675,2025,1,January,1,1,1,0
C14675,2025,11,November,2,2,0,1
C14676,2025,1,January,1,0,1,0
C14676,2025,9,September,2,1,0,0
C14677,2024,10,October,1,1,1,0
C14677,2025,1,January,2,2,0,1
C14677,2025,3,March,3,3,0,1
C14677,2025,6,June,4,4,0,1
C14677,2025,10,October,5,5,0,1
C14677,2025,11,November,6,6,0,1
C14678,2024,8,August,1,0,1,0
C14678,2024,10,October,2,1,0,0
C14678,2024,12,December,3,2,0,1
C14678,2025,3,March,4,3,0,1
C14678,2025,9,September,5,4,0,1
C14679,2024,9,September,1,2,0,1
C14679,2024,10,October,3,3,0,1
C14679,2024,12,December,4,4,0,1
C14679,2025,10,October,5,5,0,1
C14680,2024,10,October,1,1,1,0
C14680,2025,1,January,2,2,0,1
C14680,2025,3,March,3,3,0,1
C14680,2025,10,October,4,4,0,1
C14680,2025,11,November,5,5,0,1
C14681,2025,2,February,1,1,1,0
C14682,2024,9,September,1,2,0,1
C14682,2024,12,December,3,2,0,1
C14682,2025,5,May,4,3,0,1
C14682,2025,6,June,5,4,0,1
C14682,2025,9,September,6,4,0,1
C14683,2025,6,June,1,1,1,0
C14683,2025,10,October,2,2,0,1
C14684,2024,10,October,1,1,1,0
C14684,2024,11,November,2,2,0,1
C14684,2025,2,February,3,3,0,1
C14684,2025,4,April,4,4,0,1
C14684,2025,6,June,5,5,0,1
C14685,2025,11,November,1,1,1,0
C14686,2024,11,November,1,1,1,0
C14686,2025,3,March,2,2,0,1
C14687,2025,1,January,1,1,1,0
C14687,2025,2,February,2,2,0,1
C14687,2025,9,September,3,3,0,1
C14688,2024,8,August,1,0,1,0
C14688,2024,11,November,2,0,0,0
C14689,2024,7,July,1,1,1,0
C14689,2024,11,November,2,2,0,1
C14689,2025,2,February,3,3,0,1
C14689,2025,5,May,5,4,0,1
C14689,2025,12,December,6,5,0,1
C14690,2024,9,September,1,1,1,0
C14690,2024,11,November,2,1,0,0
C14690,2024,12,December,3,2,0,1
C14690,2025,1,January,4,3,0,1
C14690,2025,3,March,5,4,0,1
C14690,2025,6,June,6,5,0,1
C14691,2025,9,September,1,1,1,0
C14692,2024,9,September,1,1,1,0
C14692,2024,11,November,2,3,0,1
C14692,2025,8,August,4,4,0,1
C14693,2024,7,July,1,1,1,0
C14693,2025,5,May,2,2,0,1
C14694,2024,9,September,1,1,1,0
C14694,2025,6,June,2,2,0,1
C14694,2025,8,August,3,3,0,1
C14695,2025,4,April,1,0,1,0
C14695,2025,12,December,2,1,0,0
C14696,2024,7,July,1,0,1,0
C14696,2025,7,July,2,1,0,0
C14696,2025,9,September,3,2,0,1
C14696,2025,11,November,4,3,0,1
C14697,2024,12,December,1,1,1,0
C14698,2024,8,August,1,1,1,0
C14698,2024,11,November,2,1,0,0
C14698,2025,5,May,3,2,0,1
C14698,2025,6,June,4,3,0,1
C14699,2024,12,December,1,1,1,0
C14699,2025,1,January,2,2,0,1
C14699,2025,9,September,3,3,0,1
C14700,2024,7,July,1,1,1,0
C14700,2025,5,May,2,2,0,1
C14700,2025,9,September,3,3,0,1
C14700,2025,12,December,4,4,0,1
C14701,2024,7,July,1,1,1,0
C14701,2024,12,December,2,2,0,1
C14701,2025,6,June,3,3,0,1
C14702,2025,3,March,1,1,1,0
C14702,2025,4,April,2,2,0,1
C14702,2025,11,November,3,3,0,1
C14703,2024,11,November,1,1,1,0
C14703,2025,1,January,2,2,0,1
C14703,2025,3,March,3,3,0,1
C14703,2025,11,November,4,4,0,1
C14704,2024,7,July,1,1,1,0
C14704,2025,4,April,2,2,0,1
C14705,2024,7,July,1,2,0,1
C14705,2024,11,November,3,3,0,1
C14705,2024,12,December,4,4,0,1
C14705,2025,1,January,5,6,0,1
C14705,2025,2,February,7,7,0,1
C14705,2025,4,April,8,7,0,1
C14705,2025,7,July,9,7,0,1
C14705,2025,9,September,10,8,0,1
C14705,2025,10,October,11,9,0,1
C14705,2025,12,December,12,10,0,1
C14706,2024,9,September,1,1,1,0
C14706,2025,2,February,2,3,0,1
C14706,2025,6,June,4,4,0,1
C14706,2025,8,August,5,4,0,1
C14706,2025,11,November,7,5,0,1
C14706,2025,12,December,8,6,0,1
C14707,2024,11,November,1,1,1,0
C14707,2025,9,September,2,2,0,1
C14708,2024,11,November,1,1,1,0
C14708,2025,4,April,2,2,0,1
C14708,2025,5,May,3,3,0,1
C14708,2025,11,November,4,4,0,1
C14709,2024,10,October,1,0,1,0
C14709,2025,11,November,2,1,0,0
C14710,2024,9,September,1,1,1,0
C14710,2025,4,April,2,1,0,0
C14710,2025,7,July,3,2,0,1
C14711,2024,8,August,1,1,1,0
C14711,2024,11,November,2,1,0,0
C14711,2025,1,January,3,2,0,1
C14711,2025,4,April,4,4,0,1
C14711,2025,5,May,6,6,0,1
C14711,2025,6,June,8,8,0,1
C14711,2025,7,July,11,9,0,1
C14711,2025,10,October,12,11,0,1
C14711,2025,11,November,14,12,0,1
C14713,2024,10,October,1,1,1,0
C14713,2025,1,January,2,2,0,1
C14713,2025,7,July,3,3,0,1
C14714,2024,7,July,1,0,1,0
C14714,2024,8,August,2,1,0,0
C14714,2024,10,October,3,2,0,1
C14714,2024,12,December,4,3,0,1
C14714,2025,2,February,5,5,0,1
C14714,2025,8,August,7,6,0,1
C14714,2025,9,September,8,7,0,1
C14714,2025,10,October,9,9,0,1
C14715,2024,7,July,1,0,1,0
C14715,2025,10,October,2,0,0,0
C14715,2025,11,November,3,1,0,0
C14716,2024,7,July,1,1,1,0
C14716,2025,1,January,2,2,0,1
C14716,2025,2,February,3,3,0,1
C14716,2025,10,October,4,3,0,1
C14717,2024,9,September,1,1,1,0
C14717,2025,3,March,2,2,0,1
C14717,2025,4,April,3,3,0,1
C14717,2025,8,August,4,4,0,1
C14718,2025,5,May,1,1,1,0
C14719,2024,8,August,1,1,1,0
C14719,2024,10,October,2,2,0,1
C14719,2025,2,February,3,4,0,1
C14719,2025,3,March,5,5,0,1
C14719,2025,6,June,6,5,0,1
C14720,2024,10,October,1,2,0,1
C14720,2025,4,April,3,3,0,1
C14720,2025,7,July,4,4,0,1
C14720,2025,12,December,5,4,0,1
C14721,2025,4,April,1,1,1,0
C14721,2025,6,June,2,2,0,1
C14721,2025,10,October,3,3,0,1
C14721,2025,11,November,4,5,0,1
C14722,2024,7,July,1,1,1,0
C14722,2024,12,December,2,2,0,1
C14722,2025,1,January,3,3,0,1
C14722,2025,2,February,4,4,0,1
C14722,2025,3,March,5,5,0,1
C14723,2024,9,September,1,1,1,0
C14723,2025,2,February,2,2,0,1
C14723,2025,10,October,3,3,0,1
C14723,2025,11,November,4,4,0,1
C14724,2024,11,November,1,1,1,0
C14724,2025,9,September,2,2,0,1
C14725,2025,7,July,1,1,1,0
C14726,2024,7,July,1,1,1,0
C14726,2024,12,December,2,2,0,1
C14726,2025,1,January,3,3,0,1
C14726,2025,4,April,4,4,0,1
C14726,2025,7,July,5,5,0,1
C14726,2025,10,October,6,6,0,1
C14726,2025,11,November,7,7,0,1
C14727,2024,11,November,1,2,0,1
C14727,2024,12,December,3,3,0,1
C14727,2025,3,March,4,3,0,1
C14727,2025,5,May,5,5,0,1
C14727,2025,6,June,7,6,0,1
C14727,2025,7,July,8,7,0,1
C14727,2025,12,December,9,7,0,1
C14728,2025,5,May,1,1,1,0
C14728,2025,8,August,2,2,0,1
C14729,2024,10,October,1,1,1,0
C14729,2024,12,December,2,2,0,1
C14730,2024,10,October,1,1,1,0
C14730,2025,2,February,2,2,0,1
C14730,2025,4,April,3,3,0,1
C14730,2025,10,October,4,4,0,1
C14731,2024,11,November,1,0,1,0
C14731,2024,12,December,2,1,0,0
C14731,2025,4,April,3,2,0,1
C14731,2025,7,July,4,3,0,1
C14731,2025,8,August,5,4,0,1
C14732,2024,7,July,1,1,1,0
C14732,2024,11,November,2,3,0,1
C14732,2025,3,March,4,3,0,1
C14733,2024,10,October,1,1,1,0
C14733,2025,2,February,2,2,0,1
C14733,2025,4,April,3,3,0,1
C14733,2025,9,September,4,4,0,1
C14734,2024,12,December,1,1,1,0
C14734,2025,11,November,2,1,0,0
C14735,2024,7,July,1,1,1,0
C14735,2025,2,February,2,1,0,0
C14735,2025,4,April,3,2,0,1
C14735,2025,6,June,4,3,0,1
C14735,2025,10,October,5,4,0,1
C14735,2025,11,November,6,5,0,1
C14736,2025,1,January,1,1,1,0
C14736,2025,12,December,2,2,0,1
C14737,2024,8,August,1,1,1,0
C14737,2025,3,March,2,1,0,0
C14737,2025,7,July,3,2,0,1
C14737,2025,10,October,4,3,0,1
C14737,2025,12,December,5,4,0,1
C14738,2024,8,August,1,1,1,0
C14739,2024,10,October,1,1,1,0
C14739,2024,12,December,2,2,0,1
C14739,2025,1,January,3,4,0,1
C14739,2025,10,October,5,5,0,1
C14739,2025,12,December,6,6,0,1
C14740,2024,7,July,1,3,0,1
C14740,2024,8,August,4,4,0,1
C14740,2024,10,October,5,5,0,1
C14740,2024,11,November,6,6,0,1
C14740,2025,5,May,7,7,0,1
C14740,2025,11,November,8,8,0,1
C14741,2024,8,August,1,1,1,0
C14741,2025,5,May,2,2,0,1
C14741,2025,6,June,3,3,0,1
C14741,2025,10,October,4,4,0,1
C14741,2025,12,December,5,5,0,1
C14742,2024,11,November,1,1,1,0
C14742,2024,12,December,2,2,0,1
C14742,2025,3,March,3,3,0,1
C14742,2025,5,May,4,4,0,1
C14743,2025,1,January,1,0,1,0
C14743,2025,6,June,2,1,0,0
C14743,2025,9,September,3,2,0,1
C14743,2025,10,October,4,3,0,1
C14744,2024,8,August,1,1,1,0
C14744,2024,11,November,2,2,0,1
C14744,2025,4,April,3,2,0,1
C14744,2025,6,June,4,4,0,1
C14744,2025,12,December,6,5,0,1
C14745,2025,2,February,1,1,1,0
C14745,2025,3,March,2,2,0,1
C14745,2025,8,August,3,4,0,1
C14746,2025,6,June,1,1,1,0
C14747,2025,2,February,1,1,1,0
C14747,2025,3,March,2,2,0,1
C14747,2025,4,April,3,3,0,1
C14747,2025,6,June,5,3,0,1
C14747,2025,12,December,6,3,0,1
C14748,2025,7,July,1,1,1,0
C14749,2024,8,August,1,1,1,0
C14749,2025,10,October,2,2,0,1
C14750,2024,10,October,1,0,1,0
C14751,2024,10,October,1,1,1,0
C14751,2024,12,December,2,2,0,1
C14751,2025,3,March,3,3,0,1
C14751,2025,6,June,4,4,0,1
C14752,2024,8,August,1,1,1,0
C14752,2024,11,November,2,1,0,0
C14752,2025,3,March,3,2,0,1
C14752,2025,9,September,4,3,0,1
C14753,2025,11,November,1,2,0,1
C14754,2024,8,August,1,1,1,0
C14754,2024,9,September,2,2,0,1
C14754,2025,8,August,3,3,0,1
C14755,2024,8,August,1,1,1,0
C14755,2025,2,February,2,2,0,1
C14756,2024,11,November,1,0,1,0
C14756,2024,12,December,2,1,0,0
C14756,2025,4,April,3,2,0,1
C14757,2024,8,August,1,1,1,0
C14757,2024,9,September,2,3,0,1
C14757,2025,1,January,4,4,0,1
C14757,2025,3,March,5,4,0,1
C14757,2025,6,June,6,5,0,1
C14757,2025,7,July,7,6,0,1
C14757,2025,9,September,8,6,0,1
C14758,2024,9,September,1,1,1,0
C14758,2025,3,March,2,2,0,1
C14758,2025,12,December,3,3,0,1
C14759,2024,9,September,1,1,1,0
C14759,2024,10,October,2,2,0,1
C14760,2025,10,October,1,1,1,0
C14760,2025,11,November,2,2,0,1
C14761,2024,12,December,1,1,1,0
C14761,2025,6,June,2,2,0,1
C14762,2024,12,December,1,1,1,0
C14763,2024,9,September,1,1,1,0
C14763,2025,5,May,2,1,0,0
C14764,2024,10,October,1,1,1,0
C14764,2025,5,May,2,2,0,1
C14764,2025,6,June,3,3,0,1
C14764,2025,7,July,4,4,0,1
C14764,2025,8,August,5,5,0,1
C14765,2024,7,July,1,1,1,0
C14765,2024,8,August,2,2,0,1
C14765,2025,2,February,3,3,0,1
C14765,2025,6,June,4,4,0,1
C14765,2025,7,July,5,5,0,1
C14765,2025,8,August,6,6,0,1
C14765,2025,10,October,7,7,0,1
C14766,2024,9,September,1,1,1,0
C14766,2025,3,March,2,2,0,1
C14766,2025,5,May,3,3,0,1
C14766,2025,11,November,4,4,0,1
C14767,2024,8,August,1,1,1,0
C14767,2024,9,September,2,1,0,0
C14767,2025,3,March,4,1,0,0
C14767,2025,7,July,5,2,0,1
C14767,2025,10,October,6,3,0,1
C14767,2025,11,November,7,4,0,1
C14768,2024,12,December,1,1,1,0
C14768,2025,3,March,2,2,0,1
C14768,2025,4,April,4,3,0,1
C14768,2025,6,June,5,4,0,1
C14769,2024,9,September,1,1,1,0
C14769,2024,11,November,2,2,0,1
C14769,2024,12,December,3,3,0,1
C14769,2025,1,January,4,4,0,1
C14769,2025,4,April,5,6,0,1
C14769,2025,7,July,7,7,0,1
C14769,2025,9,September,8,9,0,1
C14770,2024,10,October,1,0,1,0
C14771,2024,11,November,1,0,1,0
C14771,2024,12,December,2,2,0,1
C14772,2024,8,August,1,1,1,0
C14772,2024,9,September,2,2,0,1
C14772,2025,3,March,3,4,0,1
C14772,2025,5,May,6,5,0,1
C14772,2025,11,November,7,6,0,1
C14773,2024,9,September,1,1,1,0
C14773,2025,7,July,2,2,0,1
C14773,2025,11,November,3,3,0,1
C14774,2024,11,November,1,2,0,1
C14774,2025,8,August,3,3,0,1
C14776,2025,7,July,1,0,1,0
C14777,2024,8,August,1,2,0,1
C14778,2024,9,September,1,1,1,0
C14778,2025,6,June,2,1,0,0
C14778,2025,9,September,3,2,0,1
C14779,2024,8,August,1,0,1,0
C14779,2024,10,October,2,2,0,1
C14779,2025,2,February,4,3,0,1
C14779,2025,3,March,5,4,0,1
C14779,2025,6,June,6,5,0,1
C14779,2025,8,August,7,6,0,1
C14779,2025,9,September,8,7,0,1
C14780,2024,7,July,1,1,1,0
C14780,2024,11,November,2,2,0,1
C14780,2025,5,May,3,3,0,1
C14780,2025,7,July,4,3,0,1
C14780,2025,9,September,5,6,0,1
C14781,2025,5,May,1,1,1,0
C14782,2024,8,August,1,1,1,0
C14783,2024,7,July,1,1,1,0
C14783,2025,7,July,2,2,0,1
C14783,2025,10,October,3,3,0,1
C14783,2025,12,December,4,4,0,1
C14784,2025,3,March,1,1,1,0
C14784,2025,7,July,2,2,0,1
C14784,2025,11,November,3,2,0,1
C14785,2024,8,August,1,0,1,0
C14785,2024,11,November,2,1,0,0
C14785,2024,12,December,3,1,0,0
C14785,2025,8,August,4,2,0,1
C14785,2025,12,December,5,3,0,1
C14786,2024,10,October,1,1,1,0
C14787,2024,11,November,1,1,1,0
C14787,2025,8,August,2,2,0,1
C14787,2025,12,December,3,3,0,1
C14788,2024,10,October,1,1,1,0
C14788,2025,5,May,2,2,0,1
C14789,2024,7,July,1,1,1,0
C14789,2024,10,October,2,2,0,1
C14789,2025,9,September,3,3,0,1
C14790,2024,7,July,1,1,1,0
C14790,2024,9,September,2,2,0,1
C14790,2025,4,April,3,3,0,1
C14790,2025,5,May,4,4,0,1
C14791,2024,11,November,1,2,0,1
C14791,2025,5,May,3,3,0,1
C14791,2025,6,June,4,4,0,1
C14791,2025,8,August,5,5,0,1
C14791,2025,9,September,6,6,0,1
C14791,2025,12,December,7,7,0,1
C14792,2024,8,August,1,1,1,0
C14792,2024,11,November,2,2,0,1
C14792,2025,1,January,3,3,0,1
C14792,2025,3,March,4,4,0,1
C14793,2024,10,October,1,1,1,0
C14794,2025,3,March,1,1,1,0
C14794,2025,6,June,2,2,0,1
C14794,2025,9,September,3,3,0,1
C14795,2024,9,September,1,1,1,0
C14795,2024,10,October,2,2,0,1
C14795,2025,1,January,3,3,0,1
C14795,2025,6,June,4,4,0,1
C14795,2025,7,July,5,5,0,1
C14795,2025,8,August,6,6,0,1
C14796,2025,1,January,1,1,1,0
C14796,2025,7,July,2,2,0,1
C14797,2024,7,July,1,2,0,1
C14797,2024,12,December,3,3,0,1
C14797,2025,4,April,4,3,0,1
C14797,2025,10,October,5,4,0,1
C14797,2025,12,December,6,5,0,1
C14798,2024,8,August,1,1,1,0
C14798,2025,3,March,2,2,0,1
C14798,2025,4,April,3,3,0,1
C14798,2025,7,July,4,4,0,1
C14799,2024,10,October,1,1,1,0
C14799,2024,12,December,2,2,0,1
C14799,2025,4,April,3,4,0,1
C14799,2025,5,May,5,5,0,1
C14799,2025,10,October,6,6,0,1
C14799,2025,12,December,7,6,0,1
C14800,2024,7,July,1,1,1,0
C14800,2025,11,November,2,2,0,1
C14800,2025,12,December,3,2,0,1
C14803,2024,10,October,1,1,1,0
C14803,2024,12,December,2,2,0,1
C14803,2025,2,February,3,3,0,1
C14803,2025,4,April,4,3,0,1
C14803,2025,6,June,5,4,0,1
C14803,2025,9,September,6,5,0,1
C14803,2025,10,October,7,6,0,1
C14803,2025,11,November,9,7,0,1
C14803,2025,12,December,10,7,0,1
C14804,2025,8,August,1,1,1,0
C14805,2025,4,April,1,1,1,0
C14805,2025,6,June,2,2,0,1
C14806,2024,8,August,1,1,1,0
C14806,2025,12,December,2,3,0,1
C14807,2024,8,August,1,1,1,0
C14807,2025,9,September,2,2,0,1
C14808,2024,8,August,1,0,1,0
C14808,2025,2,February,2,1,0,0
C14809,2025,7,July,1,1,1,0
C14809,2025,9,September,2,3,0,1
C14810,2025,10,October,1,1,1,0
C14810,2025,11,November,2,2,0,1
C14811,2024,8,August,1,2,0,1
C14811,2024,11,November,3,4,0,1
C14811,2025,1,January,5,5,0,1
C14811,2025,3,March,6,5,0,1
C14811,2025,8,August,7,6,0,1
C14812,2024,8,August,1,1,1,0
C14812,2024,12,December,2,1,0,0
C14812,2025,1,January,3,1,0,0
C14812,2025,2,February,4,1,0,0
C14812,2025,4,April,5,2,0,1
C14812,2025,6,June,6,3,0,1
C14812,2025,9,September,7,4,0,1
C14813,2025,6,June,1,1,1,0
C14813,2025,8,August,2,2,0,1
C14813,2025,12,December,3,3,0,1
C14814,2025,6,June,1,1,1,0
C14814,2025,7,July,2,2,0,1
C14814,2025,8,August,3,3,0,1
C14815,2024,8,August,1,1,1,0
C14815,2024,9,September,3,2,0,1
C14815,2024,12,December,4,2,0,1
C14815,2025,4,April,5,2,0,1
C14815,2025,5,May,6,3,0,1
C14815,2025,6,June,7,4,0,1
C14815,2025,8,August,8,6,0,1
C14815,2025,9,September,10,7,0,1
C14815,2025,11,November,11,8,0,1
C14816,2024,7,July,1,1,1,0
C14816,2024,8,August,2,2,0,1
C14816,2024,11,November,3,3,0,1
C14816,2024,12,December,4,3,0,1
C14816,2025,2,February,5,4,0,1
C14816,2025,7,July,6,5,0,1
C14816,2025,9,September,7,6,0,1
C14816,2025,11,November,8,8,0,1
C14817,2024,11,November,1,1,1,0
C14817,2024,12,December,2,3,0,1
C14817,2025,1,January,4,4,0,1
C14817,2025,2,February,5,5,0,1
C14817,2025,7,July,6,6,0,1
C14817,2025,10,October,7,7,0,1
C14817,2025,11,November,8,9,0,1
C14817,2025,12,December,10,10,0,1
C14818,2025,3,March,1,1,1,0
C14819,2025,3,March,1,0,1,0
C14819,2025,5,May,2,1,0,0
C14819,2025,10,October,3,2,0,1
C14819,2025,12,December,4,3,0,1
C14821,2025,3,March,1,1,1,0
C14821,2025,4,April,2,2,0,1
C14821,2025,12,December,3,4,0,1
C14822,2024,7,July,1,1,1,0
C14822,2024,11,November,2,2,0,1
C14822,2025,2,February,3,2,0,1
C14822,2025,6,June,4,3,0,1
C14822,2025,11,November,5,4,0,1
C14823,2024,11,November,1,1,1,0
C14823,2025,1,January,2,2,0,1
C14824,2024,10,October,1,1,1,0
C14824,2024,11,November,2,2,0,1
C14824,2025,4,April,3,3,0,1
C14824,2025,11,November,4,4,0,1
C14824,2025,12,December,5,5,0,1
C14825,2025,1,January,1,0,1,0
C14825,2025,3,March,2,1,0,0
C14825,2025,9,September,3,2,0,1
C14825,2025,12,December,4,3,0,1
C14826,2024,7,July,1,1,1,0
C14826,2024,9,September,2,1,0,0
C14826,2024,10,October,3,3,0,1
C14826,2024,11,November,5,4,0,1
C14826,2025,1,January,6,5,0,1
C14826,2025,2,February,7,6,0,1
C14826,2025,10,October,8,7,0,1
C14826,2025,11,November,9,8,0,1
C14826,2025,12,December,10,9,0,1
C14827,2025,8,August,1,0,1,0
C14827,2025,12,December,2,1,0,0
C14828,2025,1,January,1,0,1,0
C14829,2024,7,July,1,2,0,1
C14829,2024,10,October,3,3,0,1
C14829,2024,11,November,4,4,0,1
C14829,2025,4,April,5,5,0,1
C14829,2025,9,September,6,6,0,1
C14829,2025,11,November,8,7,0,1
C14829,2025,12,December,9,8,0,1
C14831,2024,7,July,1,0,1,0
C14831,2025,1,January,3,1,0,0
C14831,2025,4,April,4,3,0,1
C14831,2025,6,June,6,5,0,1
C14831,2025,11,November,8,6,0,1
C14831,2025,12,December,9,7,0,1
C14832,2024,8,August,1,1,1,0
C14832,2025,1,January,2,1,0,0
C14832,2025,2,February,3,2,0,1
C14832,2025,9,September,4,3,0,1
C14832,2025,12,December,5,5,0,1
C14833,2024,12,December,1,1,1,0
C14833,2025,6,June,2,2,0,1
C14833,2025,7,July,3,3,0,1
C14833,2025,11,November,4,4,0,1
C14835,2025,7,July,1,1,1,0
C14835,2025,11,November,2,2,0,1
C14836,2024,7,July,1,1,1,0
C14836,2024,10,October,2,2,0,1
C14836,2025,8,August,3,3,0,1
C14837,2024,10,October,1,1,1,0
C14837,2025,1,January,2,2,0,1
C14837,2025,2,February,3,3,0,1
C14837,2025,3,March,5,4,0,1
C14838,2024,9,September,1,1,1,0
C14839,2025,9,September,1,1,1,0
C14840,2024,8,August,1,1,1,0
C14840,2024,9,September,2,2,0,1
C14840,2024,10,October,3,3,0,1
C14840,2025,7,July,4,4,0,1
C14840,2025,8,August,5,5,0,1
C14840,2025,10,October,6,6,0,1
C14841,2024,12,December,1,0,1,0
C14841,2025,6,June,2,0,0,0
C14841,2025,10,October,3,1,0,0
C14841,2025,11,November,4,2,0,1
C14842,2024,10,October,1,1,1,0
C14842,2024,12,December,2,2,0,1
C14842,2025,4,April,3,3,0,1
C14843,2024,7,July,1,1,1,0
C14843,2025,1,January,2,2,0,1
C14843,2025,8,August,3,3,0,1
C14843,2025,10,October,4,4,0,1
C14844,2024,7,July,1,1,1,0
C14844,2025,5,May,2,1,0,0
C14845,2024,9,September,1,1,1,0
C14845,2025,6,June,2,2,0,1
C14845,2025,7,July,3,3,0,1
C14846,2024,10,October,1,1,1,0
C14846,2025,9,September,2,2,0,1
C14846,2025,12,December,3,3,0,1
C14847,2024,10,October,1,0,1,0
C14847,2025,3,March,2,1,0,0
C14847,2025,9,September,3,1,0,0
C14847,2025,12,December,4,1,0,0
C14848,2024,9,September,1,1,1,0
C14848,2025,2,February,2,1,0,0
C14849,2025,12,December,1,1,1,0
C14850,2024,10,October,1,1,1,0
C14850,2025,4,April,2,2,0,1
C14851,2024,11,November,1,0,1,0
C14852,2025,3,March,1,1,1,0
C14852,2025,9,September,2,2,0,1
C14852,2025,11,November,3,3,0,1
C14853,2025,1,January,1,1,1,0
C14853,2025,4,April,2,2,0,1
C14853,2025,5,May,3,3,0,1
C14853,2025,8,August,4,4,0,1
C14853,2025,12,December,5,6,0,1
C14854,2024,7,July,1,1,1,0
C14855,2025,4,April,1,1,1,0
C14856,2024,12,December,1,2,0,1
C14856,2025,11,November,3,3,0,1
C14856,2025,12,December,5,4,0,1
C14857,2025,1,January,1,0,1,0
C14858,2024,8,August,1,2,0,1
C14858,2025,6,June,3,3,0,1
C14858,2025,7,July,4,4,0,1
C14858,2025,10,October,5,5,0,1
C14858,2025,11,November,6,6,0,1
C14859,2024,10,October,1,1,1,0
C14859,2024,11,November,2,2,0,1
C14859,2025,5,May,3,3,0,1
C14860,2025,6,June,1,1,1,0
C14860,2025,10,October,2,2,0,1
C14861,2024,10,October,1,1,1,0
C14861,2025,7,July,2,2,0,1
C14862,2024,8,August,1,1,1,0
C14862,2024,9,September,2,2,0,1
C14862,2024,11,November,3,2,0,1
C14862,2025,2,February,4,3,0,1
C14862,2025,6,June,5,4,0,1
C14863,2024,9,September,1,1,1,0
C14863,2025,7,July,2,2,0,1
C14863,2025,9,September,3,3,0,1
C14863,2025,11,November,4,4,0,1
C14864,2024,7,July,1,1,1,0
C14864,2024,8,August,2,2,0,1
C14864,2025,7,July,3,3,0,1
C14864,2025,8,August,4,4,0,1
C14864,2025,10,October,5,5,0,1
C14865,2025,2,February,1,1,1,0
C14865,2025,7,July,2,1,0,0
C14865,2025,8,August,3,1,0,0
C14865,2025,9,September,4,2,0,1
C14866,2024,7,July,1,1,1,0
C14866,2024,12,December,2,1,0,0
C14866,2025,1,January,3,2,0,1
C14866,2025,6,June,4,3,0,1
C14867,2025,10,October,1,0,1,0
C14867,2025,11,November,2,0,0,0
C14867,2025,12,December,3,0,0,0
C14868,2025,1,January,1,2,0,1
C14868,2025,6,June,3,3,0,1
C14868,2025,8,August,4,4,0,1
C14868,2025,12,December,5,5,0,1
C14869,2024,9,September,1,1,1,0
C14870,2024,9,September,1,1,1,0
C14870,2025,1,January,2,2,0,1
C14870,2025,6,June,3,3,0,1
C14870,2025,8,August,4,4,0,1
C14871,2024,9,September,1,1,1,0
C14872,2025,12,December,1,0,1,0
C14873,2025,3,March,1,0,1,0
C14873,2025,10,October,2,1,0,0
C14874,2024,10,October,1,0,1,0
C14874,2025,4,April,2,1,0,0
C14874,2025,7,July,3,2,0,1
C14874,2025,12,December,4,3,0,1
C14875,2024,7,July,1,1,1,0
C14875,2024,10,October,2,2,0,1
C14875,2025,10,October,3,3,0,1
C14876,2024,8,August,1,0,1,0
C14876,2025,2,February,2,2,0,1
C14876,2025,9,September,4,3,0,1
C14876,2025,10,October,5,3,0,1
C14877,2024,9,September,1,1,1,0
C14877,2024,12,December,2,2,0,1
C14878,2024,8,August,1,1,1,0
C14878,2024,12,December,2,2,0,1
C14878,2025,7,July,3,3,0,1
C14879,2024,8,August,1,1,1,0
C14879,2024,9,September,2,2,0,1
C14879,2025,2,February,3,3,0,1
C14879,2025,3,March,4,4,0,1
C14879,2025,4,April,5,6,0,1
C14879,2025,7,July,7,7,0,1
C14879,2025,8,August,8,8,0,1
C14879,2025,9,September,9,9,0,1
C14879,2025,11,November,10,10,0,1
C14880,2024,7,July,1,1,1,0
C14880,2024,12,December,2,4,0,1
C14880,2025,1,January,5,4,0,1
C14880,2025,4,April,6,5,0,1
C14880,2025,9,September,7,7,0,1
C14880,2025,10,October,9,7,0,1
C14881,2025,3,March,1,1,1,0
C14881,2025,6,June,2,2,0,1
C14881,2025,12,December,3,3,0,1
C14882,2024,8,August,1,0,1,0
C14882,2025,9,September,2,1,0,0
C14883,2024,9,September,1,1,1,0
C14883,2024,10,October,2,2,0,1
C14883,2025,1,January,3,3,0,1
C14883,2025,3,March,4,3,0,1
C14883,2025,6,June,5,3,0,1
C14883,2025,9,September,6,4,0,1
C14884,2025,5,May,1,1,1,0
C14884,2025,7,July,2,3,0,1
C14885,2024,9,September,1,1,1,0
C14885,2024,11,November,2,2,0,1
C14885,2025,1,January,3,3,0,1
C14885,2025,4,April,5,3,0,1
C14885,2025,6,June,6,4,0,1
C14886,2024,11,November,1,1,1,0
C14886,2024,12,December,2,2,0,1
C14886,2025,1,January,3,3,0,1
C14886,2025,6,June,4,3,0,1
C14886,2025,12,December,5,4,0,1
C14887,2025,2,February,1,0,1,0
C14887,2025,3,March,2,1,0,0
C14887,2025,8,August,3,2,0,1
C14889,2024,11,November,1,1,1,0
C14890,2024,7,July,1,1,1,0
C14890,2025,8,August,2,2,0,1
C14890,2025,11,November,3,3,0,1
C14891,2024,8,August,1,1,1,0
C14891,2024,10,October,2,2,0,1
C14891,2025,7,July,3,3,0,1
C14892,2024,7,July,1,0,1,0
C14893,2025,8,August,1,1,1,0
C14893,2025,10,October,2,1,0,0
C14894,2024,7,July,1,1,1,0
C14894,2024,9,September,2,2,0,1
C14894,2024,11,November,3,3,0,1
C14894,2025,4,April,4,3,0,1
C14894,2025,5,May,5,4,0,1
C14895,2024,8,August,1,1,1,0
C14895,2024,9,September,2,1,0,0
C14895,2025,8,August,3,3,0,1
C14895,2025,12,December,5,4,0,1
C14896,2024,7,July,1,1,1,0
C14896,2024,8,August,2,3,0,1
C14896,2024,10,October,4,4,0,1
C14896,2025,9,September,5,5,0,1
C14896,2025,11,November,6,6,0,1
C14897,2024,12,December,1,1,1,0
C14897,2025,2,February,2,2,0,1
C14898,2024,12,December,1,0,1,0
C14898,2025,6,June,2,1,0,0
C14898,2025,12,December,3,2,0,1
C14899,2024,7,July,1,1,1,0
C14900,2024,12,December,1,1,1,0
C14900,2025,3,March,2,1,0,0
C14900,2025,7,July,3,2,0,1
C14900,2025,8,August,4,3,0,1
C14900,2025,10,October,5,4,0,1
C14901,2024,8,August,1,0,1,0
C14901,2024,10,October,2,3,0,1
C14901,2025,1,January,5,4,0,1
C14901,2025,2,February,6,6,0,1
C14901,2025,6,June,8,7,0,1
C14901,2025,12,December,10,9,0,1
C14902,2024,10,October,1,0,1,0
C14902,2025,4,April,2,0,0,0
C14902,2025,7,July,3,3,0,1
C14903,2025,6,June,1,1,1,0
C14904,2024,8,August,1,1,1,0
C14904,2024,11,November,2,1,0,0
C14904,2025,1,January,3,1,0,0
C14904,2025,2,February,4,2,0,1
C14904,2025,3,March,5,3,0,1
C14904,2025,6,June,6,3,0,1
C14904,2025,7,July,7,4,0,1
C14904,2025,8,August,8,5,0,1
C14905,2024,12,December,1,1,1,0
C14905,2025,1,January,2,2,0,1
C14905,2025,5,May,3,3,0,1
C14905,2025,7,July,4,4,0,1
C14905,2025,10,October,5,5,0,1
C14905,2025,12,December,6,6,0,1
C14906,2025,1,January,1,1,1,0
C14907,2024,7,July,1,1,1,0
C14907,2025,1,January,2,3,0,1
C14907,2025,2,February,4,3,0,1
C14907,2025,4,April,5,4,0,1
C14907,2025,6,June,6,5,0,1
C14907,2025,8,August,7,6,0,1
C14907,2025,11,November,8,7,0,1
C14907,2025,12,December,9,8,0,1
C14908,2025,4,April,1,1,1,0
C14908,2025,12,December,2,2,0,1
C14909,2024,7,July,1,1,1,0
C14909,2025,2,February,2,1,0,0
C14909,2025,6,June,3,1,0,0
C14909,2025,9,September,4,3,0,1
C14909,2025,12,December,6,3,0,1
C14910,2025,3,March,1,2,0,1
C14910,2025,6,June,3,3,0,1
C14911,2024,7,July,1,1,1,0
C14911,2024,10,October,2,2,0,1
C14911,2025,1,January,3,2,0,1
C14911,2025,5,May,4,3,0,1
C14913,2025,8,August,1,1,1,0
C14913,2025,9,September,2,2,0,1
C14913,2025,10,October,3,3,0,1
C14914,2025,1,January,1,1,1,0
C14914,2025,5,May,2,1,0,0
C14914,2025,9,September,3,3,0,1
C14914,2025,11,November,5,3,0,1
C14915,2024,10,October,1,1,1,0
C14915,2025,8,August,2,2,0,1
C14915,2025,9,September,3,3,0,1
C14915,2025,12,December,4,3,0,1
C14916,2024,8,August,1,1,1,0
C14917,2024,7,July,1,1,1,0
C14917,2025,2,February,2,2,0,1
C14917,2025,6,June,3,3,0,1
C14918,2024,10,October,1,1,1,0
C14918,2024,11,November,2,2,0,1
C14918,2024,12,December,3,3,0,1
C14918,2025,3,March,5,3,0,1
C14918,2025,4,April,6,4,0,1
C14918,2025,10,October,7,5,0,1
C14919,2025,3,March,1,0,1,0
C14919,2025,8,August,2,1,0,0
C14920,2024,10,October,1,0,1,0
C14920,2025,1,January,2,1,0,0
C14921,2024,10,October,1,1,1,0
C14921,2024,12,December,2,2,0,1
C14921,2025,6,June,3,2,0,1
C14922,2024,7,July,1,1,1,0
C14922,2024,8,August,2,2,0,1
C14922,2024,9,September,3,3,0,1
C14922,2024,10,October,4,4,0,1
C14922,2024,11,November,5,5,0,1
C14922,2025,1,January,6,6,0,1
C14922,2025,4,April,7,7,0,1
C14922,2025,7,July,8,8,0,1
C14922,2025,9,September,9,9,0,1
C14922,2025,12,December,10,9,0,1
C14923,2025,2,February,1,1,1,0
C14923,2025,7,July,2,2,0,1
C14925,2024,10,October,1,1,1,0
C14925,2024,11,November,2,1,0,0
C14927,2024,7,July,1,0,1,0
C14927,2024,8,August,2,1,0,0
C14927,2024,9,September,3,2,0,1
C14927,2024,11,November,4,3,0,1
C14927,2024,12,December,5,4,0,1
C14927,2025,8,August,6,5,0,1
C14928,2024,8,August,1,1,1,0
C14928,2024,11,November,2,1,0,0
C14928,2025,12,December,3,2,0,1
C14930,2025,2,February,1,1,1,0
C14930,2025,3,March,2,1,0,0
C14930,2025,6,June,3,3,0,1
C14930,2025,7,July,5,4,0,1
C14930,2025,12,December,6,5,0,1
C14932,2024,7,July,1,1,1,0
C14932,2024,9,September,2,2,0,1
C14932,2024,10,October,3,3,0,1
C14932,2024,12,December,4,3,0,1
C14932,2025,5,May,5,4,0,1
C14932,2025,6,June,6,5,0,1
C14933,2024,7,July,1,1,1,0
C14933,2024,9,September,2,2,0,1
C14933,2024,12,December,3,3,0,1
C14933,2025,5,May,4,4,0,1
C14933,2025,9,September,5,5,0,1
C14934,2024,7,July,1,0,1,0
C14934,2025,2,February,2,1,0,0
C14934,2025,6,June,3,2,0,1
C14935,2025,9,September,1,2,0,1
C14936,2024,7,July,1,1,1,0
C14936,2025,4,April,2,1,0,0
C14936,2025,12,December,3,2,0,1
C14937,2024,8,August,1,1,1,0
C14938,2024,9,September,1,0,1,0
C14938,2024,12,December,2,1,0,0
C14939,2024,8,August,1,1,1,0
C14939,2025,11,November,2,2,0,1
C14940,2024,10,October,1,1,1,0
C14940,2024,11,November,2,3,0,1
C14940,2024,12,December,4,4,0,1
C14940,2025,10,October,5,6,0,1
C14940,2025,12,December,7,9,0,1
C14941,2024,8,August,1,2,0,1
C14941,2024,9,September,3,5,0,1
C14941,2024,12,December,6,6,0,1
C14941,2025,2,February,7,7,0,1
C14941,2025,7,July,8,8,0,1
C14941,2025,8,August,10,9,0,1
C14941,2025,10,October,11,10,0,1
C14942,2024,7,July,1,0,1,0
C14942,2024,11,November,2,1,0,0
C14942,2025,7,July,3,1,0,0
C14942,2025,10,October,4,2,0,1
C14943,2024,9,September,1,1,1,0
C14943,2024,11,November,2,2,0,1
C14943,2024,12,December,3,3,0,1
C14943,2025,3,March,4,4,0,1
C14943,2025,9,September,5,6,0,1
C14943,2025,10,October,7,7,0,1
C14944,2025,1,January,1,1,1,0
C14944,2025,2,February,2,3,0,1
C14945,2025,2,February,1,0,1,0
C14945,2025,10,October,2,1,0,0
C14946,2024,8,August,1,1,1,0
C14946,2024,10,October,2,3,0,1
C14946,2025,11,November,4,4,0,1
C14947,2024,12,December,1,1,1,0
C14947,2025,2,February,2,2,0,1
C14947,2025,3,March,3,3,0,1
C14947,2025,5,May,4,4,0,1
C14948,2024,8,August,1,0,1,0
C14948,2024,9,September,2,1,0,0
C14948,2025,4,April,3,2,0,1
C14948,2025,11,November,4,3,0,1
C14949,2025,2,February,1,2,0,1
C14949,2025,7,July,3,4,0,1
C14949,2025,9,September,5,5,0,1
C14949,2025,12,December,6,6,0,1
C14950,2024,12,December,1,2,0,1
C14950,2025,5,May,3,3,0,1
C14951,2025,7,July,1,2,0,1
C14951,2025,9,September,3,3,0,1
C14951,2025,11,November,4,4,0,1
C14952,2024,10,October,1,1,1,0
C14952,2024,11,November,2,3,0,1
C14952,2025,1,January,4,4,0,1
C14952,2025,7,July,5,5,0,1
C14953,2025,7,July,1,1,1,0
C14953,2025,11,November,2,2,0,1
C14954,2024,11,November,1,1,1,0
C14954,2025,3,March,3,2,0,1
C14954,2025,9,September,4,2,0,1
C14955,2024,11,November,1,1,1,0
C14955,2025,4,April,2,2,0,1
C14955,2025,6,June,3,3,0,1
C14956,2024,10,October,1,0,1,0
C14956,2025,3,March,2,1,0,0
C14956,2025,10,October,4,2,0,1
C14957,2024,11,November,1,2,0,1
C14957,2025,2,February,3,3,0,1
C14957,2025,8,August,4,5,0,1
C14957,2025,11,November,6,6,0,1
C14958,2025,3,March,1,1,1,0
C14959,2024,9,September,1,1,1,0
C14959,2024,11,November,2,1,0,0
C14959,2025,8,August,3,2,0,1
C14959,2025,12,December,4,3,0,1
C14960,2025,3,March,1,1,1,0
C14961,2025,1,January,1,1,1,0
C14962,2024,8,August,1,1,1,0
C14962,2024,11,November,2,1,0,0
C14962,2025,2,February,3,1,0,0
C14962,2025,4,April,4,2,0,1
C14962,2025,7,July,5,3,0,1
C14962,2025,8,August,6,4,0,1
C14963,2025,2,February,1,1,1,0
C14964,2024,8,August,1,2,0,1
C14964,2024,12,December,3,2,0,1
C14964,2025,3,March,4,3,0,1
C14965,2024,7,July,1,0,1,0
C14965,2025,1,January,2,1,0,0
C14965,2025,3,March,3,2,0,1
C14965,2025,8,August,4,4,0,1
C14965,2025,11,November,6,5,0,1
C14966,2024,11,November,1,0,1,0
C14966,2025,4,April,2,1,0,0
C14966,2025,5,May,3,2,0,1
C14967,2024,9,September,1,1,1,0
C14967,2024,11,November,3,1,0,0
C14967,2025,1,January,4,2,0,1
C14967,2025,3,March,5,4,0,1
C14967,2025,4,April,7,5,0,1
C14967,2025,7,July,8,6,0,1
C14967,2025,12,December,9,7,0,1
C14968,2024,8,August,1,1,1,0
C14968,2024,9,September,2,2,0,1
C14968,2024,12,December,3,3,0,1
C14968,2025,10,October,4,4,0,1
C14969,2025,5,May,1,1,1,0
C14970,2024,7,July,1,1,1,0
C14970,2024,10,October,2,2,0,1
C14970,2024,11,November,3,3,0,1
C14971,2024,9,September,1,0,1,0
C14971,2024,10,October,2,0,0,0
C14971,2024,12,December,3,2,0,1
C14971,2025,2,February,5,3,0,1
C14971,2025,3,March,6,4,0,1
C14971,2025,4,April,7,6,0,1
C14971,2025,5,May,9,7,0,1
C14972,2024,9,September,1,1,1,0
C14972,2025,1,January,2,2,0,1
C14972,2025,2,February,3,3,0,1
C14972,2025,7,July,4,4,0,1
C14972,2025,10,October,5,5,0,1
C14972,2025,12,December,6,6,0,1
C14973,2024,9,September,1,0,1,0
C14973,2025,4,April,2,0,0,0
C14973,2025,9,September,3,0,0,0
C14974,2025,3,March,1,1,1,0
C14974,2025,8,August,2,1,0,0
C14974,2025,9,September,3,2,0,1
C14974,2025,12,December,4,3,0,1
C14975,2024,10,October,1,1,1,0
C14975,2025,7,July,2,1,0,0
C14976,2025,7,July,1,0,1,0
C14976,2025,9,September,2,1,0,0
C14977,2024,11,November,1,1,1,0
C14977,2024,12,December,2,2,0,1
C14977,2025,7,July,3,3,0,1
C14977,2025,11,November,4,4,0,1
C14978,2024,8,August,1,2,0,1
C14978,2025,1,January,3,3,0,1
C14978,2025,9,September,4,3,0,1
C14979,2025,4,April,1,0,1,0
C14979,2025,6,June,2,1,0,0
C14979,2025,8,August,3,2,0,1
C14979,2025,10,October,4,3,0,1
C14980,2025,6,June,1,0,1,0
C14981,2024,12,December,1,1,1,0
C14981,2025,5,May,2,2,0,1
C14981,2025,8,August,3,2,0,1
C14982,2024,8,August,1,1,1,0
C14982,2025,1,January,2,2,0,1
C14983,2024,9,September,1,1,1,0
C14983,2024,12,December,2,3,0,1
C14983,2025,4,April,4,4,0,1
C14983,2025,9,September,5,5,0,1
C14984,2024,9,September,1,1,1,0
C14984,2024,10,October,2,2,0,1
C14984,2025,11,November,3,3,0,1
C14985,2024,12,December,1,1,1,0
C14985,2025,1,January,2,2,0,1
C14985,2025,2,February,3,3,0,1
C14985,2025,12,December,4,4,0,1
C14986,2025,8,August,1,1,1,0
C14986,2025,11,November,2,2,0,1
C14987,2024,9,September,1,1,1,0
C14987,2024,11,November,2,1,0,0
C14987,2024,12,December,3,2,0,1
C14987,2025,1,January,4,3,0,1
C14987,2025,2,February,5,4,0,1
C14987,2025,7,July,6,4,0,1
C14987,2025,10,October,7,5,0,1
C14988,2024,9,September,1,1,1,0
C14988,2025,6,June,2,2,0,1
C14989,2025,4,April,1,1,1,0
C14989,2025,10,October,2,2,0,1
C14990,2024,8,August,1,1,1,0
C14990,2024,10,October,2,2,0,1
C14990,2025,8,August,3,2,0,1
C14990,2025,11,November,4,3,0,1
C14990,2025,12,December,5,4,0,1
C14991,2025,3,March,1,1,1,0
C14992,2025,2,February,1,1,1,0
C14992,2025,4,April,2,2,0,1
C14992,2025,5,May,3,3,0,1
C14992,2025,11,November,4,4,0,1
C14993,2024,8,August,1,1,1,0
C14993,2024,10,October,2,2,0,1
C14993,2024,11,November,3,3,0,1
C14993,2025,4,April,4,4,0,1
C14993,2025,8,August,5,5,0,1
C14994,2024,7,July,1,1,1,0
C14994,2025,4,April,2,2,0,1
C14994,2025,7,July,3,3,0,1
C14994,2025,9,September,4,3,0,1
C14994,2025,10,October,5,4,0,1
C14995,2024,9,September,1,0,1,0
C14995,2024,11,November,2,1,0,0
C14995,2025,2,February,3,2,0,1
C14995,2025,5,May,4,3,0,1
C14995,2025,6,June,5,4,0,1
C14995,2025,10,October,6,5,0,1
C14997,2024,7,July,1,1,1,0
C14997,2025,5,May,2,2,0,1
C14997,2025,6,June,3,3,0,1
C14998,2025,1,January,1,1,1,0
C14998,2025,3,March,2,1,0,0
C14998,2025,8,August,3,2,0,1
C14998,2025,9,September,4,3,0,1
C14998,2025,12,December,5,3,0,1
C14999,2024,8,August,1,1,1,0
C14999,2024,9,September,2,2,0,1
C14999,2025,3,March,3,5,0,1
C14999,2025,7,July,6,5,0,1
C14999,2025,8,August,7,6,0,1
C14999,2025,12,December,8,6,0,1
C15000,2025,2,February,1,1,1,0
C15000,2025,9,September,2,1,0,0
C15001,2025,8,August,1,1,1,0
C15002,2024,7,July,1,1,1,0
C15002,2024,10,October,2,2,0,1
C15002,2024,11,November,3,3,0,1
C15003,2024,11,November,1,2,0,1
C15004,2025,3,March,1,1,1,0
C15004,2025,4,April,2,2,0,1
C15004,2025,10,October,3,3,0,1
C15005,2025,4,April,1,1,1,0
C15005,2025,10,October,2,1,0,0
C15006,2025,5,May,1,0,1,0
C15007,2024,8,August,1,1,1,0
C15007,2024,9,September,2,2,0,1
C15007,2024,10,October,3,2,0,1
C15007,2025,3,March,4,3,0,1
C15007,2025,7,July,5,4,0,1
C15008,2024,10,October,1,1,1,0
C15008,2025,4,April,2,2,0,1
C15008,2025,5,May,3,3,0,1
C15008,2025,8,August,4,4,0,1
C15008,2025,9,September,5,5,0,1
C15008,2025,10,October,6,6,0,1
C15009,2024,7,July,1,1,1,0
C15009,2024,9,September,2,1,0,0
C15009,2025,1,January,3,2,0,1
C15009,2025,6,June,4,3,0,1
C15009,2025,11,November,5,4,0,1
C15011,2024,11,November,1,0,1,0
C15011,2025,1,January,2,1,0,0
C15011,2025,7,July,3,2,0,1
C15011,2025,9,September,4,3,0,1
C15011,2025,10,October,5,4,0,1
C15012,2024,10,October,1,1,1,0
C15012,2025,1,January,2,2,0,1
C15013,2025,1,January,1,0,1,0
C15013,2025,3,March,2,1,0,0
C15014,2024,8,August,1,1,1,0
C15014,2024,11,November,2,1,0,0
C15014,2025,3,March,3,2,0,1
C15014,2025,4,April,4,3,0,1
C15014,2025,6,June,5,3,0,1
C15014,2025,7,July,6,3,0,1
C15014,2025,11,November,7,4,0,1
C15014,2025,12,December,8,5,0,1
C15015,2024,8,August,1,1,1,0
C15015,2025,2,February,2,3,0,1
C15015,2025,5,May,4,4,0,1
C15015,2025,8,August,5,6,0,1
C15016,2024,11,November,1,1,1,0
C15016,2025,2,February,2,2,0,1
C15016,2025,5,May,3,3,0,1
C15016,2025,6,June,4,4,0,1
C15017,2025,8,August,1,1,1,0
C15019,2024,9,September,1,1,1,0
C15019,2025,6,June,2,2,0,1
C15019,2025,7,July,3,3,0,1
C15020,2024,12,December,1,2,0,1
C15020,2025,5,May,3,3,0,1
C15020,2025,7,July,4,3,0,1
C15020,2025,9,September,5,4,0,1
C15021,2024,8,August,1,1,1,0
C15021,2024,9,September,2,2,0,1
C15021,2024,10,October,3,3,0,1
C15021,2024,11,November,4,4,0,1
C15021,2025,5,May,5,5,0,1
C15022,2024,9,September,1,0,1,0
C15022,2024,10,October,2,1,0,0
C15022,2025,1,January,4,2,0,1
C15022,2025,2,February,5,3,0,1
C15022,2025,3,March,6,4,0,1
C15022,2025,7,July,7,5,0,1
C15022,2025,9,September,8,6,0,1
C15022,2025,12,December,9,7,0,1
C15023,2024,10,October,1,1,1,0
C15023,2024,11,November,2,2,0,1
C15023,2025,10,October,3,3,0,1
C15024,2024,9,September,1,1,1,0
C15024,2025,3,March,2,2,0,1
C15024,2025,4,April,3,3,0,1
C15024,2025,5,May,4,4,0,1
C15024,2025,6,June,5,5,0,1
C15024,2025,8,August,6,6,0,1
C15025,2024,8,August,1,1,1,0
C15025,2024,10,October,2,2,0,1
C15025,2024,11,November,3,3,0,1
C15025,2024,12,December,4,4,0,1
C15025,2025,5,May,5,5,0,1
C15025,2025,6,June,6,6,0,1
C15026,2024,8,August,1,1,1,0
C15026,2025,3,March,2,1,0,0
C15027,2025,11,November,1,1,1,0
C15028,2024,12,December,1,0,1,0
C15028,2025,4,April,2,1,0,0
C15028,2025,6,June,3,2,0,1
C15028,2025,12,December,4,3,0,1
C15029,2024,8,August,1,1,1,0
C15029,2024,11,November,2,2,0,1
C15029,2024,12,December,3,3,0,1
C15029,2025,2,February,5,5,0,1
C15029,2025,3,March,7,6,0,1
C15029,2025,6,June,8,6,0,1
C15029,2025,7,July,9,7,0,1
C15029,2025,10,October,11,9,0,1
C15030,2025,9,September,1,1,1,0
C15031,2024,9,September,1,1,1,0
C15031,2024,10,October,2,2,0,1
C15031,2025,7,July,3,2,0,1
C15031,2025,8,August,4,3,0,1
C15032,2024,7,July,1,1,1,0
C15032,2024,8,August,2,2,0,1
C15032,2025,6,June,3,3,0,1
C15032,2025,8,August,4,4,0,1
C15033,2024,8,August,1,1,1,0
C15033,2025,6,June,2,2,0,1
C15034,2024,8,August,1,1,1,0
C15034,2024,12,December,2,2,0,1
C15034,2025,11,November,3,3,0,1
C15035,2025,1,January,1,0,1,0
C15035,2025,2,February,2,1,0,0
C15035,2025,8,August,3,2,0,1
C15036,2025,7,July,1,1,1,0
C15036,2025,10,October,2,2,0,1
C15036,2025,11,November,3,3,0,1
C15037,2024,7,July,1,1,1,0
C15037,2024,8,August,2,2,0,1
C15037,2025,1,January,4,2,0,1
C15037,2025,4,April,5,5,0,1
C15037,2025,7,July,8,6,0,1
C15037,2025,11,November,9,7,0,1
C15037,2025,12,December,10,8,0,1
C15038,2024,9,September,1,1,1,0
C15038,2024,11,November,2,2,0,1
C15038,2024,12,December,3,3,0,1
C15038,2025,1,January,4,5,0,1
C15038,2025,2,February,6,6,0,1
C15038,2025,7,July,7,7,0,1
C15039,2024,8,August,1,1,1,0
C15039,2025,7,July,2,2,0,1
C15039,2025,9,September,3,3,0,1
C15039,2025,12,December,5,4,0,1
C15040,2025,9,September,1,0,1,0
C15041,2025,11,November,1,1,1,0
C15042,2024,12,December,1,1,1,0
C15042,2025,7,July,2,2,0,1
C15043,2024,8,August,1,1,1,0
C15043,2024,9,September,2,2,0,1
C15043,2024,11,November,3,3,0,1
C15043,2025,2,February,4,4,0,1
C15044,2024,8,August,1,1,1,0
C15044,2024,11,November,2,2,0,1
C15044,2024,12,December,3,3,0,1
C15044,2025,4,April,4,4,0,1
C15044,2025,10,October,5,5,0,1
C15045,2025,7,July,1,0,1,0
C15045,2025,11,November,2,1,0,0
C15046,2024,7,July,1,1,1,0
C15046,2025,3,March,2,2,0,1
C15046,2025,7,July,3,2,0,1
C15046,2025,10,October,4,3,0,1
C15046,2025,11,November,5,4,0,1
C15046,2025,12,December,6,5,0,1
C15047,2024,9,September,1,1,1,0
C15047,2025,4,April,2,2,0,1
C15048,2025,1,January,1,1,1,0
C15048,2025,4,April,2,2,0,1
C15049,2024,9,September,1,1,1,0
C15049,2024,11,November,2,2,0,1
C15049,2025,3,March,3,3,0,1
C15049,2025,4,April,4,4,0,1
C15049,2025,6,June,5,5,0,1
C15049,2025,11,November,6,6,0,1
C15050,2025,6,June,1,1,1,0
C15050,2025,7,July,2,1,0,0
C15051,2024,8,August,1,1,1,0
C15051,2024,9,September,2,2,0,1
C15051,2025,2,February,4,3,0,1
C15051,2025,5,May,5,4,0,1
C15051,2025,6,June,6,5,0,1
C15052,2024,12,December,1,1,1,0
C15052,2025,1,January,2,1,0,0
C15053,2024,8,August,1,0,1,0
C15053,2024,10,October,2,2,0,1
C15053,2024,11,November,5,3,0,1
C15053,2024,12,December,6,4,0,1
C15053,2025,1,January,7,5,0,1
C15053,2025,9,September,9,6,0,1
C15053,2025,12,December,10,7,0,1
C15054,2024,12,December,1,1,1,0
C15054,2025,2,February,2,2,0,1
C15054,2025,10,October,3,3,0,1
C15055,2024,9,September,1,2,0,1
C15055,2024,11,November,3,3,0,1
C15055,2025,7,July,4,4,0,1
C15055,2025,12,December,5,5,0,1
C15056,2024,8,August,1,1,1,0
C15056,2024,11,November,2,2,0,1
C15056,2025,2,February,4,3,0,1
C15057,2024,9,September,1,1,1,0
C15057,2025,3,March,2,2,0,1
C15057,2025,5,May,3,3,0,1
C15058,2024,11,November,1,2,0,1
C15058,2025,6,June,3,2,0,1
C15058,2025,10,October,4,3,0,1
C15059,2024,9,September,1,1,1,0
C15059,2024,10,October,2,2,0,1
C15059,2024,12,December,3,3,0,1
C15059,2025,9,September,4,3,0,1
C15059,2025,10,October,5,4,0,1
C15060,2025,5,May,1,1,1,0
C15060,2025,10,October,2,2,0,1
C15061,2025,4,April,1,1,1,0
C15061,2025,6,June,2,2,0,1
C15061,2025,7,July,3,3,0,1
C15062,2024,8,August,1,0,1,0
C15062,2025,4,April,2,1,0,0
C15062,2025,9,September,3,2,0,1
C15062,2025,11,November,4,3,0,1
C15063,2025,4,April,1,1,1,0
C15063,2025,6,June,2,2,0,1
C15064,2025,5,May,1,0,1,0
C15064,2025,7,July,2,0,0,0
C15064,2025,12,December,3,2,0,1
C15065,2025,1,January,1,1,1,0
C15065,2025,4,April,2,2,0,1
C15065,2025,9,September,3,3,0,1
C15065,2025,12,December,4,4,0,1
C15066,2024,12,December,1,1,1,0
C15066,2025,1,January,2,2,0,1
C15066,2025,3,March,3,3,0,1
C15066,2025,4,April,4,3,0,1
C15066,2025,5,May,5,3,0,1
C15066,2025,7,July,6,5,0,1
C15066,2025,8,August,8,6,0,1
C15066,2025,9,September,9,8,0,1
C15067,2025,9,September,1,1,1,0
C15067,2025,10,October,2,2,0,1
C15067,2025,11,November,3,3,0,1
C15068,2024,9,September,1,0,1,0
C15068,2024,12,December,2,0,0,0
C15069,2024,7,July,1,1,1,0
C15069,2025,5,May,2,2,0,1
C15069,2025,6,June,3,3,0,1
C15069,2025,7,July,4,4,0,1
C15069,2025,8,August,5,5,0,1
C15070,2024,8,August,1,1,1,0
C15070,2025,4,April,2,1,0,0
C15070,2025,6,June,3,2,0,1
C15070,2025,9,September,4,3,0,1
C15071,2025,2,February,1,1,1,0
C15071,2025,7,July,2,3,0,1
C15071,2025,11,November,4,4,0,1
C15072,2024,8,August,1,1,1,0
C15072,2025,8,August,2,2,0,1
C15072,2025,10,October,3,3,0,1
C15072,2025,11,November,4,4,0,1
C15073,2024,7,July,1,1,1,0
C15073,2024,8,August,2,2,0,1
C15073,2024,10,October,3,3,0,1
C15073,2024,11,November,4,4,0,1
C15073,2024,12,December,5,5,0,1
C15073,2025,1,January,6,9,0,1
C15073,2025,4,April,10,10,0,1
C15073,2025,7,July,11,11,0,1
C15073,2025,10,October,12,12,0,1
C15074,2024,9,September,1,1,1,0
C15074,2024,10,October,2,2,0,1
C15074,2024,12,December,3,3,0,1
C15074,2025,9,September,4,4,0,1
C15075,2024,9,September,1,1,1,0
C15075,2024,10,October,2,2,0,1
C15075,2024,11,November,3,3,0,1
C15075,2025,1,January,4,4,0,1
C15075,2025,5,May,5,4,0,1
C15075,2025,8,August,6,6,0,1
C15075,2025,11,November,8,7,0,1
C15076,2024,8,August,1,1,1,0
C15076,2025,7,July,2,2,0,1
C15076,2025,11,November,4,3,0,1
C15077,2024,10,October,1,1,1,0
C15077,2025,2,February,2,2,0,1
C15078,2024,8,August,1,1,1,0
C15078,2024,10,October,2,2,0,1
C15078,2024,12,December,3,3,0,1
C15078,2025,1,January,4,4,0,1
C15078,2025,2,February,5,5,0,1
C15078,2025,8,August,6,7,0,1
C15078,2025,11,November,8,8,0,1
C15078,2025,12,December,9,10,0,1
C15079,2025,3,March,1,0,1,0
C15079,2025,4,April,2,1,0,0
C15080,2024,7,July,1,1,1,0
C15080,2024,8,August,2,2,0,1
C15080,2024,9,September,3,5,0,1
C15080,2024,11,November,6,7,0,1
C15080,2025,5,May,8,8,0,1
C15080,2025,6,June,9,9,0,1
C15080,2025,7,July,10,10,0,1
C15080,2025,8,August,11,11,0,1
C15080,2025,9,September,12,11,0,1
C15080,2025,10,October,13,12,0,1
C15080,2025,11,November,14,13,0,1
C15081,2024,7,July,1,0,1,0
C15081,2025,10,October,2,0,0,0
C15082,2024,7,July,1,1,1,0
C15082,2025,5,May,2,2,0,1
C15082,2025,12,December,3,3,0,1
C15083,2024,11,November,1,1,1,0
C15083,2025,4,April,2,2,0,1
C15085,2024,7,July,1,1,1,0
C15085,2024,9,September,2,2,0,1
C15085,2024,10,October,3,3,0,1
C15085,2024,12,December,4,4,0,1
C15085,2025,1,January,5,5,0,1
C15085,2025,2,February,6,6,0,1
C15085,2025,8,August,7,8,0,1
C15085,2025,9,September,9,9,0,1
C15085,2025,11,November,10,10,0,1
C15085,2025,12,December,11,11,0,1
C15086,2024,11,November,1,2,0,1
C15086,2025,5,May,3,3,0,1
C15086,2025,7,July,4,3,0,1
C15087,2024,7,July,1,1,1,0
C15087,2024,8,August,2,2,0,1
C15087,2024,10,October,3,3,0,1
C15087,2025,10,October,4,4,0,1
C15089,2024,7,July,1,1,1,0
C15089,2024,8,August,2,2,0,1
C15089,2025,1,January,3,3,0,1
C15089,2025,10,October,4,4,0,1
C15090,2024,8,August,1,1,1,0
C15090,2025,7,July,2,1,0,0
C15090,2025,10,October,3,1,0,0
C15091,2025,1,January,1,1,1,0
C15091,2025,5,May,2,2,0,1
C15092,2024,8,August,1,0,1,0
C15092,2024,10,October,2,1,0,0
C15092,2025,9,September,3,2,0,1
C15092,2025,12,December,4,3,0,1
C15093,2024,11,November,1,1,1,0
C15093,2025,7,July,2,2,0,1
C15094,2024,12,December,1,1,1,0
C15094,2025,4,April,2,2,0,1
C15094,2025,10,October,3,3,0,1
C15095,2024,8,August,1,1,1,0
C15095,2025,10,October,2,2,0,1
C15096,2024,9,September,1,0,1,0
C15097,2024,9,September,1,0,1,0
C15097,2025,12,December,2,2,0,1
C15098,2024,10,October,1,0,1,0
C15098,2025,1,January,2,1,0,0
C15098,2025,2,February,3,3,0,1
C15099,2024,8,August,1,1,1,0
C15099,2025,3,March,2,2,0,1
C15099,2025,9,September,3,3,0,1
C15100,2024,10,October,1,1,1,0
C15100,2025,8,August,2,2,0,1
C15101,2025,1,January,1,2,0,1
C15101,2025,2,February,3,2,0,1
C15101,2025,12,December,4,2,0,1
C15102,2024,9,September,1,1,1,0
C15102,2025,4,April,2,2,0,1
C15102,2025,8,August,3,3,0,1
C15102,2025,9,September,5,3,0,1
C15103,2025,11,November,1,1,1,0
C15104,2024,9,September,1,1,1,0
C15104,2025,5,May,2,3,0,1
C15105,2025,1,January,1,1,1,0
C15105,2025,2,February,2,1,0,0
C15105,2025,8,August,3,2,0,1
C15105,2025,11,November,4,3,0,1
C15106,2024,8,August,1,1,1,0
C15106,2024,9,September,2,2,0,1
C15106,2025,3,March,3,3,0,1
C15106,2025,5,May,4,4,0,1
C15106,2025,12,December,5,5,0,1
C15107,2025,9,September,1,1,1,0
C15108,2025,8,August,1,1,1,0
C15109,2024,8,August,1,2,0,1
C15109,2024,10,October,4,3,0,1
C15109,2025,3,March,5,4,0,1
C15109,2025,8,August,6,5,0,1
C15110,2024,8,August,1,1,1,0
C15110,2024,9,September,2,2,0,1
C15110,2024,11,November,3,3,0,1
C15110,2025,3,March,4,4,0,1
C15110,2025,8,August,5,4,0,1
C15111,2025,7,July,1,1,1,0
C15111,2025,10,October,2,2,0,1
C15111,2025,11,November,3,3,0,1
C15111,2025,12,December,4,4,0,1
C15112,2025,3,March,1,1,1,0
C15112,2025,8,August,2,2,0,1
C15112,2025,10,October,3,3,0,1
C15112,2025,11,November,4,4,0,1
C15113,2025,3,March,1,1,1,0
C15113,2025,11,November,2,2,0,1
C15114,2025,1,January,1,1,1,0
C15115,2024,11,November,1,1,1,0
C15115,2025,3,March,3,1,0,0
C15115,2025,9,September,4,2,0,1
C15116,2024,10,October,1,1,1,0
C15116,2024,11,November,2,1,0,0
C15117,2024,8,August,1,1,1,0
C15117,2024,9,September,2,3,0,1
C15117,2024,12,December,4,4,0,1
C15117,2025,1,January,5,5,0,1
C15117,2025,2,February,7,6,0,1
C15117,2025,5,May,8,7,0,1
C15117,2025,8,August,9,8,0,1
C15117,2025,9,September,10,9,0,1
C15117,2025,11,November,11,10,0,1
C15117,2025,12,December,13,11,0,1
C15118,2024,10,October,1,1,1,0
C15118,2025,1,January,2,2,0,1
C15118,2025,4,April,3,3,0,1
C15118,2025,5,May,4,3,0,1
C15118,2025,7,July,5,4,0,1
C15118,2025,12,December,6,5,0,1
C15119,2024,9,September,1,1,1,0
C15120,2024,7,July,1,1,1,0
C15120,2024,11,November,2,2,0,1
C15120,2025,7,July,3,3,0,1
C15120,2025,8,August,4,5,0,1
C15120,2025,11,November,6,6,0,1
C15121,2024,8,August,1,1,1,0
C15121,2024,10,October,2,2,0,1
C15121,2025,11,November,3,2,0,1
C15121,2025,12,December,4,3,0,1
C15122,2025,6,June,1,0,1,0
C15123,2024,8,August,1,1,1,0
C15123,2024,10,October,2,2,0,1
C15124,2024,12,December,1,1,1,0
C15124,2025,3,March,2,1,0,0
C15124,2025,4,April,3,2,0,1
C15124,2025,5,May,4,3,0,1
C15124,2025,8,August,5,4,0,1
C15124,2025,9,September,6,5,0,1
C15124,2025,11,November,7,5,0,1
C15124,2025,12,December,8,5,0,1
C15125,2024,11,November,1,2,0,1
C15125,2025,2,February,3,2,0,1
C15125,2025,6,June,4,2,0,1
C15125,2025,7,July,5,3,0,1
C15125,2025,10,October,6,3,0,1
C15125,2025,11,November,7,4,0,1
C15125,2025,12,December,8,5,0,1
C15126,2024,11,November,1,1,1,0
C15126,2025,1,January,2,1,0,0
C15127,2025,5,May,1,1,1,0
C15127,2025,7,July,2,1,0,0
C15128,2024,7,July,1,1,1,0
C15128,2024,10,October,2,2,0,1
C15128,2025,1,January,3,3,0,1
C15128,2025,7,July,4,4,0,1
C15128,2025,10,October,5,5,0,1
C15129,2024,10,October,1,1,1,0
C15129,2025,3,March,2,2,0,1
C15129,2025,5,May,3,2,0,1
C15129,2025,11,November,4,4,0,1
C15130,2024,7,July,1,1,1,0
C15130,2024,8,August,2,2,0,1
C15130,2025,1,January,3,4,0,1
C15130,2025,2,February,5,4,0,1
C15130,2025,8,August,6,5,0,1
C15130,2025,11,November,7,5,0,1
C15131,2025,1,January,1,1,1,0
C15131,2025,6,June,2,2,0,1
C15131,2025,11,November,3,3,0,1
C15131,2025,12,December,4,4,0,1
C15132,2024,8,August,1,0,1,0
C15132,2024,12,December,2,1,0,0
C15132,2025,3,March,3,2,0,1
C15132,2025,4,April,5,3,0,1
C15132,2025,12,December,6,4,0,1
C15133,2024,9,September,1,0,1,0
C15133,2024,10,October,2,1,0,0
C15133,2024,11,November,3,2,0,1
C15133,2024,12,December,4,4,0,1
C15133,2025,9,September,6,5,0,1
C15133,2025,10,October,7,6,0,1
C15134,2025,8,August,1,1,1,0
C15135,2024,9,September,1,1,1,0
C15135,2024,11,November,2,2,0,1
C15135,2025,5,May,3,3,0,1
C15135,2025,9,September,4,4,0,1
C15135,2025,10,October,5,5,0,1
C15135,2025,11,November,6,5,0,1
C15136,2024,8,August,1,1,1,0
C15136,2024,9,September,2,2,0,1
C15136,2024,10,October,3,3,0,1
C15136,2024,11,November,4,4,0,1
C15136,2025,1,January,5,5,0,1
C15136,2025,4,April,6,6,0,1
C15136,2025,5,May,7,7,0,1
C15136,2025,6,June,8,8,0,1
C15136,2025,8,August,9,10,0,1
C15137,2025,7,July,1,1,1,0
C15138,2024,12,December,1,0,1,0
C15138,2025,8,August,2,1,0,0
C15139,2025,1,January,1,0,1,0
C15139,2025,2,February,2,1,0,0
C15139,2025,12,December,3,2,0,1
C15140,2025,6,June,1,2,0,1
C15140,2025,7,July,3,3,0,1
C15140,2025,9,September,4,4,0,1
C15141,2024,7,July,1,0,1,0
C15141,2024,8,August,2,1,0,0
C15141,2025,10,October,3,1,0,0
C15142,2024,8,August,1,1,1,0
C15142,2024,9,September,2,2,0,1
C15142,2025,1,January,3,3,0,1
C15142,2025,2,February,4,3,0,1
C15142,2025,3,March,5,4,0,1
C15142,2025,4,April,7,5,0,1
C15142,2025,5,May,8,6,0,1
C15142,2025,6,June,9,9,0,1
C15142,2025,10,October,12,10,0,1
C15142,2025,12,December,13,10,0,1
C15143,2024,7,July,1,0,1,0
C15143,2024,8,August,2,1,0,0
C15143,2024,10,October,3,2,0,1
C15143,2025,1,January,4,3,0,1
C15143,2025,3,March,5,4,0,1
C15143,2025,6,June,7,5,0,1
C15143,2025,12,December,8,6,0,1
C15145,2024,12,December,1,1,1,0
C15145,2025,2,February,2,2,0,1
C15145,2025,5,May,3,3,0,1
C15145,2025,12,December,4,4,0,1
C15146,2024,10,October,1,1,1,0
C15146,2025,1,January,2,2,0,1
C15146,2025,5,May,3,3,0,1
C15146,2025,7,July,4,4,0,1
C15146,2025,10,October,5,5,0,1
C15147,2024,8,August,1,1,1,0
C15147,2024,10,October,2,2,0,1
C15147,2024,12,December,3,4,0,1
C15147,2025,6,June,5,5,0,1
C15147,2025,7,July,6,5,0,1
C15147,2025,8,August,7,6,0,1
C15147,2025,10,October,8,6,0,1
C15148,2024,8,August,1,1,1,0
C15148,2024,11,November,2,3,0,1
C15148,2025,3,March,4,5,0,1
C15148,2025,8,August,6,6,0,1
C15148,2025,9,September,7,7,0,1
C15148,2025,12,December,8,8,0,1
C15149,2024,7,July,1,1,1,0
C15149,2024,11,November,2,2,0,1
C15149,2025,2,February,3,3,0,1
C15149,2025,4,April,4,4,0,1
C15149,2025,6,June,5,5,0,1
C15149,2025,7,July,6,6,0,1
C15149,2025,9,September,7,6,0,1
C15151,2024,8,August,1,2,0,1
C15151,2025,2,February,5,2,0,1
C15151,2025,6,June,6,3,0,1
C15151,2025,8,August,7,4,0,1
C15151,2025,9,September,8,5,0,1
C15154,2024,11,November,1,1,1,0
C15154,2025,9,September,2,1,0,0
C15155,2024,7,July,1,1,1,0
C15155,2024,8,August,2,2,0,1
C15155,2024,9,September,3,3,0,1
C15155,2024,11,November,4,4,0,1
C15155,2025,1,January,5,5,0,1
C15155,2025,2,February,6,8,0,1
C15155,2025,4,April,9,9,0,1
C15155,2025,9,September,10,10,0,1
C15155,2025,11,November,11,11,0,1
C15156,2025,2,February,1,0,1,0
C15156,2025,10,October,2,1,0,0
C15157,2024,12,December,1,1,1,0
C15157,2025,1,January,2,2,0,1
C15157,2025,6,June,3,2,0,1
C15157,2025,12,December,4,3,0,1
C15158,2024,10,October,1,1,1,0
C15158,2025,3,March,2,2,0,1
C15158,2025,5,May,3,3,0,1
C15158,2025,12,December,4,3,0,1
C15159,2024,11,November,1,1,1,0
C15160,2024,12,December,1,0,1,0
C15160,2025,6,June,2,0,0,0
C15161,2024,10,October,1,1,1,0
C15161,2024,12,December,2,2,0,1
C15161,2025,6,June,4,2,0,1
C15161,2025,7,July,5,3,0,1
C15162,2024,7,July,1,3,0,1
C15162,2024,11,November,4,4,0,1
C15162,2024,12,December,5,4,0,1
C15162,2025,2,February,6,5,0,1
C15162,2025,4,April,9,6,0,1
C15162,2025,5,May,10,7,0,1
C15162,2025,7,July,11,8,0,1
C15162,2025,8,August,12,8,0,1
C15162,2025,9,September,13,9,0,1
C15163,2024,9,September,1,1,1,0
C15163,2024,12,December,2,2,0,1
C15163,2025,8,August,3,2,0,1
C15163,2025,11,November,4,3,0,1
C15164,2024,11,November,1,0,1,0
C15164,2024,12,December,2,2,0,1
C15164,2025,11,November,4,3,0,1
C15165,2024,7,July,1,1,1,0
C15165,2024,8,August,2,2,0,1
C15165,2024,10,October,3,3,0,1
C15165,2025,1,January,4,4,0,1
C15165,2025,4,April,5,4,0,1
C15165,2025,9,September,6,5,0,1
C15165,2025,11,November,7,6,0,1
C15166,2024,11,November,1,2,0,1
C15166,2024,12,December,3,4,0,1
C15166,2025,1,January,5,5,0,1
C15166,2025,8,August,6,6,0,1
C15167,2024,10,October,1,1,1,0
C15167,2024,11,November,2,2,0,1
C15168,2025,3,March,1,1,1,0
C15169,2024,7,July,1,0,1,0
C15169,2024,9,September,2,0,0,0
C15169,2024,10,October,3,1,0,0
C15169,2025,3,March,4,2,0,1
C15169,2025,9,September,5,3,0,1
C15170,2024,9,September,1,1,1,0
C15170,2024,12,December,2,2,0,1
C15170,2025,4,April,3,2,0,1
C15170,2025,7,July,4,3,0,1
C15170,2025,10,October,5,4,0,1
C15171,2025,8,August,1,1,1,0
C15171,2025,12,December,2,2,0,1
C15172,2024,8,August,1,1,1,0
C15172,2024,10,October,2,3,0,1
C15172,2025,4,April,5,4,0,1
C15172,2025,7,July,6,5,0,1
C15172,2025,10,October,7,6,0,1
C15172,2025,12,December,8,7,0,1
C15173,2024,7,July,1,1,1,0
C15173,2025,7,July,2,2,0,1
C15174,2024,9,September,1,1,1,0
C15174,2025,2,February,2,1,0,0
C15174,2025,3,March,3,2,0,1
C15174,2025,5,May,4,3,0,1
C15174,2025,6,June,5,3,0,1
C15174,2025,7,July,6,3,0,1
C15174,2025,9,September,7,3,0,1
C15174,2025,10,October,8,4,0,1
C15175,2024,11,November,1,1,1,0
C15175,2025,3,March,2,2,0,1
C15175,2025,5,May,3,2,0,1
C15175,2025,10,October,4,3,0,1
C15176,2024,10,October,1,1,1,0
C15176,2024,12,December,2,2,0,1
C15176,2025,1,January,3,3,0,1
C15176,2025,2,February,4,4,0,1
C15176,2025,4,April,5,5,0,1
C15176,2025,5,May,6,8,0,1
C15176,2025,6,June,9,9,0,1
C15176,2025,11,November,10,10,0,1
C15176,2025,12,December,11,11,0,1
C15178,2025,4,April,1,1,1,0
C15178,2025,10,October,2,1,0,0
C15178,2025,12,December,3,3,0,1
C15179,2024,7,July,1,1,1,0
C15179,2024,9,September,2,1,0,0
C15179,2025,3,March,3,2,0,1
C15179,2025,6,June,4,3,0,1
C15179,2025,12,December,5,4,0,1
C15180,2024,9,September,1,1,1,0
C15180,2024,10,October,2,2,0,1
C15181,2025,12,December,1,1,1,0
C15182,2024,7,July,1,1,1,0
C15182,2025,3,March,2,2,0,1
C15182,2025,4,April,3,3,0,1
C15182,2025,9,September,4,3,0,1
C15183,2024,7,July,1,1,1,0
C15183,2024,9,September,2,2,0,1
C15183,2024,11,November,3,3,0,1
C15183,2025,2,February,4,4,0,1
C15184,2025,1,January,1,1,1,0
C15184,2025,2,February,2,2,0,1
C15184,2025,3,March,3,3,0,1
C15184,2025,7,July,4,4,0,1
C15184,2025,12,December,5,5,0,1
C15185,2024,7,July,1,1,1,0
C15185,2024,10,October,2,2,0,1
C15185,2025,4,April,3,3,0,1
C15186,2024,7,July,1,2,0,1
C15186,2024,9,September,3,2,0,1
C15186,2024,10,October,4,3,0,1
C15186,2024,12,December,5,4,0,1
C15186,2025,7,July,6,5,0,1
C15186,2025,8,August,7,6,0,1
C15186,2025,10,October,8,7,0,1
C15187,2025,7,July,1,1,1,0
C15188,2024,10,October,1,0,1,0
C15188,2024,12,December,2,2,0,1
C15188,2025,3,March,4,2,0,1
C15188,2025,4,April,5,3,0,1
C15188,2025,7,July,6,3,0,1
C15188,2025,8,August,7,4,0,1
C15188,2025,11,November,8,5,0,1
C15189,2024,11,November,1,1,1,0
C15189,2025,3,March,2,2,0,1
C15189,2025,6,June,3,3,0,1
C15189,2025,12,December,4,4,0,1
C15190,2024,9,September,1,1,1,0
C15190,2025,1,January,2,1,0,0
C15190,2025,6,June,4,2,0,1
C15190,2025,12,December,5,3,0,1
C15191,2024,11,November,1,0,1,0
C15191,2025,2,February,2,1,0,0
C15191,2025,9,September,3,1,0,0
C15192,2024,7,July,1,0,1,0
C15192,2024,10,October,2,1,0,0
C15192,2025,4,April,3,2,0,1
C15192,2025,5,May,4,3,0,1
C15192,2025,7,July,5,4,0,1
C15193,2024,7,July,1,1,1,0
C15193,2024,10,October,2,2,0,1
C15194,2024,7,July,1,1,1,0
C15194,2024,8,August,2,2,0,1
C15194,2025,5,May,3,2,0,1
C15194,2025,6,June,4,3,0,1
C15194,2025,7,July,5,5,0,1
C15194,2025,11,November,7,6,0,1
C15195,2024,7,July,1,1,1,0
C15195,2024,9,September,2,2,0,1
C15195,2024,10,October,3,3,0,1
C15195,2024,12,December,4,4,0,1
C15195,2025,6,June,5,5,0,1
C15195,2025,8,August,6,7,0,1
C15195,2025,12,December,8,8,0,1
C15196,2025,3,March,1,1,1,0
C15197,2025,4,April,1,1,1,0
C15197,2025,7,July,2,2,0,1
C15197,2025,8,August,3,3,0,1
C15198,2024,10,October,1,1,1,0
C15198,2025,5,May,2,2,0,1
C15198,2025,8,August,3,3,0,1
C15199,2024,8,August,1,1,1,0
C15199,2024,12,December,2,1,0,0
C15199,2025,1,January,3,1,0,0
C15199,2025,3,March,4,2,0,1
C15199,2025,9,September,5,3,0,1
C15199,2025,11,November,6,3,0,1
C15200,2024,9,September,1,1,1,0
C15200,2024,11,November,2,1,0,0
C15201,2025,9,September,1,1,1,0
C15201,2025,11,November,2,3,0,1
C15202,2025,2,February,1,0,1,0
C15202,2025,7,July,2,1,0,0
C15203,2025,6,June,1,1,1,0
C15203,2025,8,August,2,4,0,1
C15203,2025,9,September,5,5,0,1
C15203,2025,10,October,6,6,0,1
C15204,2025,1,January,1,1,1,0
C15204,2025,12,December,2,3,0,1
C15205,2024,10,October,1,1,1,0
C15205,2025,6,June,2,2,0,1
C15205,2025,7,July,3,3,0,1
C15206,2024,7,July,1,1,1,0
C15206,2025,8,August,2,2,0,1
C15207,2024,8,August,1,0,1,0
C15207,2025,5,May,2,1,0,0
C15207,2025,7,July,3,2,0,1
C15208,2024,11,November,1,1,1,0
C15208,2024,12,December,2,2,0,1
C15208,2025,2,February,3,4,0,1
C15208,2025,7,July,5,6,0,1
C15208,2025,11,November,7,6,0,1
C15209,2024,7,July,1,0,1,0
C15209,2024,11,November,2,1,0,0
C15209,2024,12,December,5,3,0,1
C15209,2025,1,January,7,4,0,1
C15209,2025,5,May,8,5,0,1
C15209,2025,6,June,9,6,0,1
C15209,2025,7,July,10,7,0,1
C15209,2025,10,October,11,8,0,1
C15209,2025,11,November,12,9,0,1
C15210,2024,9,September,1,1,1,0
C15210,2025,1,January,2,2,0,1
C15210,2025,3,March,3,3,0,1
C15210,2025,5,May,4,4,0,1
C15210,2025,8,August,5,4,0,1
C15211,2024,9,September,1,3,0,1
C15211,2024,10,October,4,3,0,1
C15211,2024,11,November,5,3,0,1
C15211,2025,1,January,6,4,0,1
C15211,2025,3,March,7,6,0,1
C15211,2025,5,May,9,7,0,1
C15211,2025,11,November,10,8,0,1
C15211,2025,12,December,11,8,0,1
C15212,2024,8,August,1,1,1,0
C15212,2025,1,January,2,2,0,1
C15212,2025,2,February,3,2,0,1
C15212,2025,3,March,4,3,0,1
C15212,2025,9,September,5,4,0,1
C15212,2025,10,October,6,5,0,1
C15212,2025,11,November,7,6,0,1
C15212,2025,12,December,8,7,0,1
C15213,2024,12,December,1,1,1,0
C15213,2025,2,February,2,2,0,1
C15213,2025,3,March,3,3,0,1
C15213,2025,4,April,4,4,0,1
C15213,2025,7,July,5,5,0,1
C15213,2025,12,December,6,5,0,1
C15214,2025,7,July,1,1,1,0
C15215,2024,9,September,1,3,0,1
C15215,2025,6,June,4,4,0,1
C15215,2025,12,December,5,5,0,1
C15216,2024,7,July,1,1,1,0
C15216,2024,8,August,2,2,0,1
C15216,2024,9,September,3,3,0,1
C15216,2025,9,September,4,4,0,1
C15217,2024,10,October,1,2,0,1
C15217,2025,3,March,4,3,0,1
C15218,2025,3,March,1,1,1,0
C15218,2025,7,July,2,2,0,1
C15219,2024,8,August,1,1,1,0
C15219,2024,9,September,2,2,0,1
C15219,2024,12,December,3,2,0,1
C15219,2025,6,June,4,3,0,1
C15219,2025,7,July,5,4,0,1
C15219,2025,11,November,6,5,0,1
C15220,2024,7,July,1,1,1,0
C15220,2024,11,November,2,1,0,0
C15220,2025,9,September,3,1,0,0
C15220,2025,10,October,4,2,0,1
C15221,2024,11,November,1,1,1,0
C15222,2024,8,August,1,1,1,0
C15222,2024,10,October,2,1,0,0
C15222,2025,1,January,3,2,0,1
C15222,2025,3,March,4,3,0,1
C15222,2025,7,July,5,4,0,1
C15222,2025,9,September,6,5,0,1
C15223,2024,7,July,1,0,1,0
C15223,2025,12,December,2,1,0,0
C15224,2024,7,July,1,1,1,0
C15224,2024,8,August,3,3,0,1
C15224,2025,1,January,5,3,0,1
C15224,2025,10,October,6,6,0,1
C15225,2024,7,July,1,1,1,0
C15225,2025,4,April,2,2,0,1
C15227,2024,11,November,1,1,1,0
C15227,2024,12,December,2,1,0,0
C15227,2025,4,April,4,2,0,1
C15227,2025,5,May,5,4,0,1
C15227,2025,6,June,7,5,0,1
C15227,2025,8,August,8,6,0,1
C15228,2025,5,May,1,2,0,1
C15228,2025,8,August,3,2,0,1
C15228,2025,9,September,4,2,0,1
C15229,2025,1,January,1,0,1,0
C15229,2025,4,April,2,1,0,0
C15229,2025,12,December,3,2,0,1
C15230,2025,1,January,1,1,1,0
C15230,2025,2,February,2,2,0,1
C15230,2025,3,March,3,2,0,1
C15231,2025,7,July,1,1,1,0
C15231,2025,11,November,2,2,0,1
C15232,2024,7,July,1,1,1,0
C15232,2025,1,January,2,2,0,1
C15233,2024,8,August,1,0,1,0
C15233,2025,3,March,2,1,0,0
C15233,2025,4,April,3,2,0,1
C15234,2024,8,August,1,1,1,0
C15234,2025,1,January,2,2,0,1
C15234,2025,3,March,3,3,0,1
C15234,2025,5,May,4,4,0,1
C15234,2025,6,June,6,6,0,1
C15234,2025,9,September,8,7,0,1
C15235,2025,3,March,1,1,1,0
C15235,2025,4,April,2,2,0,1
C15235,2025,5,May,3,2,0,1
C15235,2025,8,August,4,3,0,1
C15235,2025,10,October,5,4,0,1
C15236,2024,7,July,1,1,1,0
C15236,2024,12,December,2,3,0,1
C15236,2025,1,January,4,4,0,1
C15238,2025,1,January,1,1,1,0
C15238,2025,3,March,2,3,0,1
C15238,2025,6,June,4,4,0,1
C15238,2025,10,October,5,6,0,1
C15238,2025,12,December,7,7,0,1
C15239,2024,8,August,1,1,1,0
C15239,2024,10,October,2,2,0,1
C15239,2024,11,November,3,3,0,1
C15239,2024,12,December,4,5,0,1
C15239,2025,2,February,6,6,0,1
C15239,2025,6,June,7,7,0,1
C15239,2025,7,July,8,7,0,1
C15239,2025,8,August,9,8,0,1
C15239,2025,9,September,10,9,0,1
C15239,2025,10,October,11,11,0,1
C15239,2025,11,November,13,12,0,1
C15240,2024,10,October,1,2,0,1
C15240,2024,12,December,3,2,0,1
C15240,2025,1,January,4,3,0,1
C15240,2025,7,July,5,3,0,1
C15241,2025,8,August,1,1,1,0
C15242,2024,9,September,1,1,1,0
C15242,2025,2,February,2,2,0,1
C15242,2025,3,March,3,3,0,1
C15242,2025,8,August,4,4,0,1
C15242,2025,9,September,5,5,0,1
C15242,2025,10,October,6,6,0,1
C15243,2024,7,July,1,1,1,0
C15243,2024,10,October,2,1,0,0
C15243,2025,4,April,3,2,0,1
C15243,2025,5,May,4,3,0,1
C15243,2025,7,July,5,4,0,1
C15243,2025,11,November,6,4,0,1
C15244,2024,8,August,1,0,1,0
C15244,2024,9,September,2,1,0,0
C15244,2024,10,October,4,3,0,1
C15244,2024,11,November,6,5,0,1
C15244,2025,3,March,8,7,0,1
C15244,2025,11,November,10,8,0,1
C15245,2024,7,July,1,0,1,0
C15245,2024,10,October,2,1,0,0
C15245,2024,11,November,3,2,0,1
C15245,2025,2,February,4,2,0,1
C15245,2025,7,July,5,3,0,1
C15246,2025,2,February,1,1,1,0
C15246,2025,9,September,2,1,0,0
C15246,2025,11,November,3,2,0,1
C15247,2025,9,September,1,0,1,0
C15248,2024,12,December,1,1,1,0
C15248,2025,4,April,2,2,0,1
C15248,2025,10,October,3,2,0,1
C15249,2025,7,July,1,1,1,0
C15249,2025,8,August,2,2,0,1
C15250,2025,3,March,1,1,1,0
C15250,2025,4,April,2,3,0,1
C15251,2024,8,August,1,0,1,0
C15251,2024,9,September,2,1,0,0
C15251,2024,11,November,3,2,0,1
C15251,2025,11,November,4,2,0,1
C15252,2024,8,August,1,1,1,0
C15252,2024,9,September,2,2,0,1
C15253,2024,10,October,1,1,1,0
C15253,2025,2,February,2,2,0,1
C15254,2024,10,October,1,1,1,0
C15254,2024,12,December,2,3,0,1
C15254,2025,4,April,4,3,0,1
C15254,2025,5,May,5,3,0,1
C15254,2025,7,July,6,6,0,1
C15254,2025,8,August,9,8,0,1
C15255,2024,8,August,1,1,1,0
C15255,2024,10,October,2,1,0,0
C15255,2025,1,January,3,3,0,1
C15255,2025,2,February,5,4,0,1
C15255,2025,7,July,6,5,0,1
C15255,2025,10,October,7,5,0,1
C15255,2025,11,November,8,6,0,1
C15255,2025,12,December,10,7,0,1
C15256,2024,12,December,1,1,1,0
C15257,2025,1,January,1,1,1,0
C15258,2024,7,July,1,2,0,1
C15258,2024,10,October,3,3,0,1
C15258,2024,12,December,4,4,0,1
C15258,2025,5,May,5,5,0,1
C15258,2025,6,June,6,6,0,1
C15258,2025,9,September,7,8,0,1
C15259,2025,4,April,1,1,1,0
C15259,2025,8,August,2,2,0,1
C15260,2024,7,July,1,1,1,0
C15260,2024,10,October,2,2,0,1
C15260,2024,11,November,3,3,0,1
C15261,2024,9,September,1,1,1,0
C15261,2025,5,May,2,2,0,1
C15261,2025,6,June,3,3,0,1
C15262,2024,9,September,1,2,0,1
C15262,2025,9,September,3,3,0,1
C15262,2025,11,November,4,4,0,1
C15263,2024,7,July,1,0,1,0
C15263,2024,9,September,2,1,0,0
C15263,2024,10,October,3,2,0,1
C15263,2025,7,July,4,3,0,1
C15264,2024,9,September,1,2,0,1
C15265,2024,9,September,1,1,1,0
C15265,2025,5,May,2,2,0,1
C15265,2025,8,August,3,3,0,1
C15267,2024,11,November,1,1,1,0
C15267,2024,12,December,2,1,0,0
C15267,2025,3,March,3,4,0,1
C15267,2025,6,June,6,7,0,1
C15267,2025,7,July,9,7,0,1
C15267,2025,9,September,10,7,0,1
C15267,2025,11,November,11,7,0,1
C15268,2024,10,October,1,2,0,1
C15268,2024,12,December,3,3,0,1
C15268,2025,2,February,4,4,0,1
C15268,2025,3,March,5,5,0,1
C15268,2025,6,June,6,7,0,1
C15268,2025,10,October,8,8,0,1
C15269,2024,12,December,1,1,1,0
C15269,2025,12,December,2,1,0,0
C15270,2025,2,February,1,0,1,0
C15270,2025,8,August,2,1,0,0
C15270,2025,11,November,3,2,0,1
C15271,2024,10,October,1,1,1,0
C15271,2025,3,March,2,1,0,0
C15271,2025,6,June,3,2,0,1
C15272,2025,2,February,1,1,1,0
C15272,2025,5,May,2,2,0,1
C15272,2025,10,October,3,3,0,1
C15273,2024,11,November,1,1,1,0
C15273,2025,3,March,2,2,0,1
C15274,2024,7,July,1,2,0,1
C15274,2024,9,September,3,3,0,1
C15274,2024,11,November,4,4,0,1
C15274,2025,9,September,5,5,0,1
C15274,2025,11,November,6,6,0,1
C15275,2024,9,September,1,1,1,0
C15275,2025,1,January,2,2,0,1
C15275,2025,5,May,3,2,0,1
C15275,2025,9,September,4,3,0,1
C15276,2024,7,July,1,2,0,1
C15276,2024,11,November,3,2,0,1
C15277,2024,9,September,1,1,1,0
C15277,2024,12,December,2,2,0,1
C15277,2025,3,March,3,3,0,1
C15277,2025,5,May,4,4,0,1
C15277,2025,6,June,6,5,0,1
C15277,2025,7,July,7,6,0,1
C15278,2024,7,July,1,1,1,0
C15279,2024,10,October,1,1,1,0
C15279,2024,12,December,2,2,0,1
C15279,2025,2,February,3,2,0,1
C15279,2025,4,April,4,3,0,1
C15279,2025,6,June,5,5,0,1
C15279,2025,10,October,7,6,0,1
C15279,2025,11,November,8,7,0,1
C15280,2024,8,August,1,1,1,0
C15280,2025,7,July,2,2,0,1
C15280,2025,10,October,3,3,0,1
C15280,2025,11,November,4,4,0,1
C15281,2024,9,September,1,1,1,0
C15281,2025,2,February,2,1,0,0
C15281,2025,11,November,3,2,0,1
C15282,2024,11,November,1,2,0,1
C15283,2025,3,March,1,1,1,0
C15284,2024,12,December,1,1,1,0
C15285,2024,8,August,1,1,1,0
C15286,2024,12,December,1,0,1,0
C15286,2025,5,May,2,0,0,0
C15287,2024,12,December,1,1,1,0
C15287,2025,4,April,3,3,0,1
C15287,2025,5,May,5,4,0,1
C15287,2025,6,June,6,5,0,1
C15287,2025,10,October,8,6,0,1
C15288,2024,8,August,1,0,1,0
C15288,2024,10,October,2,1,0,0
C15288,2025,1,January,3,2,0,1
C15288,2025,3,March,4,3,0,1
C15289,2024,7,July,1,1,1,0
C15289,2024,9,September,2,1,0,0
C15289,2025,7,July,3,2,0,1
C15289,2025,8,August,4,4,0,1
C15289,2025,9,September,6,5,0,1
C15289,2025,12,December,7,5,0,1
C15290,2024,7,July,1,1,1,0
C15290,2024,12,December,2,2,0,1
C15290,2025,2,February,3,3,0,1
C15290,2025,5,May,4,3,0,1
C15291,2024,7,July,1,1,1,0
C15291,2024,9,September,2,3,0,1
C15291,2025,4,April,4,4,0,1
C15291,2025,11,November,5,5,0,1
C15292,2024,9,September,1,1,1,0
C15292,2024,12,December,2,2,0,1
C15292,2025,9,September,3,3,0,1
C15293,2025,6,June,1,0,1,0
C15293,2025,7,July,2,1,0,0
C15295,2024,12,December,1,1,1,0
C15295,2025,9,September,2,1,0,0
C15296,2024,7,July,1,1,1,0
C15296,2025,7,July,2,1,0,0
C15296,2025,9,September,3,2,0,1
C15298,2024,8,August,1,1,1,0
C15298,2024,10,October,2,3,0,1
C15298,2025,1,January,4,4,0,1
C15298,2025,7,July,5,5,0,1
C15298,2025,12,December,6,6,0,1
C15299,2025,8,August,1,1,1,0
C15299,2025,11,November,2,2,0,1
C15300,2024,7,July,1,0,1,0
C15300,2024,9,September,2,0,0,0
C15300,2024,12,December,3,1,0,0
C15300,2025,5,May,4,2,0,1
C15301,2025,4,April,1,2,0,1
C15301,2025,6,June,3,3,0,1
C15301,2025,8,August,4,4,0,1
C15302,2024,8,August,1,1,1,0
C15302,2025,7,July,2,4,0,1
C15302,2025,12,December,5,5,0,1
C15303,2024,7,July,1,0,1,0
C15303,2024,10,October,2,2,0,1
C15303,2024,11,November,4,3,0,1
C15303,2025,4,April,5,4,0,1
C15303,2025,8,August,6,4,0,1
C15303,2025,11,November,7,6,0,1
C15304,2024,7,July,1,1,1,0
C15304,2024,9,September,2,2,0,1
C15304,2024,10,October,3,2,0,1
C15304,2025,9,September,4,3,0,1
C15305,2024,10,October,1,0,1,0
C15305,2025,2,February,2,1,0,0
C15305,2025,3,March,3,2,0,1
C15305,2025,7,July,4,3,0,1
C15305,2025,8,August,5,4,0,1
C15305,2025,9,September,6,4,0,1
C15306,2024,7,July,1,1,1,0
C15306,2024,10,October,2,2,0,1
C15306,2025,1,January,3,3,0,1
C15306,2025,2,February,4,5,0,1
C15306,2025,3,March,6,6,0,1
C15306,2025,12,December,7,7,0,1
C15307,2024,12,December,1,1,1,0
C15307,2025,9,September,2,2,0,1
C15307,2025,11,November,3,3,0,1
C15308,2025,4,April,1,1,1,0
C15308,2025,7,July,2,2,0,1
C15308,2025,8,August,3,3,0,1
C15308,2025,9,September,4,4,0,1
C15308,2025,11,November,5,5,0,1
C15309,2024,9,September,1,1,1,0
C15309,2025,3,March,2,2,0,1
C15309,2025,8,August,3,3,0,1
C15309,2025,9,September,4,4,0,1
C15309,2025,10,October,5,5,0,1
C15309,2025,12,December,6,6,0,1
C15310,2024,7,July,1,1,1,0
C15311,2024,7,July,1,1,1,0
C15311,2024,8,August,2,2,0,1
C15311,2024,9,September,3,2,0,1
C15311,2025,1,January,4,3,0,1
C15311,2025,3,March,5,3,0,1
C15311,2025,7,July,6,4,0,1
C15311,2025,11,November,7,4,0,1
C15312,2024,10,October,1,1,1,0
C15312,2024,12,December,2,2,0,1
C15312,2025,2,February,4,5,0,1
C15312,2025,3,March,7,6,0,1
C15312,2025,7,July,8,7,0,1
C15312,2025,12,December,9,8,0,1
C15313,2025,4,April,1,1,1,0
C15313,2025,5,May,2,2,0,1
C15313,2025,9,September,3,3,0,1
C15314,2024,11,November,1,1,1,0
C15314,2025,7,July,2,2,0,1
C15314,2025,9,September,3,3,0,1
C15314,2025,10,October,4,4,0,1
C15314,2025,11,November,5,5,0,1
C15315,2024,9,September,1,1,1,0
C15315,2025,4,April,2,2,0,1
C15315,2025,8,August,3,3,0,1
C15315,2025,11,November,4,4,0,1
C15315,2025,12,December,5,5,0,1
C15316,2024,7,July,1,1,1,0
C15316,2024,8,August,2,2,0,1
C15316,2025,1,January,3,3,0,1
C15316,2025,3,March,4,4,0,1
C15316,2025,8,August,5,5,0,1
C15316,2025,10,October,6,6,0,1
C15317,2024,9,September,1,1,1,0
C15317,2024,10,October,2,2,0,1
C15317,2025,3,March,3,2,0,1
C15317,2025,5,May,4,3,0,1
C15317,2025,10,October,5,4,0,1
C15318,2024,9,September,1,1,1,0
C15318,2025,4,April,2,2,0,1
C15318,2025,11,November,3,3,0,1
C15318,2025,12,December,4,4,0,1
C15319,2024,7,July,1,1,1,0
C15319,2024,10,October,2,2,0,1
C15319,2025,3,March,3,3,0,1
C15319,2025,8,August,4,4,0,1
C15319,2025,11,November,5,5,0,1
C15320,2024,7,July,1,0,1,0
C15320,2024,10,October,2,1,0,0
C15320,2024,12,December,3,2,0,1
C15320,2025,1,January,4,3,0,1
C15320,2025,12,December,5,4,0,1
C15321,2024,11,November,1,1,1,0
C15322,2025,8,August,1,1,1,0
C15322,2025,9,September,2,1,0,0
C15322,2025,12,December,3,1,0,0
C15323,2024,9,September,1,0,1,0
C15323,2024,10,October,2,1,0,0
C15323,2024,11,November,3,2,0,1
C15323,2025,3,March,4,3,0,1
C15323,2025,4,April,5,5,0,1
C15323,2025,5,May,7,5,0,1
C15324,2024,7,July,1,1,1,0
C15324,2024,8,August,2,3,0,1
C15324,2024,9,September,4,5,0,1
C15324,2024,10,October,6,6,0,1
C15324,2025,1,January,7,7,0,1
C15324,2025,5,May,8,9,0,1
C15324,2025,6,June,10,10,0,1
C15324,2025,7,July,12,11,0,1
C15324,2025,8,August,13,12,0,1
C15324,2025,11,November,14,14,0,1
C15325,2024,9,September,1,1,1,0
C15325,2024,11,November,3,2,0,1
C15325,2025,4,April,4,4,0,1
C15326,2024,7,July,1,1,1,0
C15326,2024,10,October,2,2,0,1
C15326,2025,1,January,3,2,0,1
C15326,2025,3,March,5,3,0,1
C15326,2025,4,April,6,4,0,1
C15326,2025,6,June,7,5,0,1
C15326,2025,8,August,8,6,0,1
C15326,2025,10,October,9,7,0,1
C15326,2025,12,December,10,8,0,1
C15327,2024,7,July,1,1,1,0
C15327,2024,11,November,2,3,0,1
C15327,2025,4,April,4,5,0,1
C15327,2025,7,July,7,6,0,1
C15327,2025,10,October,8,7,0,1
C15328,2024,10,October,1,1,1,0
C15328,2025,1,January,3,2,0,1
C15328,2025,4,April,4,3,0,1
C15328,2025,5,May,5,4,0,1
C15328,2025,8,August,6,5,0,1
C15328,2025,10,October,7,6,0,1
C15329,2024,8,August,1,1,1,0
C15329,2025,7,July,2,2,0,1
C15331,2024,11,November,1,1,1,0
C15331,2025,6,June,2,2,0,1
C15332,2024,8,August,1,0,1,0
C15332,2024,12,December,2,1,0,0
C15332,2025,3,March,3,2,0,1
C15332,2025,8,August,4,3,0,1
C15332,2025,9,September,5,4,0,1
C15332,2025,11,November,6,5,0,1
C15333,2024,7,July,1,1,1,0
C15333,2024,8,August,2,1,0,0
C15333,2024,10,October,4,2,0,1
C15333,2025,5,May,5,3,0,1
C15333,2025,6,June,6,4,0,1
C15333,2025,9,September,7,6,0,1
C15333,2025,12,December,9,6,0,1
C15334,2025,4,April,1,1,1,0
C15334,2025,8,August,2,2,0,1
C15334,2025,9,September,3,4,0,1
C15334,2025,11,November,6,6,0,1
C15335,2024,11,November,1,1,1,0
C15335,2025,7,July,2,2,0,1
C15335,2025,8,August,3,2,0,1
C15335,2025,12,December,4,2,0,1
C15336,2024,8,August,1,1,1,0
C15336,2024,10,October,2,3,0,1
C15336,2024,11,November,4,3,0,1
C15336,2025,1,January,5,4,0,1
C15336,2025,12,December,6,5,0,1
C15337,2024,9,September,1,1,1,0
C15337,2025,7,July,2,2,0,1
C15337,2025,12,December,3,3,0,1
C15338,2025,10,October,1,0,1,0
C15339,2025,7,July,1,1,1,0
C15339,2025,12,December,2,1,0,0
C15340,2024,8,August,1,1,1,0
C15341,2024,10,October,1,1,1,0
C15341,2025,5,May,2,1,0,0
C15341,2025,6,June,3,3,0,1
C15341,2025,8,August,5,4,0,1
C15341,2025,11,November,6,5,0,1
C15341,2025,12,December,7,6,0,1
C15342,2024,9,September,1,1,1,0
C15342,2024,11,November,2,2,0,1
C15342,2025,5,May,3,3,0,1
C15342,2025,7,July,4,4,0,1
C15342,2025,8,August,5,5,0,1
C15342,2025,12,December,6,5,0,1
C15343,2024,10,October,1,1,1,0
C15343,2024,12,December,2,2,0,1
C15343,2025,1,January,3,3,0,1
C15343,2025,3,March,4,4,0,1
C15343,2025,4,April,5,5,0,1
C15343,2025,5,May,6,6,0,1
C15343,2025,6,June,7,7,0,1
C15343,2025,8,August,8,8,0,1
C15343,2025,12,December,10,10,0,1
C15344,2025,3,March,1,1,1,0
C15344,2025,4,April,2,2,0,1
C15344,2025,6,June,3,2,0,1
C15344,2025,8,August,4,3,0,1
C15345,2025,1,January,1,1,1,0
C15345,2025,4,April,2,2,0,1
C15345,2025,5,May,3,3,0,1
C15346,2024,11,November,1,1,1,0
C15346,2025,1,January,2,2,0,1
C15346,2025,10,October,3,3,0,1
C15346,2025,11,November,4,4,0,1
C15347,2024,7,July,1,0,1,0
C15347,2024,9,September,2,1,0,0
C15347,2025,8,August,3,1,0,0
C15348,2025,1,January,1,1,1,0
C15348,2025,3,March,2,2,0,1
C15349,2025,5,May,1,1,1,0
C15350,2024,8,August,1,1,1,0
C15350,2024,9,September,2,2,0,1
C15351,2024,7,July,1,0,1,0
C15351,2024,11,November,2,0,0,0
C15351,2025,2,February,3,1,0,0
C15351,2025,6,June,4,2,0,1
C15351,2025,9,September,5,3,0,1
C15352,2024,8,August,1,1,1,0
C15352,2024,9,September,2,1,0,0
C15353,2024,10,October,1,1,1,0
C15353,2025,6,June,2,2,0,1
C15354,2024,12,December,1,1,1,0
C15354,2025,11,November,2,1,0,0
C15355,2024,8,August,1,1,1,0
C15355,2024,9,September,2,2,0,1
C15355,2025,11,November,3,4,0,1
C15356,2024,8,August,1,2,0,1
C15356,2025,9,September,4,2,0,1
C15357,2024,8,August,1,1,1,0
C15357,2025,2,February,2,2,0,1
C15357,2025,3,March,3,3,0,1
C15357,2025,4,April,4,4,0,1
C15357,2025,8,August,5,5,0,1
C15357,2025,9,September,6,7,0,1
C15357,2025,12,December,8,7,0,1
C15358,2024,11,November,1,0,1,0
C15358,2025,3,March,2,1,0,0
C15358,2025,10,October,3,1,0,0
C15359,2024,7,July,1,1,1,0
C15359,2024,11,November,3,2,0,1
C15359,2024,12,December,4,3,0,1
C15359,2025,1,January,5,4,0,1
C15359,2025,5,May,6,5,0,1
C15359,2025,7,July,7,6,0,1
C15359,2025,9,September,8,7,0,1
C15359,2025,11,November,9,9,0,1
C15360,2024,8,August,1,1,1,0
C15360,2025,10,October,2,2,0,1
C15361,2024,8,August,1,1,1,0
C15361,2025,9,September,2,2,0,1
C15362,2024,10,October,1,1,1,0
C15362,2024,11,November,2,2,0,1
C15362,2025,12,December,3,3,0,1
C15363,2024,8,August,1,1,1,0
C15363,2025,2,February,2,2,0,1
C15364,2024,9,September,1,2,0,1
C15364,2024,10,October,3,3,0,1
C15364,2024,12,December,4,5,0,1
C15364,2025,1,January,6,6,0,1
C15364,2025,4,April,7,9,0,1
C15364,2025,7,July,10,9,0,1
C15364,2025,9,September,11,10,0,1
C15365,2025,1,January,1,1,1,0
C15365,2025,3,March,2,2,0,1
C15365,2025,8,August,4,3,0,1
C15366,2024,10,October,1,1,1,0
C15366,2025,1,January,2,2,0,1
C15366,2025,6,June,3,2,0,1
C15367,2024,8,August,1,1,1,0
C15367,2024,12,December,2,2,0,1
C15368,2024,9,September,1,1,1,0
C15368,2025,1,January,2,3,0,1
C15368,2025,7,July,4,4,0,1
C15369,2025,5,May,1,1,1,0
C15369,2025,6,June,2,2,0,1
C15369,2025,7,July,3,3,0,1
C15369,2025,9,September,4,4,0,1
C15369,2025,11,November,5,4,0,1
C15370,2024,8,August,1,1,1,0
C15370,2024,10,October,2,2,0,1
C15370,2025,4,April,3,3,0,1
C15371,2025,6,June,1,1,1,0
C15371,2025,8,August,2,1,0,0
C15372,2024,9,September,1,1,1,0
C15372,2024,12,December,2,2,0,1
C15372,2025,3,March,3,3,0,1
C15372,2025,7,July,4,4,0,1
C15372,2025,11,November,5,5,0,1
C15373,2025,2,February,1,2,0,1
C15374,2024,12,December,1,0,1,0
C15374,2025,4,April,2,1,0,0
C15374,2025,5,May,3,1,0,0
C15375,2024,9,September,1,1,1,0
C15375,2025,1,January,2,2,0,1
C15375,2025,3,March,3,3,0,1
C15375,2025,6,June,4,4,0,1
C15376,2024,7,July,1,1,1,0
C15376,2024,11,November,3,2,0,1
C15376,2025,8,August,4,3,0,1
C15376,2025,11,November,5,4,0,1
C15377,2024,8,August,1,1,1,0
C15378,2024,12,December,1,1,1,0
C15378,2025,1,January,2,2,0,1
C15378,2025,3,March,3,3,0,1
C15379,2024,11,November,1,1,1,0
C15379,2025,3,March,2,2,0,1
C15380,2024,7,July,1,0,1,0
C15380,2024,8,August,2,1,0,0
C15380,2025,7,July,3,2,0,1
C15381,2024,7,July,1,0,1,0
C15381,2024,8,August,2,0,0,0
C15381,2024,10,October,3,1,0,0
C15381,2025,7,July,4,2,0,1
C15381,2025,9,September,5,3,0,1
C15381,2025,11,November,6,5,0,1
C15382,2024,9,September,1,1,1,0
C15382,2025,4,April,2,1,0,0
C15383,2024,8,August,1,1,1,0
C15384,2024,7,July,1,2,0,1
C15384,2025,1,January,3,3,0,1
C15384,2025,2,February,4,4,0,1
C15384,2025,3,March,6,5,0,1
C15384,2025,5,May,7,6,0,1
C15384,2025,6,June,8,6,0,1
C15384,2025,7,July,9,7,0,1
C15385,2025,1,January,1,1,1,0
C15385,2025,2,February,2,3,0,1
C15386,2024,7,July,1,1,1,0
C15386,2024,8,August,2,2,0,1
C15386,2024,9,September,3,3,0,1
C15386,2024,10,October,4,4,0,1
C15386,2025,2,February,5,6,0,1
C15386,2025,5,May,7,6,0,1
C15386,2025,6,June,9,7,0,1
C15386,2025,7,July,10,8,0,1
C15386,2025,12,December,11,9,0,1
C15387,2025,7,July,1,1,1,0
C15388,2024,9,September,1,1,1,0
C15388,2025,3,March,2,1,0,0
C15388,2025,4,April,3,2,0,1
C15389,2024,10,October,1,1,1,0
C15389,2025,1,January,2,2,0,1
C15389,2025,5,May,3,2,0,1
C15390,2024,7,July,1,0,1,0
C15390,2024,11,November,2,1,0,0
C15390,2025,7,July,3,2,0,1
C15391,2025,1,January,1,2,0,1
C15391,2025,3,March,3,3,0,1
C15391,2025,5,May,4,3,0,1
C15392,2024,11,November,1,2,0,1
C15392,2025,2,February,3,3,0,1
C15392,2025,4,April,4,5,0,1
C15393,2024,7,July,1,1,1,0
C15393,2024,11,November,2,2,0,1
C15394,2025,5,May,1,0,1,0
C15395,2024,7,July,1,1,1,0
C15395,2024,11,November,2,2,0,1
C15395,2025,3,March,3,3,0,1
C15395,2025,4,April,4,4,0,1
C15395,2025,6,June,5,4,0,1
C15395,2025,7,July,6,5,0,1
C15395,2025,10,October,7,6,0,1
C15396,2024,10,October,1,0,1,0
C15396,2024,11,November,2,3,0,1
C15396,2024,12,December,5,4,0,1
C15396,2025,2,February,6,4,0,1
C15396,2025,3,March,7,5,0,1
C15396,2025,9,September,9,6,0,1
C15397,2024,9,September,1,1,1,0
C15397,2025,2,February,2,2,0,1
C15398,2024,7,July,1,1,1,0
C15398,2024,10,October,2,2,0,1
C15398,2024,11,November,3,3,0,1
C15398,2025,11,November,4,4,0,1
C15399,2024,11,November,1,1,1,0
C15399,2025,1,January,2,2,0,1
C15399,2025,7,July,3,3,0,1
C15399,2025,11,November,4,3,0,1
C15400,2024,7,July,1,0,1,0
C15400,2025,3,March,2,1,0,0
C15400,2025,5,May,3,2,0,1
C15400,2025,8,August,4,2,0,1
C15400,2025,11,November,5,5,0,1
C15400,2025,12,December,8,6,0,1
C15401,2024,7,July,1,1,1,0
C15401,2024,10,October,2,1,0,0
C15401,2025,1,January,3,2,0,1
C15401,2025,2,February,4,3,0,1
C15401,2025,3,March,5,5,0,1
C15401,2025,4,April,8,6,0,1
C15403,2024,11,November,1,2,0,1
C15403,2025,2,February,3,3,0,1
C15404,2024,9,September,1,1,1,0
C15404,2024,11,November,2,2,0,1
C15404,2024,12,December,3,3,0,1
C15404,2025,1,January,4,4,0,1
C15404,2025,4,April,5,5,0,1
C15404,2025,8,August,7,6,0,1
C15404,2025,9,September,9,7,0,1
C15405,2024,7,July,1,2,0,1
C15405,2024,12,December,3,3,0,1
C15406,2024,7,July,1,1,1,0
C15406,2024,9,September,2,1,0,0
C15406,2024,10,October,3,3,0,1
C15406,2025,5,May,5,4,0,1
C15406,2025,7,July,6,5,0,1
C15406,2025,12,December,7,6,0,1
C15407,2025,5,May,1,1,1,0
C15407,2025,6,June,2,2,0,1
C15407,2025,9,September,3,4,0,1
C15407,2025,12,December,5,4,0,1
C15408,2024,10,October,1,1,1,0
C15408,2025,10,October,2,1,0,0
C15409,2024,10,October,1,1,1,0
C15409,2024,12,December,2,2,0,1
C15409,2025,4,April,3,3,0,1
C15409,2025,6,June,4,4,0,1
C15410,2024,12,December,1,1,1,0
C15410,2025,2,February,2,2,0,1
C15410,2025,5,May,3,3,0,1
C15410,2025,7,July,4,3,0,1
C15411,2024,7,July,1,1,1,0
C15411,2025,2,February,2,2,0,1
C15411,2025,5,May,3,3,0,1
C15411,2025,11,November,4,4,0,1
C15411,2025,12,December,5,5,0,1
C15412,2024,8,August,1,1,1,0
C15412,2024,10,October,2,2,0,1
C15413,2024,7,July,1,1,1,0
C15413,2025,2,February,2,2,0,1
C15413,2025,7,July,3,3,0,1
C15413,2025,12,December,4,4,0,1
C15414,2024,9,September,1,3,0,1
C15414,2024,12,December,4,5,0,1
C15414,2025,5,May,6,6,0,1
C15414,2025,7,July,7,7,0,1
C15415,2024,8,August,1,1,1,0
C15415,2025,8,August,2,2,0,1
C15416,2024,10,October,1,2,0,1
C15416,2024,12,December,3,3,0,1
C15416,2025,10,October,4,4,0,1
C15417,2024,7,July,1,2,0,1
C15417,2024,12,December,3,4,0,1
C15417,2025,2,February,5,5,0,1
C15417,2025,4,April,7,8,0,1
C15417,2025,6,June,10,9,0,1
C15417,2025,7,July,11,10,0,1
C15417,2025,9,September,12,11,0,1
C15418,2024,8,August,1,2,0,1
C15418,2025,6,June,3,3,0,1
C15419,2024,9,September,1,1,1,0
C15419,2025,11,November,3,2,0,1
C15420,2025,2,February,1,1,1,0
C15421,2024,8,August,1,1,1,0
C15421,2024,12,December,2,2,0,1
C15421,2025,4,April,3,2,0,1
C15421,2025,5,May,4,3,0,1
C15421,2025,7,July,5,4,0,1
C15421,2025,9,September,6,5,0,1
C15422,2025,2,February,1,1,1,0
C15422,2025,3,March,2,2,0,1
C15422,2025,4,April,3,3,0,1
C15422,2025,7,July,5,4,0,1
C15422,2025,8,August,6,4,0,1
C15423,2024,9,September,1,1,1,0
C15423,2024,11,November,2,2,0,1
C15423,2025,5,May,3,4,0,1
C15423,2025,7,July,5,4,0,1
C15423,2025,8,August,6,5,0,1
C15423,2025,9,September,7,6,0,1
C15423,2025,11,November,8,7,0,1
C15424,2024,9,September,1,1,1,0
C15424,2025,4,April,2,1,0,0
C15424,2025,6,June,3,3,0,1
C15424,2025,7,July,5,4,0,1
C15424,2025,11,November,6,5,0,1
C15424,2025,12,December,7,6,0,1
C15425,2025,2,February,1,1,1,0
C15425,2025,3,March,2,2,0,1
C15425,2025,9,September,3,3,0,1
C15425,2025,12,December,4,4,0,1
C15426,2025,1,January,1,1,1,0
C15426,2025,2,February,2,3,0,1
C15426,2025,9,September,4,4,0,1
C15427,2024,7,July,1,0,1,0
C15427,2024,12,December,2,1,0,0
C15427,2025,6,June,3,2,0,1
C15427,2025,9,September,4,2,0,1
C15428,2025,8,August,1,1,1,0
C15428,2025,12,December,2,1,0,0
C15429,2024,8,August,1,1,1,0
C15430,2025,4,April,1,1,1,0
C15430,2025,5,May,2,2,0,1
C15430,2025,12,December,3,3,0,1
C15431,2025,5,May,1,0,1,0
C15431,2025,7,July,2,1,0,0
C15431,2025,11,November,3,2,0,1
C15432,2024,7,July,1,1,1,0
C15432,2024,10,October,2,2,0,1
C15432,2025,8,August,3,3,0,1
C15432,2025,10,October,4,4,0,1
C15432,2025,11,November,5,5,0,1
C15433,2024,9,September,1,0,1,0
C15433,2024,11,November,2,0,0,0
C15433,2025,3,March,3,1,0,0
C15434,2024,10,October,1,1,1,0
C15434,2025,11,November,2,2,0,1
C15435,2024,8,August,1,1,1,0
C15435,2024,9,September,2,3,0,1
C15435,2025,9,September,4,3,0,1
C15437,2024,8,August,1,1,1,0
C15437,2025,3,March,2,2,0,1
C15437,2025,5,May,3,3,0,1
C15438,2024,7,July,1,1,1,0
C15438,2025,8,August,2,2,0,1
C15439,2024,7,July,1,0,1,0
C15439,2024,8,August,2,1,0,0
C15439,2025,2,February,3,2,0,1
C15439,2025,4,April,4,2,0,1
C15439,2025,6,June,5,3,0,1
C15439,2025,9,September,6,5,0,1
C15440,2024,9,September,1,1,1,0
C15440,2024,12,December,2,1,0,0
C15440,2025,4,April,3,3,0,1
C15441,2024,7,July,1,1,1,0
C15441,2024,11,November,2,2,0,1
C15442,2024,9,September,1,1,1,0
C15442,2025,2,February,2,2,0,1
C15442,2025,4,April,3,2,0,1
C15442,2025,9,September,4,2,0,1
C15442,2025,11,November,5,3,0,1
C15443,2024,7,July,1,1,1,0
C15443,2024,8,August,2,2,0,1
C15443,2025,1,January,3,3,0,1
C15443,2025,3,March,4,4,0,1
C15443,2025,5,May,5,4,0,1
C15444,2024,7,July,1,1,1,0
C15444,2024,9,September,2,2,0,1
C15444,2025,1,January,3,3,0,1
C15444,2025,2,February,4,4,0,1
C15444,2025,6,June,5,5,0,1
C15444,2025,7,July,6,7,0,1
C15444,2025,9,September,8,9,0,1
C15445,2024,7,July,1,1,1,0
C15445,2024,10,October,2,1,0,0
C15445,2025,3,March,3,2,0,1
C15446,2024,7,July,1,1,1,0
C15446,2024,9,September,2,1,0,0
C15446,2024,12,December,3,2,0,1
C15446,2025,2,February,4,4,0,1
C15446,2025,7,July,6,5,0,1
C15447,2024,10,October,1,0,1,0
C15447,2025,3,March,2,0,0,0
C15447,2025,5,May,3,1,0,0
C15447,2025,6,June,4,2,0,1
C15447,2025,7,July,5,3,0,1
C15447,2025,11,November,6,4,0,1
C15448,2025,5,May,1,1,1,0
C15449,2024,8,August,1,1,1,0
C15449,2025,1,January,2,3,0,1
C15449,2025,4,April,4,3,0,1
C15449,2025,6,June,5,4,0,1
C15449,2025,7,July,6,5,0,1
C15449,2025,11,November,7,5,0,1
C15449,2025,12,December,8,6,0,1
C15450,2024,8,August,1,1,1,0
C15451,2024,8,August,1,0,1,0
C15451,2025,1,January,2,1,0,0
C15451,2025,4,April,3,2,0,1
C15451,2025,6,June,4,3,0,1
C15452,2024,9,September,1,1,1,0
C15452,2024,12,December,2,2,0,1
C15452,2025,4,April,3,2,0,1
C15452,2025,10,October,4,3,0,1
C15452,2025,11,November,5,4,0,1
C15453,2024,7,July,1,1,1,0
C15453,2024,8,August,2,2,0,1
C15453,2025,2,February,3,3,0,1
C15453,2025,3,March,4,5,0,1
C15454,2025,4,April,1,1,1,0
C15454,2025,11,November,2,2,0,1
C15455,2025,1,January,1,0,1,0
C15455,2025,12,December,2,1,0,0
C15456,2025,6,June,1,1,1,0
C15456,2025,11,November,2,2,0,1
C15457,2025,2,February,1,1,1,0
C15459,2024,12,December,1,0,1,0
C15459,2025,10,October,2,0,0,0
C15460,2024,11,November,1,1,1,0
C15460,2025,4,April,2,2,0,1
C15460,2025,7,July,3,3,0,1
C15460,2025,8,August,4,4,0,1
C15460,2025,12,December,5,6,0,1
C15461,2024,7,July,1,1,1,0
C15461,2025,4,April,2,2,0,1
C15461,2025,6,June,3,3,0,1
C15461,2025,9,September,4,3,0,1
C15462,2024,9,September,1,0,1,0
C15462,2024,11,November,2,0,0,0
C15462,2025,9,September,3,1,0,0
C15463,2024,11,November,1,1,1,0
C15463,2024,12,December,2,2,0,1
C15464,2024,7,July,1,1,1,0
C15464,2024,8,August,2,3,0,1
C15464,2024,11,November,4,4,0,1
C15464,2024,12,December,6,5,0,1
C15464,2025,3,March,7,6,0,1
C15464,2025,4,April,8,7,0,1
C15464,2025,8,August,9,8,0,1
C15464,2025,10,October,10,9,0,1
C15464,2025,11,November,11,10,0,1
C15465,2024,10,October,1,2,0,1
C15465,2025,3,March,3,3,0,1
C15465,2025,6,June,4,4,0,1
C15465,2025,7,July,5,5,0,1
C15465,2025,10,October,6,6,0,1
C15465,2025,12,December,7,7,0,1
C15466,2024,8,August,1,1,1,0
C15466,2024,9,September,2,2,0,1
C15466,2025,9,September,3,3,0,1
C15467,2025,1,January,1,1,1,0
C15467,2025,5,May,2,3,0,1
C15467,2025,6,June,4,4,0,1
C15468,2024,11,November,1,1,1,0
C15468,2025,2,February,2,2,0,1
C15468,2025,6,June,3,3,0,1
C15469,2024,9,September,1,1,1,0
C15469,2025,9,September,3,2,0,1
C15469,2025,10,October,4,3,0,1
C15470,2024,7,July,1,1,1,0
C15470,2024,9,September,2,1,0,0
C15470,2024,12,December,3,3,0,1
C15470,2025,1,January,5,4,0,1
C15470,2025,2,February,6,5,0,1
C15470,2025,3,March,7,5,0,1
C15470,2025,6,June,8,5,0,1
C15470,2025,10,October,9,5,0,1
C15470,2025,11,November,10,6,0,1
C15471,2024,9,September,1,1,1,0
C15471,2025,3,March,2,2,0,1
C15471,2025,4,April,3,3,0,1
C15472,2024,9,September,1,1,1,0
C15472,2024,11,November,2,2,0,1
C15472,2024,12,December,3,3,0,1
C15472,2025,1,January,4,4,0,1
C15472,2025,3,March,5,7,0,1
C15472,2025,8,August,8,8,0,1
C15472,2025,9,September,9,9,0,1
C15473,2025,8,August,1,0,1,0
C15474,2025,1,January,1,1,1,0
C15474,2025,5,May,2,2,0,1
C15475,2025,2,February,1,1,1,0
C15475,2025,7,July,2,1,0,0
C15475,2025,8,August,3,2,0,1
C15476,2024,8,August,1,1,1,0
C15476,2025,6,June,2,2,0,1
C15476,2025,7,July,3,4,0,1
C15476,2025,10,October,5,5,0,1
C15477,2024,8,August,1,1,1,0
C15477,2024,10,October,3,2,0,1
C15477,2024,11,November,4,4,0,1
C15477,2025,5,May,6,4,0,1
C15477,2025,6,June,7,5,0,1
C15477,2025,9,September,8,6,0,1
C15477,2025,10,October,9,7,0,1
C15477,2025,11,November,10,8,0,1
C15477,2025,12,December,11,9,0,1
C15478,2024,7,July,1,2,0,1
C15478,2025,1,January,3,3,0,1
C15478,2025,3,March,5,4,0,1
C15478,2025,5,May,6,5,0,1
C15478,2025,6,June,7,6,0,1
C15478,2025,8,August,8,6,0,1
C15478,2025,10,October,9,6,0,1
C15478,2025,12,December,10,8,0,1
C15479,2025,4,April,1,1,1,0
C15480,2024,8,August,1,1,1,0
C15480,2024,9,September,2,1,0,0
C15480,2025,1,January,3,2,0,1
C15480,2025,8,August,4,3,0,1
C15481,2025,2,February,1,1,1,0
C15481,2025,8,August,2,2,0,1
C15482,2025,6,June,1,0,1,0
C15482,2025,11,November,2,1,0,0
C15483,2024,12,December,1,1,1,0
C15483,2025,2,February,2,1,0,0
C15484,2024,7,July,1,1,1,0
C15484,2025,4,April,2,2,0,1
C15484,2025,5,May,3,3,0,1
C15484,2025,6,June,4,4,0,1
C15484,2025,10,October,5,5,0,1
C15484,2025,11,November,6,6,0,1
C15485,2024,8,August,1,2,0,1
C15485,2024,9,September,3,2,0,1
C15485,2025,5,May,4,2,0,1
C15485,2025,9,September,5,3,0,1
C15485,2025,10,October,6,4,0,1
C15485,2025,11,November,7,5,0,1
C15485,2025,12,December,8,6,0,1
C15486,2025,4,April,1,0,1,0
C15486,2025,10,October,2,1,0,0
C15487,2024,7,July,1,1,1,0
C15488,2024,8,August,1,1,1,0
C15488,2024,9,September,2,2,0,1
C15488,2024,11,November,3,3,0,1
C15488,2025,4,April,5,4,0,1
C15488,2025,6,June,6,5,0,1
C15489,2025,12,December,1,1,1,0
C15490,2025,1,January,1,0,1,0
C15491,2024,12,December,1,1,1,0
C15492,2024,12,December,1,1,1,0
C15492,2025,2,February,2,2,0,1
C15492,2025,7,July,3,3,0,1
C15492,2025,11,November,4,4,0,1
C15493,2025,6,June,1,1,1,0
C15493,2025,9,September,2,2,0,1
C15493,2025,10,October,3,2,0,1
C15494,2024,7,July,1,1,1,0
C15494,2024,9,September,2,2,0,1
C15494,2024,10,October,3,3,0,1
C15494,2025,3,March,4,4,0,1
C15495,2024,12,December,1,1,1,0
C15495,2025,1,January,2,2,0,1
C15495,2025,6,June,3,2,0,1
C15495,2025,7,July,4,3,0,1
C15495,2025,8,August,5,4,0,1
C15495,2025,9,September,6,4,0,1
C15495,2025,11,November,7,5,0,1
C15496,2024,8,August,1,1,1,0
C15496,2024,9,September,2,2,0,1
C15496,2024,10,October,3,3,0,1
C15496,2024,12,December,5,4,0,1
C15496,2025,1,January,6,5,0,1
C15496,2025,2,February,7,6,0,1
C15496,2025,3,March,10,7,0,1
C15496,2025,5,May,11,9,0,1
C15496,2025,7,July,13,10,0,1
C15496,2025,9,September,14,12,0,1
C15496,2025,12,December,16,13,0,1
C15497,2024,8,August,1,1,1,0
C15497,2024,9,September,2,2,0,1
C15497,2024,11,November,3,3,0,1
C15497,2025,1,January,4,3,0,1
C15497,2025,2,February,5,4,0,1
C15497,2025,8,August,6,5,0,1
C15497,2025,11,November,7,6,0,1
C15497,2025,12,December,8,7,0,1
C15498,2024,8,August,1,2,0,1
C15498,2025,1,January,3,3,0,1
C15498,2025,5,May,4,4,0,1
C15498,2025,7,July,5,4,0,1
C15498,2025,8,August,6,4,0,1
C15498,2025,11,November,7,5,0,1
C15498,2025,12,December,8,5,0,1
C15499,2024,8,August,1,0,1,0
C15499,2024,9,September,2,1,0,0
C15499,2024,12,December,3,2,0,1
C15499,2025,8,August,4,3,0,1
C15499,2025,11,November,5,3,0,1
C15500,2024,8,August,1,1,1,0
C15500,2025,7,July,2,2,0,1
C15500,2025,9,September,3,3,0,1
C15500,2025,10,October,4,4,0,1
C15501,2024,8,August,1,1,1,0
C15501,2024,10,October,2,3,0,1
C15501,2024,12,December,4,4,0,1
C15501,2025,1,January,5,5,0,1
C15501,2025,8,August,6,6,0,1
C15501,2025,10,October,7,6,0,1
C15502,2024,8,August,1,1,1,0
C15502,2025,2,February,2,2,0,1
C15503,2024,9,September,1,1,1,0
C15503,2025,4,April,2,3,0,1
C15503,2025,5,May,4,3,0,1
C15503,2025,7,July,5,4,0,1
C15504,2025,10,October,1,1,1,0
C15505,2024,9,September,1,0,1,0
C15505,2024,11,November,2,0,0,0
C15505,2025,1,January,3,1,0,0
C15505,2025,2,February,4,1,0,0
C15505,2025,3,March,5,1,0,0
C15505,2025,5,May,6,2,0,1
C15505,2025,6,June,7,3,0,1
C15505,2025,8,August,8,4,0,1
C15505,2025,9,September,9,5,0,1
C15505,2025,12,December,10,6,0,1
C15506,2024,7,July,1,1,1,0
C15506,2024,9,September,2,2,0,1
C15506,2024,11,November,3,4,0,1
C15506,2024,12,December,5,5,0,1
C15506,2025,3,March,6,6,0,1
C15506,2025,4,April,7,7,0,1
C15506,2025,5,May,8,8,0,1
C15507,2025,3,March,1,1,1,0
C15508,2024,8,August,1,1,1,0
C15508,2024,12,December,2,2,0,1
C15508,2025,1,January,3,3,0,1
C15508,2025,9,September,4,5,0,1
C15508,2025,10,October,6,6,0,1
C15509,2024,8,August,1,1,1,0
C15509,2024,10,October,2,2,0,1
C15509,2024,11,November,3,3,0,1
C15509,2025,2,February,4,3,0,1
C15509,2025,3,March,5,5,0,1
C15509,2025,6,June,7,7,0,1
C15509,2025,7,July,9,8,0,1
C15509,2025,8,August,10,9,0,1
C15509,2025,9,September,11,11,0,1
C15511,2024,9,September,1,1,1,0
C15511,2024,12,December,2,1,0,0
C15511,2025,2,February,3,2,0,1
C15512,2024,7,July,1,1,1,0
C15512,2024,9,September,2,2,0,1
C15512,2024,11,November,4,3,0,1
C15512,2025,5,May,5,4,0,1
C15512,2025,10,October,6,6,0,1
C15512,2025,11,November,8,7,0,1
C15513,2024,8,August,1,0,1,0
C15513,2024,11,November,2,1,0,0
C15513,2025,1,January,3,2,0,1
C15514,2024,10,October,1,1,1,0
C15514,2025,1,January,3,2,0,1
C15514,2025,3,March,4,3,0,1
C15514,2025,6,June,5,4,0,1
C15514,2025,8,August,6,6,0,1
C15515,2025,9,September,1,1,1,0
C15515,2025,10,October,2,1,0,0
C15515,2025,12,December,3,1,0,0
C15516,2024,8,August,1,1,1,0
C15516,2024,12,December,2,2,0,1
C15516,2025,1,January,3,3,0,1
C15516,2025,5,May,4,5,0,1
C15516,2025,10,October,6,6,0,1
C15517,2024,9,September,1,1,1,0
C15517,2024,12,December,2,2,0,1
C15517,2025,4,April,3,3,0,1
C15517,2025,6,June,4,5,0,1
C15517,2025,12,December,6,6,0,1
C15518,2024,9,September,1,1,1,0
C15518,2024,10,October,2,2,0,1
C15518,2024,11,November,4,2,0,1
C15518,2025,3,March,5,4,0,1
C15518,2025,11,November,7,6,0,1
C15519,2024,7,July,1,1,1,0
C15519,2024,10,October,2,2,0,1
C15519,2024,11,November,3,3,0,1
C15519,2025,2,February,4,4,0,1
C15519,2025,3,March,5,5,0,1
C15519,2025,5,May,7,6,0,1
C15519,2025,6,June,8,6,0,1
C15519,2025,11,November,9,7,0,1
C15519,2025,12,December,11,9,0,1
C15520,2024,10,October,1,1,1,0
C15520,2025,6,June,2,2,0,1
C15520,2025,8,August,3,2,0,1
C15520,2025,12,December,4,3,0,1
C15521,2025,1,January,1,2,0,1
C15522,2025,2,February,1,1,1,0
C15522,2025,4,April,2,3,0,1
C15522,2025,11,November,4,4,0,1
C15523,2024,10,October,1,1,1,0
C15523,2025,5,May,2,2,0,1
C15523,2025,6,June,3,3,0,1
C15523,2025,8,August,4,3,0,1
C15524,2025,9,September,1,1,1,0
C15525,2024,8,August,1,0,1,0
C15525,2024,10,October,2,0,0,0
C15525,2025,4,April,3,1,0,0
C15525,2025,6,June,4,2,0,1
C15525,2025,11,November,5,3,0,1
C15526,2024,7,July,1,1,1,0
C15526,2024,10,October,2,1,0,0
C15526,2025,2,February,3,2,0,1
C15526,2025,3,March,4,3,0,1
C15526,2025,7,July,5,4,0,1
C15526,2025,11,November,6,5,0,1
C15526,2025,12,December,7,6,0,1
C15527,2025,3,March,1,1,1,0
C15527,2025,8,August,2,2,0,1
C15529,2024,8,August,1,1,1,0
C15529,2025,1,January,2,2,0,1
C15531,2025,2,February,1,1,1,0
C15532,2025,9,September,1,1,1,0
C15533,2024,12,December,1,1,1,0
C15533,2025,4,April,2,2,0,1
C15534,2025,7,July,1,1,1,0
C15534,2025,11,November,2,2,0,1
C15534,2025,12,December,3,3,0,1
C15535,2024,7,July,1,1,1,0
C15535,2024,8,August,2,2,0,1
C15535,2025,3,March,3,2,0,1
C15535,2025,4,April,4,3,0,1
C15535,2025,5,May,6,4,0,1
C15535,2025,12,December,7,5,0,1
C15536,2024,8,August,1,1,1,0
C15536,2025,7,July,2,2,0,1
C15537,2025,6,June,1,1,1,0
C15538,2024,10,October,1,2,0,1
C15538,2024,12,December,3,3,0,1
C15539,2025,2,February,1,1,1,0
C15539,2025,4,April,3,2,0,1
C15539,2025,5,May,4,3,0,1
C15540,2024,11,November,1,1,1,0
C15540,2025,2,February,2,2,0,1
C15540,2025,6,June,3,3,0,1
C15541,2025,2,February,1,1,1,0
C15541,2025,9,September,2,2,0,1
C15541,2025,10,October,3,3,0,1
C15542,2024,9,September,1,2,0,1
C15542,2025,1,January,3,2,0,1
C15542,2025,3,March,4,3,0,1
C15542,2025,12,December,5,3,0,1
C15543,2024,10,October,1,1,1,0
C15544,2024,11,November,1,1,1,0
C15544,2024,12,December,2,3,0,1
C15544,2025,5,May,4,4,0,1
C15544,2025,7,July,5,6,0,1
C15544,2025,8,August,7,7,0,1
C15545,2025,12,December,1,1,1,0
C15546,2024,7,July,1,1,1,0
C15546,2024,9,September,2,2,0,1
C15546,2024,10,October,3,2,0,1
C15546,2025,8,August,4,3,0,1
C15546,2025,11,November,5,4,0,1
C15547,2024,7,July,1,1,1,0
C15547,2025,10,October,2,1,0,0
C15547,2025,12,December,3,2,0,1
C15548,2024,8,August,1,1,1,0
C15548,2024,9,September,2,2,0,1
C15548,2024,10,October,3,3,0,1
C15548,2025,4,April,4,4,0,1
C15548,2025,10,October,5,4,0,1
C15548,2025,11,November,7,5,0,1
C15548,2025,12,December,9,6,0,1
C15549,2024,9,September,1,1,1,0
C15549,2025,2,February,2,2,0,1
C15549,2025,4,April,3,2,0,1
C15549,2025,11,November,4,2,0,1
C15549,2025,12,December,5,3,0,1
C15550,2024,8,August,1,1,1,0
C15550,2024,10,October,2,1,0,0
C15550,2025,3,March,3,3,0,1
C15551,2025,2,February,1,1,1,0
C15551,2025,5,May,2,1,0,0
C15551,2025,8,August,3,1,0,0
C15552,2025,9,September,1,1,1,0
C15552,2025,12,December,2,3,0,1
C15553,2024,7,July,1,1,1,0
C15553,2024,8,August,2,2,0,1
C15553,2024,12,December,3,2,0,1
C15553,2025,5,May,4,3,0,1
C15553,2025,7,July,5,4,0,1
C15554,2024,10,October,1,1,1,0
C15554,2025,2,February,2,2,0,1
C15554,2025,3,March,3,3,0,1
C15554,2025,5,May,4,4,0,1
C15554,2025,8,August,5,5,0,1
C15554,2025,12,December,6,6,0,1
C15555,2025,2,February,1,1,1,0
C15556,2024,11,November,1,2,0,1
C15556,2025,7,July,3,3,0,1
C15558,2025,5,May,1,1,1,0
C15559,2024,10,October,1,0,1,0
C15559,2024,11,November,2,1,0,0
C15559,2025,1,January,3,2,0,1
C15559,2025,7,July,4,3,0,1
C15559,2025,8,August,5,4,0,1
C15559,2025,9,September,6,5,0,1
C15559,2025,10,October,7,7,0,1
C15559,2025,11,November,9,8,0,1
C15560,2025,4,April,1,1,1,0
C15561,2025,2,February,1,1,1,0
C15561,2025,3,March,2,2,0,1
C15561,2025,5,May,3,3,0,1
C15562,2024,7,July,1,0,1,0
C15562,2025,1,January,2,1,0,0
C15562,2025,7,July,3,2,0,1
C15562,2025,11,November,4,3,0,1
C15563,2025,5,May,1,1,1,0
C15564,2024,11,November,1,2,0,1
C15564,2025,1,January,3,3,0,1
C15564,2025,3,March,4,4,0,1
C15564,2025,8,August,5,5,0,1
C15564,2025,10,October,6,5,0,1
C15564,2025,11,November,7,7,0,1
C15565,2025,4,April,1,0,1,0
C15565,2025,7,July,2,0,0,0
C15566,2024,11,November,1,0,1,0
C15566,2024,12,December,2,2,0,1
C15566,2025,8,August,4,3,0,1
C15566,2025,10,October,5,4,0,1
C15567,2024,7,July,1,1,1,0
C15567,2024,11,November,2,2,0,1
C15567,2025,1,January,3,3,0,1
C15567,2025,4,April,4,4,0,1
C15567,2025,9,September,5,5,0,1
C15568,2025,1,January,1,1,1,0
C15569,2024,10,October,1,1,1,0
C15569,2025,8,August,2,2,0,1
C15569,2025,10,October,3,3,0,1
C15570,2024,8,August,1,1,1,0
C15570,2025,8,August,2,2,0,1
C15570,2025,10,October,3,3,0,1
C15571,2024,9,September,1,1,1,0
C15571,2024,10,October,2,3,0,1
C15571,2025,2,February,4,4,0,1
C15571,2025,6,June,5,5,0,1
C15571,2025,9,September,6,6,0,1
C15572,2024,8,August,1,1,1,0
C15572,2024,9,September,2,2,0,1
C15572,2024,12,December,3,2,0,1
C15572,2025,1,January,4,3,0,1
C15572,2025,2,February,5,4,0,1
C15572,2025,6,June,6,5,0,1
C15572,2025,10,October,7,6,0,1
C15572,2025,11,November,8,7,0,1
C15572,2025,12,December,9,7,0,1
C15573,2024,11,November,1,1,1,0
C15573,2025,1,January,2,2,0,1
C15574,2025,10,October,1,1,1,0
C15575,2024,11,November,1,1,1,0
C15575,2025,11,November,2,2,0,1
C15576,2024,8,August,1,0,1,0
C15577,2025,5,May,1,1,1,0
C15577,2025,6,June,2,2,0,1
C15577,2025,10,October,3,2,0,1
C15578,2024,8,August,1,3,0,1
C15578,2024,10,October,4,4,0,1
C15578,2024,11,November,5,4,0,1
C15578,2024,12,December,6,5,0,1
C15578,2025,3,March,7,5,0,1
C15578,2025,11,November,8,6,0,1
C15579,2024,11,November,1,1,1,0
C15579,2025,3,March,2,2,0,1
C15579,2025,9,September,3,2,0,1
C15580,2024,9,September,1,0,1,0
C15580,2024,10,October,2,1,0,0
C15580,2024,11,November,3,2,0,1
C15580,2025,9,September,5,3,0,1
C15580,2025,10,October,6,4,0,1
C15581,2024,8,August,1,1,1,0
C15581,2025,2,February,2,2,0,1
C15581,2025,5,May,3,2,0,1
C15581,2025,8,August,4,3,0,1
C15581,2025,9,September,5,4,0,1
C15582,2024,9,September,1,0,1,0
C15582,2025,3,March,2,0,0,0
C15582,2025,7,July,3,1,0,0
C15583,2024,11,November,1,1,1,0
C15583,2025,4,April,2,1,0,0
C15583,2025,11,November,3,1,0,0
C15584,2024,11,November,1,1,1,0
C15584,2024,12,December,2,2,0,1
C15584,2025,1,January,4,3,0,1
C15584,2025,5,May,5,4,0,1
C15584,2025,9,September,6,5,0,1
C15585,2024,11,November,1,0,1,0
C15585,2025,1,January,2,0,0,0
C15585,2025,3,March,3,1,0,0
C15585,2025,9,September,4,2,0,1
C15587,2024,7,July,1,1,1,0
C15587,2025,11,November,2,2,0,1
C15589,2024,7,July,1,1,1,0
C15589,2025,1,January,2,2,0,1
C15589,2025,6,June,3,4,0,1
C15589,2025,9,September,5,5,0,1
C15589,2025,12,December,6,6,0,1
C15590,2024,9,September,1,1,1,0
C15590,2025,1,January,2,2,0,1
C15590,2025,3,March,3,3,0,1
C15590,2025,9,September,4,3,0,1
C15590,2025,11,November,5,4,0,1
C15590,2025,12,December,6,5,0,1
C15591,2024,9,September,1,1,1,0
C15591,2025,9,September,2,2,0,1
C15591,2025,11,November,3,3,0,1
C15592,2024,12,December,1,2,0,1
C15592,2025,10,October,3,3,0,1
C15593,2024,11,November,1,1,1,0
C15594,2024,9,September,1,0,1,0
C15594,2025,4,April,2,2,0,1
C15594,2025,11,November,4,3,0,1
C15595,2024,7,July,1,0,1,0
C15595,2024,11,November,2,1,0,0
C15595,2025,4,April,3,2,0,1
C15595,2025,5,May,4,3,0,1
C15595,2025,10,October,5,4,0,1
C15595,2025,12,December,7,5,0,1
C15596,2025,3,March,1,1,1,0
C15596,2025,5,May,2,2,0,1
C15597,2024,10,October,1,1,1,0
C15597,2025,5,May,3,2,0,1
C15598,2025,2,February,1,1,1,0
C15598,2025,10,October,2,2,0,1
C15599,2024,7,July,1,0,1,0
C15599,2024,9,September,2,1,0,0
C15599,2025,4,April,3,2,0,1
C15599,2025,5,May,4,3,0,1
C15599,2025,12,December,5,4,0,1
C15600,2024,7,July,1,1,1,0
C15600,2024,9,September,2,3,0,1
C15600,2025,2,February,4,3,0,1
C15600,2025,5,May,5,4,0,1
C15600,2025,9,September,6,5,0,1
C15601,2024,7,July,1,0,1,0
C15601,2024,10,October,2,1,0,0
C15601,2024,11,November,3,2,0,1
C15602,2024,7,July,1,1,1,0
C15602,2025,1,January,2,2,0,1
C15603,2025,3,March,1,1,1,0
C15603,2025,7,July,2,2,0,1
C15604,2025,4,April,1,1,1,0
C15604,2025,11,November,2,2,0,1
C15605,2025,3,March,1,0,1,0
C15605,2025,8,August,2,0,0,0
C15606,2024,10,October,1,0,1,0
C15606,2025,6,June,2,0,0,0
C15607,2025,4,April,1,1,1,0
C15607,2025,9,September,2,2,0,1
C15607,2025,12,December,3,3,0,1
C15608,2024,10,October,1,1,1,0
C15608,2024,11,November,2,2,0,1
C15608,2025,10,October,3,3,0,1
C15608,2025,11,November,5,5,0,1
C15609,2024,10,October,1,0,1,0
C15609,2025,6,June,2,1,0,0
C15609,2025,11,November,3,1,0,0
C15610,2024,7,July,1,1,1,0
C15610,2024,11,November,2,2,0,1
C15610,2025,4,April,3,3,0,1
C15611,2025,4,April,1,0,1,0
C15611,2025,9,September,2,1,0,0
C15612,2025,5,May,1,0,1,0
C15612,2025,6,June,2,1,0,0
C15613,2025,5,May,1,0,1,0
C15613,2025,7,July,2,1,0,0
C15613,2025,10,October,3,1,0,0
C15614,2024,9,September,1,1,1,0
C15614,2025,2,February,2,1,0,0
C15614,2025,7,July,3,2,0,1
C15615,2024,12,December,1,2,0,1
C15615,2025,9,September,3,3,0,1
C15616,2025,7,July,1,1,1,0
C15617,2024,7,July,1,1,1,0
C15617,2024,8,August,2,2,0,1
C15617,2025,10,October,3,3,0,1
C15618,2024,8,August,1,1,1,0
C15618,2025,7,July,2,2,0,1
C15618,2025,8,August,3,3,0,1
C15618,2025,9,September,4,4,0,1
C15618,2025,10,October,5,5,0,1
C15618,2025,12,December,7,6,0,1
C15619,2024,9,September,1,1,1,0
C15619,2024,12,December,2,2,0,1
C15619,2025,6,June,3,2,0,1
C15619,2025,8,August,4,3,0,1
C15619,2025,10,October,5,4,0,1
C15620,2024,8,August,1,0,1,0
C15620,2024,11,November,2,1,0,0
C15620,2024,12,December,3,2,0,1
C15621,2025,5,May,1,1,1,0
C15622,2024,8,August,1,1,1,0
C15622,2025,11,November,2,1,0,0
C15623,2024,9,September,1,0,1,0
C15623,2024,10,October,2,1,0,0
C15623,2025,3,March,3,2,0,1
C15623,2025,10,October,4,3,0,1
C15623,2025,11,November,5,3,0,1
C15624,2024,10,October,1,0,1,0
C15624,2025,6,June,2,1,0,0
C15625,2024,8,August,1,1,1,0
C15625,2025,6,June,3,2,0,1
C15625,2025,7,July,4,3,0,1
C15625,2025,11,November,5,4,0,1
C15626,2024,8,August,1,1,1,0
C15626,2024,11,November,2,2,0,1
C15626,2025,3,March,3,3,0,1
C15626,2025,4,April,5,4,0,1
C15626,2025,5,May,6,4,0,1
C15626,2025,6,June,7,5,0,1
C15626,2025,7,July,8,6,0,1
C15626,2025,8,August,9,7,0,1
C15626,2025,12,December,11,8,0,1
C15627,2024,11,November,1,1,1,0
C15628,2024,7,July,1,1,1,0
C15628,2024,8,August,2,3,0,1
C15628,2025,1,January,4,4,0,1
C15628,2025,9,September,5,6,0,1
C15629,2024,7,July,1,1,1,0
C15629,2025,3,March,2,2,0,1
C15629,2025,4,April,3,4,0,1
C15629,2025,6,June,5,5,0,1
C15629,2025,9,September,6,7,0,1
C15630,2024,7,July,1,1,1,0
C15630,2024,8,August,2,3,0,1
C15630,2024,9,September,4,4,0,1
C15630,2024,10,October,5,5,0,1
C15630,2025,5,May,6,6,0,1
C15630,2025,6,June,7,7,0,1
C15630,2025,9,September,8,8,0,1
C15630,2025,10,October,9,9,0,1
C15631,2024,7,July,1,1,1,0
C15631,2024,11,November,2,2,0,1
C15631,2025,1,January,3,3,0,1
C15631,2025,4,April,4,3,0,1
C15631,2025,10,October,5,4,0,1
C15632,2024,11,November,1,1,1,0
C15633,2025,11,November,1,1,1,0
C15634,2025,10,October,1,1,1,0
C15634,2025,11,November,2,2,0,1
C15635,2024,7,July,1,1,1,0
C15635,2025,3,March,2,2,0,1
C15635,2025,11,November,3,3,0,1
C15636,2025,6,June,1,1,1,0
C15636,2025,9,September,2,2,0,1
C15636,2025,12,December,3,3,0,1
C15637,2024,12,December,1,1,1,0
C15637,2025,4,April,2,3,0,1
C15637,2025,8,August,4,4,0,1
C15637,2025,10,October,5,5,0,1
C15638,2024,7,July,1,1,1,0
C15639,2025,1,January,1,1,1,0
C15640,2025,6,June,1,1,1,0
C15640,2025,8,August,2,2,0,1
C15640,2025,9,September,3,3,0,1
C15640,2025,10,October,4,4,0,1
C15641,2024,7,July,1,0,1,0
C15641,2024,8,August,2,1,0,0
C15641,2024,10,October,3,2,0,1
C15641,2025,4,April,4,3,0,1
C15641,2025,7,July,5,5,0,1
C15641,2025,9,September,7,5,0,1
C15642,2025,3,March,1,1,1,0
C15642,2025,11,November,2,1,0,0
C15643,2024,9,September,1,1,1,0
C15644,2024,8,August,1,1,1,0
C15644,2024,10,October,2,2,0,1
C15644,2024,12,December,3,3,0,1
C15644,2025,2,February,4,4,0,1
C15644,2025,4,April,5,5,0,1
C15645,2025,2,February,1,0,1,0
C15645,2025,5,May,2,1,0,0
C15645,2025,7,July,3,2,0,1
C15645,2025,9,September,4,3,0,1
C15645,2025,12,December,5,4,0,1
C15646,2024,11,November,1,0,1,0
C15646,2025,2,February,2,0,0,0
C15646,2025,3,March,3,1,0,0
C15647,2024,9,September,1,1,1,0
C15647,2025,7,July,2,3,0,1
C15647,2025,9,September,4,4,0,1
C15648,2024,8,August,1,2,0,1
C15648,2025,1,January,3,3,0,1
C15648,2025,6,June,4,4,0,1
C15648,2025,10,October,5,5,0,1
C15648,2025,11,November,6,5,0,1
C15648,2025,12,December,7,6,0,1
C15649,2025,3,March,1,1,1,0
C15649,2025,4,April,2,3,0,1
C15649,2025,8,August,4,4,0,1
C15650,2025,2,February,1,0,1,0
C15650,2025,5,May,2,1,0,0
C15650,2025,6,June,3,2,0,1
C15650,2025,10,October,4,3,0,1
C15650,2025,11,November,5,4,0,1
C15651,2024,11,November,1,1,1,0
C15651,2025,1,January,2,2,0,1
C15651,2025,4,April,3,2,0,1
C15651,2025,5,May,4,4,0,1
C15651,2025,7,July,6,5,0,1
C15651,2025,9,September,7,7,0,1
C15651,2025,11,November,9,8,0,1
C15651,2025,12,December,10,8,0,1
C15652,2024,7,July,1,0,1,0
C15652,2024,8,August,2,1,0,0
C15652,2025,5,May,3,2,0,1
C15652,2025,10,October,4,3,0,1
C15653,2025,6,June,1,0,1,0
C15653,2025,8,August,2,1,0,0
C15654,2024,10,October,1,1,1,0
C15655,2025,8,August,1,1,1,0
C15656,2024,7,July,1,1,1,0
C15656,2024,11,November,2,2,0,1
C15656,2025,3,March,3,3,0,1
C15656,2025,4,April,4,4,0,1
C15656,2025,6,June,6,6,0,1
C15656,2025,10,October,8,7,0,1
C15657,2024,8,August,1,1,1,0
C15657,2024,10,October,2,2,0,1
C15658,2024,10,October,1,0,1,0
C15658,2025,5,May,2,1,0,0
C15658,2025,7,July,3,2,0,1
C15659,2024,8,August,1,1,1,0
C15659,2024,9,September,2,2,0,1
C15659,2025,4,April,3,3,0,1
C15659,2025,9,September,5,4,0,1
C15659,2025,11,November,6,5,0,1
C15659,2025,12,December,7,6,0,1
C15660,2025,1,January,1,2,0,1
C15661,2024,10,October,1,2,0,1
C15661,2025,1,January,3,3,0,1
C15661,2025,9,September,4,3,0,1
C15662,2024,12,December,1,1,1,0
C15662,2025,1,January,2,2,0,1
C15662,2025,3,March,3,3,0,1
C15663,2024,9,September,1,1,1,0
C15663,2025,11,November,2,2,0,1
C15664,2025,12,December,1,1,1,0
C15665,2024,10,October,1,1,1,0
C15665,2025,3,March,2,2,0,1
C15665,2025,4,April,3,2,0,1
C15665,2025,6,June,4,3,0,1
C15665,2025,7,July,5,3,0,1
C15665,2025,9,September,6,4,0,1
C15665,2025,12,December,7,5,0,1
C15666,2024,7,July,1,1,1,0
C15666,2024,9,September,2,2,0,1
C15666,2024,10,October,3,3,0,1
C15666,2025,7,July,4,3,0,1
C15666,2025,12,December,5,4,0,1
C15667,2024,8,August,1,1,1,0
C15667,2025,1,January,2,2,0,1
C15667,2025,6,June,3,3,0,1
C15667,2025,11,November,4,3,0,1
C15668,2025,3,March,1,2,0,1
C15668,2025,5,May,3,2,0,1
C15669,2024,9,September,1,1,1,0
C15669,2025,5,May,2,2,0,1
C15669,2025,8,August,3,3,0,1
C15670,2024,7,July,1,1,1,0
C15670,2025,3,March,2,2,0,1
C15670,2025,5,May,3,3,0,1
C15671,2024,7,July,1,1,1,0
C15671,2024,12,December,2,3,0,1
C15671,2025,8,August,4,4,0,1
C15672,2025,4,April,1,1,1,0
C15672,2025,5,May,2,2,0,1
C15672,2025,6,June,3,2,0,1
C15673,2024,7,July,1,1,1,0
C15673,2024,8,August,2,2,0,1
C15673,2024,9,September,3,4,0,1
C15673,2024,11,November,5,5,0,1
C15673,2024,12,December,6,6,0,1
C15673,2025,6,June,7,7,0,1
C15673,2025,10,October,8,8,0,1
C15673,2025,12,December,9,9,0,1
C15674,2024,10,October,1,1,1,0
C15674,2024,11,November,2,2,0,1
C15674,2025,2,February,3,3,0,1
C15674,2025,11,November,4,4,0,1
C15675,2024,10,October,1,1,1,0
C15675,2025,1,January,2,2,0,1
C15675,2025,3,March,3,3,0,1
C15675,2025,5,May,4,4,0,1
C15675,2025,6,June,5,4,0,1
C15675,2025,8,August,6,5,0,1
C15675,2025,10,October,7,7,0,1
C15676,2024,9,September,1,1,1,0
C15676,2024,10,October,3,2,0,1
C15676,2024,12,December,4,3,0,1
C15676,2025,1,January,5,3,0,1
C15676,2025,2,February,6,4,0,1
C15676,2025,7,July,8,5,0,1
C15676,2025,9,September,10,6,0,1
C15676,2025,10,October,11,7,0,1
C15677,2025,4,April,1,0,1,0
C15677,2025,8,August,2,1,0,0
C15678,2024,8,August,1,1,1,0
C15678,2024,11,November,2,3,0,1
C15678,2025,1,January,4,4,0,1
C15678,2025,4,April,5,6,0,1
C15678,2025,8,August,7,7,0,1
C15678,2025,10,October,8,9,0,1
C15678,2025,11,November,10,10,0,1
C15679,2025,8,August,1,1,1,0
C15679,2025,10,October,2,2,0,1
C15680,2024,7,July,1,1,1,0
C15680,2025,7,July,2,2,0,1
C15680,2025,11,November,3,2,0,1
C15681,2024,9,September,1,1,1,0
C15681,2024,11,November,2,2,0,1
C15681,2024,12,December,3,4,0,1
C15681,2025,4,April,5,5,0,1
C15681,2025,11,November,6,6,0,1
C15681,2025,12,December,7,7,0,1
C15682,2024,7,July,1,1,1,0
C15683,2025,7,July,1,0,1,0
C15684,2024,8,August,1,1,1,0
C15685,2024,8,August,1,1,1,0
C15685,2024,10,October,2,2,0,1
C15685,2024,11,November,3,3,0,1
C15685,2025,5,May,4,4,0,1
C15685,2025,9,September,5,5,0,1
C15685,2025,10,October,6,6,0,1
C15686,2024,7,July,1,1,1,0
C15687,2025,3,March,1,1,1,0
C15688,2024,9,September,1,1,1,0
C15688,2024,10,October,2,1,0,0
C15688,2024,12,December,3,1,0,0
C15688,2025,2,February,4,2,0,1
C15688,2025,6,June,6,3,0,1
C15688,2025,8,August,7,5,0,1
C15688,2025,10,October,9,6,0,1
C15689,2025,6,June,1,1,1,0
C15689,2025,8,August,2,1,0,0
C15690,2024,7,July,1,1,1,0
C15690,2024,12,December,2,2,0,1
C15690,2025,11,November,3,3,0,1
C15690,2025,12,December,4,4,0,1
C15691,2025,5,May,1,1,1,0
C15691,2025,7,July,2,2,0,1
C15692,2024,9,September,1,1,1,0
C15692,2025,6,June,2,3,0,1
C15693,2025,7,July,1,1,1,0
C15693,2025,8,August,2,2,0,1
C15694,2024,7,July,1,1,1,0
C15694,2024,10,October,2,3,0,1
C15694,2024,11,November,4,4,0,1
C15694,2025,1,January,5,5,0,1
C15694,2025,5,May,6,6,0,1
C15695,2024,9,September,1,1,1,0
C15695,2024,11,November,2,2,0,1
C15695,2025,2,February,3,3,0,1
C15696,2024,9,September,1,1,1,0
C15697,2024,7,July,1,2,0,1
C15697,2025,10,October,3,3,0,1
C15698,2024,7,July,1,1,1,0
C15698,2024,11,November,2,2,0,1
C15698,2025,3,March,3,3,0,1
C15698,2025,4,April,4,3,0,1
C15698,2025,5,May,5,4,0,1
C15698,2025,8,August,6,5,0,1
C15699,2024,8,August,1,1,1,0
C15699,2024,10,October,2,2,0,1
C15699,2024,11,November,3,3,0,1
C15699,2025,6,June,4,4,0,1
C15699,2025,9,September,5,5,0,1
C15700,2024,8,August,1,1,1,0
C15700,2025,10,October,2,2,0,1
C15700,2025,12,December,3,3,0,1
C15701,2024,8,August,1,1,1,0
C15701,2024,9,September,2,2,0,1
C15701,2024,11,November,4,4,0,1
C15701,2025,1,January,6,6,0,1
C15701,2025,2,February,8,7,0,1
C15701,2025,3,March,9,7,0,1
C15701,2025,12,December,10,7,0,1
C15702,2024,8,August,1,1,1,0
C15702,2024,9,September,2,2,0,1
C15702,2024,12,December,3,3,0,1
C15702,2025,4,April,4,4,0,1
C15703,2025,1,January,1,1,1,0
C15703,2025,2,February,2,2,0,1
C15703,2025,3,March,3,2,0,1
C15703,2025,4,April,4,3,0,1
C15703,2025,5,May,5,3,0,1
C15703,2025,7,July,6,4,0,1
C15703,2025,10,October,7,5,0,1
C15703,2025,12,December,8,6,0,1
C15704,2024,11,November,1,1,1,0
C15704,2025,1,January,2,2,0,1
C15704,2025,2,February,3,3,0,1
C15704,2025,3,March,5,4,0,1
C15704,2025,5,May,6,5,0,1
C15704,2025,9,September,7,5,0,1
C15704,2025,11,November,8,5,0,1
C15705,2025,4,April,1,1,1,0
C15706,2025,3,March,1,1,1,0
C15706,2025,5,May,2,2,0,1
C15706,2025,11,November,3,3,0,1
C15707,2025,6,June,1,1,1,0
C15708,2024,8,August,1,1,1,0
C15708,2024,9,September,2,3,0,1
C15708,2025,4,April,4,4,0,1
C15708,2025,8,August,5,5,0,1
C15708,2025,10,October,6,6,0,1
C15709,2025,3,March,1,1,1,0
C15710,2024,7,July,1,1,1,0
C15710,2024,11,November,2,2,0,1
C15710,2024,12,December,3,3,0,1
C15710,2025,12,December,4,3,0,1
C15711,2024,8,August,1,0,1,0
C15712,2024,10,October,1,1,1,0
C15712,2025,3,March,2,2,0,1
C15713,2024,11,November,1,0,1,0
C15713,2024,12,December,2,1,0,0
C15713,2025,2,February,3,3,0,1
C15713,2025,9,September,5,4,0,1
C15714,2024,12,December,1,1,1,0
C15714,2025,4,April,2,2,0,1
C15714,2025,6,June,3,3,0,1
C15714,2025,7,July,4,4,0,1
C15715,2024,9,September,1,1,1,0
C15715,2025,3,March,2,3,0,1
C15715,2025,10,October,4,4,0,1
C15716,2025,2,February,1,1,1,0
C15716,2025,3,March,2,2,0,1
C15718,2024,9,September,1,1,1,0
C15718,2024,12,December,2,2,0,1
C15718,2025,4,April,3,3,0,1
C15718,2025,11,November,4,4,0,1
C15719,2025,2,February,1,1,1,0
C15719,2025,3,March,2,1,0,0
C15719,2025,10,October,3,2,0,1
C15720,2024,12,December,1,1,1,0
C15720,2025,3,March,2,2,0,1
C15720,2025,4,April,3,3,0,1
C15720,2025,5,May,4,4,0,1
C15720,2025,12,December,5,5,0,1
C15721,2024,7,July,1,0,1,0
C15722,2024,12,December,1,1,1,0
C15722,2025,2,February,2,2,0,1
C15722,2025,7,July,3,3,0,1
C15723,2024,7,July,1,0,1,0
C15723,2024,10,October,2,1,0,0
C15723,2025,3,March,3,2,0,1
C15723,2025,6,June,4,3,0,1
C15724,2024,7,July,1,1,1,0
C15724,2024,9,September,2,2,0,1
C15724,2025,9,September,3,3,0,1
C15725,2024,10,October,1,1,1,0
C15725,2025,1,January,2,2,0,1
C15725,2025,4,April,3,3,0,1
C15725,2025,5,May,4,5,0,1
C15725,2025,9,September,6,6,0,1
C15726,2024,9,September,1,1,1,0
C15726,2024,10,October,2,2,0,1
C15726,2024,11,November,3,3,0,1
C15726,2025,8,August,4,4,0,1
C15727,2024,8,August,1,1,1,0
C15727,2025,1,January,2,3,0,1
C15727,2025,2,February,4,4,0,1
C15727,2025,3,March,5,5,0,1
C15727,2025,5,May,6,6,0,1
C15727,2025,12,December,7,7,0,1
C15728,2024,9,September,1,0,1,0
C15728,2024,10,October,2,0,0,0
C15728,2025,1,January,4,1,0,0
C15729,2025,2,February,1,0,1,0
C15729,2025,10,October,3,1,0,0
C15730,2024,10,October,1,1,1,0
C15730,2025,3,March,2,2,0,1
C15730,2025,5,May,3,4,0,1
C15731,2024,7,July,1,1,1,0
C15731,2025,10,October,3,2,0,1
C15732,2024,9,September,1,1,1,0
C15732,2025,8,August,2,1,0,0
C15733,2024,9,September,1,1,1,0
C15733,2025,3,March,2,2,0,1
C15733,2025,4,April,3,3,0,1
C15734,2025,2,February,1,1,1,0
C15734,2025,4,April,2,2,0,1
C15734,2025,7,July,3,3,0,1
C15734,2025,9,September,5,4,0,1
C15735,2024,8,August,1,1,1,0
C15735,2025,3,March,3,2,0,1
C15735,2025,4,April,5,2,0,1
C15735,2025,7,July,6,3,0,1
C15735,2025,10,October,7,3,0,1
C15735,2025,11,November,8,4,0,1
C15736,2024,9,September,1,1,1,0
C15736,2025,1,January,3,2,0,1
C15736,2025,3,March,4,4,0,1
C15736,2025,5,May,6,5,0,1
C15736,2025,8,August,7,6,0,1
C15736,2025,9,September,8,7,0,1
C15737,2024,7,July,1,1,1,0
C15737,2024,8,August,2,2,0,1
C15737,2024,9,September,3,3,0,1
C15737,2024,11,November,4,4,0,1
C15737,2025,1,January,5,5,0,1
C15737,2025,6,June,6,6,0,1
C15737,2025,11,November,7,7,0,1
C15738,2024,9,September,1,1,1,0
C15738,2025,11,November,2,1,0,0
C15738,2025,12,December,3,2,0,1
C15739,2024,9,September,1,0,1,0
C15739,2025,7,July,2,1,0,0
C15739,2025,10,October,3,2,0,1
C15740,2025,1,January,1,1,1,0
C15741,2024,12,December,1,1,1,0
C15741,2025,4,April,2,2,0,1
C15742,2024,7,July,1,1,1,0
C15742,2024,12,December,2,2,0,1
C15742,2025,1,January,3,4,0,1
C15742,2025,5,May,5,5,0,1
C15742,2025,10,October,6,6,0,1
C15743,2025,2,February,1,1,1,0
C15743,2025,10,October,2,2,0,1
C15744,2024,7,July,1,1,1,0
C15744,2024,9,September,2,2,0,1
C15745,2024,8,August,1,2,0,1
C15745,2024,9,September,3,2,0,1
C15746,2024,9,September,1,1,1,0
C15746,2024,10,October,3,2,0,1
C15746,2025,1,January,4,4,0,1
C15746,2025,5,May,6,4,0,1
C15746,2025,6,June,7,5,0,1
C15746,2025,8,August,8,6,0,1
C15746,2025,11,November,9,7,0,1
C15747,2024,8,August,1,1,1,0
C15747,2024,9,September,2,2,0,1
C15747,2025,5,May,3,3,0,1
C15747,2025,10,October,4,4,0,1
C15747,2025,12,December,5,5,0,1
C15748,2025,2,February,1,1,1,0
C15748,2025,5,May,2,1,0,0
C15749,2024,10,October,1,1,1,0
C15749,2025,7,July,2,2,0,1
C15749,2025,8,August,3,2,0,1
C15750,2024,11,November,1,1,1,0
C15750,2025,6,June,2,2,0,1
C15750,2025,9,September,3,3,0,1
C15751,2024,9,September,1,1,1,0
C15751,2024,11,November,2,2,0,1
C15751,2025,12,December,3,3,0,1
C15752,2024,10,October,1,1,1,0
C15752,2025,1,January,2,2,0,1
C15752,2025,3,March,3,3,0,1
C15752,2025,7,July,4,4,0,1
C15752,2025,8,August,5,4,0,1
C15752,2025,9,September,6,5,0,1
C15752,2025,11,November,7,5,0,1
C15753,2024,12,December,1,1,1,0
C15753,2025,6,June,2,2,0,1
C15754,2025,5,May,1,1,1,0
C15754,2025,6,June,2,2,0,1
C15754,2025,8,August,3,3,0,1
C15755,2024,9,September,1,3,0,1
C15755,2025,1,January,4,4,0,1
C15755,2025,3,March,5,5,0,1
C15755,2025,6,June,6,6,0,1
C15755,2025,10,October,7,7,0,1
C15756,2024,11,November,1,0,1,0
C15756,2025,2,February,2,1,0,0
C15756,2025,3,March,3,2,0,1
C15756,2025,5,May,4,3,0,1
C15756,2025,8,August,6,4,0,1
C15756,2025,12,December,7,5,0,1
C15757,2024,7,July,1,1,1,0
C15757,2025,1,January,2,2,0,1
C15757,2025,4,April,3,3,0,1
C15757,2025,5,May,4,4,0,1
C15757,2025,7,July,5,5,0,1
C15757,2025,11,November,6,5,0,1
C15757,2025,12,December,7,7,0,1
C15758,2025,3,March,1,1,1,0
C15758,2025,4,April,2,1,0,0
C15758,2025,6,June,3,2,0,1
C15758,2025,7,July,4,3,0,1
C15759,2024,8,August,1,1,1,0
C15759,2024,9,September,2,2,0,1
C15759,2024,10,October,3,3,0,1
C15759,2025,2,February,4,3,0,1
C15759,2025,10,October,5,4,0,1
C15760,2024,11,November,1,1,1,0
C15760,2025,12,December,2,2,0,1
C15761,2024,11,November,1,1,1,0
C15761,2025,11,November,2,2,0,1
C15762,2024,10,October,1,1,1,0
C15762,2025,3,March,2,3,0,1
C15762,2025,5,May,4,5,0,1
C15762,2025,8,August,6,6,0,1
C15762,2025,9,September,7,7,0,1
C15762,2025,10,October,8,8,0,1
C15763,2024,10,October,1,1,1,0
C15763,2024,12,December,2,2,0,1
C15763,2025,6,June,4,3,0,1
C15763,2025,10,October,5,4,0,1
C15763,2025,12,December,6,5,0,1
C15764,2024,11,November,1,1,1,0
C15764,2025,1,January,2,1,0,0
C15765,2024,10,October,1,1,1,0
C15765,2025,2,February,2,2,0,1
C15766,2025,3,March,1,1,1,0
C15766,2025,6,June,2,2,0,1
C15766,2025,11,November,3,2,0,1
C15767,2024,9,September,1,1,1,0
C15767,2024,10,October,2,2,0,1
C15767,2025,11,November,3,2,0,1
C15768,2024,10,October,1,1,1,0
C15768,2024,12,December,2,3,0,1
C15768,2025,7,July,4,4,0,1
C15768,2025,11,November,5,5,0,1
C15769,2024,9,September,1,0,1,0
C15769,2025,9,September,2,1,0,0
C15769,2025,10,October,3,2,0,1
C15769,2025,11,November,4,3,0,1
C15770,2024,11,November,1,0,1,0
C15770,2024,12,December,2,1,0,0
C15770,2025,2,February,3,1,0,0
C15771,2024,7,July,1,1,1,0
C15771,2024,12,December,2,2,0,1
C15771,2025,2,February,3,3,0,1
C15772,2024,9,September,1,1,1,0
C15772,2024,10,October,2,2,0,1
C15772,2025,2,February,3,3,0,1
C15772,2025,9,September,4,4,0,1
C15773,2024,9,September,1,1,1,0
C15773,2024,11,November,2,2,0,1
C15773,2024,12,December,3,2,0,1
C15773,2025,1,January,4,3,0,1
C15773,2025,8,August,5,3,0,1
C15773,2025,9,September,6,4,0,1
C15773,2025,12,December,7,4,0,1
C15774,2024,9,September,1,0,1,0
C15774,2025,2,February,2,1,0,0
C15775,2025,7,July,1,1,1,0
C15775,2025,8,August,2,2,0,1
C15776,2024,7,July,1,1,1,0
C15776,2024,8,August,2,2,0,1
C15776,2024,9,September,3,3,0,1
C15776,2025,1,January,4,4,0,1
C15776,2025,12,December,5,4,0,1
C15777,2024,7,July,1,1,1,0
C15777,2024,10,October,2,1,0,0
C15777,2025,6,June,3,1,0,0
C15777,2025,8,August,4,2,0,1
C15777,2025,10,October,5,3,0,1
C15778,2024,9,September,1,1,1,0
C15778,2024,12,December,2,2,0,1
C15778,2025,1,January,3,3,0,1
C15778,2025,2,February,4,4,0,1
C15778,2025,7,July,5,5,0,1
C15778,2025,8,August,6,6,0,1
C15778,2025,11,November,8,7,0,1
C15778,2025,12,December,9,8,0,1
C15779,2024,8,August,1,1,1,0
C15779,2024,11,November,2,1,0,0
C15779,2025,2,February,3,2,0,1
C15779,2025,4,April,4,3,0,1
C15779,2025,6,June,5,4,0,1
C15779,2025,9,September,6,5,0,1
C15779,2025,10,October,7,6,0,1
C15780,2024,10,October,1,1,1,0
C15780,2024,12,December,2,2,0,1
C15780,2025,6,June,3,2,0,1
C15781,2025,2,February,1,0,1,0
C15781,2025,4,April,2,0,0,0
C15781,2025,6,June,3,0,0,0
C15783,2024,8,August,1,1,1,0
C15783,2025,2,February,2,2,0,1
C15783,2025,3,March,3,3,0,1
C15783,2025,10,October,4,4,0,1
C15784,2024,11,November,1,1,1,0
C15784,2024,12,December,2,2,0,1
C15784,2025,7,July,3,4,0,1
C15785,2025,1,January,1,1,1,0
C15785,2025,6,June,2,2,0,1
C15787,2025,9,September,1,0,1,0
C15787,2025,10,October,2,1,0,0
C15787,2025,11,November,3,1,0,0
C15788,2024,12,December,1,1,1,0
C15788,2025,2,February,2,2,0,1
C15789,2024,9,September,1,1,1,0
C15789,2024,12,December,2,2,0,1
C15789,2025,8,August,3,3,0,1
C15790,2024,8,August,1,1,1,0
C15790,2025,1,January,2,1,0,0
C15790,2025,3,March,4,2,0,1
C15791,2024,7,July,1,0,1,0
C15791,2024,10,October,2,1,0,0
C15791,2025,11,November,4,2,0,1
C15792,2025,3,March,1,1,1,0
C15792,2025,9,September,2,2,0,1
C15792,2025,10,October,3,3,0,1
C15793,2024,9,September,1,1,1,0
C15793,2024,10,October,2,2,0,1
C15793,2025,3,March,3,3,0,1
C15793,2025,7,July,4,4,0,1
C15794,2024,12,December,1,1,1,0
C15794,2025,2,February,2,2,0,1
C15794,2025,3,March,3,3,0,1
C15794,2025,4,April,4,5,0,1
C15794,2025,9,September,7,6,0,1
C15794,2025,10,October,8,7,0,1
C15795,2024,8,August,1,3,0,1
C15795,2024,10,October,4,4,0,1
C15795,2024,12,December,5,5,0,1
C15795,2025,5,May,6,7,0,1
C15795,2025,9,September,8,8,0,1
C15795,2025,10,October,9,9,0,1
C15795,2025,12,December,10,10,0,1
C15796,2025,11,November,1,0,1,0
C15797,2024,10,October,1,1,1,0
C15797,2025,2,February,2,2,0,1
C15797,2025,9,September,3,3,0,1
C15798,2024,11,November,1,1,1,0
C15798,2025,2,February,2,2,0,1
C15798,2025,6,June,3,4,0,1
C15798,2025,9,September,5,5,0,1
C15798,2025,10,October,6,6,0,1
C15799,2025,4,April,1,0,1,0
C15800,2024,8,August,1,1,1,0
C15800,2025,4,April,2,2,0,1
C15800,2025,5,May,3,4,0,1
C15800,2025,11,November,5,4,0,1
C15801,2024,8,August,1,0,1,0
C15801,2024,10,October,2,1,0,0
C15802,2024,7,July,1,1,1,0
C15802,2024,11,November,2,2,0,1
C15802,2025,3,March,3,3,0,1
C15802,2025,8,August,4,4,0,1
C15802,2025,9,September,6,5,0,1
C15802,2025,11,November,7,6,0,1
C15803,2024,9,September,1,1,1,0
C15803,2025,2,February,2,2,0,1
C15803,2025,6,June,3,3,0,1
C15804,2024,7,July,1,1,1,0
C15805,2024,8,August,1,1,1,0
C15805,2024,12,December,2,2,0,1
C15805,2025,3,March,3,3,0,1
C15805,2025,8,August,4,4,0,1
C15805,2025,10,October,5,5,0,1
C15805,2025,12,December,6,6,0,1
C15806,2024,8,August,1,0,1,0
C15806,2024,9,September,2,1,0,0
C15806,2024,12,December,3,2,0,1
C15806,2025,3,March,4,3,0,1
C15806,2025,4,April,5,5,0,1
C15806,2025,5,May,7,7,0,1
C15806,2025,10,October,9,8,0,1
C15807,2024,12,December,1,1,1,0
C15807,2025,1,January,2,2,0,1
C15807,2025,3,March,3,3,0,1
C15808,2025,2,February,1,1,1,0
C15808,2025,5,May,2,2,0,1
C15808,2025,7,July,3,4,0,1
C15808,2025,10,October,6,5,0,1
C15809,2024,7,July,1,1,1,0
C15809,2024,8,August,2,2,0,1
C15809,2024,10,October,3,3,0,1
C15809,2024,12,December,4,4,0,1
C15809,2025,2,February,6,7,0,1
C15809,2025,4,April,9,8,0,1
C15809,2025,6,June,11,9,0,1
C15809,2025,7,July,12,10,0,1
C15809,2025,11,November,13,11,0,1
C15810,2024,9,September,1,1,1,0
C15810,2025,2,February,2,2,0,1
C15810,2025,5,May,3,3,0,1
C15810,2025,6,June,4,4,0,1
C15811,2025,4,April,1,0,1,0
C15811,2025,11,November,2,1,0,0
C15812,2025,4,April,1,1,1,0
C15812,2025,6,June,2,2,0,1
C15812,2025,7,July,3,3,0,1
C15813,2025,2,February,1,1,1,0
C15813,2025,11,November,2,1,0,0
C15813,2025,12,December,3,2,0,1
C15814,2025,10,October,1,1,1,0
C15815,2024,9,September,1,0,1,0
C15815,2025,5,May,2,0,0,0
C15815,2025,8,August,3,1,0,0
C15815,2025,12,December,4,2,0,1
C15816,2025,7,July,1,0,1,0
C15816,2025,9,September,2,1,0,0
C15816,2025,11,November,3,2,0,1
C15817,2025,2,February,1,1,1,0
C15817,2025,10,October,2,2,0,1
C15817,2025,12,December,3,2,0,1
C15818,2025,9,September,1,1,1,0
C15819,2025,1,January,1,1,1,0
C15819,2025,6,June,2,2,0,1
C15820,2024,7,July,1,1,1,0
C15820,2025,7,July,2,2,0,1
C15820,2025,10,October,3,3,0,1
C15821,2024,12,December,1,1,1,0
C15821,2025,7,July,2,2,0,1
C15822,2024,11,November,1,1,1,0
C15822,2025,2,February,2,1,0,0
C15822,2025,5,May,4,1,0,0
C15822,2025,7,July,5,2,0,1
C15822,2025,10,October,6,3,0,1
C15823,2024,12,December,1,1,1,0
C15824,2024,8,August,1,1,1,0
C15824,2024,9,September,2,2,0,1
C15824,2025,1,January,3,3,0,1
C15824,2025,5,May,4,4,0,1
C15824,2025,7,July,5,5,0,1
C15824,2025,10,October,6,6,0,1
C15825,2024,9,September,1,1,1,0
C15825,2024,10,October,2,2,0,1
C15825,2025,8,August,3,3,0,1
C15826,2024,10,October,1,1,1,0
C15826,2024,11,November,2,2,0,1
C15826,2025,1,January,3,3,0,1
C15827,2025,11,November,1,1,1,0
C15828,2024,8,August,1,1,1,0
C15828,2024,10,October,2,2,0,1
C15828,2025,3,March,3,3,0,1
C15828,2025,4,April,5,3,0,1
C15829,2025,2,February,1,2,0,1
C15831,2024,7,July,1,1,1,0
C15831,2025,6,June,2,2,0,1
C15833,2024,8,August,1,2,0,1
C15833,2024,10,October,3,3,0,1
C15833,2024,12,December,4,6,0,1
C15833,2025,3,March,7,7,0,1
C15833,2025,10,October,8,8,0,1
C15834,2025,5,May,1,1,1,0
C15834,2025,8,August,2,2,0,1
C15835,2024,8,August,1,1,1,0
C15836,2024,7,July,1,1,1,0
C15836,2024,8,August,2,2,0,1
C15836,2024,9,September,4,3,0,1
C15836,2025,5,May,5,4,0,1
C15836,2025,6,June,6,5,0,1
C15836,2025,9,September,7,6,0,1
C15836,2025,10,October,8,6,0,1
C15837,2025,2,February,1,1,1,0
C15838,2024,9,September,1,1,1,0
C15838,2025,7,July,2,1,0,0
C15839,2024,7,July,1,1,1,0
C15839,2024,12,December,2,2,0,1
C15839,2025,1,January,3,3,0,1
C15839,2025,3,March,4,4,0,1
C15839,2025,5,May,5,5,0,1
C15839,2025,10,October,6,6,0,1
C15840,2024,8,August,1,1,1,0
C15840,2024,10,October,2,2,0,1
C15840,2025,12,December,3,3,0,1
C15841,2024,8,August,1,1,1,0
C15841,2024,11,November,2,2,0,1
C15841,2025,5,May,3,3,0,1
C15841,2025,6,June,4,3,0,1
C15841,2025,10,October,5,3,0,1
C15842,2025,10,October,1,1,1,0
C15843,2024,7,July,1,0,1,0
C15843,2024,10,October,2,1,0,0
C15843,2024,11,November,3,2,0,1
C15843,2025,4,April,4,4,0,1
C15843,2025,5,May,6,5,0,1
C15843,2025,9,September,7,6,0,1
C15843,2025,11,November,8,6,0,1
C15845,2025,8,August,1,1,1,0
C15845,2025,12,December,2,2,0,1
C15846,2025,5,May,1,1,1,0
C15847,2024,8,August,1,0,1,0
C15847,2024,11,November,2,1,0,0
C15847,2025,3,March,3,1,0,0
C15847,2025,9,September,4,2,0,1
C15848,2024,8,August,1,1,1,0
C15848,2025,2,February,2,2,0,1
C15848,2025,4,April,3,3,0,1
C15849,2024,12,December,1,0,1,0
C15849,2025,6,June,2,1,0,0
C15849,2025,12,December,3,1,0,0
C15850,2024,9,September,1,1,1,0
C15850,2024,10,October,2,2,0,1
C15850,2024,12,December,3,3,0,1
C15850,2025,5,May,4,4,0,1
C15850,2025,6,June,5,4,0,1
C15851,2025,12,December,1,1,1,0
C15852,2024,8,August,1,0,1,0
C15852,2025,5,May,2,0,0,0
C15852,2025,11,November,3,1,0,0
C15853,2025,2,February,1,1,1,0
C15853,2025,4,April,2,2,0,1
C15854,2024,12,December,1,1,1,0
C15854,2025,1,January,2,2,0,1
C15854,2025,2,February,3,3,0,1
C15854,2025,3,March,4,4,0,1
C15855,2025,1,January,1,0,1,0
C15855,2025,10,October,2,1,0,0
C15856,2024,9,September,1,0,1,0
C15856,2025,3,March,2,0,0,0
C15856,2025,5,May,3,1,0,0
C15856,2025,9,September,4,3,0,1
C15856,2025,10,October,6,4,0,1
C15857,2024,12,December,1,1,1,0
C15857,2025,9,September,2,2,0,1
C15858,2025,6,June,1,1,1,0
C15859,2025,1,January,1,1,1,0
C15859,2025,7,July,3,3,0,1
C15860,2024,11,November,1,0,1,0
C15860,2024,12,December,2,1,0,0
C15860,2025,1,January,3,2,0,1
C15860,2025,2,February,4,2,0,1
C15860,2025,5,May,5,3,0,1
C15861,2024,8,August,1,1,1,0
C15861,2024,11,November,2,2,0,1
C15861,2025,10,October,3,3,0,1
C15862,2024,7,July,1,0,1,0
C15863,2024,10,October,1,1,1,0
C15863,2025,4,April,2,2,0,1
C15864,2024,9,September,1,1,1,0
C15865,2024,10,October,1,1,1,0
C15865,2025,1,January,2,2,0,1
C15866,2024,7,July,1,1,1,0
C15866,2025,11,November,2,3,0,1
C15866,2025,12,December,4,5,0,1
C15867,2025,8,August,1,1,1,0
C15868,2024,7,July,1,1,1,0
C15868,2024,8,August,2,3,0,1
C15868,2025,2,February,4,4,0,1
C15868,2025,8,August,5,5,0,1
C15869,2024,7,July,1,1,1,0
C15869,2024,9,September,2,1,0,0
C15869,2025,4,April,3,2,0,1
C15869,2025,6,June,4,4,0,1
C15870,2024,8,August,1,1,1,0
C15870,2024,9,September,2,2,0,1
C15870,2025,8,August,3,3,0,1
C15871,2024,7,July,1,1,1,0
C15871,2024,11,November,2,2,0,1
C15871,2024,12,December,3,4,0,1
C15871,2025,1,January,5,4,0,1
C15871,2025,5,May,6,6,0,1
C15871,2025,6,June,8,6,0,1
C15871,2025,7,July,9,7,0,1
C15871,2025,10,October,10,8,0,1
C15871,2025,11,November,11,9,0,1
C15871,2025,12,December,12,11,0,1
C15872,2024,11,November,1,0,1,0
C15872,2025,9,September,3,1,0,0
C15872,2025,10,October,4,1,0,0
C15873,2024,8,August,1,1,1,0
C15873,2025,1,January,2,3,0,1
C15873,2025,7,July,4,4,0,1
C15873,2025,9,September,5,5,0,1
C15873,2025,12,December,6,6,0,1
C15874,2024,7,July,1,0,1,0
C15874,2025,12,December,2,0,0,0
C15875,2024,8,August,1,1,1,0
C15875,2024,9,September,2,2,0,1
C15875,2024,11,November,3,3,0,1
C15875,2025,2,February,4,4,0,1
C15875,2025,3,March,5,6,0,1
C15875,2025,11,November,7,8,0,1
C15875,2025,12,December,9,9,0,1
C15876,2024,9,September,1,1,1,0
C15876,2025,7,July,2,1,0,0
C15877,2025,1,January,1,1,1,0
C15877,2025,2,February,2,2,0,1
C15878,2024,9,September,1,1,1,0
C15878,2025,8,August,2,2,0,1
C15879,2025,4,April,1,1,1,0
C15880,2024,12,December,1,1,1,0
C15880,2025,11,November,2,2,0,1
C15881,2024,8,August,1,2,0,1
C15881,2024,9,September,3,3,0,1
C15881,2024,10,October,4,4,0,1
C15881,2025,1,January,5,5,0,1
C15881,2025,3,March,6,6,0,1
C15881,2025,10,October,7,6,0,1
C15881,2025,11,November,8,8,0,1
C15882,2024,7,July,1,1,1,0
C15882,2024,10,October,2,2,0,1
C15882,2025,3,March,3,3,0,1
C15882,2025,6,June,4,4,0,1
C15882,2025,8,August,5,5,0,1
C15882,2025,9,September,6,6,0,1
C15884,2025,9,September,1,1,1,0
C15885,2025,2,February,1,1,1,0
C15885,2025,9,September,2,2,0,1
C15886,2025,3,March,1,1,1,0
C15886,2025,8,August,2,1,0,0
C15886,2025,11,November,3,2,0,1
C15887,2025,4,April,1,0,1,0
C15888,2024,7,July,1,1,1,0
C15888,2025,7,July,2,3,0,1
C15888,2025,11,November,4,5,0,1
C15889,2024,10,October,1,1,1,0
C15889,2024,12,December,2,2,0,1
C15890,2024,12,December,1,2,0,1
C15890,2025,3,March,3,3,0,1
C15890,2025,5,May,4,4,0,1
C15890,2025,10,October,5,6,0,1
C15890,2025,12,December,7,7,0,1
C15891,2025,9,September,1,2,0,1
C15891,2025,12,December,3,3,0,1
C15892,2024,7,July,1,0,1,0
C15892,2024,9,September,2,1,0,0
C15892,2024,10,October,3,2,0,1
C15892,2024,12,December,4,3,0,1
C15892,2025,2,February,5,4,0,1
C15892,2025,5,May,7,5,0,1
C15892,2025,6,June,8,5,0,1
C15892,2025,7,July,9,6,0,1
C15892,2025,8,August,10,7,0,1
C15892,2025,11,November,11,8,0,1
C15893,2024,10,October,1,1,1,0
C15893,2024,11,November,2,2,0,1
C15893,2025,1,January,3,3,0,1
C15893,2025,8,August,4,4,0,1
C15893,2025,10,October,5,5,0,1
C15893,2025,12,December,6,6,0,1
C15894,2025,12,December,1,1,1,0
C15895,2024,8,August,1,1,1,0
C15895,2024,9,September,2,2,0,1
C15895,2024,12,December,3,3,0,1
C15895,2025,9,September,4,4,0,1
C15896,2024,7,July,1,1,1,0
C15896,2024,9,September,2,2,0,1
C15896,2024,12,December,3,2,0,1
C15896,2025,3,March,4,3,0,1
C15896,2025,8,August,5,4,0,1
C15896,2025,9,September,6,4,0,1
C15897,2024,8,August,1,2,0,1
C15897,2024,11,November,3,3,0,1
C15897,2024,12,December,4,3,0,1
C15897,2025,9,September,5,5,0,1
C15897,2025,10,October,7,6,0,1
C15897,2025,12,December,8,7,0,1
C15898,2024,7,July,1,1,1,0
C15898,2024,9,September,2,3,0,1
C15898,2024,11,November,4,4,0,1
C15898,2025,5,May,5,5,0,1
C15898,2025,7,July,6,6,0,1
C15898,2025,8,August,7,7,0,1
C15898,2025,10,October,8,7,0,1
C15899,2024,9,September,1,1,1,0
C15899,2025,3,March,2,2,0,1
C15899,2025,5,May,3,2,0,1
C15899,2025,7,July,4,4,0,1
C15899,2025,11,November,6,5,0,1
C15900,2025,3,March,1,1,1,0
C15900,2025,6,June,2,2,0,1
C15901,2024,8,August,1,1,1,0
C15901,2025,10,October,2,2,0,1
C15902,2024,7,July,1,2,0,1
C15902,2024,8,August,3,3,0,1
C15902,2024,12,December,4,5,0,1
C15902,2025,1,January,6,6,0,1
C15902,2025,3,March,7,7,0,1
C15903,2025,10,October,1,1,1,0
C15904,2024,12,December,1,1,1,0
C15905,2024,9,September,1,1,1,0
C15905,2024,12,December,2,2,0,1
C15905,2025,2,February,3,3,0,1
C15905,2025,4,April,4,4,0,1
C15906,2024,12,December,1,1,1,0
C15906,2025,5,May,2,2,0,1
C15906,2025,7,July,3,3,0,1
C15907,2024,8,August,1,0,1,0
C15907,2025,2,February,2,1,0,0
C15907,2025,6,June,3,2,0,1
C15908,2025,10,October,1,1,1,0
C15909,2025,12,December,1,3,0,1
C15910,2025,1,January,1,1,1,0
C15910,2025,3,March,2,2,0,1
C15910,2025,6,June,3,4,0,1
C15910,2025,7,July,5,6,0,1
C15910,2025,8,August,8,7,0,1
C15910,2025,9,September,9,8,0,1
C15911,2024,7,July,1,1,1,0
C15911,2025,2,February,2,2,0,1
C15911,2025,4,April,3,4,0,1
C15911,2025,6,June,5,6,0,1
C15911,2025,12,December,7,7,0,1
C15912,2024,7,July,1,1,1,0
C15912,2024,9,September,2,1,0,0
C15912,2024,11,November,4,3,0,1
C15912,2025,1,January,6,3,0,1
C15912,2025,6,June,7,3,0,1
C15912,2025,8,August,8,4,0,1
C15912,2025,12,December,9,4,0,1
C15913,2025,5,May,1,1,1,0
C15914,2024,7,July,1,0,1,0
C15914,2025,6,June,2,1,0,0
C15915,2024,10,October,1,1,1,0
C15915,2025,5,May,2,2,0,1
C15916,2024,7,July,1,1,1,0
C15916,2024,9,September,2,2,0,1
C15916,2024,10,October,3,3,0,1
C15916,2024,12,December,4,4,0,1
C15916,2025,5,May,5,5,0,1
C15917,2024,7,July,1,1,1,0
C15917,2024,9,September,2,2,0,1
C15917,2024,11,November,3,3,0,1
C15917,2025,1,January,4,4,0,1
C15917,2025,3,March,5,5,0,1
C15917,2025,4,April,6,5,0,1
C15917,2025,7,July,7,7,0,1
C15917,2025,8,August,9,8,0,1
C15917,2025,9,September,10,10,0,1
C15917,2025,10,October,12,11,0,1
C15918,2025,11,November,1,1,1,0
C15919,2024,8,August,1,1,1,0
C15919,2024,9,September,2,2,0,1
C15919,2025,2,February,3,3,0,1
C15919,2025,6,June,4,3,0,1
C15920,2024,10,October,1,0,1,0
C15922,2024,8,August,1,1,1,0
C15922,2024,9,September,2,2,0,1
C15922,2025,4,April,3,3,0,1
C15922,2025,5,May,4,4,0,1
C15922,2025,6,June,6,5,0,1
C15922,2025,9,September,7,6,0,1
C15923,2024,11,November,1,1,1,0
C15923,2025,3,March,2,2,0,1
C15923,2025,4,April,3,4,0,1
C15923,2025,11,November,5,5,0,1
C15924,2024,11,November,1,1,1,0
C15924,2024,12,December,2,2,0,1
C15924,2025,7,July,3,3,0,1
C15924,2025,11,November,4,4,0,1
C15924,2025,12,December,5,5,0,1
C15925,2024,10,October,1,0,1,0
C15925,2025,1,January,2,1,0,0
C15925,2025,3,March,3,2,0,1
C15925,2025,8,August,5,3,0,1
C15926,2025,6,June,1,1,1,0
C15926,2025,8,August,2,1,0,0
C15926,2025,12,December,3,2,0,1
C15927,2025,10,October,1,1,1,0
C15928,2024,12,December,1,1,1,0
C15928,2025,6,June,2,2,0,1
C15928,2025,12,December,3,3,0,1
C15929,2024,10,October,1,0,1,0
C15929,2025,2,February,2,1,0,0
C15929,2025,3,March,3,2,0,1
C15929,2025,4,April,4,3,0,1
C15929,2025,7,July,5,4,0,1
C15929,2025,8,August,6,5,0,1
C15929,2025,10,October,7,6,0,1
C15929,2025,11,November,8,7,0,1
C15930,2024,12,December,1,1,1,0
C15930,2025,3,March,2,2,0,1
C15930,2025,10,October,3,2,0,1
C15931,2024,12,December,1,1,1,0
C15931,2025,9,September,2,2,0,1
C15932,2024,11,November,1,0,1,0
C15932,2025,4,April,2,1,0,0
C15932,2025,7,July,3,2,0,1
C15933,2025,3,March,1,1,1,0
C15933,2025,8,August,2,2,0,1
C15933,2025,10,October,3,3,0,1
C15934,2025,2,February,1,1,1,0
C15935,2025,1,January,1,2,0,1
C15935,2025,2,February,3,3,0,1
C15935,2025,3,March,4,4,0,1
C15935,2025,4,April,5,4,0,1
C15935,2025,7,July,6,5,0,1
C15935,2025,10,October,7,6,0,1
C15936,2024,10,October,1,1,1,0
C15936,2024,12,December,2,2,0,1
C15936,2025,4,April,3,3,0,1
C15936,2025,9,September,4,3,0,1
C15936,2025,10,October,5,4,0,1
C15937,2024,10,October,1,1,1,0
C15937,2025,3,March,2,2,0,1
C15937,2025,5,May,3,3,0,1
C15938,2025,5,May,1,1,1,0
C15939,2024,11,November,1,1,1,0
C15940,2024,10,October,1,1,1,0
C15940,2024,12,December,2,2,0,1
C15940,2025,4,April,3,3,0,1
C15940,2025,5,May,4,4,0,1
C15940,2025,10,October,5,4,0,1
C15941,2024,10,October,1,1,1,0
C15941,2025,10,October,2,2,0,1
C15941,2025,12,December,3,3,0,1
C15942,2024,8,August,1,0,1,0
C15943,2024,9,September,1,1,1,0
C15943,2025,3,March,2,3,0,1
C15943,2025,6,June,4,3,0,1
C15943,2025,8,August,5,5,0,1
C15944,2024,8,August,1,1,1,0
C15944,2024,11,November,2,2,0,1
C15944,2025,2,February,3,3,0,1
C15944,2025,3,March,4,4,0,1
C15944,2025,6,June,5,4,0,1
C15945,2025,7,July,1,1,1,0
C15945,2025,9,September,2,1,0,0
C15945,2025,12,December,3,2,0,1
C15946,2025,6,June,1,1,1,0
C15946,2025,11,November,2,2,0,1
C15947,2024,8,August,1,1,1,0
C15947,2024,9,September,2,2,0,1
C15947,2024,10,October,3,3,0,1
C15947,2024,11,November,4,5,0,1
C15947,2025,3,March,6,6,0,1
C15947,2025,8,August,7,7,0,1
C15947,2025,10,October,8,8,0,1
C15948,2025,6,June,1,0,1,0
C15948,2025,7,July,2,0,0,0
C15948,2025,8,August,3,0,0,0
C15948,2025,10,October,4,1,0,0
C15948,2025,11,November,5,2,0,1
C15949,2024,10,October,1,1,1,0
C15949,2025,1,January,2,2,0,1
C15949,2025,5,May,3,3,0,1
C15949,2025,6,June,4,4,0,1
C15950,2024,7,July,1,1,1,0
C15950,2024,9,September,2,2,0,1
C15950,2025,3,March,3,3,0,1
C15951,2025,3,March,1,1,1,0
C15951,2025,4,April,2,2,0,1
C15951,2025,8,August,3,3,0,1
C15951,2025,10,October,4,4,0,1
C15952,2024,12,December,1,1,1,0
C15952,2025,2,February,2,2,0,1
C15952,2025,7,July,4,3,0,1
C15952,2025,10,October,5,3,0,1
C15952,2025,11,November,6,4,0,1
C15953,2024,12,December,1,1,1,0
C15953,2025,1,January,2,2,0,1
C15953,2025,6,June,3,3,0,1
C15953,2025,9,September,4,4,0,1
C15953,2025,11,November,5,5,0,1
C15954,2025,2,February,1,1,1,0
C15954,2025,9,September,2,2,0,1
C15955,2024,8,August,1,1,1,0
C15955,2024,9,September,2,2,0,1
C15955,2024,10,October,3,3,0,1
C15955,2024,12,December,4,4,0,1
C15955,2025,1,January,5,5,0,1
C15955,2025,3,March,6,6,0,1
C15955,2025,6,June,7,6,0,1
C15955,2025,12,December,8,7,0,1
C15956,2024,9,September,1,1,1,0
C15956,2024,12,December,2,2,0,1
C15956,2025,5,May,3,3,0,1
C15956,2025,7,July,4,3,0,1
C15957,2024,10,October,1,1,1,0
C15957,2025,4,April,2,2,0,1
C15957,2025,6,June,3,3,0,1
C15957,2025,11,November,4,4,0,1
C15958,2024,12,December,1,1,1,0
C15958,2025,6,June,2,2,0,1
C15958,2025,8,August,3,2,0,1
C15958,2025,9,September,4,3,0,1
C15958,2025,10,October,5,4,0,1
C15958,2025,12,December,6,5,0,1
C15959,2025,2,February,1,2,0,1
C15959,2025,10,October,3,3,0,1
C15960,2024,8,August,1,1,1,0
C15960,2025,4,April,2,2,0,1
C15960,2025,10,October,3,3,0,1
C15961,2024,9,September,1,1,1,0
C15961,2024,10,October,2,2,0,1
C15961,2025,11,November,3,3,0,1
C15962,2025,1,January,1,0,1,0
C15962,2025,2,February,3,1,0,0
C15962,2025,4,April,4,2,0,1
C15962,2025,10,October,5,2,0,1
C15962,2025,11,November,6,3,0,1
C15962,2025,12,December,7,4,0,1
C15963,2024,10,October,1,1,1,0
C15963,2024,12,December,2,2,0,1
C15963,2025,1,January,3,3,0,1
C15963,2025,2,February,4,4,0,1
C15963,2025,3,March,5,5,0,1
C15963,2025,4,April,6,6,0,1
C15963,2025,7,July,7,6,0,1
C15963,2025,8,August,8,7,0,1
C15964,2025,6,June,1,1,1,0
C15964,2025,10,October,2,2,0,1
C15965,2024,11,November,1,1,1,0
C15965,2025,5,May,2,2,0,1
C15966,2025,2,February,1,1,1,0
C15966,2025,6,June,2,2,0,1
C15966,2025,8,August,3,3,0,1
C15967,2024,7,July,1,1,1,0
C15967,2024,12,December,2,2,0,1
C15967,2025,8,August,3,3,0,1
C15967,2025,9,September,4,4,0,1
C15968,2024,10,October,1,1,1,0
C15968,2024,11,November,2,2,0,1
C15968,2024,12,December,3,2,0,1
C15968,2025,5,May,4,3,0,1
C15968,2025,6,June,5,4,0,1
C15968,2025,10,October,6,5,0,1
C15969,2024,7,July,1,1,1,0
C15969,2025,1,January,2,2,0,1
C15969,2025,2,February,3,4,0,1
C15969,2025,3,March,5,5,0,1
C15969,2025,5,May,6,6,0,1
C15969,2025,8,August,7,7,0,1
C15969,2025,9,September,8,8,0,1
C15969,2025,11,November,9,9,0,1
C15970,2025,3,March,1,1,1,0
C15971,2024,8,August,1,1,1,0
C15971,2024,9,September,3,2,0,1
C15971,2025,2,February,4,3,0,1
C15971,2025,11,November,5,4,0,1
C15972,2024,10,October,1,1,1,0
C15972,2024,12,December,2,2,0,1
C15973,2024,11,November,1,1,1,0
C15973,2024,12,December,2,2,0,1
C15973,2025,8,August,3,2,0,1
C15974,2024,8,August,1,1,1,0
C15974,2024,9,September,2,1,0,0
C15974,2025,3,March,3,2,0,1
C15974,2025,9,September,4,2,0,1
C15974,2025,10,October,5,2,0,1
C15974,2025,11,November,6,4,0,1
C15975,2024,7,July,1,1,1,0
C15975,2025,1,January,2,2,0,1
C15975,2025,6,June,3,3,0,1
C15976,2025,1,January,1,1,1,0
C15976,2025,3,March,2,2,0,1
C15976,2025,11,November,3,3,0,1
C15977,2024,9,September,1,1,1,0
C15977,2024,12,December,2,2,0,1
C15977,2025,1,January,3,3,0,1
C15977,2025,10,October,4,5,0,1
C15978,2024,9,September,1,1,1,0
C15978,2024,12,December,2,2,0,1
C15978,2025,12,December,3,3,0,1
C15979,2024,7,July,1,0,1,0
C15979,2024,12,December,2,1,0,0
C15980,2024,7,July,1,1,1,0
C15980,2024,10,October,2,2,0,1
C15980,2024,11,November,4,3,0,1
C15980,2025,2,February,5,3,0,1
C15980,2025,8,August,6,4,0,1
C15980,2025,10,October,7,5,0,1
C15980,2025,11,November,8,6,0,1
C15980,2025,12,December,9,7,0,1
C15982,2024,10,October,1,1,1,0
C15982,2025,5,May,2,2,0,1
C15982,2025,10,October,3,3,0,1
C15983,2024,9,September,1,1,1,0
C15983,2024,11,November,2,2,0,1
C15983,2025,4,April,3,2,0,1
C15983,2025,12,December,4,3,0,1
C15984,2025,1,January,1,1,1,0
C15984,2025,8,August,2,2,0,1
C15985,2024,11,November,1,1,1,0
C15986,2024,7,July,1,1,1,0
C15986,2024,12,December,2,2,0,1
C15986,2025,1,January,3,3,0,1
C15986,2025,3,March,4,4,0,1
C15986,2025,7,July,5,5,0,1
C15986,2025,8,August,6,6,0,1
C15986,2025,12,December,7,8,0,1
C15987,2025,10,October,1,1,1,0
C15988,2024,9,September,1,1,1,0
C15988,2025,5,May,2,2,0,1
C15988,2025,6,June,3,3,0,1
C15988,2025,7,July,4,4,0,1
C15988,2025,11,November,5,5,0,1
C15989,2024,10,October,1,1,1,0
C15989,2025,12,December,2,2,0,1
C15990,2024,11,November,1,1,1,0
C15990,2024,12,December,2,2,0,1
C15990,2025,3,March,3,4,0,1
C15990,2025,7,July,5,5,0,1
C15991,2024,9,September,1,1,1,0
C15991,2024,12,December,2,2,0,1
C15991,2025,1,January,3,2,0,1
C15991,2025,9,September,4,3,0,1
C15991,2025,11,November,5,4,0,1
C15992,2024,7,July,1,0,1,0
C15992,2024,11,November,2,1,0,0
C15992,2024,12,December,3,2,0,1
C15992,2025,2,February,4,3,0,1
C15992,2025,3,March,5,4,0,1
C15992,2025,6,June,6,5,0,1
C15992,2025,7,July,7,6,0,1
C15992,2025,8,August,8,7,0,1
C15993,2024,10,October,1,3,0,1
C15993,2024,11,November,4,4,0,1
C15993,2024,12,December,5,4,0,1
C15993,2025,1,January,6,6,0,1
C15993,2025,2,February,8,7,0,1
C15993,2025,3,March,9,9,0,1
C15993,2025,6,June,11,10,0,1
C15993,2025,7,July,12,11,0,1
C15993,2025,8,August,13,12,0,1
C15994,2024,7,July,1,1,1,0
C15994,2025,7,July,2,2,0,1
C15994,2025,10,October,3,3,0,1
C15995,2024,11,November,1,1,1,0
C15995,2025,1,January,2,3,0,1
C15995,2025,3,March,4,5,0,1
C15995,2025,6,June,6,6,0,1
C15995,2025,7,July,7,7,0,1
C15995,2025,8,August,9,8,0,1
C15995,2025,12,December,10,9,0,1
C15996,2024,7,July,1,1,1,0
C15996,2024,12,December,2,2,0,1
C15996,2025,3,March,3,4,0,1
C15996,2025,10,October,5,5,0,1
C15997,2024,8,August,1,1,1,0
C15997,2025,7,July,2,2,0,1
C15997,2025,8,August,3,3,0,1
C15997,2025,12,December,5,4,0,1
C15998,2024,7,July,1,2,0,1
C15998,2024,10,October,3,3,0,1
C15998,2025,12,December,4,3,0,1
C15999,2025,6,June,1,1,1,0
C15999,2025,8,August,2,2,0,1
C16000,2025,2,February,1,1,1,0
C16000,2025,7,July,2,2,0,1
C16000,2025,9,September,3,2,0,1
C16001,2024,8,August,1,1,1,0
C16001,2025,1,January,2,2,0,1
C16001,2025,7,July,3,3,0,1
C16001,2025,8,August,4,3,0,1
C16001,2025,9,September,5,4,0,1
C16001,2025,12,December,6,5,0,1
C16002,2024,8,August,1,1,1,0
C16002,2025,2,February,2,3,0,1
C16002,2025,9,September,4,4,0,1
C16003,2024,11,November,1,1,1,0
C16004,2025,4,April,1,1,1,0
C16005,2024,9,September,1,2,0,1
C16005,2024,10,October,3,3,0,1
C16005,2024,11,November,4,3,0,1
C16005,2024,12,December,5,4,0,1
C16005,2025,1,January,6,5,0,1
C16005,2025,3,March,7,5,0,1
C16005,2025,4,April,8,6,0,1
C16005,2025,9,September,9,7,0,1
C16005,2025,10,October,10,8,0,1
C16005,2025,11,November,11,8,0,1
C16006,2025,5,May,1,1,1,0
C16007,2024,9,September,1,1,1,0
C16007,2024,12,December,2,2,0,1
C16007,2025,1,January,3,2,0,1
C16007,2025,3,March,4,3,0,1
C16008,2024,10,October,1,1,1,0
C16008,2025,3,March,3,3,0,1
C16008,2025,5,May,5,4,0,1
C16008,2025,11,November,6,5,0,1
C16009,2024,11,November,1,2,0,1
C16009,2025,2,February,3,3,0,1
C16009,2025,7,July,4,4,0,1
C16009,2025,8,August,5,5,0,1
C16010,2024,12,December,1,0,1,0
C16010,2025,1,January,2,1,0,0
C16010,2025,11,November,3,2,0,1
C16011,2024,7,July,1,1,1,0
C16011,2024,11,November,2,2,0,1
C16011,2024,12,December,3,3,0,1
C16011,2025,3,March,4,4,0,1
C16011,2025,5,May,5,5,0,1
C16011,2025,10,October,6,6,0,1
C16012,2024,12,December,1,1,1,0
C16012,2025,1,January,2,2,0,1
C16012,2025,4,April,3,3,0,1
C16012,2025,6,June,4,4,0,1
C16012,2025,7,July,5,5,0,1
C16012,2025,8,August,6,6,0,1
C16012,2025,11,November,7,7,0,1
C16013,2025,5,May,1,1,1,0
C16013,2025,8,August,3,3,0,1
C16013,2025,12,December,5,5,0,1
C16014,2024,12,December,1,0,1,0
C16014,2025,4,April,2,1,0,0
C16014,2025,7,July,3,2,0,1
C16014,2025,9,September,4,3,0,1
C16014,2025,10,October,5,4,0,1
C16014,2025,12,December,6,5,0,1
C16015,2025,6,June,1,1,1,0
C16016,2024,10,October,1,1,1,0
C16016,2025,5,May,2,2,0,1
C16017,2024,11,November,1,2,0,1
C16017,2025,5,May,3,3,0,1
C16018,2025,9,September,1,1,1,0
C16018,2025,12,December,2,2,0,1
C16019,2024,7,July,1,1,1,0
C16020,2024,9,September,1,1,1,0
C16020,2024,10,October,2,2,0,1
C16020,2025,4,April,3,2,0,1
C16020,2025,8,August,4,3,0,1
C16020,2025,10,October,5,4,0,1
C16020,2025,12,December,6,5,0,1
C16021,2024,9,September,1,0,1,0
C16021,2025,3,March,2,1,0,0
C16021,2025,5,May,3,2,0,1
C16022,2024,8,August,1,1,1,0
C16022,2024,10,October,2,2,0,1
C16022,2024,11,November,3,3,0,1
C16022,2025,7,July,4,4,0,1
C16022,2025,8,August,5,5,0,1
C16022,2025,11,November,6,6,0,1
C16022,2025,12,December,8,7,0,1
C16023,2025,5,May,1,1,1,0
C16024,2024,12,December,1,0,1,0
C16025,2024,10,October,1,1,1,0
C16025,2025,1,January,2,2,0,1
C16025,2025,2,February,3,3,0,1
C16025,2025,5,May,4,4,0,1
C16025,2025,7,July,5,5,0,1
C16025,2025,8,August,6,7,0,1
C16025,2025,11,November,8,8,0,1
C16025,2025,12,December,9,9,0,1
C16026,2024,10,October,1,0,1,0
C16027,2024,10,October,1,1,1,0
C16027,2025,3,March,2,2,0,1
C16027,2025,10,October,3,2,0,1
C16027,2025,11,November,4,3,0,1
C16028,2024,7,July,1,1,1,0
C16028,2025,4,April,2,2,0,1
C16029,2024,9,September,1,0,1,0
C16029,2025,3,March,2,1,0,0
C16029,2025,5,May,3,1,0,0
C16029,2025,6,June,4,2,0,1
C16029,2025,7,July,5,2,0,1
C16029,2025,8,August,6,3,0,1
C16029,2025,9,September,7,4,0,1
C16030,2024,8,August,1,1,1,0
C16030,2024,12,December,2,2,0,1
C16031,2025,2,February,1,1,1,0
C16031,2025,3,March,2,1,0,0
C16031,2025,7,July,3,2,0,1
C16031,2025,10,October,4,3,0,1
C16031,2025,11,November,5,4,0,1
C16032,2024,9,September,1,1,1,0
C16032,2025,10,October,2,1,0,0
C16032,2025,12,December,3,2,0,1
C16034,2024,8,August,1,0,1,0
C16034,2024,9,September,2,1,0,0
C16034,2024,11,November,3,2,0,1
C16034,2024,12,December,5,3,0,1
C16034,2025,3,March,6,4,0,1
C16034,2025,7,July,7,5,0,1
C16035,2024,7,July,1,1,1,0
C16035,2025,1,January,2,2,0,1
C16035,2025,6,June,3,3,0,1
C16035,2025,9,September,4,4,0,1
C16036,2024,8,August,1,0,1,0
C16036,2025,3,March,2,1,0,0
C16036,2025,8,August,3,1,0,0
C16037,2024,8,August,1,1,1,0
C16037,2024,9,September,2,2,0,1
C16037,2025,9,September,3,3,0,1
C16038,2024,11,November,1,0,1,0
C16038,2025,1,January,2,1,0,0
C16038,2025,4,April,3,3,0,1
C16038,2025,5,May,5,4,0,1
C16039,2025,3,March,1,1,1,0
C16039,2025,4,April,2,2,0,1
C16039,2025,6,June,4,3,0,1
C16039,2025,9,September,5,3,0,1
C16039,2025,10,October,6,4,0,1
C16040,2025,1,January,1,1,1,0
C16040,2025,8,August,2,2,0,1
C16040,2025,12,December,3,3,0,1
C16041,2024,7,July,1,2,0,1
C16041,2024,8,August,3,4,0,1
C16041,2024,9,September,5,5,0,1
C16041,2024,10,October,6,6,0,1
C16041,2025,3,March,7,7,0,1
C16042,2024,7,July,1,1,1,0
C16042,2024,9,September,3,2,0,1
C16042,2024,10,October,4,3,0,1
C16042,2024,11,November,5,5,0,1
C16042,2024,12,December,8,6,0,1
C16043,2025,1,January,1,1,1,0
C16043,2025,8,August,2,3,0,1
C16044,2025,3,March,1,1,1,0
C16044,2025,5,May,2,2,0,1
C16044,2025,10,October,3,3,0,1
C16044,2025,12,December,4,4,0,1
C16045,2025,10,October,1,1,1,0
C16046,2024,7,July,1,1,1,0
C16046,2024,11,November,2,2,0,1
C16047,2024,10,October,1,2,0,1
C16047,2025,9,September,3,3,0,1
C16048,2024,7,July,1,0,1,0
C16048,2024,9,September,2,1,0,0
C16048,2025,2,February,3,2,0,1
C16048,2025,4,April,4,3,0,1
C16048,2025,11,November,5,4,0,1
C16048,2025,12,December,6,5,0,1
C16049,2024,8,August,1,1,1,0
C16049,2024,11,November,2,2,0,1
C16049,2025,4,April,3,3,0,1
C16049,2025,7,July,4,4,0,1
C16049,2025,11,November,5,5,0,1
C16050,2024,10,October,1,1,1,0
C16050,2024,12,December,2,2,0,1
C16050,2025,5,May,4,3,0,1
C16050,2025,12,December,5,4,0,1
C16051,2024,7,July,1,1,1,0
C16051,2024,11,November,2,2,0,1
C16051,2025,1,January,3,4,0,1
C16051,2025,2,February,5,5,0,1
C16051,2025,4,April,6,5,0,1
C16051,2025,5,May,7,6,0,1
C16051,2025,8,August,8,6,0,1
C16051,2025,9,September,9,6,0,1
C16051,2025,12,December,10,6,0,1
C16052,2025,3,March,1,1,1,0
C16053,2024,8,August,1,2,0,1
C16053,2024,9,September,3,3,0,1
C16053,2024,10,October,5,4,0,1
C16053,2025,1,January,6,5,0,1
C16053,2025,6,June,7,6,0,1
C16053,2025,7,July,8,7,0,1
C16054,2025,8,August,1,1,1,0
C16055,2024,8,August,1,1,1,0
C16055,2025,3,March,2,2,0,1
C16056,2025,1,January,1,1,1,0
C16056,2025,3,March,2,2,0,1
C16056,2025,6,June,3,3,0,1
C16056,2025,7,July,4,4,0,1
C16056,2025,10,October,5,5,0,1
C16056,2025,12,December,6,6,0,1
C16057,2024,7,July,1,2,0,1
C16057,2025,4,April,4,3,0,1
C16057,2025,5,May,5,4,0,1
C16057,2025,8,August,6,4,0,1
C16057,2025,10,October,7,5,0,1
C16057,2025,12,December,8,6,0,1
C16058,2025,8,August,1,1,1,0
C16059,2024,11,November,1,1,1,0
C16059,2024,12,December,2,2,0,1
C16059,2025,3,March,3,3,0,1
C16059,2025,5,May,4,6,0,1
C16059,2025,7,July,7,7,0,1
C16059,2025,11,November,8,8,0,1
C16060,2024,8,August,1,1,1,0
C16060,2024,11,November,2,2,0,1
C16060,2025,2,February,3,3,0,1
C16060,2025,4,April,4,4,0,1
C16060,2025,5,May,6,5,0,1
C16060,2025,6,June,7,7,0,1
C16060,2025,11,November,9,8,0,1
C16060,2025,12,December,10,9,0,1
C16061,2025,10,October,1,1,1,0
C16062,2024,9,September,1,1,1,0
C16062,2024,10,October,2,2,0,1
C16062,2025,5,May,3,5,0,1
C16063,2025,4,April,1,1,1,0
C16063,2025,6,June,2,3,0,1
C16063,2025,8,August,4,3,0,1
C16063,2025,9,September,5,4,0,1
C16063,2025,10,October,6,5,0,1
C16063,2025,11,November,7,6,0,1
C16063,2025,12,December,8,6,0,1
C16064,2025,8,August,1,1,1,0
C16065,2024,7,July,1,1,1,0
C16065,2024,11,November,2,2,0,1
C16065,2024,12,December,3,3,0,1
C16065,2025,1,January,4,4,0,1
C16065,2025,2,February,5,5,0,1
C16065,2025,7,July,6,6,0,1
C16066,2025,3,March,1,1,1,0
C16067,2025,9,September,1,1,1,0
C16067,2025,11,November,2,1,0,0
C16068,2025,2,February,1,1,1,0
C16068,2025,6,June,2,2,0,1
C16068,2025,8,August,3,3,0,1
C16068,2025,9,September,4,4,0,1
C16068,2025,10,October,5,6,0,1
C16069,2024,11,November,1,1,1,0
C16069,2025,4,April,2,2,0,1
C16069,2025,6,June,3,4,0,1
C16069,2025,8,August,5,5,0,1
C16070,2024,7,July,1,0,1,0
C16070,2024,8,August,2,1,0,0
C16070,2025,2,February,3,1,0,0
C16070,2025,5,May,4,2,0,1
C16070,2025,7,July,5,3,0,1
C16070,2025,9,September,7,4,0,1
C16070,2025,11,November,8,4,0,1
C16070,2025,12,December,9,5,0,1
C16071,2024,7,July,1,1,1,0
C16071,2024,10,October,2,2,0,1
C16071,2024,11,November,3,3,0,1
C16071,2025,6,June,4,4,0,1
C16072,2024,7,July,1,1,1,0
C16072,2024,8,August,2,2,0,1
C16072,2024,9,September,3,3,0,1
C16072,2025,1,January,4,4,0,1
C16072,2025,9,September,5,5,0,1
C16073,2025,4,April,1,1,1,0
C16073,2025,11,November,2,2,0,1
C16074,2025,3,March,1,1,1,0
C16074,2025,4,April,2,2,0,1
C16074,2025,6,June,3,5,0,1
C16074,2025,12,December,6,7,0,1
C16075,2024,10,October,1,0,1,0
C16075,2025,8,August,2,1,0,0
C16076,2024,9,September,1,1,1,0
C16076,2025,1,January,2,2,0,1
C16076,2025,10,October,3,3,0,1
C16077,2025,4,April,1,1,1,0
C16077,2025,5,May,2,3,0,1
C16077,2025,11,November,4,3,0,1
C16078,2024,10,October,1,1,1,0
C16078,2025,3,March,2,2,0,1
C16079,2024,8,August,1,0,1,0
C16079,2025,4,April,2,1,0,0
C16079,2025,5,May,3,1,0,0
C16080,2024,11,November,1,1,1,0
C16080,2024,12,December,2,2,0,1
C16080,2025,4,April,3,3,0,1
C16080,2025,9,September,4,4,0,1
C16082,2024,8,August,1,1,1,0
C16083,2024,8,August,1,1,1,0
C16083,2025,2,February,2,2,0,1
C16083,2025,6,June,3,3,0,1
C16083,2025,9,September,4,4,0,1
C16084,2024,8,August,1,1,1,0
C16084,2025,5,May,2,2,0,1
C16084,2025,11,November,3,3,0,1
C16085,2024,9,September,1,2,0,1
C16085,2025,2,February,3,2,0,1
C16085,2025,11,November,4,3,0,1
C16086,2025,1,January,1,2,0,1
C16086,2025,12,December,3,3,0,1
C16087,2024,11,November,1,0,1,0
C16087,2025,12,December,2,2,0,1
C16088,2025,3,March,1,1,1,0
C16088,2025,12,December,2,2,0,1
C16089,2024,8,August,1,1,1,0
C16089,2025,5,May,2,2,0,1
C16090,2024,8,August,1,1,1,0
C16090,2025,2,February,2,2,0,1
C16090,2025,7,July,3,3,0,1
C16090,2025,12,December,4,3,0,1
C16091,2024,8,August,1,0,1,0
C16091,2024,9,September,2,1,0,0
C16091,2025,2,February,3,2,0,1
C16091,2025,4,April,4,3,0,1
C16091,2025,8,August,5,4,0,1
C16091,2025,12,December,6,5,0,1
C16092,2025,4,April,1,0,1,0
C16092,2025,5,May,2,1,0,0
C16092,2025,6,June,3,2,0,1
C16092,2025,9,September,5,3,0,1
C16092,2025,11,November,6,4,0,1
C16094,2024,10,October,1,1,1,0
C16094,2025,3,March,2,2,0,1
C16094,2025,9,September,3,3,0,1
C16095,2024,7,July,1,1,1,0
C16095,2024,10,October,2,2,0,1
C16095,2025,7,July,3,3,0,1
C16095,2025,8,August,4,4,0,1
C16095,2025,11,November,5,5,0,1
C16096,2024,9,September,1,1,1,0
C16096,2025,1,January,2,2,0,1
C16096,2025,3,March,3,3,0,1
C16096,2025,4,April,4,5,0,1
C16096,2025,5,May,6,5,0,1
C16096,2025,7,July,7,6,0,1
C16096,2025,8,August,8,7,0,1
C16096,2025,9,September,9,8,0,1
C16097,2024,7,July,1,1,1,0
C16097,2024,8,August,2,2,0,1
C16097,2024,9,September,4,5,0,1
C16097,2024,10,October,7,6,0,1
C16097,2024,11,November,8,7,0,1
C16097,2025,3,March,11,8,0,1
C16097,2025,7,July,12,9,0,1
C16098,2024,12,December,1,3,0,1
C16098,2025,2,February,4,3,0,1
C16098,2025,5,May,5,4,0,1
C16098,2025,6,June,6,4,0,1
C16098,2025,10,October,7,5,0,1
C16099,2024,10,October,1,1,1,0
C16099,2025,2,February,2,2,0,1
C16099,2025,4,April,3,2,0,1
C16099,2025,10,October,4,3,0,1
C16099,2025,11,November,5,4,0,1
C16100,2024,9,September,1,1,1,0
C16100,2025,7,July,2,2,0,1
C16100,2025,12,December,3,2,0,1
C16101,2024,10,October,1,1,1,0
C16101,2024,12,December,2,2,0,1
C16101,2025,1,January,3,4,0,1
C16101,2025,2,February,5,5,0,1
C16101,2025,5,May,6,6,0,1
C16101,2025,10,October,7,7,0,1
C16102,2024,8,August,1,1,1,0
C16102,2024,10,October,2,1,0,0
C16102,2025,7,July,3,2,0,1
C16102,2025,9,September,4,3,0,1
C16102,2025,10,October,5,4,0,1
C16102,2025,11,November,6,5,0,1
C16103,2025,3,March,1,0,1,0
C16103,2025,4,April,2,1,0,0
C16103,2025,6,June,3,2,0,1
C16103,2025,10,October,4,3,0,1
C16104,2024,9,September,1,1,1,0
C16104,2025,1,January,2,2,0,1
C16105,2024,11,November,1,1,1,0
C16105,2025,3,March,2,1,0,0
C16106,2024,11,November,1,2,0,1
C16106,2025,6,June,3,3,0,1
C16106,2025,11,November,4,4,0,1
C16107,2024,7,July,1,1,1,0
C16107,2024,12,December,2,3,0,1
C16107,2025,1,January,4,4,0,1
C16107,2025,5,May,5,5,0,1
C16107,2025,9,September,6,6,0,1
C16107,2025,11,November,7,7,0,1
C16108,2024,10,October,1,0,1,0
C16108,2024,11,November,2,1,0,0
C16108,2024,12,December,3,2,0,1
C16108,2025,3,March,4,3,0,1
C16108,2025,12,December,6,4,0,1
C16109,2024,8,August,1,1,1,0
C16109,2024,10,October,2,2,0,1
C16109,2025,1,January,3,3,0,1
C16110,2024,9,September,1,1,1,0
C16110,2024,11,November,2,2,0,1
C16110,2024,12,December,3,3,0,1
C16110,2025,1,January,4,4,0,1
C16110,2025,5,May,5,5,0,1
C16111,2025,1,January,1,1,1,0
C16111,2025,9,September,2,2,0,1
C16111,2025,11,November,3,3,0,1
C16112,2025,4,April,1,1,1,0
C16112,2025,5,May,2,2,0,1
C16114,2024,10,October,1,1,1,0
C16114,2024,11,November,2,2,0,1
C16114,2025,4,April,3,2,0,1
C16114,2025,7,July,4,3,0,1
C16115,2024,7,July,1,2,0,1
C16115,2025,2,February,3,3,0,1
C16115,2025,3,March,4,4,0,1
C16115,2025,4,April,5,5,0,1
C16115,2025,10,October,6,6,0,1
C16116,2025,4,April,1,2,0,1
C16116,2025,11,November,3,3,0,1
C16117,2025,6,June,1,1,1,0
C16118,2024,7,July,1,1,1,0
C16118,2024,8,August,2,2,0,1
C16118,2025,3,March,3,2,0,1
C16118,2025,12,December,4,3,0,1
C16119,2024,8,August,1,1,1,0
C16119,2024,12,December,2,3,0,1
C16119,2025,7,July,4,4,0,1
C16120,2024,9,September,1,0,1,0
C16120,2024,11,November,2,1,0,0
C16120,2024,12,December,3,2,0,1
C16120,2025,4,April,4,3,0,1
C16120,2025,6,June,5,4,0,1
C16120,2025,7,July,6,5,0,1
C16120,2025,8,August,7,6,0,1
C16120,2025,10,October,8,6,0,1
C16121,2024,7,July,1,1,1,0
C16121,2025,5,May,2,2,0,1
C16121,2025,8,August,3,2,0,1
C16121,2025,12,December,5,3,0,1
C16122,2024,7,July,1,0,1,0
C16122,2024,11,November,2,0,0,0
C16122,2025,3,March,3,1,0,0
C16122,2025,4,April,4,2,0,1
C16123,2024,8,August,1,1,1,0
C16123,2025,1,January,2,2,0,1
C16124,2024,8,August,1,1,1,0
C16124,2024,12,December,2,2,0,1
C16125,2024,11,November,1,1,1,0
C16125,2025,3,March,2,3,0,1
C16125,2025,9,September,4,4,0,1
C16126,2025,7,July,1,1,1,0
C16127,2024,7,July,1,0,1,0
C16127,2025,1,January,2,1,0,0
C16127,2025,3,March,3,2,0,1
C16127,2025,11,November,4,3,0,1
C16127,2025,12,December,5,4,0,1
C16128,2025,5,May,1,1,1,0
C16128,2025,8,August,2,3,0,1
C16128,2025,10,October,4,4,0,1
C16129,2025,4,April,1,1,1,0
C16130,2024,12,December,1,1,1,0
C16130,2025,3,March,2,3,0,1
C16130,2025,5,May,4,5,0,1
C16130,2025,7,July,6,6,0,1
C16130,2025,9,September,7,6,0,1
C16131,2024,8,August,1,1,1,0
C16131,2024,11,November,2,2,0,1
C16131,2025,3,March,3,3,0,1
C16131,2025,12,December,4,4,0,1
C16132,2024,12,December,1,3,0,1
C16133,2024,12,December,1,3,0,1
C16133,2025,3,March,4,4,0,1
C16133,2025,5,May,5,4,0,1
C16134,2024,11,November,1,1,1,0
C16134,2025,5,May,2,2,0,1
C16134,2025,9,September,3,3,0,1
C16135,2024,8,August,1,4,0,1
C16135,2024,10,October,5,5,0,1
C16135,2025,3,March,7,6,0,1
C16135,2025,9,September,8,7,0,1
C16135,2025,11,November,9,9,0,1
C16136,2024,7,July,1,0,1,0
C16136,2025,1,January,2,1,0,0
C16137,2024,12,December,1,1,1,0
C16137,2025,7,July,3,2,0,1
C16137,2025,8,August,4,3,0,1
C16137,2025,9,September,5,4,0,1
C16138,2024,7,July,1,0,1,0
C16138,2024,11,November,2,3,0,1
C16140,2025,6,June,1,1,1,0
C16141,2025,6,June,1,0,1,0
C16141,2025,8,August,2,1,0,0
C16142,2024,10,October,1,1,1,0
C16142,2025,1,January,2,2,0,1
C16142,2025,2,February,3,3,0,1
C16142,2025,8,August,4,3,0,1
C16142,2025,10,October,5,4,0,1
C16142,2025,11,November,6,5,0,1
C16143,2024,9,September,1,1,1,0
C16143,2024,11,November,2,2,0,1
C16143,2025,1,January,3,3,0,1
C16143,2025,3,March,4,3,0,1
C16143,2025,12,December,5,4,0,1
C16144,2024,7,July,1,1,1,0
C16144,2025,3,March,2,2,0,1
C16144,2025,10,October,3,3,0,1
C16144,2025,11,November,5,4,0,1
C16145,2025,5,May,1,0,1,0
C16145,2025,11,November,2,1,0,0
C16145,2025,12,December,3,2,0,1
C16146,2025,7,July,1,1,1,0
C16146,2025,12,December,2,1,0,0
C16147,2024,9,September,1,1,1,0
C16147,2024,10,October,2,2,0,1
C16147,2025,4,April,3,4,0,1
C16147,2025,7,July,5,5,0,1
C16147,2025,10,October,6,6,0,1
C16147,2025,12,December,7,7,0,1
C16148,2024,7,July,1,1,1,0
C16148,2024,10,October,2,2,0,1
C16148,2024,11,November,3,3,0,1
C16148,2025,2,February,4,4,0,1
C16148,2025,3,March,5,6,0,1
C16148,2025,8,August,7,7,0,1
C16148,2025,12,December,8,7,0,1
C16149,2025,5,May,1,1,1,0
C16150,2024,10,October,1,1,1,0
C16150,2024,11,November,2,2,0,1
C16150,2025,6,June,3,3,0,1
C16150,2025,8,August,4,4,0,1
C16150,2025,11,November,5,5,0,1
C16151,2024,7,July,1,0,1,0
C16151,2024,8,August,2,1,0,0
C16151,2025,3,March,3,2,0,1
C16152,2024,7,July,1,1,1,0
C16152,2025,9,September,2,2,0,1
C16153,2024,7,July,1,0,1,0
C16153,2025,1,January,2,1,0,0
C16153,2025,4,April,3,2,0,1
C16153,2025,7,July,5,3,0,1
C16153,2025,12,December,6,3,0,1
C16154,2024,8,August,1,2,0,1
C16154,2024,9,September,3,2,0,1
C16154,2024,10,October,4,2,0,1
C16154,2024,11,November,5,3,0,1
C16154,2025,3,March,6,5,0,1
C16154,2025,6,June,8,5,0,1
C16154,2025,7,July,9,6,0,1
C16154,2025,8,August,10,7,0,1
C16154,2025,9,September,11,8,0,1
C16154,2025,11,November,13,9,0,1
C16155,2024,7,July,1,1,1,0
C16155,2024,8,August,2,2,0,1
C16155,2024,11,November,3,3,0,1
C16155,2025,4,April,4,4,0,1
C16155,2025,12,December,5,5,0,1
C16156,2024,9,September,1,1,1,0
C16156,2024,12,December,2,1,0,0
C16156,2025,4,April,3,2,0,1
C16156,2025,5,May,4,2,0,1
C16156,2025,7,July,5,3,0,1
C16156,2025,10,October,6,4,0,1
C16157,2024,12,December,1,1,1,0
C16157,2025,1,January,2,2,0,1
C16157,2025,3,March,3,2,0,1
C16157,2025,7,July,4,3,0,1
C16158,2025,5,May,1,1,1,0
C16158,2025,10,October,2,2,0,1
C16159,2024,11,November,1,1,1,0
C16159,2025,10,October,2,2,0,1
C16160,2025,1,January,1,1,1,0
C16160,2025,5,May,2,3,0,1
C16160,2025,8,August,4,4,0,1
C16161,2025,3,March,1,1,1,0
C16161,2025,4,April,2,3,0,1
C16161,2025,12,December,4,4,0,1
C16163,2025,4,April,1,1,1,0
C16164,2024,10,October,1,0,1,0
C16164,2025,1,January,2,1,0,0
C16164,2025,2,February,3,2,0,1
C16164,2025,4,April,4,3,0,1
C16164,2025,8,August,5,4,0,1
C16164,2025,12,December,6,4,0,1
C16165,2025,1,January,1,1,1,0
C16165,2025,10,October,2,2,0,1
C16165,2025,12,December,3,3,0,1
C16166,2024,7,July,1,1,1,0
C16166,2024,10,October,2,3,0,1
C16166,2024,11,November,4,4,0,1
C16166,2025,2,February,5,5,0,1
C16166,2025,6,June,6,5,0,1
C16167,2024,8,August,1,1,1,0
C16167,2024,10,October,2,2,0,1
C16167,2025,1,January,3,3,0,1
C16167,2025,6,June,4,4,0,1
C16167,2025,9,September,5,5,0,1
C16167,2025,10,October,6,5,0,1
C16168,2024,7,July,1,1,1,0
C16168,2024,10,October,2,2,0,1
C16169,2024,11,November,1,0,1,0
C16169,2024,12,December,2,1,0,0
C16169,2025,5,May,3,1,0,0
C16169,2025,12,December,4,2,0,1
C16170,2024,8,August,1,1,1,0
C16170,2025,6,June,2,2,0,1
C16170,2025,9,September,3,3,0,1
C16171,2024,8,August,1,1,1,0
C16171,2025,10,October,2,2,0,1
C16172,2025,9,September,1,1,1,0
C16173,2024,12,December,1,1,1,0
C16173,2025,4,April,2,2,0,1
C16173,2025,9,September,3,3,0,1
C16173,2025,11,November,4,4,0,1
C16174,2025,3,March,1,1,1,0
C16175,2024,7,July,1,1,1,0
C16175,2024,9,September,2,2,0,1
C16175,2025,12,December,3,2,0,1
C16176,2024,8,August,1,1,1,0
C16176,2024,10,October,2,2,0,1
C16176,2025,1,January,3,5,0,1
C16176,2025,7,July,6,6,0,1
C16176,2025,10,October,7,7,0,1
C16176,2025,12,December,9,8,0,1
C16177,2024,12,December,1,0,1,0
C16177,2025,9,September,2,1,0,0
C16178,2024,8,August,1,1,1,0
C16178,2024,12,December,2,1,0,0
C16178,2025,5,May,3,2,0,1
C16178,2025,6,June,4,3,0,1
C16178,2025,8,August,5,4,0,1
C16179,2024,9,September,1,0,1,0
C16179,2025,1,January,2,1,0,0
C16180,2024,7,July,1,1,1,0
C16180,2025,2,February,2,2,0,1
C16181,2024,12,December,1,1,1,0
C16181,2025,9,September,2,2,0,1
C16182,2024,7,July,1,1,1,0
C16182,2024,11,November,2,2,0,1
C16182,2025,7,July,3,3,0,1
C16183,2024,11,November,1,1,1,0
C16183,2025,3,March,2,3,0,1
C16184,2024,12,December,1,2,0,1
C16184,2025,1,January,3,3,0,1
C16184,2025,2,February,4,3,0,1
C16184,2025,4,April,5,4,0,1
C16184,2025,5,May,6,5,0,1
C16184,2025,6,June,7,6,0,1
C16185,2024,8,August,1,0,1,0
C16185,2024,10,October,2,1,0,0
C16185,2024,12,December,3,2,0,1
C16186,2025,1,January,1,1,1,0
C16186,2025,3,March,2,2,0,1
C16187,2025,3,March,1,1,1,0
C16188,2024,7,July,1,0,1,0
C16188,2024,12,December,2,1,0,0
C16188,2025,1,January,4,2,0,1
C16188,2025,3,March,5,3,0,1
C16188,2025,7,July,6,4,0,1
C16189,2024,8,August,1,1,1,0
C16189,2025,1,January,2,2,0,1
C16189,2025,4,April,3,2,0,1
C16189,2025,5,May,4,2,0,1
C16189,2025,7,July,5,3,0,1
C16190,2024,8,August,1,1,1,0
C16190,2025,1,January,2,2,0,1
C16190,2025,3,March,3,2,0,1
C16190,2025,8,August,4,3,0,1
C16190,2025,9,September,5,5,0,1
C16190,2025,10,October,7,6,0,1
C16191,2025,3,March,1,1,1,0
C16191,2025,6,June,2,2,0,1
C16191,2025,10,October,3,3,0,1
C16192,2024,10,October,1,1,1,0
C16193,2024,7,July,1,2,0,1
C16193,2024,9,September,3,2,0,1
C16193,2024,10,October,4,3,0,1
C16193,2024,12,December,5,4,0,1
C16193,2025,2,February,6,5,0,1
C16193,2025,3,March,7,6,0,1
C16193,2025,12,December,8,7,0,1
C16194,2024,7,July,1,1,1,0
C16194,2024,9,September,2,2,0,1
C16194,2024,10,October,3,3,0,1
C16194,2025,1,January,4,4,0,1
C16194,2025,3,March,5,4,0,1
C16194,2025,7,July,6,4,0,1
C16194,2025,9,September,7,6,0,1
C16194,2025,12,December,9,7,0,1
C16195,2024,7,July,1,1,1,0
C16195,2024,8,August,2,2,0,1
C16196,2024,8,August,1,1,1,0
C16196,2025,4,April,2,3,0,1
C16196,2025,12,December,4,4,0,1
C16197,2024,7,July,1,2,0,1
C16197,2024,11,November,3,2,0,1
C16197,2025,2,February,4,3,0,1
C16197,2025,4,April,5,4,0,1
C16197,2025,5,May,6,5,0,1
C16197,2025,9,September,7,6,0,1
C16198,2024,11,November,1,0,1,0
C16198,2024,12,December,2,0,0,0
C16198,2025,1,January,3,1,0,0
C16199,2024,11,November,1,1,1,0
C16199,2025,6,June,2,2,0,1
C16199,2025,10,October,3,3,0,1
C16200,2024,10,October,1,0,1,0
C16201,2024,9,September,1,1,1,0
C16201,2025,6,June,2,2,0,1
C16201,2025,10,October,3,3,0,1
C16202,2024,7,July,1,0,1,0
C16202,2024,9,September,2,1,0,0
C16202,2024,10,October,3,2,0,1
C16202,2024,11,November,4,3,0,1
C16202,2025,3,March,5,3,0,1
C16202,2025,10,October,6,4,0,1
C16203,2025,9,September,1,1,1,0
C16203,2025,12,December,2,2,0,1
C16204,2024,8,August,1,1,1,0
C16204,2025,6,June,2,2,0,1
C16204,2025,10,October,3,3,0,1
C16205,2024,11,November,1,1,1,0
C16205,2025,4,April,2,2,0,1
C16205,2025,7,July,3,2,0,1
C16205,2025,8,August,4,3,0,1
C16205,2025,11,November,5,4,0,1
C16207,2024,12,December,1,1,1,0
C16207,2025,1,January,2,2,0,1
C16207,2025,3,March,3,2,0,1
C16207,2025,6,June,4,3,0,1
C16207,2025,7,July,5,4,0,1
C16207,2025,9,September,6,5,0,1
C16208,2024,11,November,1,1,1,0
C16208,2025,3,March,2,2,0,1
C16209,2024,12,December,1,1,1,0
C16209,2025,4,April,2,2,0,1
C16209,2025,5,May,3,3,0,1
C16209,2025,6,June,4,4,0,1
C16209,2025,12,December,5,5,0,1
C16210,2024,8,August,1,1,1,0
C16210,2025,2,February,2,3,0,1
C16210,2025,5,May,4,4,0,1
C16210,2025,10,October,5,5,0,1
C16211,2024,7,July,1,1,1,0
C16211,2024,12,December,2,2,0,1
C16211,2025,4,April,4,3,0,1
C16211,2025,5,May,5,4,0,1
C16211,2025,6,June,6,5,0,1
C16211,2025,9,September,7,6,0,1
C16212,2024,10,October,1,1,1,0
C16212,2025,2,February,2,2,0,1
C16212,2025,11,November,3,3,0,1
C16213,2024,7,July,1,2,0,1
C16213,2024,8,August,3,3,0,1
C16213,2024,9,September,4,4,0,1
C16213,2024,10,October,5,4,0,1
C16213,2025,1,January,6,5,0,1
C16213,2025,9,September,8,6,0,1
C16213,2025,10,October,9,7,0,1
C16214,2025,9,September,1,1,1,0
C16214,2025,10,October,2,1,0,0
C16214,2025,11,November,3,1,0,0
C16215,2025,8,August,1,1,1,0
C16216,2025,11,November,1,1,1,0
C16217,2024,8,August,1,1,1,0
C16217,2024,10,October,2,2,0,1
C16217,2025,3,March,3,3,0,1
C16217,2025,7,July,4,4,0,1
C16218,2024,10,October,1,1,1,0
C16218,2025,8,August,2,2,0,1
C16219,2025,1,January,1,1,1,0
C16219,2025,5,May,2,2,0,1
C16219,2025,7,July,3,4,0,1
C16219,2025,11,November,5,5,0,1
C16220,2025,1,January,1,1,1,0
C16220,2025,5,May,2,2,0,1
C16220,2025,6,June,3,3,0,1
C16220,2025,7,July,4,4,0,1
C16220,2025,9,September,5,5,0,1
C16220,2025,12,December,6,6,0,1
C16221,2024,9,September,1,1,1,0
C16221,2024,12,December,2,1,0,0
C16221,2025,2,February,3,2,0,1
C16221,2025,4,April,4,3,0,1
C16221,2025,5,May,5,4,0,1
C16221,2025,7,July,6,5,0,1
C16221,2025,10,October,7,6,0,1
C16222,2024,9,September,1,1,1,0
C16222,2025,10,October,2,2,0,1
C16223,2024,11,November,1,1,1,0
C16223,2025,4,April,2,1,0,0
C16223,2025,10,October,3,2,0,1
C16224,2024,8,August,1,0,1,0
C16225,2025,4,April,1,1,1,0
C16226,2024,10,October,1,1,1,0
C16226,2024,11,November,2,2,0,1
C16226,2025,1,January,3,3,0,1
C16226,2025,2,February,4,4,0,1
C16226,2025,9,September,5,5,0,1
C16227,2024,8,August,1,1,1,0
C16227,2025,1,January,2,2,0,1
C16227,2025,7,July,3,3,0,1
C16227,2025,9,September,4,5,0,1
C16228,2024,12,December,1,1,1,0
C16228,2025,1,January,2,2,0,1
C16228,2025,12,December,3,3,0,1
C16229,2024,12,December,1,1,1,0
C16229,2025,4,April,2,2,0,1
C16230,2024,7,July,1,1,1,0
C16230,2024,9,September,2,2,0,1
C16230,2025,3,March,3,3,0,1
C16230,2025,8,August,4,4,0,1
C16230,2025,9,September,5,6,0,1
C16231,2025,11,November,1,1,1,0
C16231,2025,12,December,2,2,0,1
C16232,2024,9,September,1,0,1,0
C16232,2024,11,November,2,0,0,0
C16233,2024,7,July,1,1,1,0
C16234,2024,7,July,1,1,1,0
C16234,2024,11,November,2,2,0,1
C16234,2025,12,December,3,3,0,1
C16235,2024,10,October,1,1,1,0
C16235,2025,1,January,3,2,0,1
C16235,2025,5,May,4,3,0,1
C16235,2025,7,July,5,4,0,1
C16235,2025,8,August,6,5,0,1
C16235,2025,11,November,7,5,0,1
C16236,2024,7,July,1,1,1,0
C16236,2025,1,January,2,1,0,0
C16237,2025,10,October,1,1,1,0
C16238,2024,7,July,1,1,1,0
C16238,2024,9,September,2,1,0,0
C16238,2024,10,October,3,2,0,1
C16238,2025,10,October,4,3,0,1
C16238,2025,11,November,5,3,0,1
C16239,2025,2,February,1,1,1,0
C16239,2025,4,April,2,2,0,1
C16239,2025,11,November,3,3,0,1
C16240,2025,1,January,1,1,1,0
C16240,2025,2,February,2,1,0,0
C16240,2025,4,April,3,2,0,1
C16240,2025,5,May,4,3,0,1
C16241,2024,8,August,1,1,1,0
C16241,2024,11,November,2,2,0,1
C16241,2025,1,January,3,3,0,1
C16241,2025,2,February,4,4,0,1
C16241,2025,3,March,5,5,0,1
C16241,2025,7,July,6,6,0,1
C16241,2025,11,November,7,7,0,1
C16242,2024,12,December,1,1,1,0
C16242,2025,1,January,2,1,0,0
C16242,2025,5,May,3,1,0,0
C16242,2025,6,June,4,2,0,1
C16242,2025,11,November,5,3,0,1
C16242,2025,12,December,6,3,0,1
C16243,2024,10,October,1,1,1,0
C16243,2024,11,November,2,2,0,1
C16243,2025,1,January,3,3,0,1
C16243,2025,3,March,5,4,0,1
C16243,2025,6,June,6,5,0,1
C16243,2025,8,August,7,6,0,1
C16243,2025,9,September,8,7,0,1
C16243,2025,10,October,10,9,0,1
C16243,2025,11,November,12,10,0,1
C16243,2025,12,December,13,11,0,1
C16244,2024,8,August,1,1,1,0
C16244,2024,9,September,2,1,0,0
C16244,2024,10,October,3,2,0,1
C16244,2025,1,January,4,3,0,1
C16244,2025,3,March,5,4,0,1
C16244,2025,4,April,6,6,0,1
C16245,2024,12,December,1,1,1,0
C16246,2024,8,August,1,0,1,0
C16246,2025,5,May,2,1,0,0
C16246,2025,8,August,3,1,0,0
C16246,2025,11,November,4,2,0,1
C16247,2025,4,April,1,1,1,0
C16247,2025,7,July,2,1,0,0
C16248,2025,5,May,1,1,1,0
C16249,2024,12,December,1,1,1,0
C16249,2025,3,March,2,2,0,1
C16249,2025,5,May,3,3,0,1
C16249,2025,8,August,4,4,0,1
C16249,2025,12,December,6,5,0,1
C16250,2024,11,November,1,1,1,0
C16250,2025,5,May,2,2,0,1
C16250,2025,6,June,3,3,0,1
C16250,2025,12,December,4,4,0,1
C16251,2024,9,September,1,1,1,0
C16251,2025,3,March,2,2,0,1
C16251,2025,5,May,3,2,0,1
C16251,2025,6,June,4,3,0,1
C16251,2025,12,December,5,4,0,1
C16252,2024,9,September,1,2,0,1
C16252,2025,3,March,3,4,0,1
C16252,2025,4,April,5,5,0,1
C16252,2025,7,July,6,6,0,1
C16252,2025,8,August,7,7,0,1
C16252,2025,9,September,8,8,0,1
C16253,2024,12,December,1,1,1,0
C16253,2025,4,April,2,2,0,1
C16253,2025,5,May,3,3,0,1
C16253,2025,8,August,4,4,0,1
C16254,2024,11,November,1,2,0,1
C16254,2025,2,February,3,2,0,1
C16254,2025,8,August,4,3,0,1
C16254,2025,10,October,5,4,0,1
C16255,2024,9,September,1,0,1,0
C16255,2025,8,August,2,1,0,0
C16256,2024,9,September,1,1,1,0
C16256,2024,11,November,2,3,0,1
C16256,2025,5,May,4,4,0,1
C16256,2025,6,June,5,5,0,1
C16256,2025,8,August,6,6,0,1
C16256,2025,12,December,8,7,0,1
C16257,2024,8,August,1,1,1,0
C16257,2024,9,September,2,1,0,0
C16257,2025,10,October,3,2,0,1
C16257,2025,11,November,4,3,0,1
C16258,2024,7,July,1,1,1,0
C16258,2024,8,August,2,1,0,0
C16258,2024,11,November,3,2,0,1
C16258,2025,8,August,4,3,0,1
C16258,2025,11,November,5,3,0,1
C16259,2024,7,July,1,1,1,0
C16259,2024,10,October,2,2,0,1
C16259,2025,6,June,3,3,0,1
C16259,2025,7,July,4,4,0,1
C16260,2024,10,October,1,1,1,0
C16260,2024,12,December,2,1,0,0
C16260,2025,5,May,3,2,0,1
C16260,2025,11,November,4,2,0,1
C16261,2024,11,November,1,1,1,0
C16261,2025,2,February,2,3,0,1
C16261,2025,8,August,4,6,0,1
C16262,2025,2,February,1,1,1,0
C16262,2025,3,March,2,2,0,1
C16262,2025,9,September,3,3,0,1
C16262,2025,12,December,4,4,0,1
C16264,2024,10,October,1,1,1,0
C16264,2025,3,March,2,2,0,1
C16264,2025,12,December,3,3,0,1
C16265,2025,10,October,1,0,1,0
C16266,2024,10,October,1,0,1,0
C16266,2024,12,December,2,1,0,0
C16267,2024,8,August,1,1,1,0
C16267,2024,9,September,2,3,0,1
C16267,2025,1,January,4,4,0,1
C16267,2025,2,February,5,4,0,1
C16267,2025,3,March,6,5,0,1
C16268,2024,12,December,1,1,1,0
C16268,2025,1,January,2,2,0,1
C16268,2025,4,April,3,3,0,1
C16268,2025,12,December,4,4,0,1
C16269,2025,6,June,1,1,1,0
C16270,2024,12,December,1,1,1,0
C16271,2025,3,March,1,1,1,0
C16271,2025,7,July,2,2,0,1
C16271,2025,8,August,3,3,0,1
C16272,2024,7,July,1,1,1,0
C16272,2024,8,August,2,3,0,1
C16272,2024,11,November,5,4,0,1
C16272,2025,3,March,6,5,0,1
C16272,2025,7,July,7,6,0,1
C16273,2025,1,January,1,1,1,0
C16273,2025,2,February,2,1,0,0
C16273,2025,4,April,3,2,0,1
C16274,2024,7,July,1,1,1,0
C16274,2024,8,August,2,2,0,1
C16274,2024,11,November,3,3,0,1
C16275,2024,7,July,1,2,0,1
C16275,2024,9,September,4,2,0,1
C16275,2024,12,December,6,3,0,1
C16275,2025,4,April,7,4,0,1
C16275,2025,9,September,8,5,0,1
C16276,2024,10,October,1,0,1,0
C16276,2024,12,December,2,1,0,0
C16276,2025,1,January,3,2,0,1
C16276,2025,3,March,4,2,0,1
C16276,2025,4,April,6,2,0,1
C16276,2025,6,June,7,5,0,1
C16276,2025,7,July,10,6,0,1
C16276,2025,8,August,11,8,0,1
C16276,2025,10,October,14,8,0,1
C16276,2025,12,December,15,9,0,1
C16277,2024,9,September,1,1,1,0
C16277,2024,11,November,2,4,0,1
C16277,2024,12,December,5,4,0,1
C16277,2025,1,January,6,5,0,1
C16277,2025,2,February,7,6,0,1
C16277,2025,3,March,8,7,0,1
C16277,2025,4,April,9,7,0,1
C16277,2025,5,May,10,8,0,1
C16277,2025,6,June,11,10,0,1
C16277,2025,10,October,13,10,0,1
C16277,2025,11,November,14,11,0,1
C16277,2025,12,December,15,11,0,1
C16278,2024,8,August,1,1,1,0
C16278,2025,1,January,2,2,0,1
C16278,2025,2,February,3,3,0,1
C16278,2025,3,March,4,4,0,1
C16278,2025,8,August,5,5,0,1
C16279,2024,8,August,1,1,1,0
C16279,2024,9,September,2,2,0,1
C16279,2024,10,October,3,4,0,1
C16279,2024,11,November,5,5,0,1
C16279,2025,2,February,6,7,0,1
C16279,2025,7,July,8,8,0,1
C16279,2025,8,August,9,9,0,1
C16279,2025,10,October,10,10,0,1
C16280,2024,7,July,1,0,1,0
C16280,2024,10,October,2,1,0,0
C16280,2024,12,December,3,2,0,1
C16280,2025,12,December,4,3,0,1
C16281,2024,11,November,1,2,0,1
C16281,2025,1,January,3,3,0,1
C16281,2025,5,May,4,4,0,1
C16281,2025,7,July,5,5,0,1
C16281,2025,8,August,6,6,0,1
C16281,2025,10,October,7,7,0,1
C16281,2025,12,December,8,8,0,1
C16282,2025,7,July,1,0,1,0
C16283,2025,6,June,1,1,1,0
C16283,2025,12,December,2,2,0,1
C16284,2024,11,November,1,1,1,0
C16284,2025,4,April,2,2,0,1
C16284,2025,7,July,3,3,0,1
C16285,2024,11,November,1,1,1,0
C16285,2025,1,January,2,1,0,0
C16286,2025,1,January,1,0,1,0
C16286,2025,10,October,2,1,0,0
C16287,2024,8,August,1,1,1,0
C16287,2024,10,October,2,2,0,1
C16287,2025,1,January,3,3,0,1
C16287,2025,12,December,4,4,0,1
C16288,2025,3,March,1,0,1,0
C16288,2025,8,August,2,0,0,0
C16288,2025,9,September,3,1,0,0
C16288,2025,10,October,4,2,0,1
C16289,2024,8,August,1,1,1,0
C16289,2024,10,October,2,2,0,1
C16289,2024,11,November,3,4,0,1
C16289,2025,2,February,5,5,0,1
C16289,2025,4,April,6,6,0,1
C16289,2025,5,May,7,7,0,1
C16289,2025,6,June,8,8,0,1
C16289,2025,11,November,9,10,0,1
C16289,2025,12,December,11,11,0,1
C16290,2024,8,August,1,1,1,0
C16290,2025,3,March,2,2,0,1
C16290,2025,5,May,3,3,0,1
C16290,2025,9,September,4,3,0,1
C16290,2025,10,October,5,4,0,1
C16291,2025,4,April,1,1,1,0
C16292,2024,7,July,1,1,1,0
C16292,2025,5,May,2,3,0,1
C16292,2025,11,November,4,4,0,1
C16293,2024,10,October,1,1,1,0
C16293,2024,12,December,2,1,0,0
C16293,2025,1,January,3,2,0,1
C16293,2025,5,May,4,3,0,1
C16294,2024,7,July,1,0,1,0
C16294,2024,9,September,2,1,0,0
C16294,2025,8,August,3,2,0,1
C16295,2024,10,October,1,2,0,1
C16295,2025,1,January,3,3,0,1
C16295,2025,4,April,5,4,0,1
C16295,2025,7,July,6,5,0,1
C16295,2025,10,October,7,6,0,1
C16295,2025,12,December,8,8,0,1
C16296,2024,8,August,1,1,1,0
C16296,2024,9,September,2,1,0,0
C16296,2024,11,November,3,2,0,1
C16296,2025,8,August,4,3,0,1
C16296,2025,10,October,5,4,0,1
C16297,2024,7,July,1,0,1,0
C16297,2024,12,December,2,1,0,0
C16297,2025,10,October,3,3,0,1
C16297,2025,12,December,5,4,0,1
C16299,2025,3,March,1,1,1,0
C16299,2025,4,April,3,2,0,1
C16299,2025,10,October,4,3,0,1
C16300,2025,11,November,1,1,1,0
C16301,2024,8,August,1,1,1,0
C16302,2024,10,October,1,1,1,0
C16302,2025,5,May,2,2,0,1
C16302,2025,9,September,3,2,0,1
C16303,2025,4,April,1,1,1,0
C16303,2025,9,September,2,2,0,1
C16304,2025,3,March,1,1,1,0
C16304,2025,5,May,2,1,0,0
C16305,2025,4,April,1,1,1,0
C16305,2025,7,July,2,2,0,1
C16306,2024,9,September,1,1,1,0
C16306,2025,5,May,2,2,0,1
C16306,2025,10,October,3,4,0,1
C16307,2024,7,July,1,1,1,0
C16307,2024,8,August,2,1,0,0
C16307,2024,9,September,3,2,0,1
C16307,2025,6,June,4,3,0,1
C16308,2025,1,January,1,1,1,0
C16308,2025,8,August,2,2,0,1
C16309,2024,7,July,1,1,1,0
C16309,2024,8,August,2,2,0,1
C16309,2024,10,October,3,3,0,1
C16309,2025,4,April,4,4,0,1
C16310,2025,2,February,1,1,1,0
C16310,2025,10,October,2,2,0,1
C16311,2025,5,May,1,1,1,0
C16311,2025,10,October,2,2,0,1
C16312,2024,9,September,1,1,1,0
C16312,2024,10,October,2,1,0,0
C16312,2025,10,October,3,2,0,1
C16312,2025,12,December,4,3,0,1
C16314,2025,3,March,1,1,1,0
C16314,2025,10,October,2,2,0,1
C16315,2024,7,July,1,1,1,0
C16315,2024,10,October,2,3,0,1
C16315,2025,1,January,4,4,0,1
C16315,2025,3,March,5,5,0,1
C16315,2025,6,June,6,5,0,1
C16315,2025,7,July,7,5,0,1
C16315,2025,8,August,8,7,0,1
C16316,2024,7,July,1,1,1,0
C16316,2024,10,October,2,2,0,1
C16316,2025,4,April,3,3,0,1
C16317,2024,9,September,1,2,0,1
C16317,2025,2,February,3,3,0,1
C16317,2025,3,March,4,4,0,1
C16317,2025,6,June,5,4,0,1
C16317,2025,7,July,6,5,0,1
C16317,2025,9,September,7,6,0,1
C16317,2025,12,December,8,7,0,1
C16318,2024,8,August,1,1,1,0
C16318,2024,10,October,3,1,0,0
C16318,2025,8,August,4,1,0,0
C16319,2024,7,July,1,1,1,0
C16319,2025,6,June,2,1,0,0
C16319,2025,7,July,3,2,0,1
C16319,2025,8,August,4,2,0,1
C16320,2024,8,August,1,2,0,1
C16320,2024,9,September,3,2,0,1
C16320,2025,2,February,4,3,0,1
C16320,2025,11,November,5,4,0,1
C16320,2025,12,December,6,5,0,1
C16321,2024,7,July,1,1,1,0
C16321,2024,9,September,2,2,0,1
C16321,2025,1,January,3,3,0,1
C16321,2025,8,August,4,4,0,1
C16322,2024,7,July,1,1,1,0
C16322,2024,10,October,2,2,0,1
C16322,2025,5,May,3,3,0,1
C16322,2025,9,September,4,4,0,1
C16323,2024,9,September,1,1,1,0
C16323,2024,10,October,2,3,0,1
C16323,2024,12,December,4,5,0,1
C16323,2025,6,June,6,6,0,1
C16324,2024,7,July,1,1,1,0
C16324,2024,12,December,2,2,0,1
C16324,2025,2,February,3,2,0,1
C16324,2025,8,August,4,2,0,1
C16325,2024,8,August,1,0,1,0
C16325,2024,11,November,2,1,0,0
C16325,2025,10,October,3,2,0,1
C16326,2024,7,July,1,2,0,1
C16326,2024,11,November,3,3,0,1
C16326,2025,1,January,4,3,0,1
C16326,2025,3,March,5,4,0,1
C16326,2025,4,April,6,4,0,1
C16326,2025,6,June,7,5,0,1
C16326,2025,11,November,8,6,0,1
C16326,2025,12,December,9,9,0,1
C16327,2025,12,December,1,0,1,0
C16328,2024,12,December,1,1,1,0
C16328,2025,6,June,2,2,0,1
C16328,2025,12,December,3,4,0,1
C16329,2025,6,June,1,1,1,0
C16329,2025,7,July,2,2,0,1
C16330,2024,8,August,1,1,1,0
C16330,2025,1,January,2,2,0,1
C16330,2025,4,April,3,2,0,1
C16331,2024,12,December,1,2,0,1
C16331,2025,7,July,3,2,0,1
C16331,2025,11,November,4,3,0,1
C16333,2024,7,July,1,1,1,0
C16333,2025,4,April,2,2,0,1
C16333,2025,6,June,3,3,0,1
C16333,2025,9,September,4,3,0,1
C16334,2025,3,March,1,2,0,1
C16334,2025,5,May,3,3,0,1
C16334,2025,6,June,4,4,0,1
C16334,2025,7,July,5,5,0,1
C16334,2025,8,August,6,6,0,1
C16334,2025,10,October,7,7,0,1
C16335,2025,5,May,1,2,0,1
C16335,2025,6,June,3,3,0,1
C16335,2025,11,November,4,4,0,1
C16336,2024,8,August,1,1,1,0
C16337,2024,7,July,1,1,1,0
C16337,2024,11,November,2,2,0,1
C16337,2025,5,May,3,3,0,1
C16337,2025,6,June,4,4,0,1
C16337,2025,7,July,5,6,0,1
C16337,2025,11,November,7,6,0,1
C16338,2024,7,July,1,1,1,0
C16338,2024,8,August,2,2,0,1
C16339,2024,7,July,1,0,1,0
C16339,2025,2,February,3,1,0,0
C16339,2025,5,May,4,2,0,1
C16339,2025,6,June,5,3,0,1
C16340,2024,9,September,1,1,1,0
C16340,2024,12,December,2,2,0,1
C16340,2025,1,January,3,3,0,1
C16340,2025,4,April,4,4,0,1
C16340,2025,10,October,5,5,0,1
C16341,2024,9,September,1,1,1,0
C16341,2024,10,October,2,2,0,1
C16341,2025,1,January,4,3,0,1
C16341,2025,3,March,5,4,0,1
C16341,2025,4,April,6,5,0,1
C16341,2025,6,June,7,6,0,1
C16341,2025,9,September,8,8,0,1
C16341,2025,11,November,11,9,0,1
C16342,2024,8,August,1,0,1,0
C16342,2024,12,December,2,1,0,0
C16342,2025,5,May,3,3,0,1
C16342,2025,10,October,5,4,0,1
C16343,2024,12,December,1,1,1,0
C16343,2025,6,June,2,1,0,0
C16344,2025,1,January,1,1,1,0
C16345,2025,2,February,1,0,1,0
C16345,2025,6,June,2,1,0,0
C16346,2025,4,April,1,1,1,0
C16346,2025,8,August,2,1,0,0
C16346,2025,11,November,3,1,0,0
C16347,2024,7,July,1,1,1,0
C16347,2024,8,August,2,1,0,0
C16347,2024,9,September,3,2,0,1
C16347,2025,3,March,4,3,0,1
C16347,2025,7,July,5,3,0,1
C16347,2025,10,October,6,4,0,1
C16347,2025,11,November,7,5,0,1
C16347,2025,12,December,8,5,0,1
C16348,2024,7,July,1,1,1,0
C16348,2024,11,November,2,2,0,1
C16348,2025,1,January,3,3,0,1
C16348,2025,3,March,4,4,0,1
C16348,2025,4,April,5,5,0,1
C16348,2025,8,August,6,6,0,1
C16349,2024,9,September,1,1,1,0
C16349,2024,10,October,2,2,0,1
C16349,2024,12,December,3,3,0,1
C16349,2025,2,February,4,4,0,1
C16349,2025,4,April,5,4,0,1
C16349,2025,8,August,7,5,0,1
C16349,2025,12,December,8,6,0,1
C16350,2025,8,August,1,1,1,0
C16350,2025,11,November,2,2,0,1
C16351,2024,10,October,1,1,1,0
C16351,2025,5,May,2,2,0,1
C16351,2025,7,July,3,3,0,1
C16351,2025,8,August,4,3,0,1
C16351,2025,12,December,5,3,0,1
C16352,2025,1,January,1,1,1,0
C16352,2025,3,March,2,2,0,1
C16353,2025,1,January,1,1,1,0
C16353,2025,2,February,2,1,0,0
C16354,2024,11,November,1,1,1,0
C16354,2025,3,March,2,2,0,1
C16354,2025,8,August,4,3,0,1
C16354,2025,9,September,5,4,0,1
C16355,2025,5,May,1,0,1,0
C16355,2025,12,December,2,1,0,0
C16356,2024,11,November,1,1,1,0
C16356,2024,12,December,2,1,0,0
C16356,2025,1,January,3,2,0,1
C16356,2025,4,April,4,4,0,1
C16356,2025,10,October,6,5,0,1
C16356,2025,12,December,7,6,0,1
C16357,2024,8,August,1,1,1,0
C16358,2024,8,August,1,1,1,0
C16358,2024,11,November,2,2,0,1
C16359,2024,8,August,1,0,1,0
C16359,2025,5,May,2,1,0,0
C16359,2025,8,August,3,2,0,1
C16360,2024,8,August,1,1,1,0
C16360,2024,9,September,2,2,0,1
C16360,2025,10,October,3,4,0,1
C16362,2025,4,April,1,1,1,0
C16362,2025,5,May,2,2,0,1
C16363,2024,9,September,1,1,1,0
C16363,2025,9,September,2,2,0,1
C16364,2024,12,December,1,0,1,0
C16364,2025,6,June,2,1,0,0
C16365,2024,7,July,1,0,1,0
C16365,2025,5,May,2,1,0,0
C16366,2024,8,August,1,1,1,0
C16366,2024,11,November,2,2,0,1
C16367,2024,10,October,1,1,1,0
C16367,2025,6,June,2,2,0,1
C16368,2024,11,November,1,1,1,0
C16368,2025,1,January,2,2,0,1
C16369,2024,10,October,1,1,1,0
C16370,2024,11,November,1,0,1,0
C16370,2024,12,December,2,0,0,0
C16370,2025,7,July,3,1,0,0
C16371,2024,9,September,1,1,1,0
C16372,2025,6,June,1,1,1,0
C16372,2025,10,October,2,2,0,1
C16372,2025,12,December,3,3,0,1
C16373,2024,11,November,1,1,1,0
C16373,2025,4,April,2,3,0,1
C16373,2025,5,May,4,4,0,1
C16373,2025,7,July,5,5,0,1
C16373,2025,8,August,6,6,0,1
C16374,2024,9,September,1,1,1,0
C16375,2024,7,July,1,1,1,0
C16375,2025,8,August,2,2,0,1
C16376,2024,7,July,1,1,1,0
C16376,2024,10,October,2,2,0,1
C16376,2025,1,January,3,3,0,1
C16376,2025,6,June,4,4,0,1
C16376,2025,10,October,5,5,0,1
C16377,2024,9,September,1,1,1,0
C16377,2025,2,February,2,2,0,1
C16377,2025,11,November,3,3,0,1
C16378,2024,7,July,1,1,1,0
C16378,2024,8,August,2,2,0,1
C16378,2024,9,September,3,4,0,1
C16378,2024,12,December,5,4,0,1
C16378,2025,2,February,6,5,0,1
C16378,2025,4,April,7,6,0,1
C16378,2025,6,June,8,7,0,1
C16378,2025,7,July,9,8,0,1
C16378,2025,8,August,10,10,0,1
C16378,2025,9,September,12,11,0,1
C16378,2025,11,November,13,12,0,1
C16379,2024,8,August,1,1,1,0
C16379,2024,9,September,2,1,0,0
C16379,2025,2,February,3,3,0,1
C16379,2025,12,December,5,5,0,1
C16380,2024,7,July,1,1,1,0
C16380,2025,8,August,3,2,0,1
C16381,2024,10,October,1,0,1,0
C16381,2025,3,March,2,0,0,0
C16382,2024,10,October,1,0,1,0
C16383,2024,7,July,1,0,1,0
C16383,2025,6,June,2,0,0,0
C16383,2025,8,August,3,0,0,0
C16384,2024,12,December,1,1,1,0
C16384,2025,5,May,2,2,0,1
C16384,2025,11,November,3,3,0,1
C16386,2024,8,August,1,1,1,0
C16386,2024,10,October,3,2,0,1
C16386,2025,3,March,4,3,0,1
C16386,2025,4,April,6,5,0,1
C16386,2025,7,July,8,6,0,1
C16386,2025,8,August,9,7,0,1
C16386,2025,10,October,10,8,0,1
C16388,2024,7,July,1,2,0,1
C16388,2024,11,November,3,3,0,1
C16388,2025,2,February,4,4,0,1
C16388,2025,11,November,5,5,0,1
C16389,2024,9,September,1,0,1,0
C16389,2024,10,October,2,1,0,0
C16389,2025,2,February,3,2,0,1
C16389,2025,8,August,4,3,0,1
C16389,2025,11,November,5,4,0,1
C16390,2024,11,November,1,1,1,0
C16390,2025,6,June,2,1,0,0
C16391,2024,9,September,1,2,0,1
C16391,2024,10,October,3,3,0,1
C16391,2025,3,March,4,4,0,1
C16391,2025,4,April,5,5,0,1
C16391,2025,7,July,6,7,0,1
C16391,2025,12,December,8,8,0,1
C16392,2024,11,November,1,1,1,0
C16392,2025,2,February,2,3,0,1
C16392,2025,5,May,4,4,0,1
C16392,2025,11,November,5,4,0,1
C16393,2025,10,October,1,1,1,0
C16394,2025,1,January,1,1,1,0
C16394,2025,2,February,2,2,0,1
C16394,2025,8,August,3,3,0,1
C16394,2025,9,September,4,5,0,1
C16395,2025,5,May,1,0,1,0
C16396,2024,9,September,1,0,1,0
C16396,2024,12,December,2,1,0,0
C16396,2025,1,January,3,2,0,1
C16396,2025,2,February,4,3,0,1
C16396,2025,3,March,5,4,0,1
C16396,2025,4,April,6,5,0,1
C16397,2025,6,June,1,0,1,0
C16397,2025,10,October,2,1,0,0
C16398,2025,2,February,1,1,1,0
C16399,2024,7,July,1,1,1,0
C16399,2025,6,June,2,2,0,1
C16399,2025,8,August,3,3,0,1
C16399,2025,10,October,4,5,0,1
C16400,2025,12,December,1,1,1,0
C16401,2025,2,February,1,1,1,0
C16401,2025,3,March,2,1,0,0
C16401,2025,5,May,3,2,0,1
C16401,2025,7,July,4,4,0,1
C16401,2025,10,October,6,5,0,1
C16402,2025,1,January,1,1,1,0
C16402,2025,3,March,2,2,0,1
C16402,2025,12,December,3,3,0,1
C16403,2024,8,August,1,1,1,0
C16403,2025,8,August,2,2,0,1
C16403,2025,10,October,3,3,0,1
C16404,2024,9,September,1,1,1,0
C16404,2025,3,March,2,2,0,1
C16404,2025,5,May,3,2,0,1
C16404,2025,8,August,4,3,0,1
C16404,2025,9,September,5,4,0,1
C16404,2025,11,November,6,4,0,1
C16405,2024,8,August,1,1,1,0
C16405,2024,11,November,2,2,0,1
C16405,2025,2,February,3,2,0,1
C16406,2024,9,September,1,1,1,0
C16406,2024,10,October,2,1,0,0
C16406,2024,12,December,3,2,0,1
C16406,2025,1,January,5,3,0,1
C16406,2025,2,February,7,4,0,1
C16406,2025,6,June,8,5,0,1
C16406,2025,12,December,9,6,0,1
C16407,2024,11,November,1,0,1,0
C16407,2025,1,January,2,0,0,0
C16407,2025,4,April,3,1,0,0
C16407,2025,5,May,4,1,0,0
C16408,2024,7,July,1,1,1,0
C16408,2024,8,August,2,2,0,1
C16408,2024,12,December,3,3,0,1
C16408,2025,3,March,4,4,0,1
C16408,2025,4,April,5,5,0,1
C16408,2025,5,May,6,6,0,1
C16408,2025,9,September,7,7,0,1
C16409,2025,4,April,1,1,1,0
C16409,2025,7,July,2,2,0,1
C16410,2024,9,September,1,0,1,0
C16410,2025,3,March,2,0,0,0
C16410,2025,4,April,3,1,0,0
C16410,2025,6,June,4,2,0,1
C16410,2025,8,August,5,3,0,1
C16410,2025,11,November,6,4,0,1
C16411,2024,7,July,1,0,1,0
C16412,2024,7,July,1,1,1,0
C16412,2024,11,November,2,2,0,1
C16412,2024,12,December,3,3,0,1
C16412,2025,3,March,4,4,0,1
C16412,2025,11,November,5,5,0,1
C16412,2025,12,December,6,6,0,1
C16413,2024,7,July,1,1,1,0
C16413,2024,9,September,2,3,0,1
C16413,2024,10,October,4,4,0,1
C16413,2025,8,August,5,4,0,1
C16413,2025,10,October,6,5,0,1
C16413,2025,11,November,7,6,0,1
C16414,2024,7,July,1,1,1,0
C16414,2024,8,August,2,2,0,1
C16414,2024,10,October,3,2,0,1
C16414,2025,2,February,4,3,0,1
C16414,2025,3,March,5,4,0,1
C16414,2025,6,June,6,5,0,1
C16414,2025,11,November,7,6,0,1
C16415,2024,7,July,1,1,1,0
C16415,2024,10,October,2,2,0,1
C16415,2025,5,May,3,3,0,1
C16415,2025,11,November,4,5,0,1
C16416,2024,9,September,1,2,0,1
C16416,2025,1,January,3,4,0,1
C16416,2025,9,September,5,5,0,1
C16416,2025,10,October,6,6,0,1
C16416,2025,11,November,7,8,0,1
C16417,2024,12,December,1,1,1,0
C16417,2025,5,May,2,2,0,1
C16419,2024,8,August,1,1,1,0
C16419,2024,10,October,2,1,0,0
C16419,2024,12,December,3,2,0,1
C16419,2025,1,January,4,3,0,1
C16419,2025,3,March,5,4,0,1
C16419,2025,5,May,6,5,0,1
C16420,2025,1,January,1,0,1,0
C16420,2025,5,May,2,2,0,1
C16421,2024,7,July,1,1,1,0
C16421,2024,8,August,2,2,0,1
C16421,2024,11,November,3,3,0,1
C16421,2025,2,February,4,4,0,1
C16421,2025,3,March,5,5,0,1
C16421,2025,10,October,6,5,0,1
C16421,2025,12,December,7,7,0,1
C16422,2024,10,October,1,1,1,0
C16422,2025,6,June,3,2,0,1
C16423,2024,7,July,1,1,1,0
C16423,2024,10,October,2,3,0,1
C16423,2024,12,December,4,4,0,1
C16423,2025,2,February,5,4,0,1
C16423,2025,9,September,6,5,0,1
C16424,2024,10,October,1,1,1,0
C16424,2025,4,April,2,2,0,1
C16424,2025,5,May,3,3,0,1
C16424,2025,9,September,4,4,0,1
C16425,2025,9,September,1,1,1,0
C16426,2024,8,August,1,1,1,0
C16426,2024,11,November,2,1,0,0
C16426,2024,12,December,3,1,0,0
C16426,2025,1,January,4,2,0,1
C16426,2025,4,April,5,3,0,1
C16426,2025,6,June,6,4,0,1
C16426,2025,11,November,7,5,0,1
C16426,2025,12,December,8,5,0,1
C16427,2024,7,July,1,1,1,0
C16427,2024,11,November,2,2,0,1
C16427,2025,1,January,3,4,0,1
C16427,2025,3,March,5,5,0,1
C16427,2025,7,July,6,5,0,1
C16430,2024,8,August,1,0,1,0
C16430,2025,1,January,2,1,0,0
C16430,2025,3,March,3,2,0,1
C16430,2025,12,December,4,3,0,1
C16431,2024,9,September,1,1,1,0
C16431,2025,2,February,2,2,0,1
C16431,2025,3,March,3,4,0,1
C16431,2025,7,July,5,5,0,1
C16431,2025,11,November,6,6,0,1
C16432,2024,7,July,1,1,1,0
C16432,2024,10,October,2,2,0,1
C16432,2024,12,December,3,2,0,1
C16433,2025,4,April,1,1,1,0
C16433,2025,6,June,2,2,0,1
C16434,2024,8,August,1,0,1,0
C16434,2024,9,September,2,1,0,0
C16434,2024,12,December,3,1,0,0
C16434,2025,1,January,4,2,0,1
C16434,2025,2,February,5,3,0,1
C16434,2025,3,March,7,4,0,1
C16434,2025,8,August,8,5,0,1
C16434,2025,10,October,9,7,0,1
C16434,2025,11,November,11,8,0,1
C16435,2025,7,July,1,1,1,0
C16436,2025,1,January,1,1,1,0
C16436,2025,4,April,2,2,0,1
C16436,2025,5,May,3,4,0,1
C16437,2025,4,April,1,1,1,0
C16437,2025,9,September,2,1,0,0
C16438,2025,3,March,1,1,1,0
C16439,2025,2,February,1,1,1,0
C16439,2025,8,August,2,1,0,0
C16439,2025,12,December,3,2,0,1
C16440,2025,2,February,1,1,1,0
C16440,2025,5,May,2,1,0,0
C16440,2025,8,August,3,2,0,1
C16440,2025,12,December,4,3,0,1
C16441,2024,7,July,1,1,1,0
C16441,2024,9,September,2,2,0,1
C16441,2024,10,October,3,3,0,1
C16441,2024,12,December,4,4,0,1
C16441,2025,1,January,5,5,0,1
C16441,2025,3,March,6,5,0,1
C16441,2025,6,June,7,9,0,1
C16441,2025,8,August,12,10,0,1
C16441,2025,9,September,13,12,0,1
C16441,2025,11,November,15,13,0,1
C16442,2025,8,August,1,1,1,0
C16443,2024,7,July,1,0,1,0
C16444,2024,9,September,1,1,1,0
C16445,2024,8,August,1,1,1,0
C16445,2025,2,February,2,1,0,0
C16445,2025,12,December,3,2,0,1
C16446,2024,12,December,1,0,1,0
C16446,2025,3,March,2,1,0,0
C16447,2024,10,October,1,1,1,0
C16448,2024,12,December,1,1,1,0
C16448,2025,1,January,2,2,0,1
C16448,2025,4,April,3,3,0,1
C16448,2025,5,May,4,4,0,1
C16448,2025,6,June,5,5,0,1
C16448,2025,8,August,6,6,0,1
C16448,2025,11,November,9,8,0,1
C16449,2025,10,October,1,1,1,0
C16450,2024,11,November,1,1,1,0
C16450,2025,3,March,2,2,0,1
C16451,2024,12,December,1,1,1,0
C16452,2025,10,October,1,1,1,0
C16453,2025,4,April,1,1,1,0
C16453,2025,8,August,2,2,0,1
C16454,2024,9,September,1,0,1,0
C16454,2024,11,November,2,1,0,0
C16454,2025,1,January,3,1,0,0
C16454,2025,3,March,4,2,0,1
C16454,2025,8,August,5,3,0,1
C16454,2025,9,September,6,5,0,1
C16454,2025,11,November,8,7,0,1
C16455,2024,7,July,1,1,1,0
C16455,2025,1,January,2,1,0,0
C16455,2025,4,April,3,4,0,1
C16455,2025,5,May,6,5,0,1
C16455,2025,7,July,7,7,0,1
C16455,2025,9,September,9,8,0,1
C16455,2025,10,October,10,9,0,1
C16455,2025,11,November,11,11,0,1
C16456,2024,9,September,1,1,1,0
C16456,2024,12,December,2,1,0,0
C16456,2025,2,February,3,1,0,0
C16456,2025,3,March,4,2,0,1
C16456,2025,4,April,5,3,0,1
C16456,2025,8,August,6,4,0,1
C16456,2025,9,September,7,4,0,1
C16456,2025,11,November,8,5,0,1
C16457,2024,7,July,1,1,1,0
C16457,2024,8,August,2,2,0,1
C16458,2024,8,August,1,1,1,0
C16458,2024,11,November,2,2,0,1
C16458,2025,7,July,3,3,0,1
C16458,2025,11,November,4,3,0,1
C16459,2024,10,October,1,2,0,1
C16459,2025,1,January,3,3,0,1
C16459,2025,3,March,4,4,0,1
C16459,2025,6,June,5,5,0,1
C16459,2025,7,July,6,5,0,1
C16459,2025,8,August,7,6,0,1
C16459,2025,9,September,8,8,0,1
C16459,2025,12,December,10,8,0,1
C16460,2025,6,June,1,1,1,0
C16460,2025,7,July,2,2,0,1
C16460,2025,8,August,3,3,0,1
C16461,2025,9,September,1,1,1,0
C16461,2025,11,November,2,2,0,1
C16463,2024,7,July,1,1,1,0
C16463,2024,10,October,2,2,0,1
C16463,2024,12,December,3,4,0,1
C16463,2025,4,April,5,5,0,1
C16463,2025,5,May,6,5,0,1
C16463,2025,12,December,7,6,0,1
C16464,2024,10,October,1,1,1,0
C16464,2024,12,December,2,2,0,1
C16464,2025,1,January,3,3,0,1
C16464,2025,3,March,4,4,0,1
C16464,2025,5,May,5,5,0,1
C16465,2024,10,October,1,1,1,0
C16465,2024,12,December,2,2,0,1
C16465,2025,5,May,3,2,0,1
C16466,2025,2,February,1,1,1,0
C16467,2024,10,October,1,1,1,0
C16467,2025,5,May,2,2,0,1
C16468,2024,10,October,1,0,1,0
C16468,2025,3,March,2,2,0,1
C16469,2024,9,September,1,1,1,0
C16471,2024,8,August,1,1,1,0
C16471,2024,10,October,2,1,0,0
C16471,2024,11,November,3,2,0,1
C16472,2024,8,August,1,1,1,0
C16472,2024,11,November,2,2,0,1
C16472,2025,3,March,3,3,0,1
C16472,2025,12,December,4,4,0,1
C16473,2024,9,September,1,1,1,0
C16473,2024,10,October,2,1,0,0
C16473,2024,12,December,3,2,0,1
C16473,2025,3,March,4,3,0,1
C16473,2025,5,May,5,4,0,1
C16473,2025,12,December,6,5,0,1
C16474,2025,12,December,1,1,1,0
C16475,2025,1,January,1,1,1,0
C16475,2025,2,February,2,2,0,1
C16475,2025,6,June,3,3,0,1
C16475,2025,7,July,4,3,0,1
C16475,2025,8,August,5,4,0,1
C16476,2025,1,January,1,1,1,0
C16476,2025,9,September,2,2,0,1
C16477,2024,8,August,1,2,0,1
C16477,2024,9,September,3,3,0,1
C16477,2024,12,December,4,4,0,1
C16477,2025,3,March,6,4,0,1
C16477,2025,5,May,7,6,0,1
C16477,2025,6,June,9,7,0,1
C16477,2025,10,October,10,9,0,1
C16477,2025,12,December,12,10,0,1
C16478,2024,11,November,1,1,1,0
C16478,2025,5,May,2,2,0,1
C16478,2025,6,June,3,3,0,1
C16479,2025,10,October,1,1,1,0
C16480,2024,8,August,1,1,1,0
C16480,2025,4,April,2,2,0,1
C16480,2025,5,May,3,3,0,1
C16480,2025,6,June,4,4,0,1
C16481,2024,8,August,1,1,1,0
C16481,2025,4,April,2,2,0,1
C16481,2025,9,September,3,3,0,1
C16481,2025,10,October,4,3,0,1
C16482,2025,1,January,1,1,1,0
C16482,2025,3,March,2,2,0,1
C16483,2024,7,July,1,1,1,0
C16483,2024,12,December,2,2,0,1
C16483,2025,5,May,3,3,0,1
C16483,2025,9,September,4,4,0,1
C16483,2025,11,November,5,4,0,1
C16484,2024,7,July,1,1,1,0
C16484,2024,9,September,2,2,0,1
C16484,2024,10,October,3,3,0,1
C16484,2025,2,February,4,3,0,1
C16484,2025,7,July,5,4,0,1
C16484,2025,8,August,7,5,0,1
C16484,2025,9,September,8,5,0,1
C16484,2025,10,October,9,6,0,1
C16484,2025,11,November,10,7,0,1
C16485,2024,12,December,1,1,1,0
C16485,2025,4,April,2,2,0,1
C16486,2024,11,November,1,1,1,0
C16486,2025,4,April,2,2,0,1
C16486,2025,8,August,3,5,0,1
C16486,2025,11,November,7,7,0,1
C16486,2025,12,December,9,8,0,1
C16487,2025,1,January,1,1,1,0
C16487,2025,6,June,2,2,0,1
C16487,2025,8,August,3,3,0,1
C16488,2025,7,July,1,1,1,0
C16488,2025,8,August,2,2,0,1
C16488,2025,11,November,3,2,0,1
C16489,2024,12,December,1,1,1,0
C16489,2025,7,July,2,2,0,1
C16491,2024,7,July,1,0,1,0
C16491,2024,8,August,2,1,0,0
C16491,2024,9,September,3,2,0,1
C16492,2024,8,August,1,1,1,0
C16492,2024,11,November,2,1,0,0
C16492,2025,3,March,3,2,0,1
C16493,2024,7,July,1,1,1,0
C16493,2024,12,December,2,2,0,1
C16493,2025,5,May,3,3,0,1
C16493,2025,11,November,4,3,0,1
C16494,2024,7,July,1,1,1,0
C16494,2024,9,September,2,2,0,1
C16494,2024,12,December,3,3,0,1
C16494,2025,6,June,4,4,0,1
C16494,2025,8,August,5,5,0,1
C16494,2025,10,October,7,6,0,1
C16495,2024,8,August,1,1,1,0
C16495,2024,9,September,2,2,0,1
C16495,2025,9,September,3,4,0,1
C16496,2024,7,July,1,1,1,0
C16496,2024,12,December,2,3,0,1
C16496,2025,9,September,4,5,0,1
C16497,2025,4,April,1,1,1,0
C16497,2025,7,July,2,2,0,1
C16498,2024,8,August,1,0,1,0
C16498,2024,11,November,2,0,0,0
C16498,2025,3,March,3,0,0,0
C16498,2025,8,August,4,1,0,0
C16499,2024,9,September,1,1,1,0
C16499,2024,10,October,2,3,0,1
C16499,2025,1,January,4,3,0,1
C16499,2025,7,July,5,4,0,1
C16499,2025,8,August,6,5,0,1
C16500,2024,9,September,1,1,1,0
C16500,2025,5,May,2,2,0,1
C16500,2025,6,June,3,2,0,1
C16500,2025,8,August,4,3,0,1
C16501,2025,1,January,1,1,1,0
C16501,2025,6,June,2,2,0,1
C16501,2025,9,September,3,3,0,1
C16501,2025,10,October,4,4,0,1
C16501,2025,11,November,5,5,0,1
C16502,2025,11,November,1,0,1,0
C16503,2024,11,November,1,1,1,0
C16503,2025,7,July,2,2,0,1
C16504,2024,9,September,1,0,1,0
C16504,2024,11,November,2,1,0,0
C16504,2024,12,December,3,2,0,1
C16504,2025,6,June,4,3,0,1
C16505,2024,8,August,1,1,1,0
C16505,2024,9,September,3,2,0,1
C16505,2024,11,November,4,4,0,1
C16505,2025,1,January,6,6,0,1
C16505,2025,5,May,8,7,0,1
C16505,2025,7,July,10,8,0,1
C16506,2025,5,May,1,1,1,0
C16507,2024,7,July,1,1,1,0
C16507,2024,9,September,2,3,0,1
C16507,2024,12,December,4,4,0,1
C16508,2024,12,December,1,1,1,0
C16508,2025,6,June,2,1,0,0
C16509,2024,9,September,1,1,1,0
C16509,2025,8,August,2,1,0,0
C16510,2024,12,December,1,1,1,0
C16510,2025,5,May,2,2,0,1
C16510,2025,7,July,3,3,0,1
C16511,2025,4,April,1,2,0,1
C16512,2024,12,December,1,1,1,0
C16512,2025,4,April,2,2,0,1
C16512,2025,8,August,3,3,0,1
C16512,2025,11,November,4,4,0,1
C16513,2025,6,June,1,0,1,0
C16513,2025,8,August,2,1,0,0
C16513,2025,12,December,3,2,0,1
C16514,2024,8,August,1,1,1,0
C16514,2024,9,September,2,1,0,0
C16514,2024,12,December,3,1,0,0
C16514,2025,2,February,4,1,0,0
C16514,2025,4,April,5,2,0,1
C16514,2025,7,July,6,4,0,1
C16515,2024,11,November,1,1,1,0
C16515,2025,1,January,2,2,0,1
C16515,2025,6,June,3,3,0,1
C16516,2024,12,December,1,1,1,0
C16516,2025,1,January,2,2,0,1
C16516,2025,6,June,3,3,0,1
C16516,2025,8,August,4,4,0,1
C16516,2025,12,December,5,5,0,1
C16517,2024,9,September,1,1,1,0
C16517,2025,2,February,2,2,0,1
C16517,2025,6,June,3,2,0,1
C16517,2025,7,July,4,3,0,1
C16517,2025,10,October,5,3,0,1
C16518,2024,11,November,1,0,1,0
C16518,2025,1,January,2,1,0,0
C16518,2025,2,February,3,3,0,1
C16519,2025,1,January,1,1,1,0
C16519,2025,4,April,4,2,0,1
C16520,2024,11,November,1,1,1,0
C16520,2025,9,September,2,2,0,1
C16520,2025,11,November,3,2,0,1
C16521,2024,8,August,1,0,1,0
C16521,2024,9,September,2,1,0,0
C16521,2025,3,March,3,1,0,0
C16521,2025,6,June,4,1,0,0
C16522,2024,7,July,1,1,1,0
C16522,2024,8,August,2,2,0,1
C16522,2024,9,September,3,3,0,1
C16522,2025,4,April,4,3,0,1
C16522,2025,6,June,5,4,0,1
C16522,2025,7,July,6,5,0,1
C16522,2025,11,November,7,6,0,1
C16522,2025,12,December,8,7,0,1
C16523,2025,11,November,1,1,1,0
C16524,2024,9,September,1,1,1,0
C16524,2025,4,April,2,2,0,1
C16524,2025,12,December,3,3,0,1
C16525,2024,12,December,1,0,1,0
C16525,2025,2,February,2,0,0,0
C16525,2025,4,April,3,0,0,0
C16526,2024,10,October,1,2,0,1
C16526,2025,2,February,4,3,0,1
C16526,2025,3,March,5,4,0,1
C16526,2025,10,October,6,5,0,1
C16526,2025,11,November,7,5,0,1
C16527,2024,12,December,1,1,1,0
C16528,2024,7,July,1,0,1,0
C16528,2024,10,October,2,1,0,0
C16528,2025,1,January,3,2,0,1
C16528,2025,5,May,4,3,0,1
C16528,2025,6,June,5,4,0,1
C16528,2025,12,December,6,5,0,1
C16529,2024,12,December,1,0,1,0
C16529,2025,2,February,2,1,0,0
C16529,2025,3,March,3,2,0,1
C16529,2025,7,July,4,3,0,1
C16529,2025,8,August,5,4,0,1
C16530,2024,11,November,1,1,1,0
C16530,2024,12,December,2,2,0,1
C16530,2025,8,August,3,2,0,1
C16530,2025,12,December,4,3,0,1
C16531,2024,11,November,1,1,1,0
C16531,2025,1,January,2,2,0,1
C16532,2024,9,September,1,1,1,0
C16532,2025,7,July,2,2,0,1
C16532,2025,12,December,3,3,0,1
C16533,2025,7,July,1,1,1,0
C16534,2025,3,March,1,1,1,0
C16534,2025,7,July,2,2,0,1
C16534,2025,9,September,3,3,0,1
C16535,2024,9,September,1,2,0,1
C16535,2024,10,October,3,3,0,1
C16535,2025,1,January,4,4,0,1
C16535,2025,6,June,5,4,0,1
C16535,2025,10,October,6,7,0,1
C16535,2025,12,December,9,7,0,1
C16536,2025,2,February,1,1,1,0
C16536,2025,3,March,2,2,0,1
C16537,2024,7,July,1,1,1,0
C16537,2024,11,November,2,2,0,1
C16537,2025,3,March,3,3,0,1
C16537,2025,8,August,4,5,0,1
C16537,2025,10,October,6,6,0,1
C16537,2025,12,December,7,7,0,1
C16538,2024,8,August,1,1,1,0
C16538,2024,10,October,2,2,0,1
C16538,2024,12,December,3,3,0,1
C16538,2025,2,February,4,4,0,1
C16538,2025,6,June,5,5,0,1
C16538,2025,10,October,6,7,0,1
C16539,2025,8,August,1,1,1,0
C16540,2024,7,July,1,1,1,0
C16540,2024,8,August,2,3,0,1
C16540,2025,2,February,5,5,0,1
C16540,2025,4,April,7,5,0,1
C16541,2025,3,March,1,0,1,0
C16541,2025,4,April,2,1,0,0
C16541,2025,10,October,3,2,0,1
C16542,2024,7,July,1,1,1,0
C16542,2024,11,November,2,2,0,1
C16542,2025,3,March,3,3,0,1
C16542,2025,4,April,4,4,0,1
C16543,2025,3,March,1,1,1,0
C16543,2025,5,May,2,2,0,1
C16544,2025,5,May,1,1,1,0
C16544,2025,6,June,2,2,0,1
C16544,2025,11,November,3,2,0,1
C16544,2025,12,December,4,4,0,1
C16545,2024,9,September,1,1,1,0
C16545,2024,10,October,2,1,0,0
C16545,2025,9,September,3,2,0,1
C16545,2025,11,November,4,3,0,1
C16546,2024,7,July,1,1,1,0
C16546,2024,9,September,2,2,0,1
C16546,2024,11,November,3,3,0,1
C16546,2025,1,January,4,4,0,1
C16546,2025,7,July,5,4,0,1
C16546,2025,11,November,6,5,0,1
C16547,2024,7,July,1,1,1,0
C16547,2025,3,March,2,2,0,1
C16547,2025,4,April,3,3,0,1
C16547,2025,10,October,4,4,0,1
C16548,2025,2,February,1,1,1,0
C16548,2025,6,June,2,2,0,1
C16548,2025,11,November,3,3,0,1
C16549,2024,7,July,1,2,0,1
C16549,2024,10,October,3,3,0,1
C16549,2025,1,January,4,4,0,1
C16549,2025,3,March,5,5,0,1
C16549,2025,7,July,6,7,0,1
C16549,2025,10,October,8,8,0,1
C16550,2024,9,September,1,1,1,0
C16550,2025,4,April,2,2,0,1
C16552,2025,4,April,1,1,1,0
C16553,2024,7,July,1,1,1,0
C16553,2025,5,May,3,2,0,1
C16554,2024,8,August,1,0,1,0
C16554,2025,6,June,2,2,0,1
C16555,2024,8,August,1,1,1,0
C16555,2024,9,September,2,2,0,1
C16555,2025,6,June,3,3,0,1
C16555,2025,10,October,4,4,0,1
C16556,2024,10,October,1,1,1,0
C16556,2024,12,December,2,2,0,1
C16556,2025,2,February,3,3,0,1
C16556,2025,8,August,4,4,0,1
C16557,2024,12,December,1,2,0,1
C16557,2025,3,March,3,2,0,1
C16557,2025,6,June,4,3,0,1
C16557,2025,10,October,5,3,0,1
C16557,2025,11,November,6,3,0,1
C16558,2024,7,July,1,0,1,0
C16558,2024,9,September,2,1,0,0
C16558,2024,11,November,3,1,0,0
C16558,2025,4,April,4,2,0,1
C16558,2025,5,May,5,3,0,1
C16558,2025,9,September,6,5,0,1
C16559,2024,7,July,1,1,1,0
C16559,2024,10,October,2,2,0,1
C16559,2025,10,October,4,4,0,1
C16559,2025,11,November,6,5,0,1
C16559,2025,12,December,7,6,0,1
C16560,2024,12,December,1,1,1,0
C16560,2025,1,January,2,2,0,1
C16560,2025,10,October,3,3,0,1
C16561,2024,7,July,1,1,1,0
C16561,2025,7,July,2,2,0,1
C16561,2025,12,December,3,3,0,1
C16562,2025,3,March,1,2,0,1
C16562,2025,5,May,4,3,0,1
C16562,2025,7,July,5,4,0,1
C16562,2025,12,December,6,5,0,1
C16563,2025,3,March,1,1,1,0
C16563,2025,7,July,2,2,0,1
C16563,2025,11,November,3,2,0,1
C16564,2024,7,July,1,1,1,0
C16564,2024,8,August,2,2,0,1
C16564,2024,9,September,3,3,0,1
C16564,2024,11,November,4,4,0,1
C16564,2025,5,May,5,4,0,1
C16564,2025,12,December,6,5,0,1
C16565,2024,8,August,1,2,0,1
C16565,2024,9,September,3,3,0,1
C16565,2024,11,November,4,4,0,1
C16565,2025,1,January,5,5,0,1
C16565,2025,3,March,6,8,0,1
C16565,2025,7,July,10,9,0,1
C16565,2025,9,September,11,10,0,1
C16566,2024,7,July,1,0,1,0
C16566,2024,9,September,2,1,0,0
C16566,2024,12,December,3,3,0,1
C16566,2025,3,March,5,4,0,1
C16566,2025,5,May,7,5,0,1
C16566,2025,9,September,8,6,0,1
C16566,2025,11,November,9,7,0,1
C16566,2025,12,December,10,8,0,1
C16567,2024,11,November,1,1,1,0
C16567,2025,9,September,2,2,0,1
C16568,2024,11,November,1,1,1,0
C16568,2024,12,December,2,3,0,1
C16568,2025,2,February,4,4,0,1
C16569,2024,10,October,1,1,1,0
C16569,2025,1,January,2,2,0,1
C16569,2025,2,February,3,3,0,1
C16569,2025,5,May,4,4,0,1
C16569,2025,9,September,5,5,0,1
C16570,2024,8,August,1,1,1,0
C16570,2024,9,September,2,2,0,1
C16570,2024,10,October,3,3,0,1
C16570,2024,12,December,4,4,0,1
C16570,2025,3,March,5,5,0,1
C16570,2025,5,May,7,7,0,1
C16570,2025,10,October,9,8,0,1
C16570,2025,11,November,10,9,0,1
C16570,2025,12,December,11,10,0,1
C16571,2024,11,November,1,1,1,0
C16571,2025,6,June,2,2,0,1
C16572,2024,7,July,1,2,0,1
C16572,2024,12,December,4,3,0,1
C16573,2024,7,July,1,1,1,0
C16573,2024,8,August,2,2,0,1
C16573,2025,10,October,3,3,0,1
C16574,2025,9,September,1,0,1,0
C16574,2025,11,November,2,1,0,0
C16575,2024,11,November,1,1,1,0
C16575,2025,5,May,2,2,0,1
C16576,2024,8,August,1,1,1,0
C16576,2025,2,February,2,2,0,1
C16576,2025,11,November,3,3,0,1
C16577,2024,8,August,1,1,1,0
C16577,2024,10,October,2,1,0,0
C16577,2024,11,November,3,2,0,1
C16577,2025,11,November,4,3,0,1
C16578,2024,9,September,1,1,1,0
C16578,2025,5,May,2,2,0,1
C16580,2024,8,August,1,1,1,0
C16581,2024,8,August,1,1,1,0
C16581,2024,10,October,2,1,0,0
C16581,2025,1,January,3,2,0,1
C16581,2025,6,June,4,3,0,1
C16581,2025,8,August,5,4,0,1
C16581,2025,9,September,6,5,0,1
C16582,2024,11,November,1,1,1,0
C16582,2025,3,March,2,1,0,0
C16582,2025,5,May,3,1,0,0
C16582,2025,9,September,4,2,0,1
C16583,2024,8,August,1,0,1,0
C16583,2024,10,October,3,1,0,0
C16583,2024,12,December,4,2,0,1
C16583,2025,1,January,5,3,0,1
C16583,2025,5,May,6,4,0,1
C16583,2025,10,October,7,5,0,1
C16583,2025,11,November,8,6,0,1
C16584,2025,3,March,1,1,1,0
C16584,2025,4,April,2,2,0,1
C16584,2025,6,June,3,3,0,1
C16584,2025,11,November,4,4,0,1
C16586,2025,5,May,1,1,1,0
C16587,2024,9,September,1,1,1,0
C16587,2024,11,November,2,1,0,0
C16587,2025,1,January,3,2,0,1
C16587,2025,10,October,4,3,0,1
C16587,2025,11,November,5,4,0,1
C16588,2024,8,August,1,0,1,0
C16588,2025,9,September,2,0,0,0
C16588,2025,10,October,3,1,0,0
C16589,2025,1,January,1,1,1,0
C16589,2025,3,March,2,2,0,1
C16589,2025,4,April,3,3,0,1
C16589,2025,9,September,4,5,0,1
C16590,2024,7,July,1,1,1,0
C16590,2024,10,October,2,2,0,1
C16590,2024,12,December,3,3,0,1
C16590,2025,11,November,4,4,0,1
C16592,2024,12,December,1,1,1,0
C16593,2025,3,March,1,1,1,0
C16593,2025,4,April,2,1,0,0
C16593,2025,5,May,3,2,0,1
C16594,2024,7,July,1,2,0,1
C16594,2024,11,November,3,3,0,1
C16594,2025,9,September,4,4,0,1
C16594,2025,11,November,5,5,0,1
C16595,2024,8,August,1,1,1,0
C16595,2024,10,October,2,2,0,1
C16595,2025,2,February,3,2,0,1
C16595,2025,3,March,4,3,0,1
C16595,2025,4,April,5,4,0,1
C16595,2025,6,June,6,5,0,1
C16595,2025,7,July,7,6,0,1
C16595,2025,9,September,8,8,0,1
C16595,2025,10,October,10,10,0,1
C16596,2024,9,September,1,1,1,0
C16596,2024,10,October,2,2,0,1
C16596,2024,11,November,3,3,0,1
C16596,2025,4,April,4,5,0,1
C16596,2025,7,July,6,6,0,1
C16596,2025,11,November,8,7,0,1
C16596,2025,12,December,9,8,0,1
C16597,2024,12,December,1,1,1,0
C16598,2024,10,October,1,1,1,0
C16598,2024,12,December,2,1,0,0
C16598,2025,4,April,3,1,0,0
C16599,2024,10,October,1,1,1,0
C16599,2025,2,February,2,2,0,1
C16599,2025,4,April,3,3,0,1
C16600,2025,9,September,1,1,1,0
C16601,2024,7,July,1,1,1,0
C16601,2024,11,November,2,2,0,1
C16601,2025,3,March,3,3,0,1
C16601,2025,4,April,4,4,0,1
C16601,2025,5,May,5,5,0,1
C16601,2025,6,June,6,6,0,1
C16601,2025,8,August,7,7,0,1
C16601,2025,9,September,8,9,0,1
C16601,2025,10,October,10,11,0,1
C16602,2024,8,August,1,1,1,0
C16602,2024,11,November,2,2,0,1
C16602,2025,1,January,3,3,0,1
C16602,2025,5,May,4,4,0,1
C16602,2025,6,June,5,5,0,1
C16602,2025,8,August,6,6,0,1
C16602,2025,10,October,7,8,0,1
C16603,2024,8,August,1,1,1,0
C16603,2024,9,September,2,2,0,1
C16603,2025,2,February,3,3,0,1
C16603,2025,9,September,4,4,0,1
C16604,2024,9,September,1,1,1,0
C16604,2024,12,December,3,3,0,1
C16604,2025,7,July,5,4,0,1
C16604,2025,8,August,6,5,0,1
C16604,2025,9,September,7,6,0,1
C16605,2024,10,October,1,1,1,0
C16605,2025,4,April,2,2,0,1
C16606,2024,8,August,1,2,0,1
C16606,2024,11,November,3,2,0,1
C16606,2025,2,February,4,3,0,1
C16606,2025,5,May,5,4,0,1
C16606,2025,11,November,6,5,0,1
C16607,2024,7,July,1,1,1,0
C16607,2024,10,October,2,3,0,1
C16607,2024,11,November,4,4,0,1
C16607,2024,12,December,5,4,0,1
C16607,2025,1,January,6,5,0,1
C16607,2025,2,February,7,7,0,1
C16607,2025,3,March,9,8,0,1
C16607,2025,8,August,10,9,0,1
C16607,2025,11,November,11,9,0,1
C16608,2025,4,April,1,1,1,0
C16608,2025,11,November,2,2,0,1
C16609,2024,7,July,1,1,1,0
C16609,2024,10,October,2,2,0,1
C16609,2024,12,December,3,3,0,1
C16609,2025,6,June,4,4,0,1
C16609,2025,11,November,6,5,0,1
C16610,2024,7,July,1,1,1,0
C16610,2024,8,August,2,2,0,1
C16610,2024,9,September,3,3,0,1
C16610,2025,4,April,4,3,0,1
C16610,2025,5,May,5,4,0,1
C16610,2025,6,June,6,4,0,1
C16610,2025,7,July,7,5,0,1
C16610,2025,8,August,8,6,0,1
C16610,2025,12,December,9,7,0,1
C16611,2025,11,November,1,1,1,0
C16612,2024,10,October,1,1,1,0
C16612,2025,1,January,2,2,0,1
C16612,2025,9,September,3,3,0,1
C16613,2024,12,December,1,1,1,0
C16614,2024,8,August,1,1,1,0
C16614,2025,1,January,2,1,0,0
C16614,2025,5,May,3,3,0,1
C16614,2025,6,June,5,4,0,1
C16614,2025,9,September,6,5,0,1
C16614,2025,12,December,7,5,0,1
C16615,2024,10,October,1,1,1,0
C16615,2025,1,January,2,1,0,0
C16615,2025,5,May,3,2,0,1
C16616,2025,3,March,1,1,1,0
C16616,2025,4,April,2,2,0,1
C16617,2024,7,July,1,1,1,0
C16617,2024,11,November,2,2,0,1
C16617,2025,8,August,3,2,0,1
C16617,2025,12,December,4,3,0,1
C16618,2024,7,July,1,1,1,0
C16618,2025,2,February,2,2,0,1
C16618,2025,10,October,3,3,0,1
C16618,2025,11,November,4,4,0,1
C16619,2024,8,August,1,1,1,0
C16619,2024,9,September,2,2,0,1
C16619,2025,2,February,3,3,0,1
C16619,2025,9,September,4,4,0,1
C16620,2024,9,September,1,1,1,0
C16620,2024,10,October,2,1,0,0
C16620,2024,11,November,3,2,0,1
C16620,2025,5,May,4,4,0,1
C16621,2024,8,August,1,1,1,0
C16621,2024,10,October,2,2,0,1
C16621,2024,12,December,3,4,0,1
C16621,2025,5,May,5,4,0,1
C16621,2025,10,October,6,5,0,1
C16622,2024,9,September,1,1,1,0
C16622,2025,5,May,2,2,0,1
C16623,2024,9,September,1,1,1,0
C16623,2025,4,April,2,2,0,1
C16623,2025,11,November,3,3,0,1
C16624,2025,6,June,1,1,1,0
C16624,2025,10,October,2,2,0,1
C16625,2025,6,June,1,1,1,0
C16625,2025,8,August,3,2,0,1
C16626,2024,8,August,1,1,1,0
C16626,2025,4,April,2,2,0,1
C16626,2025,12,December,3,3,0,1
C16627,2024,9,September,1,1,1,0
C16627,2025,5,May,2,1,0,0
C16628,2024,11,November,1,2,0,1
C16628,2024,12,December,3,3,0,1
C16629,2024,7,July,1,1,1,0
C16629,2024,10,October,2,2,0,1
C16629,2025,1,January,3,3,0,1
C16629,2025,2,February,4,4,0,1
C16629,2025,5,May,5,4,0,1
C16629,2025,6,June,6,6,0,1
C16629,2025,10,October,8,7,0,1
C16629,2025,12,December,9,8,0,1
C16630,2024,11,November,1,1,1,0
C16630,2025,9,September,2,2,0,1
C16630,2025,10,October,4,3,0,1
C16632,2025,3,March,1,1,1,0
C16632,2025,4,April,2,3,0,1
C16633,2024,10,October,1,1,1,0
C16633,2024,12,December,2,2,0,1
C16633,2025,10,October,3,3,0,1
C16634,2024,9,September,1,1,1,0
C16634,2024,10,October,2,2,0,1
C16634,2024,11,November,3,2,0,1
C16634,2025,1,January,4,3,0,1
C16634,2025,7,July,5,4,0,1
C16634,2025,8,August,6,5,0,1
C16635,2024,8,August,1,0,1,0
C16635,2024,9,September,2,1,0,0
C16635,2024,10,October,3,2,0,1
C16635,2024,11,November,4,3,0,1
C16635,2025,6,June,5,3,0,1
C16635,2025,12,December,6,4,0,1
C16636,2024,12,December,1,0,1,0
C16636,2025,12,December,2,1,0,0
C16637,2025,5,May,1,1,1,0
C16637,2025,10,October,2,2,0,1
C16637,2025,12,December,3,3,0,1
C16638,2024,8,August,1,1,1,0
C16638,2024,9,September,2,1,0,0
C16638,2025,5,May,3,2,0,1
C16638,2025,10,October,4,3,0,1
C16638,2025,12,December,5,4,0,1
C16639,2024,9,September,1,1,1,0
C16639,2025,3,March,2,2,0,1
C16639,2025,5,May,3,3,0,1
C16640,2025,1,January,1,1,1,0
C16640,2025,8,August,2,2,0,1
C16641,2024,7,July,1,1,1,0
C16641,2024,8,August,2,2,0,1
C16641,2025,11,November,3,3,0,1
C16642,2024,7,July,1,0,1,0
C16642,2025,9,September,2,1,0,0
C16643,2024,8,August,1,1,1,0
C16643,2024,10,October,2,2,0,1
C16643,2025,2,February,3,3,0,1
C16643,2025,3,March,4,4,0,1
C16643,2025,5,May,5,5,0,1
C16643,2025,6,June,6,6,0,1
C16644,2024,7,July,1,1,1,0
C16644,2024,12,December,2,2,0,1
C16644,2025,1,January,3,4,0,1
C16644,2025,6,June,5,6,0,1
C16644,2025,8,August,7,7,0,1
C16644,2025,11,November,8,8,0,1
C16645,2024,10,October,1,0,1,0
C16645,2025,7,July,2,1,0,0
C16646,2025,1,January,1,0,1,0
C16646,2025,3,March,2,1,0,0
C16646,2025,7,July,3,2,0,1
C16646,2025,10,October,4,2,0,1
C16647,2025,9,September,1,1,1,0
C16647,2025,11,November,2,2,0,1
C16648,2024,8,August,1,1,1,0
C16648,2025,12,December,2,2,0,1
C16649,2024,12,December,1,2,0,1
C16649,2025,7,July,3,3,0,1
C16650,2024,7,July,1,0,1,0
C16650,2024,8,August,2,1,0,0
C16651,2025,7,July,1,1,1,0
C16651,2025,8,August,2,2,0,1
C16651,2025,12,December,3,3,0,1
C16652,2024,9,September,1,1,1,0
C16652,2025,12,December,2,2,0,1
C16653,2025,11,November,1,0,1,0
C16654,2024,10,October,1,1,1,0
C16654,2025,4,April,2,2,0,1
C16654,2025,6,June,3,3,0,1
C16655,2024,11,November,1,1,1,0
C16655,2024,12,December,2,2,0,1
C16655,2025,12,December,3,3,0,1
C16656,2024,8,August,1,1,1,0
C16656,2024,12,December,2,2,0,1
C16656,2025,2,February,3,3,0,1
C16656,2025,6,June,4,4,0,1
C16656,2025,8,August,5,5,0,1
C16656,2025,9,September,6,6,0,1
C16657,2024,11,November,1,1,1,0
C16657,2025,4,April,2,2,0,1
C16657,2025,7,July,3,3,0,1
C16657,2025,8,August,4,4,0,1
C16657,2025,9,September,6,5,0,1
C16657,2025,10,October,7,6,0,1
C16657,2025,12,December,8,8,0,1
C16658,2024,9,September,1,1,1,0
C16658,2025,6,June,2,2,0,1
C16658,2025,10,October,3,2,0,1
C16659,2025,4,April,1,1,1,0
C16659,2025,5,May,2,2,0,1
C16659,2025,10,October,3,3,0,1
C16660,2024,10,October,1,2,0,1
C16660,2024,12,December,3,3,0,1
C16660,2025,1,January,4,4,0,1
C16660,2025,7,July,5,5,0,1
C16660,2025,8,August,6,6,0,1
C16661,2024,11,November,1,1,1,0
C16661,2025,6,June,2,1,0,0
C16661,2025,8,August,4,2,0,1
C16662,2025,7,July,1,2,0,1
C16662,2025,9,September,3,3,0,1
C16662,2025,11,November,4,4,0,1
C16663,2024,7,July,1,1,1,0
C16663,2025,2,February,2,2,0,1
C16663,2025,6,June,3,3,0,1
C16663,2025,7,July,4,4,0,1
C16663,2025,10,October,5,5,0,1
C16664,2025,5,May,1,1,1,0
C16664,2025,8,August,2,2,0,1
C16664,2025,11,November,3,3,0,1
C16664,2025,12,December,4,4,0,1
C16665,2025,4,April,1,1,1,0
C16665,2025,9,September,2,2,0,1
C16666,2024,9,September,1,1,1,0
C16666,2024,10,October,2,2,0,1
C16666,2025,7,July,3,3,0,1
C16668,2024,8,August,1,0,1,0
C16668,2024,9,September,2,1,0,0
C16668,2024,10,October,3,2,0,1
C16668,2024,12,December,4,3,0,1
C16668,2025,1,January,5,4,0,1
C16668,2025,2,February,6,5,0,1
C16668,2025,3,March,7,6,0,1
C16668,2025,4,April,8,7,0,1
C16668,2025,7,July,9,7,0,1
C16668,2025,8,August,10,8,0,1
C16668,2025,10,October,11,8,0,1
C16669,2024,10,October,1,1,1,0
C16670,2024,7,July,1,1,1,0
C16670,2025,2,February,2,2,0,1
C16670,2025,11,November,3,2,0,1
C16670,2025,12,December,4,2,0,1
C16671,2024,9,September,1,1,1,0
C16671,2024,11,November,2,2,0,1
C16671,2025,1,January,3,3,0,1
C16672,2025,2,February,1,1,1,0
C16672,2025,7,July,2,2,0,1
C16672,2025,8,August,3,2,0,1
C16673,2024,10,October,1,1,1,0
C16673,2025,4,April,2,2,0,1
C16673,2025,7,July,3,3,0,1
C16674,2024,7,July,1,1,1,0
C16674,2025,4,April,2,2,0,1
C16674,2025,10,October,3,2,0,1
C16675,2024,11,November,1,1,1,0
C16675,2025,7,July,2,1,0,0
C16676,2024,11,November,1,1,1,0
C16677,2024,9,September,1,1,1,0
C16677,2024,11,November,2,2,0,1
C16677,2024,12,December,3,3,0,1
C16677,2025,3,March,4,5,0,1
C16677,2025,9,September,6,6,0,1
C16677,2025,10,October,7,7,0,1
C16677,2025,11,November,8,8,0,1
C16678,2024,10,October,1,2,0,1
C16678,2025,1,January,3,3,0,1
C16678,2025,2,February,4,4,0,1
C16678,2025,3,March,5,5,0,1
C16678,2025,4,April,7,6,0,1
C16678,2025,8,August,8,7,0,1
C16678,2025,12,December,9,8,0,1
C16679,2025,2,February,1,1,1,0
C16679,2025,5,May,2,2,0,1
C16679,2025,9,September,3,3,0,1
C16680,2025,3,March,1,1,1,0
C16682,2024,11,November,1,1,1,0
C16682,2024,12,December,2,5,0,1
C16682,2025,3,March,6,6,0,1
C16682,2025,4,April,7,7,0,1
C16682,2025,5,May,8,8,0,1
C16682,2025,7,July,9,9,0,1
C16683,2024,12,December,1,1,1,0
C16683,2025,8,August,2,2,0,1
C16684,2024,9,September,1,1,1,0
C16684,2024,10,October,2,2,0,1
C16684,2025,4,April,3,3,0,1
C16684,2025,10,October,4,4,0,1
C16685,2024,11,November,1,0,1,0
C16686,2024,7,July,1,1,1,0
C16686,2024,9,September,2,2,0,1
C16686,2024,10,October,3,3,0,1
C16687,2024,11,November,1,2,0,1
C16687,2025,3,March,3,3,0,1
C16687,2025,7,July,4,5,0,1
C16687,2025,9,September,6,6,0,1
C16687,2025,10,October,7,7,0,1
C16687,2025,12,December,8,8,0,1
C16688,2025,3,March,1,0,1,0
C16688,2025,12,December,2,1,0,0
C16689,2024,12,December,1,1,1,0
C16689,2025,3,March,2,2,0,1
C16689,2025,12,December,3,3,0,1
C16690,2024,9,September,1,2,0,1
C16690,2024,11,November,3,3,0,1
C16690,2025,6,June,4,4,0,1
C16690,2025,9,September,5,5,0,1
C16691,2024,7,July,1,1,1,0
C16691,2025,1,January,2,2,0,1
C16691,2025,3,March,3,3,0,1
C16691,2025,5,May,4,4,0,1
C16691,2025,7,July,5,5,0,1
C16691,2025,8,August,6,6,0,1
C16692,2024,7,July,1,1,1,0
C16693,2024,7,July,1,1,1,0
C16693,2024,11,November,2,1,0,0
C16693,2025,5,May,3,1,0,0
C16693,2025,8,August,4,1,0,0
C16693,2025,9,September,5,2,0,1
C16694,2024,7,July,1,0,1,0
C16694,2024,9,September,2,2,0,1
C16694,2025,2,February,4,3,0,1
C16694,2025,7,July,5,6,0,1
C16695,2024,7,July,1,3,0,1
C16695,2024,10,October,4,4,0,1
C16695,2024,12,December,5,6,0,1
C16695,2025,1,January,8,7,0,1
C16695,2025,5,May,9,7,0,1
C16695,2025,8,August,10,8,0,1
C16695,2025,9,September,11,9,0,1
C16696,2024,12,December,1,1,1,0
C16697,2025,1,January,1,2,0,1
C16698,2025,8,August,1,1,1,0
C16698,2025,11,November,2,2,0,1
C16699,2024,10,October,1,1,1,0
C16699,2025,3,March,2,2,0,1
C16699,2025,5,May,3,3,0,1
C16700,2024,7,July,1,1,1,0
C16700,2025,2,February,2,2,0,1
C16700,2025,6,June,3,3,0,1
C16701,2025,3,March,1,1,1,0
C16701,2025,7,July,2,2,0,1
C16701,2025,12,December,3,3,0,1
C16702,2024,8,August,1,0,1,0
C16702,2025,1,January,2,2,0,1
C16702,2025,4,April,4,3,0,1
C16702,2025,5,May,5,4,0,1
C16702,2025,7,July,6,5,0,1
C16702,2025,9,September,7,6,0,1
C16703,2024,10,October,1,0,1,0
C16703,2025,2,February,2,1,0,0
C16703,2025,4,April,3,1,0,0
C16703,2025,5,May,4,2,0,1
C16703,2025,6,June,5,3,0,1
C16703,2025,7,July,6,5,0,1
C16703,2025,8,August,8,6,0,1
C16703,2025,10,October,9,7,0,1
C16704,2024,7,July,1,1,1,0
C16704,2025,4,April,2,3,0,1
C16705,2025,1,January,1,1,1,0
C16705,2025,11,November,2,2,0,1
C16706,2024,9,September,1,1,1,0
C16706,2025,1,January,2,2,0,1
C16706,2025,4,April,3,3,0,1
C16706,2025,5,May,4,3,0,1
C16706,2025,6,June,5,4,0,1
C16707,2024,11,November,1,1,1,0
C16707,2025,3,March,2,3,0,1
C16707,2025,6,June,4,4,0,1
C16707,2025,12,December,5,5,0,1
C16708,2025,11,November,1,1,1,0
C16708,2025,12,December,2,1,0,0
C16709,2024,9,September,1,0,1,0
C16709,2024,12,December,3,1,0,0
C16710,2025,4,April,1,1,1,0
C16710,2025,6,June,2,2,0,1
C16710,2025,11,November,3,4,0,1
C16711,2025,6,June,1,1,1,0
C16711,2025,8,August,2,2,0,1
C16711,2025,11,November,3,3,0,1
C16712,2025,1,January,1,1,1,0
C16712,2025,5,May,2,3,0,1
C16712,2025,7,July,5,4,0,1
C16712,2025,8,August,6,5,0,1
C16712,2025,9,September,7,6,0,1
C16713,2025,6,June,1,1,1,0
C16714,2025,1,January,1,1,1,0
C16714,2025,5,May,2,1,0,0
C16715,2024,10,October,1,1,1,0
C16716,2024,10,October,1,1,1,0
C16716,2024,12,December,2,2,0,1
C16716,2025,8,August,3,3,0,1
C16717,2025,4,April,1,1,1,0
C16717,2025,6,June,2,2,0,1
C16717,2025,11,November,3,3,0,1
C16718,2024,10,October,1,1,1,0
C16718,2024,11,November,2,1,0,0
C16718,2025,4,April,3,1,0,0
C16718,2025,8,August,4,2,0,1
C16718,2025,11,November,5,2,0,1
C16720,2025,5,May,1,1,1,0
C16720,2025,6,June,2,1,0,0
C16721,2024,7,July,1,2,0,1
C16721,2025,1,January,3,3,0,1
C16721,2025,7,July,4,4,0,1
C16721,2025,11,November,5,5,0,1
C16721,2025,12,December,6,6,0,1
C16722,2024,10,October,1,1,1,0
C16722,2025,2,February,2,2,0,1
C16722,2025,3,March,3,3,0,1
C16722,2025,4,April,4,6,0,1
C16723,2024,8,August,1,1,1,0
C16723,2025,3,March,2,2,0,1
C16723,2025,4,April,3,3,0,1
C16723,2025,7,July,4,4,0,1
C16723,2025,10,October,5,5,0,1
C16724,2024,11,November,1,2,0,1
C16724,2024,12,December,3,2,0,1
C16724,2025,6,June,4,3,0,1
C16724,2025,7,July,5,3,0,1
C16724,2025,9,September,6,4,0,1
C16726,2024,12,December,1,0,1,0
C16727,2024,7,July,1,1,1,0
C16727,2024,8,August,2,2,0,1
C16727,2024,11,November,3,3,0,1
C16727,2024,12,December,4,4,0,1
C16727,2025,2,February,5,5,0,1
C16727,2025,4,April,6,6,0,1
C16728,2025,8,August,1,1,1,0
C16729,2024,8,August,1,1,1,0
C16730,2025,3,March,1,1,1,0
C16730,2025,10,October,2,2,0,1
C16730,2025,12,December,3,3,0,1
C16731,2024,8,August,1,0,1,0
C16731,2024,9,September,2,1,0,0
C16731,2024,12,December,3,3,0,1
C16731,2025,1,January,5,5,0,1
C16731,2025,4,April,7,6,0,1
C16731,2025,7,July,8,7,0,1
C16731,2025,8,August,9,9,0,1
C16731,2025,9,September,12,11,0,1
C16731,2025,10,October,14,12,0,1
C16732,2024,12,December,1,1,1,0
C16732,2025,2,February,2,2,0,1
C16732,2025,12,December,3,3,0,1
C16733,2024,11,November,1,1,1,0
C16733,2024,12,December,2,2,0,1
C16733,2025,2,February,3,3,0,1
C16733,2025,3,March,4,4,0,1
C16733,2025,5,May,5,5,0,1
C16734,2024,8,August,1,1,1,0
C16734,2025,9,September,2,1,0,0
C16735,2024,9,September,1,1,1,0
C16735,2025,1,January,2,2,0,1
C16736,2025,4,April,1,2,0,1
C16737,2024,9,September,1,1,1,0
C16737,2024,10,October,2,3,0,1
C16737,2025,6,June,4,4,0,1
C16737,2025,10,October,5,5,0,1
C16738,2024,8,August,1,1,1,0
C16738,2025,3,March,2,2,0,1
C16739,2025,6,June,1,1,1,0
C16740,2024,8,August,1,2,0,1
C16740,2024,12,December,3,4,0,1
C16740,2025,3,March,5,5,0,1
C16740,2025,9,September,6,6,0,1
C16740,2025,11,November,7,7,0,1
C16740,2025,12,December,8,8,0,1
C16741,2024,7,July,1,1,1,0
C16741,2025,3,March,2,2,0,1
C16741,2025,6,June,3,3,0,1
C16741,2025,7,July,4,4,0,1
C16742,2025,7,July,1,0,1,0
C16743,2024,8,August,1,1,1,0
C16743,2024,12,December,2,1,0,0
C16743,2025,1,January,3,1,0,0
C16743,2025,3,March,4,2,0,1
C16743,2025,4,April,5,3,0,1
C16743,2025,5,May,7,4,0,1
C16743,2025,9,September,8,5,0,1
C16743,2025,10,October,9,5,0,1
C16744,2025,4,April,1,1,1,0
C16744,2025,8,August,2,2,0,1
C16744,2025,9,September,3,3,0,1
C16744,2025,11,November,4,4,0,1
C16745,2024,8,August,1,1,1,0
C16745,2025,6,June,2,2,0,1
C16746,2024,8,August,1,1,1,0
C16746,2024,11,November,2,2,0,1
C16746,2025,1,January,3,3,0,1
C16746,2025,5,May,4,4,0,1
C16747,2025,2,February,1,1,1,0
C16747,2025,5,May,2,2,0,1
C16747,2025,7,July,3,3,0,1
C16747,2025,8,August,4,5,0,1
C16747,2025,11,November,6,5,0,1
C16747,2025,12,December,7,6,0,1
C16748,2024,9,September,1,1,1,0
C16748,2024,10,October,2,2,0,1
C16748,2024,11,November,3,4,0,1
C16748,2025,1,January,5,4,0,1
C16748,2025,2,February,6,5,0,1
C16748,2025,3,March,7,6,0,1
C16748,2025,5,May,8,7,0,1
C16748,2025,10,October,9,8,0,1
C16749,2024,9,September,1,0,1,0
C16749,2025,10,October,2,1,0,0
C16750,2024,7,July,1,1,1,0
C16750,2025,2,February,2,2,0,1
C16750,2025,10,October,3,3,0,1
C16752,2025,2,February,1,0,1,0
C16752,2025,5,May,2,1,0,0
C16753,2025,1,January,1,1,1,0
C16754,2024,9,September,1,1,1,0
C16754,2025,5,May,2,2,0,1
C16754,2025,7,July,3,2,0,1
C16754,2025,8,August,4,3,0,1
C16755,2025,10,October,1,1,1,0
C16756,2025,3,March,1,1,1,0
C16756,2025,9,September,2,2,0,1
C16756,2025,12,December,3,2,0,1
C16757,2024,7,July,1,1,1,0
C16757,2024,9,September,2,1,0,0
C16757,2025,1,January,3,2,0,1
C16757,2025,4,April,4,2,0,1
C16757,2025,6,June,5,3,0,1
C16757,2025,11,November,6,4,0,1
C16757,2025,12,December,7,5,0,1
C16758,2024,8,August,1,1,1,0
C16759,2024,10,October,1,1,1,0
C16759,2024,12,December,2,3,0,1
C16759,2025,4,April,4,4,0,1
C16759,2025,5,May,5,5,0,1
C16759,2025,9,September,6,5,0,1
C16759,2025,12,December,7,6,0,1
C16760,2024,8,August,1,1,1,0
C16760,2024,12,December,2,2,0,1
C16760,2025,3,March,3,3,0,1
C16760,2025,6,June,4,3,0,1
C16760,2025,7,July,5,4,0,1
C16760,2025,10,October,6,5,0,1
C16761,2025,1,January,1,1,1,0
C16761,2025,11,November,2,2,0,1
C16762,2025,2,February,1,1,1,0
C16762,2025,4,April,2,2,0,1
C16762,2025,9,September,3,3,0,1
C16762,2025,11,November,4,4,0,1
C16763,2024,7,July,1,1,1,0
C16763,2025,4,April,2,3,0,1
C16763,2025,5,May,4,3,0,1
C16763,2025,8,August,5,3,0,1
C16763,2025,10,October,6,3,0,1
C16764,2025,11,November,1,1,1,0
C16765,2025,4,April,1,1,1,0
C16765,2025,7,July,2,3,0,1
C16765,2025,10,October,4,4,0,1
C16765,2025,12,December,5,5,0,1
C16766,2024,7,July,1,1,1,0
C16766,2024,12,December,3,3,0,1
C16766,2025,1,January,5,4,0,1
C16766,2025,2,February,6,5,0,1
C16766,2025,4,April,7,6,0,1
C16766,2025,7,July,8,7,0,1
C16766,2025,8,August,9,9,0,1
C16766,2025,9,September,11,10,0,1
C16766,2025,11,November,12,11,0,1
C16767,2025,3,March,1,0,1,0
C16768,2024,12,December,1,0,1,0
C16768,2025,1,January,2,1,0,0
C16768,2025,11,November,3,2,0,1
C16769,2024,10,October,1,1,1,0
C16769,2024,12,December,2,2,0,1
C16769,2025,1,January,3,3,0,1
C16769,2025,2,February,4,4,0,1
C16769,2025,8,August,5,5,0,1
C16769,2025,10,October,6,6,0,1
C16769,2025,11,November,7,7,0,1
C16770,2025,7,July,1,1,1,0
C16770,2025,8,August,2,3,0,1
C16771,2024,7,July,1,1,1,0
C16771,2024,9,September,2,1,0,0
C16771,2025,2,February,3,1,0,0
C16771,2025,5,May,4,2,0,1
C16771,2025,8,August,5,2,0,1
C16771,2025,9,September,6,3,0,1
C16771,2025,10,October,7,4,0,1
C16772,2024,12,December,1,1,1,0
C16773,2024,8,August,1,1,1,0
C16773,2025,9,September,2,1,0,0
C16773,2025,10,October,3,3,0,1
C16774,2024,7,July,1,1,1,0
C16774,2024,9,September,2,3,0,1
C16775,2024,7,July,1,2,0,1
C16775,2024,12,December,3,4,0,1
C16775,2025,1,January,5,5,0,1
C16775,2025,2,February,6,6,0,1
C16776,2024,11,November,1,1,1,0
C16776,2025,1,January,2,2,0,1
C16776,2025,3,March,3,3,0,1
C16777,2024,9,September,1,0,1,0
C16777,2024,11,November,2,1,0,0
C16777,2025,4,April,3,1,0,0
C16777,2025,6,June,4,2,0,1
C16777,2025,7,July,5,3,0,1
C16777,2025,12,December,6,4,0,1
C16778,2025,8,August,1,1,1,0
C16778,2025,9,September,2,2,0,1
C16779,2024,10,October,1,2,0,1
C16779,2025,5,May,3,3,0,1
C16779,2025,11,November,4,4,0,1
C16779,2025,12,December,5,6,0,1
C16780,2024,8,August,1,0,1,0
C16781,2025,3,March,1,1,1,0
C16782,2024,7,July,1,2,0,1
C16782,2024,8,August,3,4,0,1
C16782,2024,10,October,5,5,0,1
C16782,2024,11,November,6,5,0,1
C16782,2024,12,December,7,5,0,1
C16782,2025,4,April,8,6,0,1
C16782,2025,9,September,9,7,0,1
C16782,2025,11,November,10,8,0,1
C16783,2024,8,August,1,1,1,0
C16783,2024,12,December,2,1,0,0
C16783,2025,4,April,3,2,0,1
C16783,2025,11,November,4,3,0,1
C16784,2025,2,February,1,0,1,0
C16784,2025,11,November,2,0,0,0
C16785,2024,8,August,1,1,1,0
C16785,2024,10,October,2,3,0,1
C16785,2025,2,February,4,4,0,1
C16785,2025,3,March,5,5,0,1
C16785,2025,7,July,6,5,0,1
C16785,2025,8,August,7,7,0,1
C16785,2025,10,October,9,8,0,1
C16786,2024,11,November,1,2,0,1
C16787,2024,7,July,1,0,1,0
C16787,2024,10,October,2,1,0,0
C16787,2025,2,February,3,2,0,1
C16787,2025,3,March,4,3,0,1
C16787,2025,12,December,5,4,0,1
C16788,2024,10,October,1,1,1,0
C16788,2025,5,May,2,1,0,0
C16789,2025,1,January,1,1,1,0
C16789,2025,3,March,2,2,0,1
C16789,2025,4,April,3,3,0,1
C16789,2025,6,June,4,4,0,1
C16789,2025,7,July,5,5,0,1
C16789,2025,9,September,6,6,0,1
C16789,2025,11,November,7,6,0,1
C16789,2025,12,December,8,7,0,1
C16790,2024,10,October,1,2,0,1
C16790,2025,2,February,3,3,0,1
C16791,2024,11,November,1,1,1,0
C16792,2024,7,July,1,1,1,0
C16792,2024,10,October,2,1,0,0
C16792,2025,7,July,3,2,0,1
C16793,2024,9,September,1,1,1,0
C16793,2024,10,October,2,3,0,1
C16793,2024,12,December,4,4,0,1
C16793,2025,10,October,5,5,0,1
C16794,2024,7,July,1,1,1,0
C16794,2024,8,August,2,2,0,1
C16794,2024,10,October,3,3,0,1
C16794,2024,11,November,5,4,0,1
C16794,2025,4,April,6,5,0,1
C16794,2025,6,June,7,6,0,1
C16794,2025,12,December,8,7,0,1
C16795,2024,8,August,1,1,1,0
C16795,2024,12,December,2,2,0,1
C16795,2025,2,February,3,3,0,1
C16795,2025,4,April,5,4,0,1
C16795,2025,6,June,6,4,0,1
C16795,2025,12,December,7,5,0,1
C16796,2024,10,October,1,1,1,0
C16796,2025,7,July,2,2,0,1
C16796,2025,9,September,3,3,0,1
C16797,2024,10,October,1,0,1,0
C16797,2025,4,April,2,0,0,0
C16798,2024,12,December,1,1,1,0
C16798,2025,3,March,2,2,0,1
C16798,2025,5,May,3,2,0,1
C16798,2025,11,November,4,3,0,1
C16799,2025,7,July,1,1,1,0
C16799,2025,12,December,3,2,0,1
C16801,2024,8,August,1,1,1,0
C16801,2024,10,October,2,1,0,0
C16801,2025,6,June,3,2,0,1
C16802,2024,7,July,1,1,1,0
C16802,2024,8,August,2,2,0,1
C16802,2024,9,September,3,3,0,1
C16802,2024,10,October,4,4,0,1
C16802,2024,11,November,5,4,0,1
C16802,2025,4,April,6,5,0,1
C16802,2025,8,August,7,5,0,1
C16802,2025,11,November,8,6,0,1
C16803,2025,5,May,1,1,1,0
C16803,2025,8,August,2,2,0,1
C16803,2025,11,November,3,3,0,1
C16803,2025,12,December,4,4,0,1
C16804,2025,1,January,1,1,1,0
C16804,2025,9,September,2,3,0,1
C16806,2024,7,July,1,1,1,0
C16806,2025,1,January,2,2,0,1
C16806,2025,6,June,3,3,0,1
C16807,2024,7,July,1,1,1,0
C16807,2024,12,December,2,2,0,1
C16807,2025,3,March,3,4,0,1
C16807,2025,4,April,5,5,0,1
C16807,2025,7,July,6,6,0,1
C16807,2025,10,October,7,8,0,1
C16808,2025,3,March,1,1,1,0
C16808,2025,10,October,2,1,0,0
C16808,2025,12,December,3,2,0,1
C16809,2024,9,September,1,1,1,0
C16809,2024,10,October,2,2,0,1
C16809,2025,5,May,3,2,0,1
C16810,2025,1,January,1,1,1,0
C16810,2025,5,May,2,2,0,1
C16811,2025,2,February,1,0,1,0
C16811,2025,4,April,2,0,0,0
C16811,2025,5,May,3,1,0,0
C16811,2025,6,June,4,3,0,1
C16811,2025,12,December,6,4,0,1
C16812,2024,12,December,1,1,1,0
C16812,2025,2,February,2,2,0,1
C16812,2025,7,July,3,2,0,1
C16812,2025,8,August,4,3,0,1
C16813,2024,8,August,1,1,1,0
C16813,2024,12,December,2,2,0,1
C16813,2025,5,May,3,3,0,1
C16814,2024,8,August,1,1,1,0
C16814,2025,2,February,2,2,0,1
C16814,2025,10,October,3,3,0,1
C16816,2025,1,January,1,1,1,0
C16816,2025,2,February,2,1,0,0
C16816,2025,4,April,3,3,0,1
C16816,2025,9,September,5,4,0,1
C16816,2025,11,November,6,5,0,1
C16817,2024,8,August,1,1,1,0
C16817,2024,9,September,2,2,0,1
C16817,2024,10,October,3,3,0,1
C16817,2024,12,December,4,5,0,1
C16817,2025,3,March,6,6,0,1
C16817,2025,6,June,7,7,0,1
C16817,2025,10,October,8,7,0,1
C16817,2025,11,November,9,8,0,1
C16818,2024,12,December,1,1,1,0
C16818,2025,1,January,2,1,0,0
C16818,2025,3,March,3,2,0,1
C16818,2025,8,August,4,2,0,1
C16818,2025,9,September,5,3,0,1
C16819,2025,7,July,1,1,1,0
C16820,2024,9,September,1,1,1,0
C16820,2024,10,October,2,2,0,1
C16820,2024,12,December,3,3,0,1
C16820,2025,4,April,4,4,0,1
C16820,2025,6,June,5,4,0,1
C16821,2024,12,December,1,1,1,0
C16821,2025,1,January,2,2,0,1
C16821,2025,4,April,3,3,0,1
C16821,2025,8,August,4,4,0,1
C16821,2025,12,December,5,5,0,1
C16822,2024,8,August,1,0,1,0
C16822,2024,10,October,2,1,0,0
C16822,2024,12,December,3,2,0,1
C16822,2025,4,April,4,3,0,1
C16823,2024,9,September,1,1,1,0
C16823,2025,1,January,2,2,0,1
C16824,2024,12,December,1,1,1,0
C16824,2025,1,January,2,2,0,1
C16824,2025,8,August,3,2,0,1
C16824,2025,11,November,4,3,0,1
C16824,2025,12,December,5,3,0,1
C16825,2025,1,January,1,1,1,0
C16826,2024,7,July,1,1,1,0
C16826,2024,9,September,2,2,0,1
C16826,2024,11,November,3,3,0,1
C16826,2025,4,April,4,3,0,1
C16826,2025,5,May,5,5,0,1
C16826,2025,7,July,7,6,0,1
C16826,2025,9,September,8,8,0,1
C16826,2025,11,November,11,9,0,1
C16827,2024,9,September,1,1,1,0
C16827,2025,4,April,2,1,0,0
C16828,2024,9,September,1,1,1,0
C16828,2024,10,October,2,2,0,1
C16828,2024,11,November,3,3,0,1
C16828,2025,1,January,4,4,0,1
C16828,2025,10,October,5,5,0,1
C16829,2024,8,August,1,1,1,0
C16829,2025,12,December,2,2,0,1
C16830,2024,11,November,1,1,1,0
C16830,2025,9,September,2,2,0,1
C16831,2024,9,September,1,1,1,0
C16831,2025,1,January,2,2,0,1
C16831,2025,7,July,3,4,0,1
C16831,2025,8,August,5,5,0,1
C16831,2025,9,September,7,6,0,1
C16832,2024,8,August,1,1,1,0
C16832,2024,9,September,2,2,0,1
C16832,2024,12,December,3,3,0,1
C16832,2025,2,February,4,4,0,1
C16832,2025,5,May,5,6,0,1
C16832,2025,8,August,8,6,0,1
C16832,2025,9,September,9,7,0,1
C16833,2024,9,September,1,1,1,0
C16833,2024,10,October,2,2,0,1
C16833,2024,12,December,3,3,0,1
C16833,2025,8,August,4,4,0,1
C16833,2025,9,September,5,5,0,1
C16833,2025,10,October,6,6,0,1
C16833,2025,11,November,7,7,0,1
C16833,2025,12,December,8,8,0,1
C16834,2025,1,January,1,1,1,0
C16834,2025,6,June,2,2,0,1
C16835,2024,7,July,1,1,1,0
C16835,2025,2,February,2,2,0,1
C16835,2025,5,May,3,3,0,1
C16835,2025,9,September,5,4,0,1
C16835,2025,10,October,6,4,0,1
C16835,2025,12,December,7,5,0,1
C16836,2024,9,September,1,1,1,0
C16836,2024,10,October,2,1,0,0
C16836,2025,1,January,4,2,0,1
C16836,2025,3,March,6,3,0,1
C16836,2025,11,November,7,4,0,1
C16836,2025,12,December,8,5,0,1
C16837,2024,9,September,1,0,1,0
C16837,2025,1,January,2,1,0,0
C16837,2025,3,March,3,2,0,1
C16837,2025,4,April,4,3,0,1
C16837,2025,5,May,5,5,0,1
C16837,2025,6,June,7,6,0,1
C16837,2025,9,September,8,8,0,1
C16838,2025,3,March,1,0,1,0
C16838,2025,5,May,3,1,0,0
C16838,2025,7,July,4,1,0,0
C16838,2025,8,August,5,2,0,1
C16839,2024,8,August,1,1,1,0
C16839,2025,1,January,2,2,0,1
C16839,2025,8,August,3,3,0,1
C16839,2025,10,October,4,3,0,1
C16839,2025,12,December,5,3,0,1
C16840,2025,1,January,1,1,1,0
C16841,2024,7,July,1,1,1,0
C16841,2024,10,October,2,2,0,1
C16841,2024,11,November,3,3,0,1
C16841,2025,1,January,4,4,0,1
C16841,2025,12,December,5,5,0,1
C16842,2024,8,August,1,0,1,0
C16842,2025,1,January,2,1,0,0
C16843,2024,7,July,1,3,0,1
C16843,2024,12,December,4,4,0,1
C16845,2024,8,August,1,1,1,0
C16845,2024,9,September,2,2,0,1
C16845,2024,10,October,3,3,0,1
C16845,2024,11,November,4,4,0,1
C16845,2025,1,January,6,5,0,1
C16847,2024,8,August,1,1,1,0
C16847,2025,10,October,2,1,0,0
C16848,2024,9,September,1,1,1,0
C16848,2025,2,February,2,2,0,1
C16848,2025,3,March,3,3,0,1
C16848,2025,8,August,4,4,0,1
C16848,2025,10,October,5,5,0,1
C16849,2024,12,December,1,1,1,0
C16849,2025,1,January,2,2,0,1
C16849,2025,4,April,3,3,0,1
C16849,2025,6,June,4,3,0,1
C16849,2025,7,July,5,5,0,1
C16849,2025,10,October,7,6,0,1
C16849,2025,11,November,8,7,0,1
C16849,2025,12,December,9,8,0,1
C16850,2024,10,October,1,1,1,0
C16850,2024,11,November,2,3,0,1
C16850,2025,1,January,4,4,0,1
C16850,2025,2,February,5,5,0,1
C16850,2025,5,May,6,5,0,1
C16850,2025,9,September,7,6,0,1
C16850,2025,10,October,8,7,0,1
C16851,2025,1,January,1,0,1,0
C16851,2025,2,February,2,2,0,1
C16851,2025,6,June,4,3,0,1
C16851,2025,11,November,5,4,0,1
C16851,2025,12,December,6,6,0,1
C16852,2024,9,September,1,0,1,0
C16852,2024,12,December,2,1,0,0
C16852,2025,1,January,3,1,0,0
C16853,2025,4,April,1,1,1,0
C16853,2025,5,May,2,2,0,1
C16854,2024,7,July,1,1,1,0
C16854,2024,10,October,2,2,0,1
C16854,2025,4,April,3,2,0,1
C16854,2025,6,June,4,3,0,1
C16854,2025,7,July,5,4,0,1
C16854,2025,8,August,6,5,0,1
C16854,2025,11,November,7,6,0,1
C16854,2025,12,December,8,7,0,1
C16855,2024,7,July,1,1,1,0
C16855,2024,9,September,2,2,0,1
C16855,2025,4,April,3,4,0,1
C16855,2025,6,June,6,7,0,1
C16857,2025,5,May,1,1,1,0
C16857,2025,6,June,2,2,0,1
C16857,2025,10,October,3,3,0,1
C16858,2024,7,July,1,1,1,0
C16858,2024,8,August,2,1,0,0
C16858,2024,10,October,3,2,0,1
C16858,2025,7,July,4,3,0,1
C16859,2025,3,March,1,1,1,0
C16860,2025,2,February,1,1,1,0
C16860,2025,4,April,2,1,0,0
C16860,2025,7,July,3,2,0,1
C16860,2025,9,September,4,3,0,1
C16860,2025,11,November,5,4,0,1
C16861,2025,7,July,1,1,1,0
C16861,2025,10,October,2,2,0,1
C16862,2025,3,March,1,1,1,0
C16862,2025,8,August,2,2,0,1
C16862,2025,11,November,4,5,0,1
C16863,2024,10,October,1,1,1,0
C16863,2025,3,March,2,3,0,1
C16863,2025,5,May,4,4,0,1
C16863,2025,7,July,5,5,0,1
C16863,2025,9,September,6,6,0,1
C16864,2025,4,April,1,0,1,0
C16865,2024,7,July,1,0,1,0
C16865,2025,10,October,2,1,0,0
C16865,2025,12,December,3,2,0,1
C16866,2024,12,December,1,1,1,0
C16866,2025,5,May,2,2,0,1
C16866,2025,11,November,3,2,0,1
C16867,2024,11,November,1,0,1,0
C16867,2025,11,November,2,1,0,0
C16868,2025,11,November,1,0,1,0
C16869,2024,10,October,1,1,1,0
C16869,2025,2,February,2,2,0,1
C16869,2025,3,March,3,3,0,1
C16870,2024,10,October,1,0,1,0
C16870,2024,12,December,2,1,0,0
C16871,2024,7,July,1,2,0,1
C16871,2024,8,August,4,3,0,1
C16871,2024,9,September,5,3,0,1
C16871,2024,12,December,6,4,0,1
C16871,2025,3,March,7,5,0,1
C16871,2025,5,May,10,6,0,1
C16871,2025,7,July,11,7,0,1
C16871,2025,8,August,12,8,0,1
C16871,2025,11,November,13,9,0,1
C16872,2024,12,December,1,2,0,1
C16872,2025,5,May,3,4,0,1
C16872,2025,7,July,5,5,0,1
C16874,2024,7,July,1,1,1,0
C16874,2024,8,August,2,2,0,1
C16874,2024,11,November,3,2,0,1
C16874,2025,1,January,4,5,0,1
C16874,2025,4,April,7,6,0,1
C16874,2025,5,May,8,7,0,1
C16874,2025,6,June,9,8,0,1
C16874,2025,9,September,11,11,0,1
C16874,2025,11,November,14,13,0,1
C16875,2024,12,December,1,3,0,1
C16875,2025,8,August,4,4,0,1
C16876,2024,9,September,1,1,1,0
C16876,2024,10,October,2,2,0,1
C16876,2025,3,March,3,3,0,1
C16876,2025,4,April,4,4,0,1
C16876,2025,6,June,5,5,0,1
C16876,2025,10,October,6,6,0,1
C16877,2024,8,August,1,1,1,0
C16877,2025,3,March,2,2,0,1
C16878,2024,7,July,1,0,1,0
C16878,2025,1,January,2,1,0,0
C16878,2025,10,October,3,2,0,1
C16879,2024,10,October,1,1,1,0
C16879,2025,6,June,2,2,0,1
C16879,2025,10,October,4,3,0,1
C16880,2024,9,September,1,2,0,1
C16880,2025,2,February,3,3,0,1
C16880,2025,3,March,4,5,0,1
C16880,2025,4,April,6,6,0,1
C16881,2024,10,October,1,0,1,0
C16881,2025,6,June,2,1,0,0
C16881,2025,8,August,3,2,0,1
C16881,2025,12,December,4,2,0,1
C16882,2024,11,November,1,1,1,0
C16882,2025,3,March,2,1,0,0
C16883,2025,1,January,1,1,1,0
C16883,2025,9,September,2,1,0,0
C16884,2024,9,September,1,1,1,0
C16884,2024,10,October,3,2,0,1
C16884,2025,2,February,4,3,0,1
C16884,2025,6,June,5,4,0,1
C16884,2025,8,August,6,5,0,1
C16884,2025,9,September,8,5,0,1
C16884,2025,10,October,9,5,0,1
C16885,2024,9,September,1,2,0,1
C16885,2025,3,March,3,4,0,1
C16885,2025,5,May,5,5,0,1
C16885,2025,10,October,6,6,0,1
C16885,2025,11,November,7,7,0,1
C16885,2025,12,December,9,8,0,1
C16886,2025,4,April,1,1,1,0
C16886,2025,7,July,2,2,0,1
C16886,2025,9,September,3,4,0,1
C16886,2025,11,November,5,5,0,1
C16887,2025,4,April,1,1,1,0
C16887,2025,9,September,2,2,0,1
C16888,2024,8,August,1,1,1,0
C16888,2024,9,September,2,1,0,0
C16888,2025,4,April,3,1,0,0
C16888,2025,6,June,4,2,0,1
C16888,2025,11,November,5,2,0,1
C16889,2024,10,October,1,1,1,0
C16889,2025,1,January,2,2,0,1
C16889,2025,3,March,3,3,0,1
C16889,2025,4,April,4,4,0,1
C16890,2025,1,January,1,1,1,0
C16890,2025,4,April,2,1,0,0
C16890,2025,5,May,3,2,0,1
C16890,2025,7,July,4,3,0,1
C16890,2025,10,October,5,4,0,1
C16891,2024,7,July,1,1,1,0
C16891,2025,5,May,2,2,0,1
C16892,2024,8,August,1,2,0,1
C16892,2025,9,September,3,3,0,1
C16893,2024,12,December,1,0,1,0
C16893,2025,2,February,2,0,0,0
C16893,2025,11,November,3,1,0,0
C16894,2024,9,September,1,0,1,0
C16894,2025,1,January,2,1,0,0
C16894,2025,7,July,3,2,0,1
C16894,2025,8,August,4,3,0,1
C16894,2025,10,October,5,4,0,1
C16895,2024,12,December,1,0,1,0
C16895,2025,2,February,2,2,0,1
C16895,2025,6,June,5,3,0,1
C16895,2025,7,July,6,3,0,1
C16895,2025,9,September,8,4,0,1
C16895,2025,10,October,9,5,0,1
C16895,2025,12,December,10,6,0,1
C16896,2024,9,September,1,1,1,0
C16896,2024,12,December,2,2,0,1
C16897,2024,8,August,1,1,1,0
C16897,2025,2,February,2,2,0,1
C16897,2025,4,April,3,3,0,1
C16897,2025,5,May,4,4,0,1
C16897,2025,8,August,5,5,0,1
C16898,2024,7,July,1,0,1,0
C16898,2024,12,December,2,1,0,0
C16898,2025,9,September,3,2,0,1
C16898,2025,10,October,4,3,0,1
C16898,2025,11,November,5,4,0,1
C16899,2024,7,July,1,1,1,0
C16899,2025,6,June,2,2,0,1
C16900,2024,8,August,1,1,1,0
C16900,2024,10,October,2,3,0,1
C16900,2025,5,May,4,4,0,1
C16900,2025,7,July,5,5,0,1
C16900,2025,8,August,6,5,0,1
C16900,2025,9,September,7,6,0,1
C16901,2024,7,July,1,3,0,1
C16901,2025,2,February,4,4,0,1
C16901,2025,3,March,5,5,0,1
C16901,2025,5,May,6,6,0,1
C16901,2025,8,August,7,6,0,1
C16901,2025,12,December,8,7,0,1
C16902,2024,11,November,1,1,1,0
C16902,2024,12,December,2,2,0,1
C16902,2025,1,January,3,2,0,1
C16902,2025,7,July,4,3,0,1
C16902,2025,9,September,5,3,0,1
C16903,2024,8,August,1,1,1,0
C16903,2025,4,April,2,3,0,1
C16903,2025,9,September,4,4,0,1
C16903,2025,11,November,5,5,0,1
C16904,2024,7,July,1,1,1,0
C16904,2024,10,October,2,2,0,1
C16905,2024,7,July,1,1,1,0
C16905,2024,11,November,2,1,0,0
C16905,2025,10,October,3,2,0,1
C16906,2024,9,September,1,1,1,0
C16906,2024,10,October,2,2,0,1
C16906,2025,3,March,3,3,0,1
C16906,2025,6,June,4,5,0,1
C16906,2025,7,July,6,6,0,1
C16906,2025,11,November,7,6,0,1
C16908,2025,9,September,1,0,1,0
C16909,2024,7,July,1,1,1,0
C16909,2024,11,November,2,2,0,1
C16909,2025,3,March,3,2,0,1
C16909,2025,4,April,4,3,0,1
C16910,2024,8,August,1,1,1,0
C16910,2025,4,April,2,1,0,0
C16911,2024,11,November,1,1,1,0
C16911,2025,1,January,2,2,0,1
C16911,2025,3,March,4,4,0,1
C16911,2025,7,July,6,5,0,1
C16911,2025,11,November,7,6,0,1
C16912,2024,10,October,1,1,1,0
C16912,2024,11,November,2,2,0,1
C16912,2025,1,January,3,3,0,1
C16912,2025,12,December,4,4,0,1
C16913,2025,3,March,1,0,1,0
C16913,2025,4,April,2,1,0,0
C16913,2025,7,July,3,2,0,1
C16913,2025,8,August,4,2,0,1
C16914,2024,9,September,1,1,1,0
C16914,2025,1,January,2,2,0,1
C16914,2025,4,April,3,3,0,1
C16914,2025,11,November,4,4,0,1
C16915,2024,8,August,1,1,1,0
C16916,2024,7,July,1,0,1,0
C16917,2024,7,July,1,1,1,0
C16917,2024,9,September,2,3,0,1
C16917,2024,10,October,4,4,0,1
C16917,2024,12,December,5,5,0,1
C16917,2025,1,January,6,6,0,1
C16917,2025,2,February,7,7,0,1
C16917,2025,4,April,8,8,0,1
C16917,2025,10,October,9,9,0,1
C16917,2025,11,November,10,10,0,1
C16918,2025,3,March,1,1,1,0
C16919,2025,4,April,1,1,1,0
C16919,2025,5,May,2,2,0,1
C16919,2025,9,September,3,2,0,1
C16919,2025,10,October,4,3,0,1
C16919,2025,12,December,5,4,0,1
C16920,2025,5,May,1,0,1,0
C16920,2025,7,July,2,1,0,0
C16921,2024,8,August,1,2,0,1
C16921,2024,9,September,3,3,0,1
C16922,2024,10,October,1,1,1,0
C16922,2024,11,November,2,2,0,1
C16922,2025,12,December,3,3,0,1
C16923,2024,8,August,1,2,0,1
C16923,2024,9,September,3,2,0,1
C16923,2025,4,April,4,3,0,1
C16923,2025,5,May,5,4,0,1
C16923,2025,7,July,6,5,0,1
C16923,2025,10,October,7,6,0,1
C16923,2025,12,December,8,8,0,1
C16924,2024,10,October,1,0,1,0
C16924,2025,7,July,2,1,0,0
C16925,2025,1,January,1,1,1,0
C16925,2025,5,May,2,2,0,1
C16926,2024,7,July,1,1,1,0
C16926,2024,9,September,2,2,0,1
C16926,2025,3,March,3,4,0,1
C16926,2025,6,June,5,5,0,1
C16926,2025,8,August,6,6,0,1
C16926,2025,9,September,8,7,0,1
C16926,2025,11,November,9,7,0,1
C16926,2025,12,December,10,9,0,1
C16927,2025,6,June,1,1,1,0
C16927,2025,8,August,2,2,0,1
C16928,2025,2,February,1,1,1,0
C16928,2025,4,April,2,2,0,1
C16928,2025,5,May,3,3,0,1
C16929,2024,10,October,1,1,1,0
C16930,2025,4,April,1,1,1,0
C16931,2024,10,October,1,1,1,0
C16931,2024,11,November,2,1,0,0
C16931,2025,4,April,3,2,0,1
C16931,2025,10,October,4,3,0,1
C16932,2025,3,March,1,1,1,0
C16932,2025,4,April,2,2,0,1
C16932,2025,10,October,3,3,0,1
C16932,2025,11,November,4,4,0,1
C16933,2024,8,August,1,1,1,0
C16933,2024,9,September,2,2,0,1
C16933,2025,5,May,3,3,0,1
C16933,2025,7,July,4,4,0,1
C16933,2025,12,December,5,5,0,1
C16934,2024,9,September,1,1,1,0
C16935,2025,6,June,1,1,1,0
C16936,2024,9,September,1,1,1,0
C16936,2025,2,February,2,2,0,1
C16937,2024,12,December,1,0,1,0
C16937,2025,1,January,2,1,0,0
C16937,2025,5,May,3,2,0,1
C16937,2025,6,June,4,3,0,1
C16937,2025,7,July,5,5,0,1
C16937,2025,8,August,7,6,0,1
C16937,2025,10,October,8,6,0,1
C16937,2025,12,December,9,8,0,1
C16938,2025,1,January,1,2,0,1
C16938,2025,3,March,3,3,0,1
C16938,2025,6,June,4,4,0,1
C16939,2024,10,October,1,1,1,0
C16939,2025,6,June,2,1,0,0
C16940,2024,11,November,1,1,1,0
C16940,2025,3,March,2,1,0,0
C16940,2025,12,December,3,2,0,1
C16941,2024,9,September,1,1,1,0
C16941,2024,10,October,2,3,0,1
C16941,2025,1,January,4,4,0,1
C16941,2025,11,November,5,5,0,1
C16942,2025,5,May,1,0,1,0
C16943,2025,1,January,1,1,1,0
C16943,2025,7,July,2,2,0,1
C16944,2024,9,September,1,1,1,0
C16944,2024,11,November,2,2,0,1
C16944,2024,12,December,3,3,0,1
C16944,2025,1,January,4,4,0,1
C16944,2025,3,March,6,6,0,1
C16944,2025,5,May,8,8,0,1
C16944,2025,6,June,10,9,0,1
C16944,2025,7,July,11,10,0,1
C16944,2025,9,September,12,11,0,1
C16945,2025,1,January,1,0,1,0
C16945,2025,2,February,2,1,0,0
C16945,2025,4,April,3,2,0,1
C16946,2024,10,October,1,1,1,0
C16946,2024,11,November,2,2,0,1
C16946,2025,4,April,3,3,0,1
C16947,2024,8,August,1,1,1,0
C16947,2025,6,June,2,2,0,1
C16947,2025,8,August,3,2,0,1
C16948,2024,7,July,1,0,1,0
C16948,2024,9,September,2,0,0,0
C16948,2025,4,April,3,1,0,0
C16948,2025,9,September,4,2,0,1
C16949,2024,9,September,1,1,1,0
C16949,2025,3,March,2,2,0,1
C16950,2024,7,July,1,1,1,0
C16950,2024,8,August,2,2,0,1
C16950,2025,3,March,3,2,0,1
C16950,2025,12,December,4,2,0,1
C16951,2024,11,November,1,1,1,0
C16951,2024,12,December,2,2,0,1
C16951,2025,1,January,3,3,0,1
C16951,2025,2,February,4,4,0,1
C16954,2024,9,September,1,1,1,0
C16954,2025,1,January,2,2,0,1
C16954,2025,2,February,3,3,0,1
C16954,2025,3,March,4,4,0,1
C16954,2025,9,September,5,5,0,1
C16954,2025,12,December,6,6,0,1
C16955,2024,9,September,1,1,1,0
C16955,2025,2,February,2,3,0,1
C16955,2025,3,March,4,4,0,1
C16955,2025,9,September,5,5,0,1
C16955,2025,11,November,6,5,0,1
C16956,2024,8,August,1,1,1,0
C16956,2024,9,September,2,3,0,1
C16956,2024,11,November,4,4,0,1
C16956,2024,12,December,5,5,0,1
C16956,2025,3,March,6,7,0,1
C16956,2025,5,May,8,8,0,1
C16956,2025,6,June,9,9,0,1
C16956,2025,12,December,10,9,0,1
C16957,2025,1,January,1,1,1,0
C16957,2025,3,March,2,2,0,1
C16957,2025,4,April,3,3,0,1
C16957,2025,9,September,4,5,0,1
C16957,2025,12,December,6,6,0,1
C16958,2025,4,April,1,1,1,0
C16959,2024,11,November,1,0,1,0
C16959,2025,4,April,2,0,0,0
C16960,2025,2,February,1,1,1,0
C16960,2025,6,June,3,2,0,1
C16960,2025,7,July,4,3,0,1
C16960,2025,11,November,5,5,0,1
C16962,2024,11,November,1,1,1,0
C16962,2025,1,January,2,2,0,1
C16962,2025,2,February,3,3,0,1
C16962,2025,3,March,4,4,0,1
C16962,2025,5,May,5,5,0,1
C16962,2025,6,June,6,5,0,1
C16962,2025,7,July,7,6,0,1
C16962,2025,10,October,8,9,0,1
C16963,2024,11,November,1,1,1,0
C16963,2025,1,January,3,2,0,1
C16963,2025,3,March,4,3,0,1
C16964,2024,9,September,1,1,1,0
C16964,2024,11,November,2,2,0,1
C16964,2025,1,January,3,3,0,1
C16964,2025,9,September,4,4,0,1
C16964,2025,12,December,5,5,0,1
C16965,2025,2,February,1,1,1,0
C16965,2025,3,March,2,2,0,1
C16965,2025,10,October,3,4,0,1
C16966,2024,10,October,1,1,1,0
C16966,2025,1,January,2,2,0,1
C16966,2025,11,November,3,3,0,1
C16967,2024,7,July,1,1,1,0
C16967,2024,9,September,2,2,0,1
C16967,2024,10,October,3,3,0,1
C16968,2024,7,July,1,1,1,0
C16968,2024,11,November,2,2,0,1
C16969,2025,7,July,1,1,1,0
C16969,2025,10,October,2,1,0,0
C16970,2024,10,October,1,1,1,0
C16970,2025,7,July,2,2,0,1
C16971,2024,7,July,1,1,1,0
C16971,2025,4,April,2,2,0,1
C16971,2025,6,June,3,2,0,1
C16971,2025,10,October,5,3,0,1
C16972,2024,10,October,1,1,1,0
C16972,2025,4,April,2,2,0,1
C16972,2025,10,October,3,2,0,1
C16973,2024,10,October,1,1,1,0
C16973,2024,11,November,2,2,0,1
C16973,2025,1,January,3,2,0,1
C16973,2025,2,February,4,3,0,1
C16973,2025,11,November,5,4,0,1
C16974,2024,10,October,1,1,1,0
C16974,2025,2,February,2,2,0,1
C16974,2025,4,April,3,3,0,1
C16974,2025,9,September,4,4,0,1
C16974,2025,12,December,5,5,0,1
C16976,2025,9,September,1,0,1,0
C16977,2024,9,September,1,1,1,0
C16977,2025,7,July,2,2,0,1
C16978,2024,8,August,1,0,1,0
C16978,2024,10,October,2,1,0,0
C16978,2025,4,April,3,2,0,1
C16978,2025,5,May,4,3,0,1
C16978,2025,6,June,5,4,0,1
C16978,2025,9,September,6,5,0,1
C16978,2025,12,December,7,6,0,1
C16979,2024,12,December,1,1,1,0
C16979,2025,5,May,2,2,0,1
C16980,2025,4,April,1,1,1,0
C16980,2025,5,May,2,1,0,0
C16980,2025,11,November,3,2,0,1
C16981,2024,9,September,1,1,1,0
C16981,2025,2,February,2,1,0,0
C16981,2025,4,April,3,2,0,1
C16981,2025,5,May,4,3,0,1
C16981,2025,7,July,5,3,0,1
C16981,2025,8,August,6,4,0,1
C16981,2025,9,September,7,5,0,1
C16982,2024,12,December,1,1,1,0
C16982,2025,10,October,3,2,0,1
C16982,2025,11,November,4,3,0,1
C16983,2024,11,November,1,1,1,0
C16983,2025,12,December,2,2,0,1
C16984,2024,11,November,1,1,1,0
C16984,2024,12,December,2,2,0,1
C16984,2025,2,February,3,3,0,1
C16984,2025,7,July,4,5,0,1
C16984,2025,8,August,6,6,0,1
C16985,2024,8,August,1,1,1,0
C16985,2024,9,September,2,2,0,1
C16985,2024,11,November,3,3,0,1
C16985,2025,1,January,4,4,0,1
C16985,2025,6,June,6,5,0,1
C16985,2025,7,July,7,6,0,1
C16985,2025,8,August,8,7,0,1
C16985,2025,11,November,9,8,0,1
C16985,2025,12,December,10,9,0,1
C16986,2025,3,March,1,1,1,0
C16987,2024,8,August,1,2,0,1
C16988,2024,8,August,1,1,1,0
C16988,2025,4,April,2,2,0,1
C16988,2025,11,November,3,3,0,1
C16989,2025,12,December,1,0,1,0
C16990,2024,11,November,1,1,1,0
C16990,2025,2,February,2,2,0,1
C16990,2025,4,April,3,3,0,1
C16990,2025,5,May,4,4,0,1
C16990,2025,6,June,5,5,0,1
C16990,2025,7,July,6,5,0,1
C16990,2025,12,December,7,7,0,1
C16991,2024,12,December,1,0,1,0
C16991,2025,2,February,2,1,0,0
C16992,2024,10,October,1,1,1,0
C16992,2025,3,March,2,2,0,1
C16993,2024,8,August,1,1,1,0
C16993,2024,9,September,2,1,0,0
C16993,2025,2,February,3,1,0,0
C16993,2025,5,May,4,2,0,1
C16993,2025,7,July,5,3,0,1
C16994,2024,7,July,1,1,1,0
C16994,2025,3,March,2,3,0,1
C16994,2025,8,August,4,4,0,1
C16996,2024,8,August,1,1,1,0
C16996,2024,11,November,2,2,0,1
C16996,2024,12,December,3,4,0,1
C16996,2025,1,January,5,7,0,1
C16996,2025,3,March,8,7,0,1
C16996,2025,4,April,9,7,0,1
C16996,2025,10,October,10,8,0,1
C16997,2025,7,July,1,0,1,0
C16997,2025,12,December,2,1,0,0
C16998,2025,1,January,1,1,1,0
C16998,2025,4,April,3,1,0,0
C16999,2024,8,August,1,1,1,0
C16999,2025,4,April,2,3,0,1
C16999,2025,7,July,4,4,0,1
C16999,2025,11,November,5,5,0,1
C17000,2024,10,October,1,0,1,0
C17000,2025,4,April,2,0,0,0
C17000,2025,10,October,3,1,0,0
C17001,2024,9,September,1,1,1,0
C17001,2024,10,October,3,2,0,1
C17001,2024,12,December,4,3,0,1
C17001,2025,5,May,5,4,0,1
C17001,2025,8,August,6,5,0,1
C17001,2025,9,September,7,6,0,1
C17001,2025,12,December,8,6,0,1
C17002,2024,8,August,1,2,0,1
C17002,2025,1,January,3,2,0,1
C17002,2025,12,December,4,3,0,1
C17003,2024,9,September,1,1,1,0
C17004,2024,11,November,1,1,1,0
C17004,2024,12,December,2,2,0,1
C17005,2024,12,December,1,0,1,0
C17005,2025,5,May,2,1,0,0
C17005,2025,6,June,4,2,0,1
C17005,2025,10,October,5,3,0,1
C17005,2025,11,November,6,4,0,1
C17005,2025,12,December,7,4,0,1
C17006,2025,3,March,1,1,1,0
C17006,2025,11,November,2,3,0,1
C17007,2024,9,September,1,1,1,0
C17007,2024,12,December,3,2,0,1
C17007,2025,6,June,4,3,0,1
C17007,2025,9,September,5,4,0,1
C17007,2025,10,October,6,5,0,1
C17007,2025,11,November,7,6,0,1
C17007,2025,12,December,8,8,0,1
C17008,2024,10,October,1,1,1,0
C17008,2025,2,February,2,2,0,1
C17009,2025,8,August,1,1,1,0
C17010,2024,9,September,1,1,1,0
C17011,2024,11,November,1,1,1,0
C17011,2025,2,February,2,4,0,1
C17011,2025,3,March,5,5,0,1
C17011,2025,6,June,6,6,0,1
C17011,2025,7,July,7,7,0,1
C17011,2025,8,August,8,8,0,1
C17011,2025,10,October,9,9,0,1
C17012,2024,7,July,1,1,1,0
C17012,2024,8,August,2,2,0,1
C17012,2024,9,September,3,3,0,1
C17012,2025,4,April,4,4,0,1
C17012,2025,6,June,5,4,0,1
C17012,2025,8,August,6,6,0,1
C17013,2025,5,May,1,1,1,0
C17013,2025,6,June,2,2,0,1
C17014,2024,11,November,1,1,1,0
C17014,2025,8,August,2,2,0,1
C17014,2025,9,September,3,2,0,1
C17014,2025,12,December,4,3,0,1
C17015,2024,10,October,1,1,1,0
C17015,2025,6,June,2,2,0,1
C17015,2025,7,July,3,3,0,1
C17015,2025,8,August,4,3,0,1
C17015,2025,10,October,5,4,0,1
C17015,2025,11,November,6,5,0,1
C17016,2024,8,August,1,1,1,0
C17018,2025,1,January,1,1,1,0
C17018,2025,2,February,2,2,0,1
C17018,2025,10,October,3,3,0,1
C17020,2024,7,July,1,1,1,0
C17020,2024,8,August,2,2,0,1
C17020,2024,9,September,3,3,0,1
C17020,2025,2,February,4,4,0,1
C17020,2025,5,May,5,5,0,1
C17020,2025,8,August,6,6,0,1
C17020,2025,11,November,7,6,0,1
C17021,2024,8,August,1,1,1,0
C17021,2024,10,October,2,2,0,1
C17021,2025,8,August,3,3,0,1
C17021,2025,9,September,4,4,0,1
C17022,2024,9,September,1,1,1,0
C17022,2025,8,August,2,2,0,1
C17022,2025,9,September,3,3,0,1
C17022,2025,12,December,4,4,0,1
C17023,2024,8,August,1,1,1,0
C17023,2024,11,November,2,1,0,0
C17023,2025,1,January,3,2,0,1
C17023,2025,11,November,4,3,0,1
C17023,2025,12,December,5,4,0,1
C17024,2024,10,October,1,1,1,0
C17024,2025,7,July,2,2,0,1
C17025,2024,9,September,1,0,1,0
C17025,2024,11,November,2,1,0,0
C17025,2025,9,September,3,2,0,1
C17026,2025,4,April,1,0,1,0
C17028,2025,7,July,1,1,1,0
C17029,2025,11,November,1,1,1,0
C17030,2024,11,November,1,1,1,0
C17030,2025,5,May,2,2,0,1
C17030,2025,7,July,3,3,0,1
C17030,2025,11,November,4,4,0,1
C17031,2024,7,July,1,0,1,0
C17031,2024,11,November,2,1,0,0
C17031,2024,12,December,3,2,0,1
C17031,2025,6,June,4,3,0,1
C17031,2025,7,July,6,4,0,1
C17031,2025,12,December,8,5,0,1
C17032,2024,12,December,1,1,1,0
C17032,2025,1,January,2,2,0,1
C17032,2025,4,April,3,3,0,1
C17033,2024,8,August,1,1,1,0
C17033,2025,4,April,2,2,0,1
C17033,2025,6,June,3,3,0,1
C17034,2024,8,August,1,1,1,0
C17034,2024,11,November,2,2,0,1
C17034,2025,11,November,3,3,0,1
C17035,2024,9,September,1,1,1,0
C17035,2025,3,March,2,2,0,1
C17035,2025,9,September,3,3,0,1
C17035,2025,12,December,4,4,0,1
C17036,2024,10,October,1,1,1,0
C17036,2024,11,November,2,2,0,1
C17036,2024,12,December,3,3,0,1
C17036,2025,4,April,4,4,0,1
C17036,2025,8,August,5,5,0,1
C17036,2025,12,December,6,6,0,1
C17037,2024,8,August,1,0,1,0
C17037,2025,4,April,2,1,0,0
C17039,2024,8,August,1,1,1,0
C17039,2025,4,April,2,2,0,1
C17040,2024,11,November,1,1,1,0
C17040,2025,8,August,2,2,0,1
C17040,2025,9,September,3,3,0,1
C17040,2025,11,November,4,3,0,1
C17041,2024,9,September,1,2,0,1
C17041,2024,11,November,3,3,0,1
C17041,2024,12,December,4,4,0,1
C17041,2025,3,March,5,5,0,1
C17041,2025,4,April,6,6,0,1
C17041,2025,6,June,7,7,0,1
C17041,2025,10,October,8,8,0,1
C17041,2025,12,December,9,8,0,1
C17042,2024,7,July,1,1,1,0
C17042,2024,8,August,2,3,0,1
C17042,2024,9,September,4,4,0,1
C17042,2024,12,December,5,5,0,1
C17042,2025,2,February,6,6,0,1
C17042,2025,4,April,7,6,0,1
C17042,2025,6,June,8,6,0,1
C17042,2025,7,July,9,7,0,1
C17042,2025,8,August,10,8,0,1
C17042,2025,10,October,11,9,0,1
C17042,2025,12,December,12,10,0,1
C17043,2024,8,August,1,1,1,0
C17043,2024,10,October,2,2,0,1
C17043,2025,2,February,3,3,0,1
C17044,2025,5,May,1,1,1,0
C17044,2025,6,June,2,1,0,0
C17044,2025,7,July,3,1,0,0
C17045,2024,7,July,1,1,1,0
C17045,2024,9,September,2,2,0,1
C17046,2024,7,July,1,1,1,0
C17046,2024,9,September,3,3,0,1
C17046,2024,10,October,5,4,0,1
C17046,2024,12,December,6,6,0,1
C17046,2025,5,May,8,7,0,1
C17046,2025,7,July,9,8,0,1
C17047,2024,9,September,1,1,1,0
C17047,2025,1,January,2,2,0,1
C17047,2025,3,March,3,3,0,1
C17047,2025,5,May,4,4,0,1
C17047,2025,6,June,5,5,0,1
C17047,2025,10,October,6,6,0,1
C17048,2024,8,August,1,0,1,0
C17048,2024,9,September,2,1,0,0
C17048,2024,12,December,3,1,0,0
C17048,2025,1,January,4,2,0,1
C17048,2025,2,February,5,3,0,1
C17048,2025,3,March,6,4,0,1
C17048,2025,5,May,7,5,0,1
C17048,2025,7,July,8,6,0,1
C17048,2025,10,October,9,6,0,1
C17048,2025,11,November,10,7,0,1
C17049,2024,8,August,1,1,1,0
C17049,2025,4,April,2,2,0,1
C17049,2025,7,July,3,3,0,1
C17049,2025,11,November,4,4,0,1
C17050,2025,7,July,1,1,1,0
C17050,2025,11,November,2,2,0,1
C17051,2024,7,July,1,1,1,0
C17051,2024,8,August,2,2,0,1
C17051,2024,11,November,3,3,0,1
C17051,2025,1,January,4,4,0,1
C17051,2025,2,February,5,5,0,1
C17051,2025,4,April,7,6,0,1
C17051,2025,6,June,8,7,0,1
C17051,2025,7,July,9,8,0,1
C17051,2025,9,September,10,9,0,1
C17051,2025,10,October,11,10,0,1
C17052,2024,12,December,1,1,1,0
C17052,2025,3,March,2,2,0,1
C17053,2024,8,August,1,1,1,0
C17053,2024,11,November,2,2,0,1
C17053,2025,6,June,3,3,0,1
C17053,2025,11,November,4,4,0,1
C17054,2024,8,August,1,1,1,0
C17054,2025,3,March,2,2,0,1
C17054,2025,11,November,3,3,0,1
C17054,2025,12,December,4,4,0,1
C17055,2024,8,August,1,1,1,0
C17055,2025,1,January,2,3,0,1
C17055,2025,6,June,4,4,0,1
C17057,2025,1,January,1,1,1,0
C17057,2025,3,March,2,1,0,0
C17057,2025,11,November,3,2,0,1
C17058,2025,4,April,1,1,1,0
C17059,2025,3,March,1,1,1,0
C17059,2025,12,December,2,2,0,1
C17060,2024,9,September,1,1,1,0
C17060,2024,10,October,2,2,0,1
C17060,2024,12,December,3,3,0,1
C17060,2025,2,February,4,4,0,1
C17060,2025,3,March,5,5,0,1
C17061,2024,10,October,1,0,1,0
C17061,2025,1,January,2,1,0,0
C17062,2024,10,October,1,1,1,0
C17062,2025,9,September,2,2,0,1
C17063,2025,3,March,1,0,1,0
C17064,2024,9,September,1,1,1,0
C17064,2024,12,December,2,2,0,1
C17064,2025,2,February,3,3,0,1
C17064,2025,3,March,4,4,0,1
C17066,2025,7,July,1,1,1,0
C17066,2025,10,October,2,1,0,0
C17067,2024,7,July,1,1,1,0
C17067,2024,10,October,2,1,0,0
C17067,2025,3,March,3,1,0,0
C17067,2025,8,August,4,1,0,0
C17067,2025,11,November,5,3,0,1
C17067,2025,12,December,7,3,0,1
C17068,2024,7,July,1,0,1,0
C17068,2025,9,September,2,1,0,0
C17068,2025,11,November,3,2,0,1
C17069,2025,4,April,1,1,1,0
C17069,2025,11,November,2,1,0,0
C17069,2025,12,December,3,2,0,1
C17070,2024,8,August,1,1,1,0
C17070,2025,7,July,2,2,0,1
C17072,2024,10,October,1,0,1,0
C17072,2025,8,August,2,1,0,0
C17073,2024,8,August,1,1,1,0
C17073,2024,12,December,2,2,0,1
C17074,2025,6,June,1,1,1,0
C17075,2025,4,April,1,1,1,0
C17075,2025,6,June,2,2,0,1
C17075,2025,7,July,3,3,0,1
C17076,2024,8,August,1,1,1,0
C17076,2025,6,June,2,2,0,1
C17076,2025,11,November,3,2,0,1
C17078,2024,11,November,1,1,1,0
C17078,2025,8,August,2,2,0,1
C17078,2025,11,November,3,3,0,1
C17078,2025,12,December,4,3,0,1
C17079,2024,8,August,1,1,1,0
C17079,2024,11,November,2,2,0,1
C17079,2025,2,February,4,3,0,1
C17079,2025,4,April,5,4,0,1
C17079,2025,5,May,6,5,0,1
C17079,2025,8,August,7,5,0,1
C17079,2025,9,September,8,7,0,1
C17079,2025,10,October,10,8,0,1
C17080,2024,12,December,1,1,1,0
C17081,2024,10,October,1,0,1,0
C17081,2025,1,January,2,1,0,0
C17081,2025,6,June,3,2,0,1
C17081,2025,10,October,4,3,0,1
C17082,2024,7,July,1,0,1,0
C17082,2024,11,November,2,1,0,0
C17082,2025,2,February,3,2,0,1
C17082,2025,5,May,4,3,0,1
C17082,2025,8,August,5,3,0,1
C17083,2024,7,July,1,1,1,0
C17083,2024,8,August,2,2,0,1
C17083,2024,9,September,3,3,0,1
C17083,2024,11,November,4,4,0,1
C17083,2025,1,January,5,5,0,1
C17083,2025,9,September,6,6,0,1
C17083,2025,10,October,7,7,0,1
C17083,2025,11,November,8,8,0,1
C17083,2025,12,December,9,9,0,1
C17084,2024,7,July,1,0,1,0
C17084,2025,4,April,2,1,0,0
C17084,2025,6,June,3,2,0,1
C17084,2025,12,December,4,3,0,1
C17085,2024,8,August,1,0,1,0
C17085,2024,10,October,2,1,0,0
C17085,2025,1,January,3,2,0,1
C17085,2025,3,March,4,3,0,1
C17085,2025,4,April,5,4,0,1
C17085,2025,6,June,6,5,0,1
C17085,2025,9,September,7,5,0,1
C17085,2025,12,December,8,6,0,1
C17086,2024,7,July,1,1,1,0
C17086,2024,9,September,2,3,0,1
C17086,2024,10,October,4,4,0,1
C17086,2024,12,December,5,5,0,1
C17086,2025,2,February,6,6,0,1
C17086,2025,12,December,7,7,0,1
C17087,2024,11,November,1,1,1,0
C17087,2025,2,February,3,3,0,1
C17087,2025,3,March,5,3,0,1
C17087,2025,5,May,6,4,0,1
C17087,2025,11,November,7,5,0,1
C17087,2025,12,December,9,5,0,1
C17088,2024,9,September,1,1,1,0
C17088,2025,11,November,2,2,0,1
C17089,2024,7,July,1,1,1,0
C17089,2025,9,September,2,2,0,1
C17090,2024,10,October,1,1,1,0
C17090,2024,12,December,2,2,0,1
C17090,2025,4,April,3,3,0,1
C17091,2024,8,August,1,1,1,0
C17091,2024,9,September,2,2,0,1
C17091,2024,11,November,3,3,0,1
C17091,2025,2,February,4,4,0,1
C17091,2025,3,March,5,6,0,1
C17091,2025,9,September,7,7,0,1
C17092,2024,7,July,1,1,1,0
C17092,2024,8,August,2,2,0,1
C17092,2024,9,September,3,3,0,1
C17092,2024,10,October,4,4,0,1
C17092,2025,2,February,5,5,0,1
C17092,2025,3,March,6,5,0,1
C17092,2025,8,August,7,6,0,1
C17092,2025,9,September,8,6,0,1
C17092,2025,10,October,9,7,0,1
C17092,2025,11,November,11,8,0,1
C17092,2025,12,December,12,9,0,1
C17093,2024,7,July,1,3,0,1
C17093,2024,8,August,4,4,0,1
C17093,2024,12,December,6,5,0,1
C17093,2025,2,February,7,6,0,1
C17093,2025,8,August,8,7,0,1
C17093,2025,10,October,10,8,0,1
C17094,2025,5,May,1,2,0,1
C17094,2025,9,September,3,3,0,1
C17094,2025,11,November,4,5,0,1
C17094,2025,12,December,6,6,0,1
C17095,2024,9,September,1,1,1,0
C17095,2025,2,February,2,2,0,1
C17095,2025,4,April,3,3,0,1
C17095,2025,5,May,4,4,0,1
C17095,2025,6,June,5,5,0,1
C17096,2024,9,September,1,0,1,0
C17096,2024,11,November,2,1,0,0
C17096,2025,2,February,3,2,0,1
C17097,2024,10,October,1,2,0,1
C17097,2025,4,April,3,3,0,1
C17097,2025,7,July,4,4,0,1
C17097,2025,12,December,5,4,0,1
C17098,2025,8,August,1,0,1,0
C17099,2024,7,July,1,1,1,0
C17099,2024,11,November,2,2,0,1
C17099,2025,6,June,3,2,0,1
C17100,2024,10,October,1,1,1,0
C17100,2024,12,December,2,1,0,0
C17100,2025,6,June,3,2,0,1
C17101,2024,12,December,1,1,1,0
C17102,2024,7,July,1,1,1,0
C17102,2024,10,October,3,2,0,1
C17102,2025,1,January,4,4,0,1
C17102,2025,4,April,6,5,0,1
C17102,2025,7,July,7,6,0,1
C17102,2025,8,August,8,7,0,1
C17102,2025,10,October,9,9,0,1
C17103,2024,7,July,1,1,1,0
C17104,2024,9,September,1,1,1,0
C17104,2025,4,April,2,2,0,1
C17104,2025,7,July,3,3,0,1
C17105,2025,2,February,1,0,1,0
C17105,2025,5,May,2,1,0,0
C17105,2025,11,November,3,2,0,1
C17106,2024,12,December,1,1,1,0
C17106,2025,1,January,2,2,0,1
C17106,2025,2,February,3,2,0,1
C17107,2024,7,July,1,1,1,0
C17107,2024,10,October,2,2,0,1
C17107,2025,2,February,3,3,0,1
C17108,2025,5,May,1,0,1,0
C17108,2025,11,November,2,0,0,0
C17109,2025,1,January,1,1,1,0
C17109,2025,5,May,2,2,0,1
C17109,2025,11,November,3,3,0,1
C17110,2025,8,August,1,1,1,0
C17111,2025,9,September,1,1,1,0
C17112,2024,9,September,1,2,0,1
C17112,2024,11,November,3,3,0,1
C17112,2025,3,March,4,4,0,1
C17112,2025,11,November,5,6,0,1
C17113,2024,8,August,1,1,1,0
C17113,2024,12,December,2,2,0,1
C17113,2025,3,March,3,3,0,1
C17114,2025,2,February,1,1,1,0
C17114,2025,4,April,2,2,0,1
C17115,2025,1,January,1,0,1,0
C17115,2025,10,October,2,1,0,0
C17115,2025,12,December,3,2,0,1
C17116,2025,8,August,1,1,1,0
C17116,2025,10,October,2,2,0,1
C17117,2024,7,July,1,0,1,0
C17117,2024,12,December,2,0,0,0
C17117,2025,6,June,3,1,0,0
C17117,2025,11,November,4,2,0,1
C17118,2024,10,October,1,1,1,0
C17118,2025,4,April,2,2,0,1
C17119,2024,10,October,1,1,1,0
C17119,2024,11,November,2,2,0,1
C17119,2024,12,December,3,3,0,1
C17119,2025,6,June,4,4,0,1
C17119,2025,7,July,5,6,0,1
C17119,2025,9,September,7,7,0,1
C17119,2025,11,November,8,8,0,1
C17119,2025,12,December,9,9,0,1
C17120,2025,4,April,1,1,1,0
C17120,2025,5,May,2,1,0,0
C17121,2024,12,December,1,1,1,0
C17121,2025,4,April,2,2,0,1
C17121,2025,7,July,4,3,0,1
C17121,2025,10,October,5,3,0,1
C17123,2025,2,February,1,0,1,0
C17124,2024,11,November,1,1,1,0
C17125,2024,7,July,1,0,1,0
C17125,2025,3,March,2,1,0,0
C17126,2024,8,August,1,0,1,0
C17126,2024,10,October,2,1,0,0
C17126,2025,9,September,3,2,0,1
C17126,2025,10,October,4,5,0,1
C17127,2024,10,October,1,1,1,0
C17128,2024,9,September,1,0,1,0
C17128,2024,10,October,2,1,0,0
C17128,2025,5,May,3,2,0,1
C17128,2025,12,December,4,3,0,1
C17129,2025,6,June,1,1,1,0
C17129,2025,8,August,2,2,0,1
C17129,2025,11,November,3,3,0,1
C17130,2025,3,March,1,1,1,0
C17130,2025,5,May,2,2,0,1
C17130,2025,7,July,3,3,0,1
C17130,2025,8,August,4,4,0,1
C17131,2024,10,October,1,1,1,0
C17131,2025,1,January,2,2,0,1
C17131,2025,11,November,3,3,0,1
C17132,2024,7,July,1,1,1,0
C17132,2024,10,October,2,2,0,1
C17132,2024,11,November,3,3,0,1
C17132,2025,1,January,4,3,0,1
C17132,2025,2,February,5,4,0,1
C17132,2025,9,September,6,5,0,1
C17133,2024,7,July,1,1,1,0
C17133,2024,10,October,2,2,0,1
C17133,2024,11,November,3,3,0,1
C17133,2025,11,November,4,4,0,1
C17134,2024,7,July,1,0,1,0
C17134,2024,12,December,2,1,0,0
C17134,2025,9,September,3,2,0,1
C17135,2024,7,July,1,1,1,0
C17135,2024,8,August,2,2,0,1
C17135,2024,10,October,3,3,0,1
C17135,2025,6,June,4,4,0,1
C17135,2025,12,December,5,5,0,1
C17136,2025,9,September,1,1,1,0
C17137,2025,6,June,1,2,0,1
C17137,2025,12,December,3,3,0,1
C17138,2024,9,September,1,1,1,0
C17138,2025,3,March,2,2,0,1
C17139,2024,7,July,1,1,1,0
C17139,2024,9,September,2,2,0,1
C17139,2025,2,February,3,3,0,1
C17139,2025,8,August,4,4,0,1
C17139,2025,12,December,5,6,0,1
C17140,2024,9,September,1,1,1,0
C17140,2025,3,March,2,3,0,1
C17140,2025,4,April,4,4,0,1
C17140,2025,5,May,5,6,0,1
C17140,2025,7,July,7,6,0,1
C17141,2024,7,July,1,1,1,0
C17141,2024,11,November,2,2,0,1
C17141,2024,12,December,3,3,0,1
C17141,2025,1,January,4,4,0,1
C17141,2025,2,February,5,4,0,1
C17141,2025,7,July,6,5,0,1
C17141,2025,8,August,7,6,0,1
C17141,2025,10,October,9,7,0,1
C17142,2025,3,March,1,0,1,0
C17143,2024,9,September,1,2,0,1
C17144,2024,9,September,1,0,1,0
C17144,2025,1,January,2,1,0,0
C17144,2025,2,February,3,3,0,1
C17145,2024,8,August,1,1,1,0
C17145,2025,7,July,2,2,0,1
C17145,2025,11,November,3,3,0,1
C17145,2025,12,December,4,3,0,1
C17146,2024,10,October,1,1,1,0
C17146,2024,11,November,2,2,0,1
C17146,2025,5,May,3,3,0,1
C17146,2025,6,June,4,3,0,1
C17147,2024,10,October,1,1,1,0
C17147,2025,2,February,2,2,0,1
C17148,2025,2,February,1,1,1,0
C17148,2025,5,May,2,2,0,1
C17148,2025,8,August,3,3,0,1
C17148,2025,9,September,4,4,0,1
C17148,2025,11,November,5,6,0,1
C17148,2025,12,December,7,8,0,1
C17149,2024,7,July,1,1,1,0
C17149,2025,2,February,2,2,0,1
C17150,2024,9,September,1,2,0,1
C17150,2025,1,January,3,2,0,1
C17150,2025,2,February,4,3,0,1
C17150,2025,3,March,5,4,0,1
C17150,2025,6,June,6,5,0,1
C17150,2025,7,July,7,5,0,1
C17151,2024,10,October,1,1,1,0
C17151,2024,11,November,2,2,0,1
C17151,2025,7,July,3,2,0,1
C17152,2024,7,July,1,1,1,0
C17152,2024,8,August,2,1,0,0
C17152,2024,10,October,3,2,0,1
C17153,2024,9,September,1,1,1,0
C17154,2025,1,January,1,1,1,0
C17154,2025,4,April,2,3,0,1
C17155,2025,8,August,1,1,1,0
C17155,2025,9,September,2,1,0,0
C17155,2025,10,October,3,2,0,1
C17156,2024,9,September,1,1,1,0
C17156,2024,11,November,2,2,0,1
C17157,2024,7,July,1,1,1,0
C17157,2024,9,September,2,2,0,1
C17157,2024,10,October,3,3,0,1
C17157,2025,4,April,4,5,0,1
C17157,2025,6,June,7,6,0,1
C17157,2025,9,September,8,7,0,1
C17157,2025,12,December,10,8,0,1
C17158,2025,2,February,1,1,1,0
C17158,2025,3,March,2,1,0,0
C17159,2024,7,July,1,1,1,0
C17159,2024,11,November,2,2,0,1
C17159,2025,1,January,3,2,0,1
C17159,2025,5,May,4,3,0,1
C17159,2025,10,October,5,4,0,1
C17160,2025,3,March,1,1,1,0
C17160,2025,4,April,2,2,0,1
C17160,2025,6,June,3,3,0,1
C17160,2025,7,July,4,4,0,1
C17162,2025,10,October,1,1,1,0
C17162,2025,11,November,2,1,0,0
C17163,2024,9,September,1,1,1,0
C17163,2024,11,November,2,2,0,1
C17163,2025,1,January,3,3,0,1
C17163,2025,2,February,4,4,0,1
C17163,2025,3,March,5,5,0,1
C17163,2025,7,July,6,6,0,1
C17163,2025,8,August,7,6,0,1
C17163,2025,9,September,8,7,0,1
C17163,2025,11,November,9,8,0,1
C17163,2025,12,December,10,9,0,1
C17164,2024,7,July,1,1,1,0
C17164,2024,11,November,2,2,0,1
C17164,2025,8,August,3,3,0,1
C17164,2025,11,November,4,3,0,1
C17165,2024,9,September,1,1,1,0
C17166,2024,7,July,1,1,1,0
C17166,2024,8,August,2,2,0,1
C17166,2024,9,September,3,2,0,1
C17166,2024,12,December,4,2,0,1
C17166,2025,1,January,5,3,0,1
C17166,2025,2,February,6,3,0,1
C17166,2025,9,September,7,4,0,1
C17166,2025,10,October,8,5,0,1
C17167,2024,9,September,1,1,1,0
C17167,2024,11,November,2,1,0,0
C17167,2025,2,February,3,1,0,0
C17167,2025,7,July,4,2,0,1
C17167,2025,8,August,5,2,0,1
C17167,2025,12,December,6,3,0,1
C17168,2025,5,May,1,1,1,0
C17168,2025,10,October,2,2,0,1
C17169,2024,11,November,1,1,1,0
C17169,2025,1,January,2,2,0,1
C17169,2025,6,June,3,3,0,1
C17169,2025,11,November,4,4,0,1
C17169,2025,12,December,5,5,0,1
C17170,2024,7,July,1,1,1,0
C17170,2025,3,March,2,2,0,1
C17170,2025,10,October,3,2,0,1
C17171,2025,3,March,1,1,1,0
C17171,2025,4,April,2,2,0,1
C17171,2025,8,August,3,3,0,1
C17172,2025,7,July,1,1,1,0
C17172,2025,11,November,2,2,0,1
C17173,2025,2,February,1,1,1,0
C17173,2025,4,April,2,2,0,1
C17173,2025,7,July,3,3,0,1
C17174,2025,1,January,1,1,1,0
C17174,2025,9,September,2,2,0,1
C17175,2024,10,October,1,1,1,0
C17175,2024,11,November,2,2,0,1
C17175,2025,1,January,3,3,0,1
C17175,2025,2,February,4,4,0,1
C17175,2025,3,March,5,5,0,1
C17175,2025,4,April,6,6,0,1
C17176,2024,9,September,1,1,1,0
C17176,2025,3,March,2,1,0,0
C17176,2025,4,April,3,2,0,1
C17176,2025,8,August,4,3,0,1
C17176,2025,10,October,5,4,0,1
C17177,2024,12,December,1,0,1,0
C17177,2025,4,April,2,1,0,0
C17178,2024,8,August,1,2,0,1
C17178,2024,12,December,3,4,0,1
C17178,2025,3,March,5,5,0,1
C17178,2025,4,April,6,6,0,1
C17178,2025,10,October,7,6,0,1
C17178,2025,11,November,8,7,0,1
C17179,2024,7,July,1,1,1,0
C17179,2024,12,December,2,2,0,1
C17179,2025,2,February,4,3,0,1
C17179,2025,3,March,5,4,0,1
C17179,2025,4,April,6,5,0,1
C17179,2025,5,May,7,6,0,1
C17179,2025,11,November,8,9,0,1
C17180,2024,7,July,1,1,1,0
C17180,2025,2,February,2,2,0,1
C17180,2025,9,September,3,3,0,1
C17181,2024,9,September,1,1,1,0
C17181,2024,11,November,2,2,0,1
C17181,2025,6,June,3,3,0,1
C17182,2024,9,September,1,1,1,0
C17182,2024,10,October,2,2,0,1
C17182,2024,11,November,3,3,0,1
C17182,2025,3,March,4,5,0,1
C17182,2025,5,May,6,6,0,1
C17182,2025,6,June,7,8,0,1
C17182,2025,9,September,9,9,0,1
C17183,2024,11,November,1,1,1,0
C17183,2025,1,January,2,1,0,0
C17184,2024,10,October,1,1,1,0
C17184,2025,3,March,2,2,0,1
C17184,2025,12,December,3,3,0,1
C17185,2025,4,April,1,1,1,0
C17185,2025,8,August,2,2,0,1
C17186,2024,8,August,1,1,1,0
C17186,2024,9,September,2,2,0,1
C17186,2024,10,October,3,3,0,1
C17186,2024,11,November,4,4,0,1
C17186,2025,1,January,5,7,0,1
C17186,2025,3,March,8,8,0,1
C17186,2025,6,June,9,9,0,1
C17186,2025,7,July,10,10,0,1
C17186,2025,9,September,11,11,0,1
C17186,2025,11,November,12,13,0,1
C17187,2024,8,August,1,1,1,0
C17187,2025,2,February,2,2,0,1
C17187,2025,6,June,3,3,0,1
C17187,2025,12,December,4,4,0,1
C17188,2025,3,March,1,0,1,0
C17188,2025,8,August,2,1,0,0
C17189,2024,9,September,1,1,1,0
C17189,2025,1,January,2,2,0,1
C17189,2025,6,June,3,4,0,1
C17190,2025,11,November,1,0,1,0
C17191,2024,7,July,1,1,1,0
C17191,2025,1,January,2,3,0,1
C17191,2025,2,February,4,4,0,1
C17191,2025,3,March,5,5,0,1
C17191,2025,5,May,6,6,0,1
C17191,2025,9,September,8,7,0,1
C17192,2024,7,July,1,1,1,0
C17192,2024,12,December,2,2,0,1
C17192,2025,1,January,5,3,0,1
C17192,2025,7,July,6,4,0,1
C17192,2025,8,August,7,4,0,1
C17193,2024,8,August,1,0,1,0
C17193,2024,9,September,2,0,0,0
C17193,2025,2,February,3,2,0,1
C17193,2025,4,April,5,3,0,1
C17193,2025,5,May,6,4,0,1
C17193,2025,7,July,7,5,0,1
C17193,2025,8,August,8,6,0,1
C17194,2024,7,July,1,1,1,0
C17194,2024,10,October,2,2,0,1
C17194,2024,11,November,3,3,0,1
C17194,2025,4,April,5,4,0,1
C17194,2025,6,June,6,5,0,1
C17194,2025,8,August,7,6,0,1
C17194,2025,9,September,8,7,0,1
C17194,2025,10,October,10,8,0,1
C17194,2025,11,November,12,8,0,1
C17194,2025,12,December,13,9,0,1
C17195,2024,10,October,1,1,1,0
C17195,2024,11,November,2,2,0,1
C17195,2025,12,December,3,3,0,1
C17196,2024,7,July,1,1,1,0
C17196,2024,9,September,2,2,0,1
C17196,2024,11,November,3,3,0,1
C17196,2025,4,April,4,4,0,1
C17196,2025,5,May,5,5,0,1
C17196,2025,9,September,6,6,0,1
C17197,2024,9,September,1,1,1,0
C17197,2025,5,May,2,2,0,1
C17197,2025,9,September,3,2,0,1
C17197,2025,11,November,4,2,0,1
C17198,2025,3,March,1,1,1,0
C17199,2024,7,July,1,2,0,1
C17199,2024,10,October,3,3,0,1
C17199,2025,1,January,4,4,0,1
C17199,2025,2,February,5,4,0,1
C17199,2025,4,April,6,5,0,1
C17199,2025,7,July,7,6,0,1
C17199,2025,10,October,8,6,0,1
C17199,2025,11,November,9,7,0,1
C17200,2025,4,April,1,0,1,0
C17200,2025,6,June,2,0,0,0
C17200,2025,7,July,3,3,0,1
C17200,2025,12,December,7,4,0,1
C17201,2024,8,August,1,2,0,1
C17201,2024,9,September,3,3,0,1
C17201,2024,11,November,4,4,0,1
C17201,2025,1,January,5,5,0,1
C17201,2025,3,March,6,5,0,1
C17201,2025,5,May,7,6,0,1
C17201,2025,6,June,8,7,0,1
C17201,2025,7,July,9,8,0,1
C17201,2025,10,October,10,9,0,1
C17201,2025,12,December,11,10,0,1
C17202,2024,12,December,1,1,1,0
C17202,2025,10,October,3,2,0,1
C17202,2025,12,December,4,3,0,1
C17203,2024,10,October,1,1,1,0
C17203,2024,12,December,2,2,0,1
C17203,2025,7,July,3,2,0,1
C17203,2025,9,September,4,3,0,1
C17203,2025,10,October,5,4,0,1
C17204,2024,10,October,1,1,1,0
C17204,2025,6,June,2,2,0,1
C17204,2025,8,August,3,3,0,1
C17204,2025,10,October,4,3,0,1
C17205,2025,2,February,1,1,1,0
C17205,2025,3,March,2,1,0,0
C17205,2025,9,September,3,2,0,1
C17206,2024,11,November,1,1,1,0
C17206,2024,12,December,2,1,0,0
C17207,2024,7,July,1,1,1,0
C17207,2025,2,February,2,2,0,1
C17207,2025,11,November,3,3,0,1
C17208,2024,10,October,1,1,1,0
C17209,2025,2,February,1,1,1,0
C17209,2025,6,June,3,1,0,0
C17210,2025,2,February,1,1,1,0
C17210,2025,4,April,2,2,0,1
C17210,2025,5,May,3,3,0,1
C17210,2025,7,July,4,4,0,1
C17210,2025,11,November,5,5,0,1
C17211,2024,11,November,1,0,1,0
C17211,2025,11,November,2,0,0,0
C17212,2024,10,October,1,0,1,0
C17212,2025,9,September,2,1,0,0
C17213,2024,10,October,1,1,1,0
C17213,2024,12,December,2,2,0,1
C17213,2025,3,March,3,3,0,1
C17213,2025,5,May,4,4,0,1
C17213,2025,10,October,5,5,0,1
C17214,2024,9,September,1,1,1,0
C17214,2025,4,April,2,2,0,1
C17214,2025,5,May,3,3,0,1
C17214,2025,8,August,4,4,0,1
C17214,2025,12,December,5,5,0,1
C17215,2025,4,April,1,1,1,0
C17215,2025,5,May,2,2,0,1
C17215,2025,11,November,3,2,0,1
C17216,2024,10,October,1,1,1,0
C17216,2024,11,November,2,2,0,1
C17217,2025,7,July,1,1,1,0
C17217,2025,8,August,2,1,0,0
C17218,2024,11,November,1,1,1,0
C17218,2025,1,January,2,2,0,1
C17218,2025,5,May,3,4,0,1
C17218,2025,6,June,5,5,0,1
C17218,2025,10,October,6,5,0,1
C17219,2024,7,July,1,1,1,0
C17219,2024,10,October,2,2,0,1
C17219,2025,3,March,3,5,0,1
C17219,2025,4,April,6,6,0,1
C17219,2025,5,May,7,7,0,1
C17219,2025,9,September,8,8,0,1
C17220,2024,9,September,1,0,1,0
C17220,2024,10,October,2,1,0,0
C17220,2024,11,November,3,3,0,1
C17220,2024,12,December,5,4,0,1
C17220,2025,1,January,6,5,0,1
C17220,2025,2,February,7,6,0,1
C17220,2025,3,March,8,7,0,1
C17220,2025,12,December,9,8,0,1
C17221,2024,7,July,1,0,1,0
C17221,2025,1,January,2,1,0,0
C17221,2025,7,July,3,2,0,1
C17222,2024,11,November,1,1,1,0
C17222,2025,11,November,2,2,0,1
C17223,2024,9,September,1,1,1,0
C17223,2024,10,October,2,2,0,1
C17223,2025,1,January,3,3,0,1
C17223,2025,8,August,4,4,0,1
C17223,2025,12,December,5,4,0,1
C17224,2025,2,February,1,1,1,0
C17224,2025,7,July,2,2,0,1
C17225,2025,1,January,1,1,1,0
C17225,2025,10,October,2,2,0,1
C17225,2025,12,December,3,3,0,1
C17226,2024,7,July,1,0,1,0
C17226,2024,8,August,2,1,0,0
C17226,2024,10,October,3,2,0,1
C17226,2025,12,December,4,3,0,1
C17227,2024,8,August,1,1,1,0
C17227,2024,11,November,2,2,0,1
C17228,2025,1,January,1,1,1,0
C17228,2025,8,August,2,2,0,1
C17228,2025,10,October,3,3,0,1
C17229,2024,10,October,1,1,1,0
C17229,2025,6,June,2,2,0,1
C17229,2025,7,July,3,3,0,1
C17229,2025,10,October,4,6,0,1
C17229,2025,12,December,7,6,0,1
C17230,2025,4,April,1,1,1,0
C17231,2024,9,September,1,1,1,0
C17231,2025,2,February,2,2,0,1
C17232,2025,5,May,1,1,1,0
C17232,2025,10,October,2,2,0,1
C17233,2024,7,July,1,1,1,0
C17233,2024,9,September,2,2,0,1
C17233,2025,3,March,3,3,0,1
C17233,2025,8,August,4,4,0,1
C17233,2025,10,October,5,5,0,1
C17233,2025,12,December,6,6,0,1
C17234,2025,8,August,1,0,1,0
C17235,2024,10,October,1,1,1,0
C17235,2024,12,December,2,2,0,1
C17235,2025,2,February,3,3,0,1
C17235,2025,8,August,4,4,0,1
C17236,2024,8,August,1,1,1,0
C17236,2025,2,February,2,2,0,1
C17237,2024,7,July,1,1,1,0
C17237,2024,10,October,2,2,0,1
C17237,2025,7,July,3,3,0,1
C17237,2025,9,September,4,4,0,1
C17237,2025,10,October,5,5,0,1
C17238,2024,9,September,1,1,1,0
C17238,2024,11,November,2,2,0,1
C17238,2024,12,December,3,3,0,1
C17238,2025,1,January,4,4,0,1
C17238,2025,5,May,6,5,0,1
C17238,2025,8,August,7,5,0,1
C17239,2024,7,July,1,1,1,0
C17239,2024,10,October,2,2,0,1
C17239,2025,1,January,3,3,0,1
C17239,2025,3,March,4,4,0,1
C17239,2025,6,June,5,5,0,1
C17239,2025,11,November,6,5,0,1
C17240,2024,8,August,1,0,1,0
C17240,2025,9,September,2,2,0,1
C17240,2025,11,November,4,3,0,1
C17240,2025,12,December,5,4,0,1
C17241,2025,9,September,1,1,1,0
C17242,2024,8,August,1,1,1,0
C17242,2024,12,December,2,2,0,1
C17243,2024,9,September,1,0,1,0
C17243,2024,10,October,2,1,0,0
C17243,2025,5,May,3,2,0,1
C17243,2025,6,June,4,4,0,1
C17243,2025,8,August,6,5,0,1
C17243,2025,9,September,7,6,0,1
C17243,2025,12,December,8,6,0,1
C17244,2024,10,October,1,1,1,0
C17244,2024,11,November,2,2,0,1
C17244,2025,3,March,3,5,0,1
C17244,2025,6,June,6,6,0,1
C17244,2025,9,September,7,7,0,1
C17244,2025,10,October,8,8,0,1
C17245,2024,8,August,1,1,1,0
C17245,2025,7,July,2,2,0,1
C17246,2024,8,August,1,1,1,0
C17246,2024,9,September,2,2,0,1
C17246,2025,2,February,3,3,0,1
C17247,2024,11,November,1,0,1,0
C17248,2024,10,October,1,1,1,0
C17248,2024,11,November,2,1,0,0
C17248,2025,4,April,3,1,0,0
C17248,2025,11,November,4,2,0,1
C17249,2024,9,September,1,2,0,1
C17249,2025,7,July,3,3,0,1
C17250,2025,3,March,1,0,1,0
C17250,2025,4,April,2,1,0,0
C17250,2025,8,August,3,1,0,0
C17250,2025,11,November,4,2,0,1
C17251,2024,9,September,1,0,1,0
C17251,2024,10,October,2,0,0,0
C17251,2025,1,January,3,1,0,0
C17251,2025,5,May,4,2,0,1
C17251,2025,6,June,5,3,0,1
C17251,2025,8,August,6,4,0,1
C17251,2025,9,September,7,5,0,1
C17251,2025,11,November,8,6,0,1
C17252,2024,8,August,1,1,1,0
C17252,2024,10,October,2,2,0,1
C17252,2025,7,July,3,3,0,1
C17253,2024,9,September,1,1,1,0
C17253,2025,4,April,3,2,0,1
C17253,2025,7,July,4,3,0,1
C17253,2025,9,September,5,4,0,1
C17253,2025,12,December,6,5,0,1
C17254,2024,7,July,1,1,1,0
C17254,2024,12,December,2,2,0,1
C17254,2025,5,May,3,4,0,1
C17254,2025,6,June,5,4,0,1
C17255,2025,3,March,1,0,1,0
C17255,2025,5,May,2,1,0,0
C17256,2025,1,January,1,1,1,0
C17256,2025,5,May,2,2,0,1
C17256,2025,7,July,3,4,0,1
C17256,2025,12,December,5,5,0,1
C17257,2025,3,March,1,1,1,0
C17257,2025,12,December,2,2,0,1
C17258,2024,7,July,1,1,1,0
C17258,2025,2,February,2,2,0,1
C17258,2025,7,July,3,4,0,1
C17258,2025,8,August,5,5,0,1
C17258,2025,11,November,6,6,0,1
C17259,2024,7,July,1,1,1,0
C17259,2025,2,February,2,2,0,1
C17259,2025,4,April,3,2,0,1
C17259,2025,5,May,4,3,0,1
C17260,2025,4,April,1,1,1,0
C17260,2025,6,June,2,2,0,1
C17260,2025,11,November,3,3,0,1
C17261,2024,9,September,1,1,1,0
C17261,2025,7,July,2,1,0,0
C17262,2025,3,March,1,1,1,0
C17262,2025,6,June,2,3,0,1
C17262,2025,8,August,4,3,0,1
C17262,2025,9,September,5,4,0,1
C17263,2025,4,April,1,1,1,0
C17264,2024,7,July,1,1,1,0
C17264,2024,8,August,3,2,0,1
C17264,2025,6,June,4,2,0,1
C17264,2025,7,July,5,3,0,1
C17264,2025,8,August,6,4,0,1
C17264,2025,12,December,7,4,0,1
C17265,2024,11,November,1,1,1,0
C17265,2024,12,December,2,2,0,1
C17265,2025,11,November,3,3,0,1
C17266,2025,1,January,1,1,1,0
C17266,2025,4,April,2,2,0,1
C17267,2024,7,July,1,1,1,0
C17267,2025,1,January,2,2,0,1
C17267,2025,9,September,3,2,0,1
C17267,2025,10,October,4,3,0,1
C17268,2024,8,August,1,1,1,0
C17268,2024,9,September,2,2,0,1
C17269,2024,10,October,1,1,1,0
C17269,2024,11,November,2,2,0,1
C17269,2025,1,January,3,2,0,1
C17269,2025,3,March,4,3,0,1
C17269,2025,7,July,6,4,0,1
C17269,2025,9,September,7,4,0,1
C17269,2025,11,November,8,5,0,1
C17270,2025,11,November,1,1,1,0
C17270,2025,12,December,2,2,0,1
C17271,2024,9,September,1,1,1,0
C17271,2024,10,October,2,2,0,1
C17271,2024,12,December,3,3,0,1
C17271,2025,3,March,4,4,0,1
C17271,2025,4,April,5,6,0,1
C17271,2025,6,June,7,7,0,1
C17271,2025,7,July,8,9,0,1
C17271,2025,11,November,10,10,0,1
C17272,2025,1,January,1,1,1,0
C17272,2025,3,March,2,1,0,0
C17272,2025,7,July,3,2,0,1
C17273,2024,10,October,1,0,1,0
C17273,2025,1,January,2,1,0,0
C17273,2025,8,August,4,1,0,0
C17273,2025,11,November,5,2,0,1
C17274,2025,4,April,1,1,1,0
C17274,2025,12,December,2,2,0,1
C17275,2024,9,September,1,1,1,0
C17275,2025,3,March,2,2,0,1
C17275,2025,4,April,3,3,0,1
C17275,2025,6,June,4,4,0,1
C17275,2025,8,August,5,5,0,1
C17276,2025,6,June,1,1,1,0
C17276,2025,9,September,2,2,0,1
C17276,2025,11,November,3,3,0,1
C17277,2025,12,December,1,1,1,0
C17278,2025,5,May,1,1,1,0
C17278,2025,8,August,2,1,0,0
C17278,2025,10,October,3,2,0,1
C17278,2025,12,December,4,3,0,1
C17279,2024,8,August,1,1,1,0
C17279,2024,10,October,2,1,0,0
C17279,2024,12,December,4,3,0,1
C17279,2025,3,March,6,4,0,1
C17279,2025,5,May,7,5,0,1
C17279,2025,7,July,8,6,0,1
C17279,2025,10,October,9,7,0,1
C17279,2025,12,December,10,8,0,1
C17280,2024,9,September,1,1,1,0
C17280,2025,12,December,2,2,0,1
C17281,2025,1,January,1,1,1,0
C17281,2025,6,June,2,2,0,1
C17282,2025,6,June,1,1,1,0
C17285,2025,1,January,1,1,1,0
C17285,2025,3,March,2,2,0,1
C17285,2025,9,September,3,3,0,1
C17285,2025,10,October,4,4,0,1
C17286,2024,8,August,1,1,1,0
C17286,2024,12,December,3,1,0,0
C17286,2025,6,June,4,2,0,1
C17286,2025,10,October,5,3,0,1
C17287,2024,11,November,1,1,1,0
C17287,2024,12,December,2,2,0,1
C17288,2024,10,October,1,1,1,0
C17288,2024,12,December,2,2,0,1
C17288,2025,4,April,3,3,0,1
C17289,2024,10,October,1,1,1,0
C17289,2025,5,May,2,2,0,1
C17289,2025,9,September,3,4,0,1
C17289,2025,11,November,6,5,0,1
C17290,2024,8,August,1,1,1,0
C17290,2024,11,November,2,1,0,0
C17290,2025,3,March,3,2,0,1
C17290,2025,7,July,4,2,0,1
C17290,2025,8,August,5,3,0,1
C17290,2025,12,December,6,5,0,1
C17291,2024,8,August,1,2,0,1
C17291,2025,8,August,3,3,0,1
C17292,2025,8,August,1,1,1,0
C17292,2025,11,November,2,2,0,1
C17292,2025,12,December,3,3,0,1
C17293,2024,12,December,1,0,1,0
C17294,2025,4,April,1,1,1,0
C17294,2025,5,May,2,3,0,1
C17294,2025,9,September,4,4,0,1
C17295,2024,10,October,1,1,1,0
C17295,2025,1,January,2,2,0,1
C17295,2025,3,March,3,3,0,1
C17295,2025,7,July,4,4,0,1
C17295,2025,11,November,5,5,0,1
C17296,2025,10,October,1,1,1,0
C17296,2025,11,November,2,2,0,1
C17297,2024,7,July,1,1,1,0
C17297,2025,1,January,2,2,0,1
C17297,2025,3,March,3,3,0,1
C17297,2025,6,June,4,5,0,1
C17297,2025,9,September,6,6,0,1
C17298,2025,2,February,1,0,1,0
C17298,2025,7,July,2,1,0,0
C17298,2025,9,September,3,2,0,1
C17299,2025,6,June,1,2,0,1
C17299,2025,8,August,3,3,0,1
C17299,2025,11,November,4,4,0,1
C17299,2025,12,December,5,5,0,1
C17300,2024,8,August,1,1,1,0
C17300,2024,10,October,2,1,0,0
C17300,2024,12,December,3,2,0,1
C17300,2025,6,June,4,3,0,1
C17300,2025,7,July,5,4,0,1
C17301,2025,9,September,1,1,1,0
C17302,2024,7,July,1,0,1,0
C17302,2025,3,March,2,0,0,0
C17302,2025,6,June,3,1,0,0
C17302,2025,8,August,4,2,0,1
C17302,2025,11,November,5,3,0,1
C17303,2024,8,August,1,1,1,0
C17303,2025,8,August,2,2,0,1
C17304,2024,10,October,1,1,1,0
C17304,2024,12,December,3,2,0,1
C17304,2025,6,June,4,2,0,1
C17304,2025,11,November,5,3,0,1
C17305,2025,6,June,1,1,1,0
C17305,2025,9,September,2,1,0,0
C17306,2024,12,December,1,2,0,1
C17306,2025,3,March,3,3,0,1
C17307,2024,8,August,1,1,1,0
C17307,2024,10,October,2,1,0,0
C17307,2025,1,January,3,2,0,1
C17307,2025,2,February,4,3,0,1
C17307,2025,4,April,5,4,0,1
C17307,2025,5,May,6,5,0,1
C17307,2025,6,June,7,6,0,1
C17307,2025,7,July,8,7,0,1
C17307,2025,9,September,9,8,0,1
C17308,2025,12,December,1,1,1,0
C17309,2025,5,May,1,1,1,0
C17309,2025,6,June,2,2,0,1
C17309,2025,9,September,3,3,0,1
C17309,2025,10,October,4,5,0,1
C17310,2024,7,July,1,0,1,0
C17310,2024,10,October,2,1,0,0
C17310,2025,4,April,3,2,0,1
C17310,2025,8,August,5,3,0,1
C17310,2025,11,November,7,4,0,1
C17310,2025,12,December,8,5,0,1
C17311,2024,9,September,1,0,1,0
C17311,2024,12,December,2,0,0,0
C17311,2025,1,January,3,1,0,0
C17311,2025,4,April,4,2,0,1
C17311,2025,8,August,5,2,0,1
C17311,2025,10,October,6,3,0,1
C17311,2025,11,November,7,4,0,1
C17312,2024,8,August,1,1,1,0
C17312,2024,9,September,2,2,0,1
C17312,2025,5,May,3,3,0,1
C17312,2025,10,October,4,3,0,1
C17312,2025,11,November,5,3,0,1
C17313,2025,7,July,1,0,1,0
C17313,2025,9,September,2,1,0,0
C17313,2025,10,October,3,2,0,1
C17313,2025,11,November,4,3,0,1
C17314,2024,7,July,1,2,0,1
C17314,2025,8,August,3,3,0,1
C17314,2025,9,September,4,4,0,1
C17315,2024,7,July,1,1,1,0
C17315,2025,5,May,2,2,0,1
C17316,2025,5,May,1,1,1,0
C17316,2025,6,June,2,2,0,1
C17317,2024,12,December,1,1,1,0
C17318,2024,8,August,1,1,1,0
C17318,2024,10,October,2,2,0,1
C17318,2025,1,January,3,3,0,1
C17318,2025,3,March,4,4,0,1
C17319,2025,4,April,1,0,1,0
C17320,2024,9,September,1,1,1,0
C17320,2025,2,February,2,2,0,1
C17320,2025,3,March,3,2,0,1
C17320,2025,7,July,4,3,0,1
C17321,2024,7,July,1,1,1,0
C17321,2024,8,August,2,2,0,1
C17321,2024,9,September,3,3,0,1
C17321,2025,2,February,4,4,0,1
C17321,2025,6,June,5,5,0,1
C17321,2025,7,July,6,5,0,1
C17321,2025,12,December,7,6,0,1
C17322,2024,8,August,1,1,1,0
C17322,2025,5,May,2,2,0,1
C17322,2025,6,June,3,3,0,1
C17322,2025,10,October,4,4,0,1
C17322,2025,11,November,5,5,0,1
C17323,2025,2,February,1,1,1,0
C17323,2025,5,May,2,2,0,1
C17323,2025,7,July,3,2,0,1
C17323,2025,8,August,4,2,0,1
C17324,2024,9,September,1,1,1,0
C17324,2024,10,October,2,2,0,1
C17324,2024,12,December,3,3,0,1
C17324,2025,6,June,4,3,0,1
C17324,2025,11,November,5,4,0,1
C17324,2025,12,December,6,5,0,1
C17325,2025,1,January,1,2,0,1
C17326,2024,7,July,1,1,1,0
C17326,2024,8,August,2,2,0,1
C17326,2025,11,November,3,3,0,1
C17327,2025,7,July,1,1,1,0
C17328,2024,8,August,1,1,1,0
C17329,2024,7,July,1,1,1,0
C17329,2025,3,March,2,2,0,1
C17330,2024,8,August,1,1,1,0
C17330,2024,9,September,2,2,0,1
C17330,2024,11,November,3,3,0,1
C17330,2025,2,February,4,4,0,1
C17330,2025,9,September,5,5,0,1
C17330,2025,10,October,6,6,0,1
C17331,2025,1,January,1,2,0,1
C17331,2025,7,July,3,3,0,1
C17332,2025,2,February,1,1,1,0
C17332,2025,6,June,2,1,0,0
C17332,2025,9,September,3,3,0,1
C17332,2025,10,October,5,4,0,1
C17333,2025,10,October,1,1,1,0
C17333,2025,12,December,2,2,0,1
C17334,2024,9,September,1,1,1,0
C17334,2024,10,October,2,2,0,1
C17334,2024,12,December,4,3,0,1
C17334,2025,2,February,5,4,0,1
C17334,2025,9,September,6,5,0,1
C17334,2025,10,October,7,5,0,1
C17335,2024,10,October,1,1,1,0
C17335,2025,5,May,2,2,0,1
C17335,2025,6,June,3,3,0,1
C17335,2025,7,July,4,4,0,1
C17335,2025,12,December,5,5,0,1
C17336,2024,10,October,1,1,1,0
C17337,2024,11,November,1,2,0,1
C17337,2025,4,April,3,3,0,1
C17337,2025,6,June,4,4,0,1
C17337,2025,7,July,5,5,0,1
C17337,2025,9,September,6,6,0,1
C17337,2025,10,October,7,6,0,1
C17339,2024,9,September,1,1,1,0
C17339,2024,12,December,2,2,0,1
C17339,2025,3,March,3,3,0,1
C17339,2025,6,June,4,4,0,1
C17340,2025,2,February,1,1,1,0
C17340,2025,3,March,2,2,0,1
C17340,2025,5,May,3,3,0,1
C17340,2025,8,August,4,4,0,1
C17340,2025,9,September,5,4,0,1
C17340,2025,10,October,6,5,0,1
C17340,2025,12,December,7,6,0,1
C17341,2024,11,November,1,1,1,0
C17341,2024,12,December,2,2,0,1
C17341,2025,1,January,4,3,0,1
C17341,2025,7,July,5,4,0,1
C17341,2025,8,August,6,5,0,1
C17341,2025,9,September,7,7,0,1
C17342,2025,3,March,1,2,0,1
C17342,2025,5,May,3,3,0,1
C17342,2025,8,August,4,5,0,1
C17342,2025,9,September,6,6,0,1
C17342,2025,10,October,7,7,0,1
C17342,2025,12,December,9,8,0,1
C17343,2024,10,October,1,1,1,0
C17343,2024,11,November,2,2,0,1
C17343,2025,5,May,3,2,0,1
C17343,2025,6,June,4,3,0,1
C17343,2025,7,July,5,5,0,1
C17343,2025,10,October,7,6,0,1
C17344,2024,9,September,1,0,1,0
C17344,2024,12,December,2,1,0,0
C17345,2024,7,July,1,1,1,0
C17345,2025,7,July,2,3,0,1
C17345,2025,8,August,4,4,0,1
C17346,2024,10,October,1,1,1,0
C17346,2025,1,January,2,2,0,1
C17346,2025,4,April,3,2,0,1
C17347,2024,8,August,1,1,1,0
C17347,2025,10,October,2,1,0,0
C17347,2025,11,November,3,2,0,1
C17348,2024,7,July,1,1,1,0
C17348,2024,9,September,2,2,0,1
C17348,2025,5,May,3,2,0,1
C17348,2025,6,June,6,3,0,1
C17348,2025,7,July,7,4,0,1
C17349,2024,10,October,1,1,1,0
C17349,2024,12,December,2,2,0,1
C17351,2025,4,April,1,1,1,0
C17351,2025,5,May,2,2,0,1
C17351,2025,6,June,3,3,0,1
C17352,2024,9,September,1,1,1,0
C17352,2024,11,November,2,2,0,1
C17352,2025,3,March,3,3,0,1
C17352,2025,12,December,4,6,0,1
C17353,2024,8,August,1,1,1,0
C17353,2024,9,September,2,1,0,0
C17353,2024,11,November,3,3,0,1
C17353,2025,1,January,5,4,0,1
C17354,2025,9,September,1,1,1,0
C17355,2025,3,March,1,1,1,0
C17355,2025,5,May,2,2,0,1
C17355,2025,6,June,3,3,0,1
C17356,2024,7,July,1,1,1,0
C17356,2024,11,November,2,2,0,1
C17356,2025,1,January,4,3,0,1
C17358,2024,12,December,1,2,0,1
C17358,2025,3,March,3,3,0,1
C17358,2025,7,July,4,4,0,1
C17358,2025,9,September,5,5,0,1
C17358,2025,10,October,6,6,0,1
C17359,2024,7,July,1,1,1,0
C17359,2024,10,October,2,2,0,1
C17360,2024,8,August,1,0,1,0
C17360,2024,9,September,2,1,0,0
C17360,2024,11,November,4,2,0,1
C17360,2024,12,December,5,2,0,1
C17360,2025,4,April,6,2,0,1
C17360,2025,6,June,7,3,0,1
C17360,2025,12,December,8,4,0,1
C17361,2025,4,April,1,1,1,0
C17361,2025,5,May,2,1,0,0
C17361,2025,10,October,3,2,0,1
C17362,2024,7,July,1,0,1,0
C17362,2025,5,May,2,1,0,0
C17362,2025,9,September,3,2,0,1
C17363,2024,9,September,1,1,1,0
C17363,2024,10,October,2,2,0,1
C17363,2025,7,July,3,2,0,1
C17363,2025,8,August,4,3,0,1
C17363,2025,10,October,5,4,0,1
C17363,2025,12,December,7,4,0,1
C17364,2024,7,July,1,0,1,0
C17364,2025,3,March,2,3,0,1
C17364,2025,6,June,5,5,0,1
C17364,2025,8,August,7,7,0,1
C17364,2025,11,November,10,8,0,1
C17365,2024,8,August,1,1,1,0
C17365,2024,11,November,2,2,0,1
C17365,2025,3,March,3,3,0,1
C17366,2025,8,August,1,1,1,0
C17366,2025,10,October,2,2,0,1
C17367,2024,11,November,1,1,1,0
C17367,2024,12,December,2,2,0,1
C17367,2025,2,February,3,4,0,1
C17368,2024,12,December,1,1,1,0
C17368,2025,8,August,2,2,0,1
C17369,2024,7,July,1,1,1,0
C17369,2024,12,December,3,2,0,1
C17369,2025,1,January,4,4,0,1
C17369,2025,4,April,6,5,0,1
C17369,2025,5,May,7,5,0,1
C17369,2025,11,November,8,6,0,1
C17369,2025,12,December,9,7,0,1
C17370,2024,11,November,1,1,1,0
C17370,2025,4,April,2,2,0,1
C17370,2025,5,May,3,3,0,1
C17370,2025,10,October,4,4,0,1
C17370,2025,11,November,6,5,0,1
C17371,2024,9,September,1,1,1,0
C17371,2024,10,October,2,2,0,1
C17371,2025,12,December,3,3,0,1
C17372,2025,9,September,1,1,1,0
C17373,2024,7,July,1,0,1,0
C17373,2024,10,October,2,1,0,0
C17373,2025,3,March,4,2,0,1
C17373,2025,8,August,5,3,0,1
C17373,2025,9,September,6,4,0,1
C17374,2024,9,September,1,1,1,0
C17374,2025,9,September,2,2,0,1
C17374,2025,11,November,3,3,0,1
C17375,2024,8,August,1,1,1,0
C17375,2025,3,March,2,2,0,1
C17375,2025,4,April,3,3,0,1
C17375,2025,6,June,5,5,0,1
C17375,2025,8,August,7,6,0,1
C17375,2025,9,September,8,7,0,1
C17375,2025,10,October,9,8,0,1
C17375,2025,12,December,10,9,0,1
C17376,2024,12,December,1,0,1,0
C17376,2025,12,December,2,1,0,0
C17377,2024,10,October,1,1,1,0
C17377,2024,12,December,2,3,0,1
C17377,2025,3,March,4,3,0,1
C17377,2025,4,April,5,4,0,1
C17377,2025,6,June,6,5,0,1
C17377,2025,10,October,7,6,0,1
C17377,2025,12,December,8,6,0,1
C17379,2024,9,September,1,1,1,0
C17379,2025,11,November,2,3,0,1
C17380,2025,10,October,1,1,1,0
C17381,2025,5,May,1,1,1,0
C17382,2025,7,July,1,1,1,0
C17383,2024,9,September,1,1,1,0
C17383,2024,10,October,2,1,0,0
C17383,2025,9,September,3,2,0,1
C17383,2025,10,October,4,3,0,1
C17384,2025,1,January,1,1,1,0
C17385,2025,6,June,1,1,1,0
C17386,2025,4,April,1,1,1,0
C17386,2025,8,August,2,2,0,1
C17386,2025,10,October,3,2,0,1
C17387,2024,11,November,1,1,1,0
C17387,2025,1,January,2,2,0,1
C17387,2025,3,March,3,3,0,1
C17387,2025,8,August,4,3,0,1
C17387,2025,10,October,5,4,0,1
C17388,2025,3,March,1,1,1,0
C17389,2024,12,December,1,1,1,0
C17389,2025,1,January,2,2,0,1
C17390,2024,7,July,1,1,1,0
C17390,2024,12,December,2,2,0,1
C17391,2024,7,July,1,1,1,0
C17391,2024,9,September,2,1,0,0
C17391,2024,11,November,3,1,0,0
C17391,2025,3,March,4,2,0,1
C17391,2025,5,May,5,2,0,1
C17391,2025,12,December,6,3,0,1
C17392,2024,7,July,1,1,1,0
C17392,2024,12,December,2,2,0,1
C17392,2025,3,March,3,3,0,1
C17392,2025,5,May,4,4,0,1
C17392,2025,6,June,5,5,0,1
C17392,2025,11,November,6,6,0,1
C17392,2025,12,December,7,8,0,1
C17393,2024,7,July,1,1,1,0
C17393,2025,3,March,2,2,0,1
C17393,2025,4,April,4,3,0,1
C17393,2025,6,June,5,4,0,1
C17393,2025,8,August,6,5,0,1
C17393,2025,9,September,7,5,0,1
C17393,2025,10,October,8,6,0,1
C17393,2025,11,November,9,7,0,1
C17394,2024,11,November,1,1,1,0
C17394,2025,5,May,2,2,0,1
C17394,2025,11,November,3,3,0,1
C17395,2024,11,November,1,0,1,0
C17395,2024,12,December,2,0,0,0
C17395,2025,1,January,3,1,0,0
C17395,2025,2,February,4,2,0,1
C17395,2025,3,March,5,3,0,1
C17395,2025,5,May,6,4,0,1
C17395,2025,7,July,7,6,0,1
C17395,2025,8,August,9,6,0,1
C17395,2025,10,October,10,7,0,1
C17396,2024,8,August,1,2,0,1
C17396,2025,8,August,3,2,0,1
C17396,2025,9,September,4,3,0,1
C17396,2025,11,November,5,5,0,1
C17397,2024,12,December,1,0,1,0
C17397,2025,3,March,2,1,0,0
C17397,2025,7,July,3,1,0,0
C17397,2025,8,August,4,2,0,1
C17398,2025,4,April,1,0,1,0
C17398,2025,8,August,2,1,0,0
C17399,2024,12,December,1,1,1,0
C17399,2025,6,June,2,1,0,0
C17400,2025,3,March,1,1,1,0
C17401,2024,9,September,1,1,1,0
C17401,2024,10,October,2,2,0,1
C17401,2025,1,January,3,3,0,1
C17401,2025,4,April,4,4,0,1
C17401,2025,6,June,5,5,0,1
C17402,2024,9,September,1,0,1,0
C17402,2024,12,December,2,1,0,0
C17402,2025,10,October,3,2,0,1
C17403,2024,7,July,1,1,1,0
C17403,2024,8,August,3,1,0,0
C17403,2024,10,October,4,2,0,1
C17403,2025,4,April,5,3,0,1
C17405,2024,10,October,1,1,1,0
C17405,2024,12,December,2,2,0,1
C17405,2025,2,February,3,3,0,1
C17405,2025,3,March,4,3,0,1
C17405,2025,4,April,5,4,0,1
C17405,2025,12,December,6,4,0,1
C17406,2025,4,April,1,1,1,0
C17406,2025,6,June,2,2,0,1
C17406,2025,10,October,3,3,0,1
C17406,2025,12,December,4,4,0,1
C17407,2024,7,July,1,1,1,0
C17407,2025,4,April,2,1,0,0
C17408,2024,7,July,1,1,1,0
C17408,2024,12,December,2,2,0,1
C17408,2025,4,April,3,2,0,1
C17408,2025,8,August,4,3,0,1
C17408,2025,10,October,5,3,0,1
C17408,2025,11,November,6,4,0,1
C17409,2024,8,August,1,1,1,0
C17409,2024,10,October,2,2,0,1
C17409,2025,1,January,3,3,0,1
C17409,2025,9,September,4,4,0,1
C17410,2025,5,May,1,1,1,0
C17410,2025,8,August,2,2,0,1
C17410,2025,9,September,3,3,0,1
C17411,2025,4,April,1,0,1,0
C17411,2025,7,July,2,0,0,0
C17411,2025,11,November,3,1,0,0
C17411,2025,12,December,4,2,0,1
C17412,2024,10,October,1,0,1,0
C17412,2024,11,November,2,1,0,0
C17412,2025,7,July,3,2,0,1
C17412,2025,10,October,4,2,0,1
C17412,2025,11,November,5,3,0,1
C17412,2025,12,December,6,4,0,1
C17413,2025,7,July,1,1,1,0
C17414,2024,10,October,1,1,1,0
C17414,2024,11,November,2,2,0,1
C17414,2025,1,January,3,3,0,1
C17414,2025,7,July,4,4,0,1
C17415,2024,9,September,1,1,1,0
C17415,2024,12,December,2,2,0,1
C17415,2025,4,April,4,4,0,1
C17415,2025,6,June,6,4,0,1
C17415,2025,8,August,7,7,0,1
C17416,2024,10,October,1,1,1,0
C17416,2024,11,November,2,2,0,1
C17416,2025,6,June,3,2,0,1
C17416,2025,7,July,4,3,0,1
C17416,2025,10,October,5,5,0,1
C17417,2024,7,July,1,1,1,0
C17417,2025,1,January,2,2,0,1
C17417,2025,3,March,3,3,0,1
C17417,2025,8,August,4,3,0,1
C17418,2024,9,September,1,2,0,1
C17418,2025,8,August,3,3,0,1
C17418,2025,11,November,4,4,0,1
C17419,2024,8,August,1,1,1,0
C17419,2024,10,October,2,2,0,1
C17419,2024,12,December,3,3,0,1
C17419,2025,12,December,4,4,0,1
C17420,2024,9,September,1,1,1,0
C17420,2024,12,December,2,2,0,1
C17420,2025,6,June,3,3,0,1
C17420,2025,11,November,4,4,0,1
C17421,2024,8,August,1,1,1,0
C17421,2024,10,October,2,2,0,1
C17421,2024,11,November,3,2,0,1
C17421,2024,12,December,4,3,0,1
C17421,2025,1,January,5,4,0,1
C17421,2025,2,February,6,6,0,1
C17421,2025,5,May,8,7,0,1
C17421,2025,7,July,9,7,0,1
C17421,2025,10,October,10,9,0,1
C17422,2024,10,October,1,1,1,0
C17422,2025,6,June,2,2,0,1
C17422,2025,12,December,3,3,0,1
C17423,2025,11,November,1,1,1,0
C17424,2024,9,September,1,0,1,0
C17424,2025,1,January,2,0,0,0
C17424,2025,9,September,3,1,0,0
C17425,2024,7,July,1,1,1,0
C17425,2024,9,September,2,2,0,1
C17425,2025,1,January,3,3,0,1
C17425,2025,2,February,4,4,0,1
C17425,2025,5,May,5,5,0,1
C17426,2024,10,October,1,1,1,0
C17426,2025,4,April,2,2,0,1
C17427,2024,10,October,1,1,1,0
C17427,2025,3,March,2,2,0,1
C17427,2025,8,August,3,3,0,1
C17428,2024,7,July,1,0,1,0
C17428,2024,8,August,2,1,0,0
C17428,2025,1,January,3,2,0,1
C17428,2025,2,February,4,2,0,1
C17428,2025,3,March,5,3,0,1
C17428,2025,7,July,6,4,0,1
C17428,2025,9,September,7,4,0,1
C17428,2025,12,December,8,5,0,1
C17429,2024,7,July,1,1,1,0
C17429,2025,7,July,2,2,0,1
C17429,2025,9,September,3,3,0,1
C17430,2024,7,July,1,0,1,0
C17430,2025,3,March,2,1,0,0
C17430,2025,8,August,3,2,0,1
C17430,2025,9,September,4,3,0,1
C17430,2025,10,October,5,4,0,1
C17430,2025,11,November,6,5,0,1
C17431,2024,10,October,1,1,1,0
C17431,2024,11,November,2,1,0,0
C17431,2025,2,February,3,2,0,1
C17431,2025,4,April,4,3,0,1
C17431,2025,8,August,5,3,0,1
C17431,2025,10,October,6,3,0,1
C17431,2025,11,November,7,3,0,1
C17432,2024,11,November,1,1,1,0
C17433,2025,1,January,1,1,1,0
C17433,2025,3,March,2,2,0,1
C17433,2025,7,July,3,3,0,1
C17433,2025,8,August,4,4,0,1
C17434,2024,7,July,1,1,1,0
C17434,2025,4,April,2,2,0,1
C17434,2025,5,May,3,4,0,1
C17435,2024,7,July,1,1,1,0
C17435,2024,11,November,2,2,0,1
C17435,2025,10,October,3,2,0,1
C17436,2024,9,September,1,1,1,0
C17436,2024,10,October,2,2,0,1
C17437,2024,8,August,1,1,1,0
C17437,2024,9,September,2,2,0,1
C17437,2025,4,April,3,3,0,1
C17438,2024,12,December,1,1,1,0
C17438,2025,2,February,2,2,0,1
C17438,2025,9,September,3,2,0,1
C17438,2025,11,November,4,3,0,1
C17440,2024,7,July,1,1,1,0
C17440,2025,2,February,2,2,0,1
C17440,2025,4,April,3,2,0,1
C17440,2025,10,October,4,3,0,1
C17441,2024,12,December,1,1,1,0
C17441,2025,3,March,2,1,0,0
C17441,2025,8,August,3,1,0,0
C17442,2024,11,November,1,1,1,0
C17442,2025,11,November,2,2,0,1
C17443,2024,7,July,1,0,1,0
C17443,2025,3,March,2,1,0,0
C17443,2025,4,April,3,3,0,1
C17443,2025,9,September,5,4,0,1
C17444,2024,8,August,1,1,1,0
C17444,2025,5,May,2,3,0,1
C17444,2025,12,December,4,4,0,1
C17445,2024,7,July,1,1,1,0
C17445,2024,12,December,2,2,0,1
C17446,2024,8,August,1,1,1,0
C17446,2025,1,January,2,1,0,0
C17446,2025,8,August,3,2,0,1
C17446,2025,12,December,4,2,0,1
C17447,2024,7,July,1,1,1,0
C17447,2024,8,August,2,2,0,1
C17447,2024,9,September,3,2,0,1
C17447,2024,10,October,4,3,0,1
C17447,2024,11,November,5,4,0,1
C17447,2025,2,February,6,5,0,1
C17447,2025,7,July,7,5,0,1
C17448,2024,9,September,1,0,1,0
C17449,2025,3,March,1,1,1,0
C17449,2025,11,November,2,2,0,1
C17450,2024,7,July,1,1,1,0
C17450,2024,12,December,2,2,0,1
C17450,2025,2,February,3,3,0,1
C17450,2025,5,May,4,4,0,1
C17450,2025,11,November,5,5,0,1
C17450,2025,12,December,6,7,0,1
C17451,2024,10,October,1,1,1,0
C17452,2024,7,July,1,1,1,0
C17452,2024,10,October,2,2,0,1
C17452,2025,1,January,3,2,0,1
C17452,2025,2,February,4,3,0,1
C17452,2025,4,April,5,4,0,1
C17452,2025,6,June,7,6,0,1
C17452,2025,7,July,9,7,0,1
C17452,2025,9,September,10,8,0,1
C17453,2024,7,July,1,2,0,1
C17453,2025,8,August,3,3,0,1
C17454,2024,12,December,1,0,1,0
C17454,2025,1,January,2,1,0,0
C17454,2025,6,June,3,1,0,0
C17455,2024,11,November,1,1,1,0
C17455,2025,9,September,2,2,0,1
C17455,2025,12,December,3,3,0,1
C17456,2024,8,August,1,0,1,0
C17456,2025,6,June,2,0,0,0
C17456,2025,9,September,3,1,0,0
C17456,2025,11,November,4,1,0,0
C17456,2025,12,December,5,2,0,1
C17457,2024,8,August,1,1,1,0
C17457,2024,9,September,2,1,0,0
C17457,2024,10,October,3,2,0,1
C17457,2025,5,May,4,2,0,1
C17457,2025,6,June,5,3,0,1
C17457,2025,7,July,6,5,0,1
C17457,2025,12,December,8,7,0,1
C17458,2025,4,April,1,1,1,0
C17459,2025,8,August,1,1,1,0
C17459,2025,12,December,2,2,0,1
C17460,2024,8,August,1,1,1,0
C17460,2025,5,May,2,2,0,1
C17460,2025,9,September,3,3,0,1
C17461,2024,7,July,1,1,1,0
C17461,2024,11,November,2,2,0,1
C17461,2025,6,June,3,3,0,1
C17461,2025,12,December,4,4,0,1
C17462,2024,8,August,1,1,1,0
C17462,2024,9,September,2,2,0,1
C17462,2025,2,February,3,3,0,1
C17462,2025,3,March,4,4,0,1
C17462,2025,6,June,5,5,0,1
C17462,2025,12,December,6,6,0,1
C17463,2024,7,July,1,1,1,0
C17463,2024,9,September,2,2,0,1
C17463,2025,12,December,3,2,0,1
C17464,2024,8,August,1,1,1,0
C17464,2024,9,September,2,2,0,1
C17464,2024,11,November,3,3,0,1
C17464,2025,3,March,4,4,0,1
C17464,2025,4,April,5,4,0,1
C17464,2025,7,July,6,5,0,1
C17464,2025,10,October,7,6,0,1
C17465,2024,10,October,1,1,1,0
C17465,2025,8,August,2,2,0,1
C17465,2025,11,November,3,3,0,1
C17466,2024,8,August,1,1,1,0
C17466,2024,12,December,2,2,0,1
C17466,2025,11,November,3,3,0,1
C17466,2025,12,December,4,4,0,1
C17467,2024,11,November,1,0,1,0
C17467,2025,1,January,2,1,0,0
C17467,2025,5,May,3,1,0,0
C17467,2025,8,August,4,2,0,1
C17468,2024,9,September,1,1,1,0
C17468,2024,11,November,2,1,0,0
C17468,2025,1,January,3,2,0,1
C17468,2025,5,May,4,2,0,1
C17468,2025,6,June,5,3,0,1
C17468,2025,11,November,6,4,0,1
C17468,2025,12,December,7,5,0,1
C17469,2024,7,July,1,2,0,1
C17469,2024,9,September,3,3,0,1
C17469,2024,10,October,4,4,0,1
C17469,2024,11,November,5,5,0,1
C17469,2024,12,December,6,6,0,1
C17469,2025,3,March,7,7,0,1
C17469,2025,9,September,8,8,0,1
C17469,2025,11,November,9,8,0,1
C17471,2024,10,October,1,1,1,0
C17471,2025,12,December,2,2,0,1
C17472,2025,5,May,1,1,1,0
C17473,2024,9,September,1,0,1,0
C17473,2024,10,October,2,1,0,0
C17473,2025,7,July,3,3,0,1
C17474,2024,8,August,1,1,1,0
C17475,2025,10,October,1,1,1,0
C17476,2025,1,January,1,1,1,0
C17477,2024,8,August,1,1,1,0
C17477,2024,12,December,2,2,0,1
C17478,2024,12,December,1,0,1,0
C17478,2025,8,August,2,1,0,0
C17478,2025,12,December,3,1,0,0
C17479,2024,11,November,1,1,1,0
C17480,2024,9,September,1,1,1,0
C17480,2025,10,October,2,1,0,0
C17480,2025,12,December,3,2,0,1
C17481,2024,10,October,1,2,0,1
C17481,2024,11,November,3,3,0,1
C17481,2025,8,August,4,5,0,1
C17481,2025,9,September,6,8,0,1
C17481,2025,11,November,9,8,0,1
C17482,2024,9,September,1,1,1,0
C17482,2024,12,December,2,2,0,1
C17482,2025,1,January,3,3,0,1
C17482,2025,4,April,4,3,0,1
C17482,2025,9,September,5,4,0,1
C17482,2025,11,November,6,5,0,1
C17484,2025,3,March,1,3,0,1
C17484,2025,5,May,4,4,0,1
C17484,2025,8,August,5,5,0,1
C17484,2025,10,October,6,7,0,1
C17485,2024,8,August,1,0,1,0
C17485,2024,10,October,2,1,0,0
C17485,2024,12,December,3,1,0,0
C17485,2025,5,May,4,2,0,1
C17485,2025,7,July,5,3,0,1
C17485,2025,9,September,6,4,0,1
C17485,2025,11,November,7,5,0,1
C17486,2024,7,July,1,1,1,0
C17486,2024,9,September,2,1,0,0
C17486,2024,11,November,3,2,0,1
C17486,2025,2,February,5,3,0,1
C17486,2025,6,June,6,5,0,1
C17486,2025,7,July,8,6,0,1
C17486,2025,8,August,9,7,0,1
C17486,2025,10,October,10,8,0,1
C17487,2024,9,September,1,1,1,0
C17487,2025,1,January,2,2,0,1
C17487,2025,5,May,3,3,0,1
C17487,2025,6,June,4,5,0,1
C17487,2025,9,September,6,5,0,1
C17487,2025,10,October,7,6,0,1
C17489,2024,8,August,1,1,1,0
C17489,2025,4,April,2,2,0,1
C17489,2025,7,July,3,3,0,1
C17490,2025,5,May,1,2,0,1
C17490,2025,6,June,3,3,0,1
C17491,2025,3,March,1,1,1,0
C17491,2025,4,April,2,1,0,0
C17491,2025,11,November,3,1,0,0
C17491,2025,12,December,4,2,0,1
C17492,2024,12,December,1,1,1,0
C17492,2025,3,March,2,2,0,1
C17492,2025,12,December,3,4,0,1
C17493,2024,7,July,1,1,1,0
C17493,2025,11,November,2,1,0,0
C17494,2024,8,August,1,1,1,0
C17494,2024,12,December,2,2,0,1
C17494,2025,4,April,3,2,0,1
C17494,2025,5,May,4,3,0,1
C17494,2025,6,June,5,4,0,1
C17494,2025,8,August,6,5,0,1
C17495,2025,5,May,1,0,1,0
C17495,2025,10,October,2,1,0,0
C17496,2024,11,November,1,1,1,0
C17496,2025,2,February,2,2,0,1
C17496,2025,5,May,3,2,0,1
C17496,2025,7,July,4,2,0,1
C17497,2024,11,November,1,0,1,0
C17497,2025,8,August,2,0,0,0
C17498,2025,7,July,1,1,1,0
C17499,2024,7,July,1,1,1,0
C17499,2024,9,September,2,2,0,1
C17499,2024,12,December,3,3,0,1
C17499,2025,4,April,4,4,0,1
C17499,2025,12,December,5,4,0,1
C17500,2024,9,September,1,1,1,0
C17500,2024,11,November,2,1,0,0
C17500,2025,2,February,3,2,0,1
C17500,2025,5,May,4,3,0,1
C17500,2025,10,October,5,5,0,1
C17501,2024,7,July,1,1,1,0
C17501,2024,8,August,2,2,0,1
C17501,2024,11,November,3,2,0,1
C17501,2025,4,April,4,3,0,1
C17502,2024,12,December,1,1,1,0
C17502,2025,2,February,2,2,0,1
C17502,2025,4,April,4,3,0,1
C17503,2024,10,October,1,1,1,0
C17503,2024,11,November,2,2,0,1
C17503,2025,1,January,3,3,0,1
C17503,2025,2,February,4,4,0,1
C17503,2025,4,April,5,5,0,1
C17503,2025,6,June,6,6,0,1
C17503,2025,7,July,7,6,0,1
C17504,2024,7,July,1,1,1,0
C17504,2024,9,September,2,2,0,1
C17504,2024,12,December,3,4,0,1
C17504,2025,4,April,5,5,0,1
C17504,2025,11,November,7,6,0,1
C17505,2025,12,December,1,0,1,0
C17506,2025,11,November,1,1,1,0
C17507,2025,4,April,1,1,1,0
C17507,2025,7,July,2,2,0,1
C17508,2024,7,July,1,0,1,0
C17508,2024,8,August,2,1,0,0
C17508,2024,10,October,3,1,0,0
C17508,2024,12,December,4,2,0,1
C17509,2024,8,August,1,1,1,0
C17509,2025,4,April,2,2,0,1
C17509,2025,9,September,4,3,0,1
C17509,2025,10,October,5,4,0,1
C17509,2025,11,November,6,5,0,1
C17510,2024,10,October,1,1,1,0
C17510,2024,12,December,2,2,0,1
C17511,2025,3,March,1,1,1,0
C17511,2025,12,December,2,2,0,1
C17512,2024,7,July,1,1,1,0
C17512,2025,3,March,2,1,0,0
C17513,2024,9,September,1,1,1,0
C17513,2024,10,October,2,2,0,1
C17513,2024,11,November,3,3,0,1
C17513,2024,12,December,4,3,0,1
C17513,2025,1,January,5,4,0,1
C17513,2025,4,April,6,5,0,1
C17513,2025,7,July,7,5,0,1
C17513,2025,8,August,8,7,0,1
C17514,2024,11,November,1,2,0,1
C17514,2025,1,January,3,3,0,1
C17514,2025,2,February,4,4,0,1
C17514,2025,4,April,5,5,0,1
C17514,2025,9,September,6,6,0,1
C17514,2025,11,November,7,6,0,1
C17515,2024,10,October,1,0,1,0
C17515,2025,1,January,2,2,0,1
C17515,2025,3,March,4,4,0,1
C17515,2025,5,May,6,5,0,1
C17515,2025,10,October,7,6,0,1
C17516,2024,9,September,1,1,1,0
C17516,2025,1,January,2,2,0,1
C17516,2025,2,February,3,3,0,1
C17516,2025,4,April,4,4,0,1
C17516,2025,5,May,5,5,0,1
C17516,2025,7,July,6,6,0,1
C17516,2025,9,September,7,6,0,1
C17516,2025,10,October,8,7,0,1
C17517,2024,11,November,1,1,1,0
C17517,2025,5,May,2,2,0,1
C17517,2025,12,December,3,4,0,1
C17518,2024,10,October,1,0,1,0
C17518,2025,5,May,2,1,0,0
C17518,2025,8,August,3,2,0,1
C17518,2025,10,October,4,3,0,1
C17519,2024,12,December,1,1,1,0
C17519,2025,1,January,2,1,0,0
C17519,2025,3,March,3,2,0,1
C17519,2025,7,July,4,2,0,1
C17520,2024,7,July,1,2,0,1
C17520,2024,9,September,3,3,0,1
C17520,2025,4,April,4,4,0,1
C17520,2025,6,June,5,5,0,1
C17520,2025,12,December,6,6,0,1
C17521,2024,7,July,1,1,1,0
C17521,2024,9,September,2,2,0,1
C17521,2024,11,November,3,3,0,1
C17521,2025,2,February,4,5,0,1
C17521,2025,6,June,6,6,0,1
C17521,2025,10,October,7,7,0,1
C17522,2024,7,July,1,1,1,0
C17522,2024,11,November,2,2,0,1
C17522,2025,1,January,3,3,0,1
C17522,2025,9,September,4,4,0,1
C17523,2024,7,July,1,0,1,0
C17523,2024,10,October,2,1,0,0
C17523,2025,4,April,3,2,0,1
C17523,2025,7,July,4,3,0,1
C17523,2025,10,October,5,4,0,1
C17524,2025,1,January,1,1,1,0
C17524,2025,8,August,2,2,0,1
C17525,2025,11,November,1,1,1,0
C17526,2024,9,September,1,0,1,0
C17526,2025,5,May,2,1,0,0
C17526,2025,11,November,3,2,0,1
C17527,2024,12,December,1,1,1,0
C17527,2025,1,January,2,2,0,1
C17527,2025,2,February,3,3,0,1
C17527,2025,3,March,4,4,0,1
C17527,2025,7,July,5,4,0,1
C17527,2025,8,August,6,4,0,1
C17527,2025,10,October,7,4,0,1
C17528,2024,9,September,1,0,1,0
C17528,2024,12,December,3,1,0,0
C17528,2025,2,February,4,2,0,1
C17528,2025,5,May,5,4,0,1
C17528,2025,7,July,7,5,0,1
C17528,2025,8,August,8,6,0,1
C17528,2025,9,September,9,7,0,1
C17528,2025,11,November,10,8,0,1
C17528,2025,12,December,11,9,0,1
C17529,2024,7,July,1,2,0,1
C17529,2024,11,November,4,2,0,1
C17529,2024,12,December,5,3,0,1
C17529,2025,7,July,6,4,0,1
C17530,2025,7,July,1,1,1,0
C17530,2025,8,August,2,1,0,0
C17530,2025,10,October,3,2,0,1
C17530,2025,12,December,4,4,0,1
C17531,2024,9,September,1,1,1,0
C17531,2025,8,August,2,2,0,1
C17532,2025,3,March,1,1,1,0
C17532,2025,11,November,2,1,0,0
C17533,2024,8,August,1,1,1,0
C17533,2024,12,December,2,2,0,1
C17533,2025,1,January,3,4,0,1
C17533,2025,4,April,5,6,0,1
C17533,2025,6,June,7,7,0,1
C17533,2025,9,September,8,7,0,1
C17533,2025,10,October,9,8,0,1
C17534,2025,9,September,1,1,1,0
C17534,2025,10,October,2,2,0,1
C17535,2024,12,December,1,1,1,0
C17535,2025,3,March,2,2,0,1
C17535,2025,9,September,3,3,0,1
C17535,2025,10,October,4,3,0,1
C17536,2025,1,January,1,1,1,0
C17536,2025,5,May,2,1,0,0
C17537,2024,9,September,1,1,1,0
C17537,2025,1,January,2,1,0,0
C17538,2024,7,July,1,1,1,0
C17538,2024,9,September,2,1,0,0
C17538,2024,10,October,3,2,0,1
C17538,2024,12,December,4,3,0,1
C17538,2025,2,February,6,4,0,1
C17538,2025,3,March,7,5,0,1
C17538,2025,4,April,8,6,0,1
C17538,2025,11,November,9,6,0,1
C17539,2024,7,July,1,1,1,0
C17539,2024,9,September,2,2,0,1
C17539,2025,1,January,3,3,0,1
C17539,2025,2,February,4,3,0,1
C17539,2025,6,June,5,4,0,1
C17539,2025,8,August,6,4,0,1
C17539,2025,12,December,7,5,0,1
C17540,2025,2,February,1,1,1,0
C17541,2024,10,October,1,1,1,0
C17541,2025,5,May,2,2,0,1
C17541,2025,8,August,3,3,0,1
C17542,2025,1,January,1,0,1,0
C17542,2025,3,March,2,0,0,0
C17542,2025,7,July,3,1,0,0
C17542,2025,10,October,4,2,0,1
C17544,2024,9,September,1,0,1,0
C17544,2024,10,October,2,1,0,0
C17544,2025,5,May,3,1,0,0
C17545,2024,8,August,1,1,1,0
C17545,2024,12,December,2,2,0,1
C17545,2025,4,April,3,3,0,1
C17545,2025,6,June,4,5,0,1
C17545,2025,9,September,6,8,0,1
C17545,2025,10,October,9,10,0,1
C17546,2024,10,October,1,0,1,0
C17546,2025,5,May,2,1,0,0
C17547,2025,4,April,1,1,1,0
C17547,2025,6,June,2,2,0,1
C17547,2025,12,December,3,3,0,1
C17548,2025,3,March,1,1,1,0
C17548,2025,5,May,2,3,0,1
C17549,2025,5,May,1,1,1,0
C17549,2025,12,December,2,2,0,1
C17550,2024,8,August,1,0,1,0
C17550,2024,10,October,2,1,0,0
C17550,2024,11,November,3,2,0,1
C17550,2024,12,December,4,3,0,1
C17550,2025,1,January,5,4,0,1
C17550,2025,5,May,6,5,0,1
C17550,2025,6,June,7,5,0,1
C17550,2025,10,October,8,6,0,1
C17551,2025,4,April,1,1,1,0
C17552,2024,11,November,1,1,1,0
C17552,2025,1,January,2,3,0,1
C17553,2024,8,August,1,1,1,0
C17553,2024,9,September,2,1,0,0
C17553,2024,11,November,3,2,0,1
C17553,2025,2,February,4,2,0,1
C17553,2025,5,May,5,3,0,1
C17553,2025,6,June,6,4,0,1
C17553,2025,7,July,7,7,0,1
C17553,2025,8,August,10,8,0,1
C17553,2025,11,November,11,11,0,1
C17554,2024,8,August,1,1,1,0
C17555,2024,12,December,1,1,1,0
C17555,2025,7,July,2,2,0,1
C17555,2025,10,October,3,2,0,1
C17556,2025,3,March,1,1,1,0
C17556,2025,5,May,2,2,0,1
C17556,2025,8,August,4,3,0,1
C17556,2025,11,November,5,4,0,1
C17557,2024,7,July,1,2,0,1
C17557,2024,8,August,3,3,0,1
C17557,2024,9,September,4,5,0,1
C17557,2024,10,October,6,6,0,1
C17557,2024,11,November,7,7,0,1
C17557,2025,3,March,8,8,0,1
C17557,2025,4,April,9,9,0,1
C17557,2025,5,May,10,10,0,1
C17557,2025,7,July,11,11,0,1
C17557,2025,12,December,12,12,0,1
C17558,2025,2,February,1,1,1,0
C17558,2025,5,May,2,2,0,1
C17558,2025,6,June,3,3,0,1
C17558,2025,7,July,4,4,0,1
C17559,2024,8,August,1,1,1,0
C17559,2025,8,August,2,3,0,1
C17559,2025,9,September,4,3,0,1
C17559,2025,10,October,5,4,0,1
C17560,2024,8,August,1,1,1,0
C17560,2025,1,January,2,2,0,1
C17560,2025,7,July,3,3,0,1
C17561,2025,1,January,1,1,1,0
C17561,2025,6,June,2,2,0,1
C17562,2024,8,August,1,1,1,0
C17562,2025,5,May,2,2,0,1
C17563,2024,10,October,1,0,1,0
C17563,2025,7,July,2,1,0,0
C17563,2025,8,August,3,2,0,1
C17564,2024,8,August,1,1,1,0
C17564,2025,8,August,2,2,0,1
C17565,2025,8,August,1,1,1,0
C17565,2025,9,September,2,2,0,1
C17566,2025,6,June,1,1,1,0
C17566,2025,8,August,2,2,0,1
C17567,2024,8,August,1,1,1,0
C17567,2024,9,September,2,2,0,1
C17567,2024,11,November,3,4,0,1
C17567,2025,5,May,6,5,0,1
C17567,2025,8,August,7,6,0,1
C17567,2025,11,November,8,6,0,1
C17567,2025,12,December,9,7,0,1
C17568,2024,10,October,1,1,1,0
C17568,2025,7,July,2,2,0,1
C17569,2024,9,September,1,1,1,0
C17569,2025,9,September,2,2,0,1
C17569,2025,10,October,3,3,0,1
C17570,2024,7,July,1,1,1,0
C17570,2024,9,September,2,2,0,1
C17570,2024,10,October,3,3,0,1
C17570,2025,2,February,4,4,0,1
C17570,2025,3,March,5,5,0,1
C17570,2025,8,August,6,6,0,1
C17571,2024,7,July,1,2,0,1
C17571,2024,11,November,4,2,0,1
C17571,2025,6,June,5,4,0,1
C17571,2025,11,November,7,5,0,1
C17572,2024,7,July,1,2,0,1
C17572,2024,9,September,3,2,0,1
C17572,2025,12,December,4,3,0,1
C17573,2024,7,July,1,1,1,0
C17573,2024,10,October,2,2,0,1
C17573,2024,11,November,3,3,0,1
C17573,2024,12,December,4,3,0,1
C17573,2025,6,June,5,4,0,1
C17574,2024,8,August,1,2,0,1
C17574,2024,10,October,3,3,0,1
C17574,2024,12,December,4,4,0,1
C17574,2025,3,March,5,5,0,1
C17574,2025,9,September,6,6,0,1
C17574,2025,11,November,7,8,0,1
C17575,2024,7,July,1,1,1,0
C17575,2024,9,September,2,2,0,1
C17575,2025,1,January,3,3,0,1
C17576,2024,10,October,1,1,1,0
C17576,2025,1,January,2,2,0,1
C17577,2024,7,July,1,1,1,0
C17577,2025,9,September,2,1,0,0
C17577,2025,10,October,3,1,0,0
C17578,2024,7,July,1,2,0,1
C17578,2025,4,April,3,3,0,1
C17578,2025,6,June,4,5,0,1
C17578,2025,12,December,6,6,0,1
C17579,2024,11,November,1,1,1,0
C17579,2025,4,April,2,2,0,1
C17579,2025,6,June,4,3,0,1
C17580,2024,7,July,1,1,1,0
C17580,2025,7,July,2,2,0,1
C17581,2024,10,October,1,1,1,0
C17581,2025,9,September,2,1,0,0
C17581,2025,12,December,3,2,0,1
C17582,2024,7,July,1,2,0,1
C17582,2024,9,September,3,2,0,1
C17582,2025,2,February,4,3,0,1
C17582,2025,4,April,5,4,0,1
C17582,2025,10,October,6,5,0,1
C17582,2025,11,November,7,5,0,1
C17583,2024,11,November,1,1,1,0
C17583,2024,12,December,2,2,0,1
C17583,2025,3,March,3,3,0,1
C17583,2025,7,July,4,4,0,1
C17583,2025,11,November,5,4,0,1
C17584,2024,7,July,1,1,1,0
C17584,2024,9,September,2,1,0,0
C17584,2024,10,October,3,2,0,1
C17584,2024,11,November,4,3,0,1
C17585,2024,10,October,1,0,1,0
C17585,2025,4,April,2,0,0,0
C17585,2025,12,December,3,2,0,1
C17586,2025,8,August,1,1,1,0
C17586,2025,9,September,2,2,0,1
C17586,2025,10,October,3,3,0,1
C17587,2024,7,July,1,0,1,0
C17587,2024,12,December,2,2,0,1
C17587,2025,2,February,4,3,0,1
C17587,2025,4,April,5,4,0,1
C17587,2025,8,August,6,5,0,1
C17587,2025,10,October,7,6,0,1
C17588,2024,11,November,1,0,1,0
C17588,2025,10,October,2,0,0,0
C17589,2025,2,February,1,1,1,0
C17589,2025,4,April,2,2,0,1
C17589,2025,6,June,3,3,0,1
C17590,2024,10,October,1,0,1,0
C17590,2024,12,December,2,1,0,0
C17590,2025,5,May,3,2,0,1
C17590,2025,9,September,4,3,0,1
C17591,2025,1,January,1,1,1,0
C17591,2025,8,August,2,2,0,1
C17592,2024,8,August,1,1,1,0
C17592,2025,8,August,2,2,0,1
C17593,2024,8,August,1,0,1,0
C17593,2024,11,November,2,1,0,0
C17593,2025,5,May,3,2,0,1
C17593,2025,6,June,4,3,0,1
C17593,2025,8,August,5,4,0,1
C17593,2025,10,October,6,6,0,1
C17593,2025,11,November,8,7,0,1
C17593,2025,12,December,9,8,0,1
C17594,2024,8,August,1,1,1,0
C17594,2025,11,November,2,3,0,1
C17595,2024,7,July,1,1,1,0
C17595,2025,4,April,2,2,0,1
C17595,2025,7,July,3,3,0,1
C17595,2025,8,August,4,4,0,1
C17597,2024,9,September,1,1,1,0
C17597,2025,2,February,2,2,0,1
C17597,2025,8,August,3,2,0,1
C17597,2025,11,November,4,2,0,1
C17597,2025,12,December,5,2,0,1
C17598,2025,1,January,1,1,1,0
C17599,2024,12,December,1,0,1,0
C17599,2025,9,September,2,1,0,0
C17600,2025,11,November,1,1,1,0
C17601,2024,7,July,1,1,1,0
C17601,2024,8,August,2,2,0,1
C17601,2025,1,January,3,3,0,1
C17601,2025,5,May,4,4,0,1
C17601,2025,8,August,5,5,0,1
C17601,2025,9,September,6,6,0,1
C17601,2025,12,December,7,7,0,1
C17603,2024,11,November,1,1,1,0
C17603,2024,12,December,2,2,0,1
C17603,2025,1,January,4,4,0,1
C17604,2025,4,April,1,0,1,0
C17604,2025,6,June,2,1,0,0
C17605,2024,10,October,1,1,1,0
C17605,2024,12,December,2,2,0,1
C17605,2025,12,December,3,2,0,1
C17606,2024,12,December,1,1,1,0
C17606,2025,11,November,3,2,0,1
C17606,2025,12,December,4,3,0,1
C17607,2024,8,August,1,1,1,0
C17607,2025,1,January,2,2,0,1
C17607,2025,3,March,3,3,0,1
C17607,2025,6,June,4,4,0,1
C17607,2025,8,August,5,5,0,1
C17608,2024,10,October,1,1,1,0
C17608,2025,6,June,2,2,0,1
C17608,2025,10,October,3,2,0,1
C17609,2024,7,July,1,1,1,0
C17609,2024,9,September,2,1,0,0
C17609,2025,6,June,3,2,0,1
C17609,2025,11,November,4,3,0,1
C17610,2025,12,December,1,1,1,0
C17611,2024,9,September,1,1,1,0
C17611,2024,10,October,2,2,0,1
C17611,2025,3,March,3,2,0,1
C17611,2025,8,August,4,3,0,1
C17612,2024,7,July,1,1,1,0
C17612,2025,3,March,2,2,0,1
C17612,2025,4,April,3,3,0,1
C17612,2025,5,May,5,4,0,1
C17612,2025,9,September,6,5,0,1
C17613,2025,1,January,1,2,0,1
C17613,2025,2,February,3,3,0,1
C17613,2025,4,April,4,3,0,1
C17613,2025,6,June,5,5,0,1
C17613,2025,7,July,7,6,0,1
C17613,2025,12,December,8,9,0,1
C17615,2024,11,November,1,1,1,0
C17615,2025,1,January,2,2,0,1
C17615,2025,10,October,4,3,0,1
C17616,2024,7,July,1,1,1,0
C17616,2024,9,September,2,2,0,1
C17616,2024,10,October,3,3,0,1
C17616,2024,12,December,4,4,0,1
C17616,2025,5,May,5,5,0,1
C17616,2025,7,July,6,6,0,1
C17616,2025,8,August,7,7,0,1
C17616,2025,10,October,8,8,0,1
C17617,2025,4,April,1,1,1,0
C17617,2025,11,November,2,1,0,0
C17618,2024,10,October,1,1,1,0
C17618,2024,12,December,2,2,0,1
C17619,2024,9,September,1,2,0,1
C17619,2025,4,April,3,3,0,1
C17619,2025,9,September,4,4,0,1
C17619,2025,12,December,6,5,0,1
C17620,2024,8,August,1,1,1,0
C17620,2024,9,September,2,2,0,1
C17620,2025,8,August,3,3,0,1
C17620,2025,9,September,4,3,0,1
C17620,2025,11,November,5,4,0,1
C17621,2024,11,November,1,1,1,0
C17621,2024,12,December,2,2,0,1
C17621,2025,4,April,3,3,0,1
C17621,2025,5,May,5,4,0,1
C17621,2025,7,July,6,6,0,1
C17621,2025,8,August,8,7,0,1
C17621,2025,9,September,9,8,0,1
C17622,2024,8,August,1,3,0,1
C17622,2025,1,January,4,4,0,1
C17622,2025,3,March,6,5,0,1
C17622,2025,9,September,7,6,0,1
C17622,2025,11,November,8,7,0,1
C17623,2025,5,May,1,0,1,0
C17624,2024,8,August,1,2,0,1
C17624,2025,1,January,3,3,0,1
C17624,2025,2,February,4,4,0,1
C17624,2025,3,March,5,4,0,1
C17625,2024,7,July,1,0,1,0
C17625,2024,8,August,2,1,0,0
C17625,2024,11,November,3,2,0,1
C17625,2025,1,January,4,3,0,1
C17625,2025,6,June,5,4,0,1
C17625,2025,7,July,6,5,0,1
C17625,2025,10,October,7,7,0,1
C17626,2024,8,August,1,1,1,0
C17626,2025,1,January,2,2,0,1
C17626,2025,5,May,3,2,0,1
C17627,2024,7,July,1,1,1,0
C17627,2025,10,October,2,2,0,1
C17628,2024,7,July,1,1,1,0
C17628,2024,12,December,2,2,0,1
C17628,2025,5,May,3,3,0,1
C17628,2025,6,June,4,4,0,1
C17628,2025,7,July,5,5,0,1
C17628,2025,9,September,6,6,0,1
C17629,2024,9,September,1,1,1,0
C17629,2025,2,February,2,2,0,1
C17629,2025,4,April,3,2,0,1
C17629,2025,9,September,4,3,0,1
C17629,2025,11,November,5,5,0,1
C17630,2024,7,July,1,1,1,0
C17630,2024,9,September,2,2,0,1
C17630,2024,11,November,3,3,0,1
C17630,2025,3,March,4,4,0,1
C17630,2025,7,July,5,5,0,1
C17632,2024,8,August,1,1,1,0
C17632,2024,9,September,2,2,0,1
C17634,2024,7,July,1,1,1,0
C17634,2024,8,August,2,4,0,1
C17634,2024,10,October,5,4,0,1
C17634,2024,11,November,6,5,0,1
C17634,2024,12,December,7,6,0,1
C17634,2025,12,December,9,7,0,1
C17635,2025,4,April,1,1,1,0
C17635,2025,11,November,2,2,0,1
C17636,2025,1,January,1,1,1,0
C17636,2025,3,March,2,3,0,1
C17636,2025,4,April,4,4,0,1
C17636,2025,5,May,6,4,0,1
C17637,2024,9,September,1,1,1,0
C17637,2025,2,February,2,2,0,1
C17637,2025,7,July,3,3,0,1
C17637,2025,11,November,4,4,0,1
C17638,2025,6,June,1,1,1,0
C17638,2025,7,July,2,2,0,1
C17638,2025,9,September,3,3,0,1
C17638,2025,10,October,4,4,0,1
C17639,2024,9,September,1,1,1,0
C17639,2025,6,June,2,3,0,1
C17640,2024,7,July,1,1,1,0
C17640,2024,9,September,2,2,0,1
C17640,2024,12,December,3,3,0,1
C17640,2025,5,May,5,4,0,1
C17640,2025,6,June,6,6,0,1
C17640,2025,11,November,8,7,0,1
C17641,2024,7,July,1,1,1,0
C17641,2025,1,January,2,2,0,1
C17641,2025,3,March,3,3,0,1
C17641,2025,4,April,4,4,0,1
C17641,2025,11,November,5,5,0,1
C17641,2025,12,December,6,6,0,1
C17642,2024,9,September,1,1,1,0
C17642,2025,3,March,2,2,0,1
C17643,2024,8,August,1,0,1,0
C17643,2024,9,September,2,1,0,0
C17643,2024,10,October,4,2,0,1
C17643,2024,11,November,5,3,0,1
C17643,2025,4,April,6,4,0,1
C17643,2025,8,August,7,5,0,1
C17643,2025,9,September,8,6,0,1
C17643,2025,10,October,9,7,0,1
C17644,2025,7,July,1,1,1,0
C17644,2025,8,August,2,2,0,1
C17645,2024,8,August,1,1,1,0
C17645,2024,9,September,2,2,0,1
C17645,2024,11,November,3,3,0,1
C17645,2025,8,August,4,5,0,1
C17646,2024,7,July,1,1,1,0
C17646,2025,4,April,2,2,0,1
C17646,2025,10,October,3,3,0,1
C17647,2024,8,August,1,0,1,0
C17647,2025,3,March,2,2,0,1
C17647,2025,4,April,4,3,0,1
C17647,2025,7,July,5,3,0,1
C17647,2025,12,December,6,4,0,1
C17648,2024,8,August,1,1,1,0
C17648,2025,1,January,2,2,0,1
C17648,2025,4,April,3,4,0,1
C17648,2025,5,May,6,5,0,1
C17648,2025,8,August,7,6,0,1
C17648,2025,10,October,8,6,0,1
C17648,2025,11,November,9,7,0,1
C17649,2024,9,September,1,1,1,0
C17649,2025,5,May,2,2,0,1
C17650,2024,7,July,1,1,1,0
C17650,2025,10,October,2,2,0,1
C17650,2025,12,December,3,2,0,1
C17651,2025,4,April,1,1,1,0
C17651,2025,10,October,2,2,0,1
C17651,2025,12,December,3,3,0,1
C17652,2024,8,August,1,0,1,0
C17652,2024,11,November,2,2,0,1
C17654,2024,7,July,1,1,1,0
C17654,2024,8,August,2,1,0,0
C17654,2024,12,December,3,2,0,1
C17654,2025,3,March,5,3,0,1
C17654,2025,4,April,6,5,0,1
C17654,2025,7,July,8,6,0,1
C17654,2025,8,August,10,7,0,1
C17654,2025,9,September,11,8,0,1
C17655,2024,9,September,1,1,1,0
C17655,2025,8,August,2,2,0,1
C17655,2025,9,September,3,2,0,1
C17655,2025,12,December,4,3,0,1
C17656,2024,8,August,1,1,1,0
C17656,2025,4,April,2,2,0,1
C17656,2025,7,July,3,3,0,1
C17657,2024,8,August,1,1,1,0
C17657,2024,11,November,2,2,0,1
C17657,2025,1,January,3,4,0,1
C17657,2025,3,March,5,5,0,1
C17657,2025,4,April,6,6,0,1
C17657,2025,6,June,7,6,0,1
C17657,2025,9,September,8,6,0,1
C17658,2024,9,September,1,1,1,0
C17658,2025,1,January,2,2,0,1
C17658,2025,12,December,3,3,0,1
C17659,2024,12,December,1,0,1,0
C17659,2025,6,June,2,1,0,0
C17660,2024,7,July,1,1,1,0
C17660,2024,9,September,2,2,0,1
C17660,2024,10,October,3,3,0,1
C17661,2024,8,August,1,1,1,0
C17661,2024,11,November,2,2,0,1
C17661,2024,12,December,3,2,0,1
C17661,2025,7,July,4,3,0,1
C17662,2024,11,November,1,0,1,0
C17662,2025,3,March,2,1,0,0
C17662,2025,4,April,3,2,0,1
C17662,2025,6,June,4,3,0,1
C17662,2025,10,October,5,4,0,1
C17662,2025,11,November,6,5,0,1
C17663,2024,9,September,1,2,0,1
C17663,2025,5,May,3,3,0,1
C17664,2024,7,July,1,0,1,0
C17664,2025,1,January,2,1,0,0
C17664,2025,8,August,3,2,0,1
C17665,2025,2,February,1,1,1,0
C17665,2025,3,March,3,2,0,1
C17666,2024,7,July,1,1,1,0
C17666,2024,10,October,3,4,0,1
C17666,2024,11,November,6,5,0,1
C17666,2024,12,December,7,6,0,1
C17666,2025,1,January,8,7,0,1
C17666,2025,5,May,9,8,0,1
C17666,2025,6,June,10,8,0,1
C17666,2025,8,August,11,8,0,1
C17667,2024,7,July,1,1,1,0
C17668,2024,9,September,1,1,1,0
C17668,2024,11,November,2,2,0,1
C17668,2025,2,February,3,2,0,1
C17668,2025,3,March,4,3,0,1
C17668,2025,8,August,5,4,0,1
C17669,2025,1,January,1,1,1,0
C17669,2025,6,June,2,1,0,0
C17669,2025,7,July,3,2,0,1
C17671,2025,1,January,1,0,1,0
C17671,2025,6,June,2,1,0,0
C17671,2025,11,November,3,2,0,1
C17672,2024,7,July,1,0,1,0
C17672,2024,9,September,2,1,0,0
C17672,2024,11,November,3,2,0,1
C17673,2024,10,October,1,1,1,0
C17673,2025,4,April,2,2,0,1
C17673,2025,6,June,3,3,0,1
C17674,2024,10,October,1,1,1,0
C17674,2025,1,January,2,2,0,1
C17676,2024,7,July,1,1,1,0
C17676,2024,9,September,2,2,0,1
C17676,2025,8,August,3,3,0,1
C17677,2024,12,December,1,0,1,0
C17678,2024,9,September,1,1,1,0
C17678,2025,1,January,2,2,0,1
C17678,2025,12,December,3,3,0,1
C17679,2024,8,August,1,1,1,0
C17679,2024,9,September,2,1,0,0
C17679,2025,1,January,3,2,0,1
C17679,2025,3,March,4,3,0,1
C17680,2024,10,October,1,1,1,0
C17680,2025,2,February,2,2,0,1
C17680,2025,8,August,3,3,0,1
C17680,2025,12,December,4,5,0,1
C17681,2025,12,December,1,1,1,0
C17682,2024,7,July,1,2,0,1
C17682,2025,4,April,3,3,0,1
C17683,2025,3,March,1,1,1,0
C17683,2025,7,July,3,2,0,1
C17684,2024,8,August,1,1,1,0
C17684,2024,10,October,2,2,0,1
C17684,2024,11,November,3,3,0,1
C17684,2025,2,February,4,4,0,1
C17684,2025,4,April,5,5,0,1
C17684,2025,8,August,6,6,0,1
C17684,2025,11,November,7,6,0,1
C17685,2025,2,February,1,1,1,0
C17685,2025,5,May,2,2,0,1
C17685,2025,8,August,3,3,0,1
C17685,2025,10,October,4,4,0,1
C17687,2024,8,August,1,1,1,0
C17687,2025,11,November,2,2,0,1
C17688,2024,10,October,1,1,1,0
C17688,2024,11,November,2,2,0,1
C17688,2024,12,December,3,3,0,1
C17688,2025,8,August,4,4,0,1
C17689,2024,8,August,1,1,1,0
C17690,2024,9,September,1,1,1,0
C17690,2025,1,January,2,1,0,0
C17691,2025,7,July,1,1,1,0
C17692,2025,5,May,1,0,1,0
C17693,2024,7,July,1,2,0,1
C17693,2025,1,January,3,2,0,1
C17693,2025,4,April,4,3,0,1
C17693,2025,12,December,5,4,0,1
C17694,2024,11,November,1,1,1,0
C17694,2025,4,April,2,2,0,1
C17695,2025,8,August,1,0,1,0
C17695,2025,9,September,2,1,0,0
C17696,2025,12,December,1,1,1,0
C17697,2024,8,August,1,1,1,0
C17697,2025,3,March,2,2,0,1
C17697,2025,4,April,3,2,0,1
C17697,2025,5,May,4,3,0,1
C17697,2025,9,September,6,4,0,1
C17697,2025,10,October,7,5,0,1
C17697,2025,12,December,8,6,0,1
C17698,2024,10,October,1,1,1,0
C17698,2025,3,March,2,2,0,1
C17698,2025,6,June,3,3,0,1
C17698,2025,7,July,4,4,0,1
C17698,2025,12,December,5,5,0,1
C17699,2025,3,March,1,1,1,0
C17700,2025,4,April,1,1,1,0
C17700,2025,10,October,2,2,0,1
C17701,2024,8,August,1,0,1,0
C17701,2025,7,July,2,2,0,1
C17701,2025,10,October,4,4,0,1
C17701,2025,11,November,6,4,0,1
C17702,2024,10,October,1,1,1,0
C17702,2025,1,January,2,2,0,1
C17702,2025,2,February,3,3,0,1
C17702,2025,3,March,4,4,0,1
C17702,2025,4,April,5,4,0,1
C17702,2025,6,June,6,5,0,1
C17703,2024,8,August,1,1,1,0
C17703,2024,12,December,2,3,0,1
C17703,2025,1,January,4,4,0,1
C17703,2025,2,February,5,5,0,1
C17703,2025,3,March,6,6,0,1
C17703,2025,5,May,7,7,0,1
C17703,2025,10,October,8,8,0,1
C17704,2024,9,September,1,0,1,0
C17704,2024,10,October,2,0,0,0
C17704,2024,12,December,3,1,0,0
C17704,2025,2,February,4,1,0,0
C17704,2025,7,July,5,2,0,1
C17704,2025,10,October,6,2,0,1
C17705,2025,6,June,1,0,1,0
C17706,2024,9,September,1,1,1,0
C17706,2024,10,October,2,2,0,1
C17706,2024,12,December,3,3,0,1
C17706,2025,2,February,4,3,0,1
C17706,2025,5,May,5,4,0,1
C17707,2024,8,August,1,2,0,1
C17707,2024,10,October,3,3,0,1
C17707,2024,11,November,4,4,0,1
C17707,2025,1,January,5,5,0,1
C17707,2025,3,March,6,6,0,1
C17708,2024,9,September,1,1,1,0
C17708,2024,10,October,2,2,0,1
C17708,2025,3,March,3,4,0,1
C17708,2025,6,June,5,6,0,1
C17708,2025,9,September,7,7,0,1
C17708,2025,11,November,8,8,0,1
C17708,2025,12,December,9,10,0,1
C17709,2024,11,November,1,0,1,0
C17709,2025,11,November,2,2,0,1
C17710,2024,7,July,1,1,1,0
C17710,2024,8,August,2,2,0,1
C17710,2025,3,March,3,3,0,1
C17710,2025,4,April,4,4,0,1
C17710,2025,5,May,5,5,0,1
C17710,2025,8,August,6,6,0,1
C17710,2025,10,October,7,7,0,1
C17711,2024,7,July,1,1,1,0
C17711,2024,11,November,2,2,0,1
C17711,2025,3,March,4,3,0,1
C17711,2025,4,April,5,4,0,1
C17711,2025,5,May,6,5,0,1
C17711,2025,6,June,7,5,0,1
C17711,2025,9,September,8,7,0,1
C17712,2025,3,March,1,1,1,0
C17712,2025,6,June,2,2,0,1
C17712,2025,7,July,3,3,0,1
C17713,2024,7,July,1,1,1,0
C17713,2024,9,September,2,2,0,1
C17713,2025,3,March,3,4,0,1
C17713,2025,5,May,5,6,0,1
C17713,2025,9,September,7,7,0,1
C17714,2024,9,September,1,1,1,0
C17714,2025,5,May,2,2,0,1
C17714,2025,10,October,3,3,0,1
C17715,2024,7,July,1,1,1,0
C17715,2025,4,April,2,1,0,0
C17715,2025,5,May,3,3,0,1
C17715,2025,7,July,5,3,0,1
C17716,2024,10,October,1,1,1,0
C17716,2025,3,March,2,2,0,1
C17716,2025,5,May,3,3,0,1
C17716,2025,7,July,4,4,0,1
C17716,2025,9,September,5,5,0,1
C17716,2025,11,November,6,6,0,1
C17716,2025,12,December,7,7,0,1
C17717,2025,7,July,1,1,1,0
C17717,2025,8,August,2,2,0,1
C17718,2024,9,September,1,1,1,0
C17718,2025,5,May,2,2,0,1
C17718,2025,6,June,3,3,0,1
C17718,2025,8,August,4,4,0,1
C17718,2025,11,November,5,5,0,1
C17719,2025,3,March,1,1,1,0
C17719,2025,4,April,2,2,0,1
C17719,2025,10,October,3,2,0,1
C17720,2025,7,July,1,1,1,0
C17721,2024,8,August,1,1,1,0
C17721,2025,1,January,2,1,0,0
C17721,2025,4,April,3,2,0,1
C17721,2025,6,June,4,5,0,1
C17721,2025,8,August,7,6,0,1
C17722,2024,7,July,1,1,1,0
C17722,2024,8,August,2,2,0,1
C17722,2025,1,January,3,3,0,1
C17722,2025,3,March,4,4,0,1
C17722,2025,9,September,5,5,0,1
C17723,2024,12,December,1,1,1,0
C17723,2025,3,March,2,2,0,1
C17723,2025,6,June,3,3,0,1
C17724,2025,1,January,1,1,1,0
C17724,2025,10,October,2,2,0,1
C17724,2025,12,December,3,3,0,1
C17725,2025,4,April,1,1,1,0
C17726,2025,1,January,1,0,1,0
C17727,2024,11,November,1,1,1,0
C17727,2025,7,July,2,2,0,1
C17729,2024,7,July,1,1,1,0
C17729,2024,11,November,2,2,0,1
C17729,2025,3,March,3,3,0,1
C17729,2025,5,May,4,3,0,1
C17729,2025,7,July,5,4,0,1
C17729,2025,8,August,6,5,0,1
C17729,2025,9,September,7,6,0,1
C17729,2025,12,December,8,7,0,1
C17730,2025,1,January,1,1,1,0
C17731,2024,12,December,1,0,1,0
C17731,2025,10,October,2,1,0,0
C17731,2025,11,November,3,2,0,1
C17731,2025,12,December,4,3,0,1
C17732,2024,12,December,1,1,1,0
C17732,2025,2,February,2,2,0,1
C17732,2025,3,March,3,3,0,1
C17733,2024,10,October,1,0,1,0
C17733,2025,3,March,2,1,0,0
C17733,2025,12,December,3,2,0,1
C17734,2024,11,November,1,1,1,0
C17734,2025,1,January,2,1,0,0
C17734,2025,7,July,3,2,0,1
C17735,2024,9,September,1,1,1,0
C17736,2025,7,July,1,1,1,0
C17736,2025,12,December,2,2,0,1
C17737,2024,7,July,1,1,1,0
C17737,2025,6,June,2,1,0,0
C17737,2025,9,September,3,2,0,1
C17738,2025,2,February,1,1,1,0
C17738,2025,7,July,2,2,0,1
C17738,2025,8,August,3,4,0,1
C17738,2025,10,October,5,4,0,1
C17739,2024,7,July,1,1,1,0
C17739,2025,3,March,2,2,0,1
C17740,2024,7,July,1,1,1,0
C17740,2024,8,August,2,2,0,1
C17740,2025,5,May,3,3,0,1
C17740,2025,8,August,4,3,0,1
C17740,2025,9,September,5,4,0,1
C17741,2024,7,July,1,2,0,1
C17741,2025,3,March,3,3,0,1
C17741,2025,4,April,4,4,0,1
C17741,2025,9,September,5,5,0,1
C17741,2025,10,October,6,6,0,1
C17742,2024,11,November,1,1,1,0
C17742,2025,5,May,2,2,0,1
C17742,2025,8,August,3,3,0,1
C17743,2025,9,September,1,1,1,0
C17743,2025,11,November,2,3,0,1
C17743,2025,12,December,4,4,0,1
C17744,2025,8,August,1,1,1,0
C17744,2025,10,October,2,2,0,1
C17745,2025,1,January,1,0,1,0
C17746,2024,9,September,1,1,1,0
C17746,2025,1,January,2,2,0,1
C17746,2025,3,March,3,4,0,1
C17746,2025,4,April,5,4,0,1
C17746,2025,12,December,6,5,0,1
C17747,2024,10,October,1,1,1,0
C17747,2025,11,November,2,2,0,1
C17748,2024,8,August,1,1,1,0
C17748,2024,12,December,2,2,0,1
C17748,2025,9,September,3,3,0,1
C17749,2024,7,July,1,1,1,0
C17749,2024,10,October,2,2,0,1
C17749,2024,11,November,3,3,0,1
C17749,2025,4,April,4,4,0,1
C17749,2025,9,September,5,5,0,1
C17750,2025,2,February,1,1,1,0
C17751,2024,8,August,1,1,1,0
C17751,2024,9,September,2,2,0,1
C17751,2025,1,January,3,3,0,1
C17751,2025,3,March,4,4,0,1
C17751,2025,4,April,6,5,0,1
C17751,2025,6,June,8,7,0,1
C17751,2025,8,August,10,8,0,1
C17751,2025,9,September,12,9,0,1
C17751,2025,10,October,13,10,0,1
C17752,2024,7,July,1,0,1,0
C17752,2024,9,September,2,1,0,0
C17752,2025,3,March,4,1,0,0
C17752,2025,4,April,5,2,0,1
C17752,2025,12,December,6,3,0,1
C17753,2024,7,July,1,1,1,0
C17753,2024,8,August,2,3,0,1
C17753,2024,9,September,4,4,0,1
C17753,2024,10,October,5,5,0,1
C17753,2024,12,December,6,6,0,1
C17753,2025,1,January,7,6,0,1
C17753,2025,4,April,8,7,0,1
C17753,2025,5,May,9,8,0,1
C17753,2025,7,July,10,9,0,1
C17753,2025,8,August,11,9,0,1
C17753,2025,9,September,12,10,0,1
C17753,2025,10,October,13,12,0,1
C17753,2025,12,December,15,13,0,1
C17754,2024,7,July,1,1,1,0
C17754,2025,3,March,2,2,0,1
C17754,2025,7,July,3,3,0,1
C17754,2025,8,August,4,4,0,1
C17754,2025,9,September,5,5,0,1
C17754,2025,10,October,6,5,0,1
C17755,2024,8,August,1,0,1,0
C17756,2024,8,August,1,0,1,0
C17756,2024,10,October,2,1,0,0
C17756,2025,1,January,3,1,0,0
C17756,2025,3,March,4,2,0,1
C17756,2025,7,July,5,3,0,1
C17756,2025,9,September,6,4,0,1
C17756,2025,10,October,7,5,0,1
C17757,2024,7,July,1,1,1,0
C17757,2024,11,November,2,3,0,1
C17757,2024,12,December,4,4,0,1
C17757,2025,2,February,5,5,0,1
C17757,2025,3,March,6,6,0,1
C17757,2025,4,April,7,7,0,1
C17757,2025,9,September,9,8,0,1
C17758,2024,7,July,1,1,1,0
C17758,2025,4,April,3,2,0,1
C17758,2025,11,November,4,3,0,1
C17759,2024,9,September,1,2,0,1
C17759,2024,11,November,3,2,0,1
C17759,2025,1,January,4,4,0,1
C17759,2025,4,April,6,5,0,1
C17760,2024,9,September,1,1,1,0
C17760,2025,3,March,2,2,0,1
C17760,2025,4,April,3,3,0,1
C17760,2025,7,July,4,4,0,1
C17760,2025,12,December,5,5,0,1
C17761,2024,12,December,1,1,1,0
C17761,2025,1,January,2,2,0,1
C17761,2025,4,April,3,2,0,1
C17761,2025,7,July,4,3,0,1
C17761,2025,10,October,5,3,0,1
C17761,2025,12,December,6,4,0,1
C17762,2024,7,July,1,1,1,0
C17763,2024,7,July,1,0,1,0
C17763,2024,12,December,2,1,0,0
C17763,2025,3,March,3,2,0,1
C17763,2025,6,June,4,3,0,1
C17764,2024,11,November,1,1,1,0
C17764,2024,12,December,2,3,0,1
C17764,2025,4,April,4,5,0,1
C17764,2025,5,May,6,6,0,1
C17765,2024,7,July,1,1,1,0
C17766,2024,9,September,1,1,1,0
C17766,2025,2,February,2,1,0,0
C17767,2025,2,February,1,1,1,0
C17767,2025,3,March,2,1,0,0
C17767,2025,12,December,3,2,0,1
C17768,2024,7,July,1,0,1,0
C17768,2024,9,September,2,1,0,0
C17768,2024,10,October,3,2,0,1
C17768,2025,1,January,4,3,0,1
C17768,2025,8,August,5,4,0,1
C17769,2025,2,February,1,1,1,0
C17769,2025,3,March,2,2,0,1
C17769,2025,8,August,3,3,0,1
C17770,2024,7,July,1,1,1,0
C17770,2024,8,August,2,2,0,1
C17770,2025,1,January,3,3,0,1
C17770,2025,2,February,4,4,0,1
C17770,2025,3,March,5,5,0,1
C17770,2025,4,April,6,6,0,1
C17770,2025,5,May,7,8,0,1
C17770,2025,8,August,9,9,0,1
C17770,2025,12,December,10,10,0,1
C17771,2025,3,March,1,0,1,0
C17771,2025,5,May,2,1,0,0
C17772,2024,9,September,1,1,1,0
C17772,2025,3,March,2,2,0,1
C17772,2025,10,October,3,3,0,1
C17773,2024,7,July,1,0,1,0
C17773,2025,1,January,2,1,0,0
C17773,2025,10,October,3,2,0,1
C17774,2025,6,June,1,0,1,0
C17775,2024,11,November,1,2,0,1
C17775,2024,12,December,3,3,0,1
C17775,2025,1,January,4,4,0,1
C17775,2025,2,February,5,5,0,1
C17775,2025,4,April,6,6,0,1
C17775,2025,7,July,7,7,0,1
C17775,2025,10,October,8,8,0,1
C17776,2024,12,December,1,1,1,0
C17776,2025,1,January,2,2,0,1
C17776,2025,4,April,3,3,0,1
C17776,2025,8,August,4,5,0,1
C17776,2025,12,December,6,6,0,1
C17777,2025,1,January,1,1,1,0
C17777,2025,7,July,2,2,0,1
C17777,2025,10,October,3,3,0,1
C17778,2024,9,September,1,0,1,0
C17778,2025,11,November,2,1,0,0
C17779,2024,9,September,1,2,0,1
C17779,2025,10,October,3,3,0,1
C17779,2025,12,December,4,4,0,1
C17781,2024,7,July,1,1,1,0
C17781,2024,12,December,3,1,0,0
C17781,2025,8,August,4,3,0,1
C17781,2025,11,November,6,4,0,1
C17782,2024,11,November,1,2,0,1
C17782,2025,11,November,3,3,0,1
C17782,2025,12,December,4,4,0,1
C17783,2024,11,November,1,1,1,0
C17783,2025,4,April,2,2,0,1
C17783,2025,10,October,3,3,0,1
C17784,2024,8,August,1,1,1,0
C17784,2024,9,September,2,2,0,1
C17784,2024,10,October,3,3,0,1
C17784,2025,10,October,4,5,0,1
C17785,2025,1,January,1,1,1,0
C17786,2024,8,August,1,1,1,0
C17786,2025,8,August,2,3,0,1
C17786,2025,9,September,4,4,0,1
C17786,2025,10,October,5,5,0,1
C17786,2025,12,December,6,6,0,1
C17787,2024,7,July,1,1,1,0
C17787,2025,2,February,2,2,0,1
C17787,2025,3,March,3,3,0,1
C17787,2025,9,September,4,4,0,1
C17788,2024,9,September,1,1,1,0
C17788,2024,11,November,2,2,0,1
C17788,2025,10,October,3,3,0,1
C17789,2024,12,December,1,1,1,0
C17789,2025,2,February,2,3,0,1
C17789,2025,6,June,4,4,0,1
C17789,2025,10,October,5,5,0,1
C17790,2024,7,July,1,0,1,0
C17790,2025,6,June,2,1,0,0
C17790,2025,9,September,3,2,0,1
C17791,2024,8,August,1,1,1,0
C17791,2024,10,October,2,2,0,1
C17791,2025,5,May,3,3,0,1
C17791,2025,7,July,5,4,0,1
C17791,2025,8,August,6,5,0,1
C17792,2024,7,July,1,3,0,1
C17792,2024,8,August,4,4,0,1
C17792,2024,10,October,5,4,0,1
C17792,2024,12,December,6,4,0,1
C17792,2025,4,April,7,5,0,1
C17793,2024,9,September,1,1,1,0
C17793,2024,10,October,2,2,0,1
C17793,2024,12,December,3,3,0,1
C17793,2025,8,August,4,4,0,1
C17793,2025,10,October,5,5,0,1
C17794,2024,9,September,1,1,1,0
C17795,2024,8,August,1,1,1,0
C17795,2024,9,September,2,3,0,1
C17795,2025,2,February,4,3,0,1
C17795,2025,10,October,5,3,0,1
C17796,2024,7,July,1,1,1,0
C17796,2025,3,March,2,2,0,1
C17796,2025,5,May,3,2,0,1
C17796,2025,9,September,4,4,0,1
C17796,2025,11,November,6,6,0,1
C17797,2024,7,July,1,1,1,0
C17797,2024,10,October,2,2,0,1
C17797,2024,11,November,3,3,0,1
C17797,2025,1,January,4,3,0,1
C17797,2025,3,March,5,4,0,1
C17797,2025,5,May,6,5,0,1
C17797,2025,8,August,7,7,0,1
C17797,2025,11,November,10,8,0,1
C17797,2025,12,December,12,9,0,1
C17798,2024,12,December,1,1,1,0
C17798,2025,1,January,2,2,0,1
C17798,2025,6,June,3,3,0,1
C17798,2025,12,December,4,4,0,1
C17799,2024,7,July,1,0,1,0
C17799,2024,8,August,2,1,0,0
C17799,2025,2,February,3,2,0,1
C17799,2025,3,March,4,3,0,1
C17799,2025,9,September,5,4,0,1
C17800,2024,10,October,1,1,1,0
C17800,2024,12,December,2,2,0,1
C17800,2025,8,August,3,3,0,1
C17801,2024,8,August,1,1,1,0
C17801,2025,1,January,2,2,0,1
C17801,2025,2,February,3,3,0,1
C17801,2025,8,August,5,4,0,1
C17802,2024,7,July,1,1,1,0
C17802,2025,5,May,2,2,0,1
C17802,2025,9,September,3,4,0,1
C17802,2025,12,December,5,5,0,1
C17803,2024,8,August,1,1,1,0
C17803,2024,12,December,2,2,0,1
C17803,2025,8,August,3,3,0,1
C17803,2025,11,November,4,4,0,1
C17804,2025,3,March,1,0,1,0
C17804,2025,6,June,2,1,0,0
C17805,2025,1,January,1,1,1,0
C17805,2025,2,February,2,2,0,1
C17806,2024,7,July,1,1,1,0
C17806,2025,4,April,2,1,0,0
C17808,2024,10,October,1,1,1,0
C17808,2024,12,December,2,2,0,1
C17808,2025,10,October,3,3,0,1
C17808,2025,12,December,4,3,0,1
C17809,2024,8,August,1,0,1,0
C17809,2024,9,September,2,0,0,0
C17809,2024,10,October,3,0,0,0
C17809,2025,1,January,4,0,0,0
C17809,2025,7,July,6,1,0,0
C17810,2025,2,February,1,1,1,0
C17810,2025,5,May,2,2,0,1
C17811,2024,7,July,1,1,1,0
C17811,2025,6,June,2,2,0,1
C17812,2024,7,July,1,1,1,0
C17812,2025,1,January,2,2,0,1
C17813,2024,12,December,1,1,1,0
C17813,2025,1,January,2,1,0,0
C17813,2025,9,September,3,2,0,1
C17813,2025,12,December,4,3,0,1
C17814,2024,7,July,1,1,1,0
C17814,2024,9,September,2,2,0,1
C17814,2025,1,January,3,3,0,1
C17814,2025,5,May,4,4,0,1
C17815,2025,3,March,1,0,1,0
C17815,2025,4,April,2,1,0,0
C17815,2025,8,August,3,2,0,1
C17815,2025,9,September,4,3,0,1
C17816,2025,3,March,1,1,1,0
C17816,2025,7,July,2,2,0,1
C17817,2024,8,August,1,1,1,0
C17817,2024,9,September,2,3,0,1
C17817,2025,5,May,4,5,0,1
C17817,2025,6,June,6,6,0,1
C17817,2025,8,August,7,7,0,1
C17817,2025,9,September,8,7,0,1
C17817,2025,10,October,9,9,0,1
C17817,2025,11,November,11,10,0,1
C17818,2024,9,September,1,0,1,0
C17818,2025,3,March,2,1,0,0
C17818,2025,4,April,3,2,0,1
C17818,2025,9,September,4,3,0,1
C17818,2025,10,October,5,4,0,1
C17819,2024,8,August,1,1,1,0
C17819,2024,10,October,2,2,0,1
C17819,2025,2,February,3,3,0,1
C17819,2025,3,March,4,4,0,1
C17819,2025,5,May,5,6,0,1
C17819,2025,6,June,7,7,0,1
C17820,2025,1,January,1,1,1,0
C17820,2025,3,March,2,3,0,1
C17820,2025,4,April,4,3,0,1
C17820,2025,6,June,5,4,0,1
C17820,2025,11,November,6,6,0,1
C17820,2025,12,December,8,7,0,1
C17821,2024,11,November,1,1,1,0
C17821,2025,3,March,2,2,0,1
C17821,2025,4,April,3,3,0,1
C17821,2025,8,August,4,4,0,1
C17822,2025,4,April,1,2,0,1
C17822,2025,6,June,3,2,0,1
C17822,2025,7,July,4,3,0,1
C17823,2024,8,August,1,1,1,0
C17823,2024,9,September,2,2,0,1
C17823,2024,10,October,3,3,0,1
C17823,2024,12,December,4,4,0,1
C17823,2025,3,March,5,5,0,1
C17823,2025,4,April,6,6,0,1
C17823,2025,5,May,7,7,0,1
C17823,2025,8,August,8,8,0,1
C17823,2025,9,September,9,9,0,1
C17823,2025,12,December,11,10,0,1
C17824,2025,1,January,1,0,1,0
C17824,2025,3,March,2,1,0,0
C17824,2025,6,June,3,2,0,1
C17824,2025,11,November,4,3,0,1
C17825,2025,10,October,1,1,1,0
C17826,2025,9,September,1,0,1,0
C17826,2025,11,November,2,1,0,0
C17827,2024,11,November,1,1,1,0
C17827,2025,3,March,2,2,0,1
C17827,2025,7,July,3,3,0,1
C17828,2025,7,July,1,1,1,0
C17828,2025,8,August,2,2,0,1
C17829,2024,7,July,1,1,1,0
C17829,2025,3,March,2,2,0,1
C17829,2025,6,June,3,3,0,1
C17829,2025,7,July,5,4,0,1
C17830,2024,9,September,1,1,1,0
C17830,2024,11,November,2,1,0,0
C17830,2025,10,October,3,2,0,1
C17831,2024,10,October,1,1,1,0
C17831,2024,12,December,2,2,0,1
C17831,2025,8,August,3,3,0,1
C17832,2024,10,October,1,1,1,0
C17832,2024,12,December,2,2,0,1
C17832,2025,9,September,3,3,0,1
C17832,2025,12,December,4,4,0,1
C17833,2024,7,July,1,1,1,0
C17833,2025,4,April,2,2,0,1
C17833,2025,5,May,5,3,0,1
C17835,2024,9,September,1,1,1,0
C17835,2025,2,February,2,1,0,0
C17835,2025,3,March,3,1,0,0
C17835,2025,4,April,4,2,0,1
C17835,2025,7,July,5,3,0,1
C17835,2025,9,September,6,4,0,1
C17836,2024,11,November,1,1,1,0
C17836,2025,3,March,2,2,0,1
C17836,2025,7,July,3,3,0,1
C17836,2025,11,November,4,4,0,1
C17837,2024,7,July,1,1,1,0
C17837,2024,9,September,2,1,0,0
C17837,2025,8,August,3,2,0,1
C17837,2025,12,December,4,3,0,1
C17838,2025,7,July,1,1,1,0
C17838,2025,8,August,2,2,0,1
C17839,2024,7,July,1,1,1,0
C17839,2024,11,November,2,1,0,0
C17839,2025,1,January,3,1,0,0
C17839,2025,6,June,4,1,0,0
C17839,2025,9,September,5,1,0,0
C17840,2024,7,July,1,1,1,0
C17840,2024,8,August,2,1,0,0
C17840,2025,2,February,3,2,0,1
C17840,2025,7,July,4,3,0,1
C17841,2024,9,September,1,1,1,0
C17841,2024,10,October,2,2,0,1
C17841,2025,1,January,3,3,0,1
C17841,2025,4,April,4,4,0,1
C17841,2025,12,December,5,5,0,1
C17842,2024,8,August,1,1,1,0
C17842,2024,9,September,2,2,0,1
C17842,2024,10,October,3,3,0,1
C17842,2024,11,November,4,3,0,1
C17842,2025,4,April,5,4,0,1
C17842,2025,8,August,6,5,0,1
C17842,2025,11,November,7,8,0,1
C17843,2024,10,October,1,1,1,0
C17843,2025,1,January,2,2,0,1
C17843,2025,2,February,3,3,0,1
C17843,2025,5,May,4,3,0,1
C17843,2025,10,October,5,3,0,1
C17844,2024,7,July,1,1,1,0
C17844,2025,4,April,2,1,0,0
C17844,2025,5,May,3,1,0,0
C17844,2025,11,November,4,2,0,1
C17844,2025,12,December,5,3,0,1
C17845,2024,7,July,1,1,1,0
C17845,2024,11,November,2,1,0,0
C17845,2025,1,January,4,2,0,1
C17845,2025,2,February,5,3,0,1
C17845,2025,5,May,6,4,0,1
C17845,2025,6,June,7,5,0,1
C17845,2025,7,July,8,7,0,1
C17845,2025,9,September,10,7,0,1
C17846,2024,7,July,1,2,0,1
C17846,2024,9,September,3,3,0,1
C17846,2024,11,November,4,4,0,1
C17846,2025,1,January,5,5,0,1
C17846,2025,4,April,6,6,0,1
C17846,2025,5,May,7,7,0,1
C17846,2025,6,June,8,8,0,1
C17846,2025,9,September,10,9,0,1
C17846,2025,10,October,11,10,0,1
C17847,2024,7,July,1,1,1,0
C17847,2024,9,September,2,2,0,1
C17847,2024,10,October,3,3,0,1
C17847,2024,11,November,4,4,0,1
C17847,2025,3,March,5,5,0,1
C17848,2024,8,August,1,1,1,0
C17848,2024,9,September,2,2,0,1
C17848,2025,4,April,3,4,0,1
C17848,2025,8,August,5,5,0,1
C17849,2024,7,July,1,1,1,0
C17849,2024,10,October,2,2,0,1
C17849,2025,3,March,3,3,0,1
C17850,2024,7,July,1,1,1,0
C17850,2025,3,March,2,2,0,1
C17851,2024,11,November,1,1,1,0
C17852,2025,3,March,1,1,1,0
C17852,2025,4,April,2,2,0,1
C17852,2025,5,May,3,3,0,1
C17852,2025,12,December,4,4,0,1
C17853,2025,11,November,1,1,1,0
C17854,2025,1,January,1,0,1,0
C17854,2025,10,October,2,1,0,0
C17855,2025,5,May,1,0,1,0
C17855,2025,6,June,2,1,0,0
C17855,2025,10,October,3,2,0,1
C17856,2024,10,October,1,1,1,0
C17856,2025,4,April,2,2,0,1
C17856,2025,10,October,3,3,0,1
C17856,2025,11,November,4,4,0,1
C17857,2024,7,July,1,0,1,0
C17857,2024,8,August,2,1,0,0
C17857,2024,11,November,3,2,0,1
C17857,2024,12,December,4,3,0,1
C17857,2025,3,March,5,4,0,1
C17857,2025,10,October,6,4,0,1
C17860,2024,8,August,1,1,1,0
C17860,2024,11,November,2,2,0,1
C17860,2025,9,September,3,3,0,1
C17860,2025,10,October,4,4,0,1
C17860,2025,12,December,5,5,0,1
C17861,2025,5,May,1,1,1,0
C17862,2024,10,October,1,1,1,0
C17862,2024,11,November,2,2,0,1
C17862,2025,3,March,3,4,0,1
C17862,2025,6,June,5,6,0,1
C17863,2025,5,May,1,1,1,0
C17863,2025,11,November,2,2,0,1
C17864,2024,10,October,1,1,1,0
C17864,2025,10,October,2,2,0,1
C17865,2024,10,October,1,1,1,0
C17865,2025,2,February,2,2,0,1
C17865,2025,3,March,3,3,0,1
C17865,2025,6,June,4,3,0,1
C17865,2025,9,September,5,4,0,1
C17866,2024,10,October,1,1,1,0
C17866,2025,3,March,2,2,0,1
C17866,2025,5,May,3,3,0,1
C17866,2025,8,August,4,4,0,1
C17867,2024,7,July,1,1,1,0
C17867,2024,8,August,2,2,0,1
C17867,2024,11,November,3,3,0,1
C17867,2025,4,April,4,4,0,1
C17867,2025,6,June,6,5,0,1
C17867,2025,8,August,7,6,0,1
C17867,2025,11,November,8,7,0,1
C17867,2025,12,December,9,8,0,1
C17868,2024,7,July,1,0,1,0
C17868,2024,10,October,2,1,0,0
C17869,2024,7,July,1,3,0,1
C17869,2024,8,August,5,4,0,1
C17869,2024,9,September,6,6,0,1
C17869,2025,3,March,8,7,0,1
C17869,2025,5,May,9,8,0,1
C17869,2025,6,June,10,8,0,1
C17869,2025,12,December,11,9,0,1
C17870,2024,11,November,1,0,1,0
C17870,2025,3,March,2,1,0,0
C17870,2025,8,August,3,2,0,1
C17870,2025,9,September,4,3,0,1
C17871,2024,8,August,1,1,1,0
C17871,2024,12,December,2,2,0,1
C17871,2025,1,January,3,3,0,1
C17871,2025,4,April,4,4,0,1
C17872,2024,7,July,1,1,1,0
C17873,2024,11,November,1,0,1,0
C17873,2025,1,January,2,2,0,1
C17873,2025,4,April,4,3,0,1
C17873,2025,6,June,5,4,0,1
C17873,2025,9,September,6,5,0,1
C17873,2025,10,October,7,6,0,1
C17874,2024,7,July,1,1,1,0
C17874,2024,8,August,2,2,0,1
C17874,2024,9,September,3,3,0,1
C17874,2025,5,May,4,3,0,1
C17874,2025,7,July,5,3,0,1
C17875,2024,7,July,1,1,1,0
C17875,2025,7,July,2,2,0,1
C17875,2025,10,October,3,3,0,1
C17876,2024,7,July,1,1,1,0
C17876,2024,8,August,2,2,0,1
C17876,2024,9,September,3,3,0,1
C17876,2024,10,October,4,4,0,1
C17876,2025,3,March,5,5,0,1
C17876,2025,6,June,6,6,0,1
C17876,2025,9,September,7,7,0,1
C17876,2025,10,October,8,8,0,1
C17877,2024,11,November,1,1,1,0
C17877,2024,12,December,3,2,0,1
C17877,2025,1,January,4,3,0,1
C17877,2025,5,May,5,3,0,1
C17877,2025,6,June,6,4,0,1
C17878,2025,7,July,1,1,1,0
C17878,2025,11,November,2,2,0,1
C17879,2024,8,August,1,1,1,0
C17879,2024,12,December,2,2,0,1
C17879,2025,4,April,3,2,0,1
C17879,2025,9,September,4,3,0,1
C17879,2025,12,December,5,3,0,1
C17880,2024,7,July,1,1,1,0
C17880,2024,8,August,2,2,0,1
C17880,2025,9,September,3,3,0,1
C17881,2025,1,January,1,1,1,0
C17881,2025,2,February,2,3,0,1
C17881,2025,4,April,4,3,0,1
C17881,2025,10,October,5,4,0,1
C17882,2024,7,July,1,0,1,0
C17882,2024,10,October,2,2,0,1
C17882,2025,12,December,4,3,0,1
C17883,2024,10,October,1,1,1,0
C17883,2025,11,November,2,2,0,1
C17884,2025,12,December,1,0,1,0
C17885,2025,2,February,1,1,1,0
C17885,2025,6,June,2,2,0,1
C17885,2025,7,July,3,3,0,1
C17885,2025,8,August,4,4,0,1
C17885,2025,11,November,5,5,0,1
C17886,2024,10,October,1,2,0,1
C17886,2025,2,February,3,3,0,1
C17886,2025,3,March,5,5,0,1
C17886,2025,5,May,7,7,0,1
C17887,2024,7,July,1,0,1,0
C17887,2025,6,June,2,1,0,0
C17887,2025,9,September,3,2,0,1
C17888,2024,8,August,1,1,1,0
C17889,2025,5,May,1,1,1,0
C17889,2025,6,June,2,2,0,1
C17889,2025,10,October,3,3,0,1
C17889,2025,11,November,4,5,0,1
C17890,2025,4,April,1,1,1,0
C17890,2025,5,May,2,2,0,1
C17891,2024,10,October,1,1,1,0
C17891,2025,7,July,2,3,0,1
C17891,2025,11,November,4,3,0,1
C17891,2025,12,December,5,4,0,1
C17892,2024,8,August,1,1,1,0
C17892,2025,1,January,2,2,0,1
C17892,2025,4,April,3,4,0,1
C17892,2025,9,September,5,5,0,1
C17892,2025,12,December,6,5,0,1
C17893,2025,1,January,1,0,1,0
C17893,2025,9,September,2,1,0,0
C17893,2025,12,December,3,2,0,1
C17894,2025,1,January,1,2,0,1
C17894,2025,2,February,3,3,0,1
C17894,2025,4,April,4,4,0,1
C17894,2025,7,July,5,5,0,1
C17894,2025,10,October,6,6,0,1
C17895,2024,12,December,1,1,1,0
C17895,2025,1,January,2,2,0,1
C17895,2025,5,May,4,3,0,1
C17895,2025,8,August,5,5,0,1
C17896,2024,11,November,1,0,1,0
C17896,2025,9,September,2,1,0,0
C17897,2024,9,September,1,1,1,0
C17897,2024,12,December,2,2,0,1
C17897,2025,4,April,3,2,0,1
C17897,2025,7,July,4,3,0,1
C17897,2025,8,August,5,5,0,1
C17897,2025,9,September,7,6,0,1
C17897,2025,12,December,8,7,0,1
C17898,2025,4,April,1,0,1,0
C17899,2025,1,January,1,0,1,0
C17899,2025,9,September,2,1,0,0
C17899,2025,10,October,3,2,0,1
C17900,2024,9,September,1,1,1,0
C17900,2025,10,October,2,2,0,1
C17900,2025,11,November,3,3,0,1
C17901,2025,5,May,1,1,1,0
C17901,2025,8,August,2,2,0,1
C17901,2025,9,September,3,3,0,1
C17903,2024,7,July,1,0,1,0
C17903,2024,8,August,2,1,0,0
C17903,2024,12,December,3,2,0,1
C17903,2025,8,August,4,3,0,1
C17903,2025,9,September,5,4,0,1
C17904,2024,11,November,1,1,1,0
C17904,2025,1,January,2,1,0,0
C17905,2024,7,July,1,1,1,0
C17905,2024,9,September,2,2,0,1
C17905,2025,4,April,3,3,0,1
C17905,2025,11,November,4,4,0,1
C17906,2025,1,January,1,1,1,0
C17906,2025,6,June,2,1,0,0
C17906,2025,12,December,3,2,0,1
C17907,2024,9,September,1,1,1,0
C17907,2025,5,May,2,2,0,1
C17908,2024,7,July,1,0,1,0
C17908,2025,1,January,2,0,0,0
C17909,2025,11,November,1,1,1,0
C17910,2024,8,August,1,0,1,0
C17910,2024,10,October,2,0,0,0
C17910,2025,1,January,3,1,0,0
C17910,2025,2,February,4,2,0,1
C17910,2025,6,June,5,2,0,1
C17910,2025,7,July,6,3,0,1
C17911,2024,7,July,1,0,1,0
C17911,2024,8,August,2,1,0,0
C17911,2024,10,October,3,2,0,1
C17911,2025,6,June,4,3,0,1
C17911,2025,10,October,5,4,0,1
C17911,2025,12,December,6,6,0,1
C17912,2025,7,July,1,2,0,1
C17912,2025,10,October,3,2,0,1
C17913,2024,7,July,1,1,1,0
C17913,2024,9,September,2,2,0,1
C17913,2025,3,March,3,4,0,1
C17913,2025,7,July,5,5,0,1
C17913,2025,11,November,6,7,0,1
C17914,2024,7,July,1,0,1,0
C17914,2024,8,August,2,2,0,1
C17914,2025,4,April,4,4,0,1
C17914,2025,12,December,6,5,0,1
C17915,2025,2,February,1,1,1,0
C17915,2025,11,November,2,1,0,0
C17916,2024,8,August,1,1,1,0
C17916,2024,11,November,2,2,0,1
C17916,2025,10,October,3,3,0,1
C17916,2025,12,December,4,4,0,1
C17917,2024,7,July,1,1,1,0
C17917,2024,9,September,2,2,0,1
C17917,2025,1,January,3,3,0,1
C17917,2025,9,September,4,4,0,1
C17918,2025,3,March,1,1,1,0
C17918,2025,6,June,2,2,0,1
C17918,2025,9,September,3,3,0,1
C17919,2025,3,March,1,1,1,0
C17919,2025,4,April,2,2,0,1
C17920,2025,10,October,1,1,1,0
C17921,2024,8,August,1,1,1,0
C17922,2025,4,April,1,1,1,0
C17922,2025,8,August,2,2,0,1
C17923,2024,10,October,1,0,1,0
C17924,2025,7,July,1,1,1,0
C17925,2025,2,February,1,1,1,0
C17925,2025,4,April,2,2,0,1
C17926,2025,10,October,1,1,1,0
C17927,2024,10,October,1,1,1,0
C17927,2024,11,November,2,2,0,1
C17927,2025,6,June,3,3,0,1
C17927,2025,7,July,4,3,0,1
C17927,2025,8,August,5,4,0,1
C17927,2025,11,November,6,6,0,1
C17927,2025,12,December,8,7,0,1
C17928,2024,9,September,1,1,1,0
C17929,2024,11,November,1,1,1,0
C17929,2025,3,March,2,2,0,1
C17929,2025,7,July,3,2,0,1
C17929,2025,12,December,4,3,0,1
C17930,2024,8,August,1,0,1,0
C17930,2024,11,November,2,1,0,0
C17930,2025,1,January,3,1,0,0
C17930,2025,2,February,4,2,0,1
C17930,2025,3,March,5,3,0,1
C17930,2025,8,August,6,4,0,1
C17930,2025,9,September,7,5,0,1
C17931,2024,12,December,1,1,1,0
C17931,2025,4,April,2,3,0,1
C17931,2025,10,October,4,4,0,1
C17931,2025,12,December,5,5,0,1
C17932,2024,8,August,1,0,1,0
C17932,2024,10,October,2,1,0,0
C17932,2025,5,May,3,3,0,1
C17932,2025,9,September,5,5,0,1
C17933,2024,7,July,1,1,1,0
C17933,2024,9,September,2,2,0,1
C17934,2025,7,July,1,1,1,0
C17935,2025,11,November,1,1,1,0
C17936,2024,8,August,1,1,1,0
C17936,2025,6,June,2,2,0,1
C17937,2025,5,May,1,1,1,0
C17937,2025,7,July,2,2,0,1
C17937,2025,11,November,3,3,0,1
C17937,2025,12,December,4,4,0,1
C17938,2025,4,April,1,1,1,0
C17938,2025,6,June,2,2,0,1
C17939,2024,8,August,1,0,1,0
C17939,2024,10,October,2,0,0,0
C17939,2025,7,July,3,1,0,0
C17939,2025,8,August,4,2,0,1
C17940,2024,8,August,1,1,1,0
C17940,2025,4,April,2,2,0,1
C17940,2025,7,July,3,3,0,1
C17940,2025,8,August,4,4,0,1
C17941,2024,9,September,1,1,1,0
C17941,2025,1,January,2,2,0,1
C17941,2025,2,February,3,3,0,1
C17941,2025,4,April,4,4,0,1
C17941,2025,7,July,5,5,0,1
C17941,2025,10,October,6,6,0,1
C17942,2024,7,July,1,1,1,0
C17942,2024,11,November,2,1,0,0
C17943,2024,9,September,1,1,1,0
C17943,2025,3,March,2,1,0,0
C17943,2025,4,April,3,2,0,1
C17943,2025,6,June,4,2,0,1
C17943,2025,10,October,5,2,0,1
C17944,2024,7,July,1,1,1,0
C17944,2024,9,September,2,2,0,1
C17944,2025,2,February,3,2,0,1
C17944,2025,3,March,4,4,0,1
C17945,2024,10,October,1,1,1,0
C17945,2024,11,November,2,2,0,1
C17945,2025,5,May,3,2,0,1
C17945,2025,6,June,4,3,0,1
C17945,2025,8,August,5,4,0,1
C17946,2024,9,September,1,1,1,0
C17946,2024,10,October,2,2,0,1
C17946,2025,1,January,3,3,0,1
C17946,2025,2,February,4,4,0,1
C17946,2025,3,March,5,5,0,1
C17946,2025,4,April,6,6,0,1
C17946,2025,6,June,7,7,0,1
C17946,2025,7,July,8,8,0,1
C17947,2024,7,July,1,1,1,0
C17947,2024,9,September,2,2,0,1
C17947,2025,1,January,3,3,0,1
C17947,2025,11,November,4,4,0,1
C17948,2024,7,July,1,1,1,0
C17948,2024,8,August,3,2,0,1
C17948,2024,10,October,4,2,0,1
C17948,2025,3,March,5,3,0,1
C17948,2025,6,June,7,4,0,1
C17948,2025,9,September,8,4,0,1
C17948,2025,10,October,9,5,0,1
C17949,2025,7,July,1,1,1,0
C17949,2025,12,December,2,2,0,1
C17950,2024,12,December,1,0,1,0
C17950,2025,11,November,2,1,0,0
C17951,2024,8,August,1,1,1,0
C17951,2024,11,November,2,2,0,1
C17951,2025,5,May,3,3,0,1
C17952,2024,8,August,1,1,1,0
C17952,2025,2,February,2,2,0,1
C17953,2024,7,July,1,1,1,0
C17953,2024,9,September,2,2,0,1
C17953,2024,10,October,3,3,0,1
C17953,2024,11,November,4,4,0,1
C17953,2025,8,August,5,5,0,1
C17954,2024,10,October,1,1,1,0
C17955,2024,8,August,1,1,1,0
C17955,2025,6,June,2,2,0,1
C17956,2024,9,September,1,0,1,0
C17956,2024,10,October,2,2,0,1
C17956,2025,3,March,4,2,0,1
C17956,2025,5,May,5,3,0,1
C17957,2025,4,April,1,1,1,0
C17958,2024,8,August,1,1,1,0
C17958,2025,1,January,2,2,0,1
C17958,2025,2,February,3,4,0,1
C17958,2025,9,September,5,4,0,1
C17959,2024,7,July,1,1,1,0
C17959,2024,10,October,2,2,0,1
C17959,2025,1,January,3,3,0,1
C17959,2025,7,July,4,4,0,1
C17959,2025,12,December,5,5,0,1
C17960,2025,2,February,1,0,1,0
C17960,2025,3,March,2,1,0,0
C17960,2025,9,September,3,2,0,1
C17960,2025,10,October,4,2,0,1
C17961,2024,8,August,1,4,0,1
C17961,2024,9,September,5,6,0,1
C17961,2024,11,November,7,7,0,1
C17961,2024,12,December,9,7,0,1
C17961,2025,1,January,10,8,0,1
C17961,2025,3,March,11,9,0,1
C17961,2025,5,May,12,11,0,1
C17961,2025,10,October,14,12,0,1
C17962,2024,9,September,1,1,1,0
C17962,2024,10,October,2,2,0,1
C17962,2025,2,February,4,2,0,1
C17962,2025,5,May,5,3,0,1
C17962,2025,12,December,6,4,0,1
C17963,2024,12,December,1,0,1,0
C17963,2025,1,January,2,0,0,0
C17963,2025,2,February,3,1,0,0
C17963,2025,4,April,4,3,0,1
C17963,2025,5,May,6,4,0,1
C17963,2025,6,June,7,6,0,1
C17963,2025,10,October,9,7,0,1
C17963,2025,12,December,10,7,0,1
C17965,2024,12,December,1,1,1,0
C17965,2025,12,December,2,2,0,1
C17967,2024,7,July,1,1,1,0
C17967,2024,12,December,2,2,0,1
C17967,2025,1,January,3,3,0,1
C17967,2025,4,April,4,4,0,1
C17967,2025,5,May,5,5,0,1
C17967,2025,8,August,6,5,0,1
C17968,2024,10,October,1,1,1,0
C17968,2025,3,March,2,1,0,0
C17968,2025,5,May,3,2,0,1
C17969,2025,1,January,1,1,1,0
C17969,2025,7,July,2,2,0,1
C17969,2025,12,December,3,3,0,1
C17971,2024,8,August,1,1,1,0
C17971,2024,10,October,2,1,0,0
C17971,2024,12,December,3,1,0,0
C17971,2025,2,February,4,2,0,1
C17971,2025,4,April,5,3,0,1
C17971,2025,5,May,6,4,0,1
C17972,2024,11,November,1,1,1,0
C17972,2025,2,February,2,2,0,1
C17973,2024,9,September,1,0,1,0
C17973,2025,4,April,2,1,0,0
C17973,2025,11,November,3,2,0,1
C17974,2024,12,December,1,1,1,0
C17974,2025,5,May,2,2,0,1
C17974,2025,9,September,3,3,0,1
C17974,2025,11,November,4,4,0,1
C17975,2025,1,January,1,2,0,1
C17975,2025,4,April,3,3,0,1
C17976,2024,7,July,1,1,1,0
C17977,2024,9,September,1,1,1,0
C17977,2025,1,January,2,2,0,1
C17977,2025,5,May,3,3,0,1
C17977,2025,6,June,4,4,0,1
C17977,2025,9,September,5,5,0,1
C17977,2025,10,October,6,6,0,1
C17978,2024,7,July,1,1,1,0
C17978,2024,12,December,2,3,0,1
C17978,2025,10,October,4,4,0,1
C17979,2025,3,March,1,1,1,0
C17980,2024,7,July,1,1,1,0
C17980,2024,11,November,2,2,0,1
C17982,2024,8,August,1,1,1,0
C17982,2024,10,October,2,3,0,1
C17982,2024,12,December,4,4,0,1
C17982,2025,8,August,5,6,0,1
C17982,2025,10,October,7,7,0,1
C17983,2024,8,August,1,1,1,0
C17983,2025,2,February,2,2,0,1
C17983,2025,6,June,3,4,0,1
C17984,2024,10,October,1,2,0,1
C17984,2025,9,September,3,3,0,1
C17984,2025,10,October,4,3,0,1
C17985,2025,2,February,1,1,1,0
C17985,2025,6,June,2,2,0,1
C17986,2024,7,July,1,1,1,0
C17986,2025,5,May,2,2,0,1
C17986,2025,9,September,3,3,0,1
C17987,2024,7,July,1,1,1,0
C17987,2024,10,October,2,2,0,1
C17987,2024,12,December,3,2,0,1
C17987,2025,1,January,4,3,0,1
C17987,2025,5,May,5,4,0,1
C17987,2025,6,June,6,5,0,1
C17987,2025,8,August,7,5,0,1
C17987,2025,11,November,8,6,0,1
C17988,2025,1,January,1,1,1,0
C17988,2025,8,August,2,2,0,1
C17991,2024,8,August,1,0,1,0
C17991,2024,9,September,2,1,0,0
C17991,2024,10,October,3,3,0,1
C17991,2025,1,January,5,4,0,1
C17991,2025,3,March,6,5,0,1
C17991,2025,7,July,7,7,0,1
C17991,2025,8,August,9,8,0,1
C17992,2024,8,August,1,0,1,0
C17992,2024,11,November,2,1,0,0
C17992,2025,7,July,3,2,0,1
C17993,2024,9,September,1,1,1,0
C17993,2025,3,March,2,2,0,1
C17994,2024,8,August,1,0,1,0
C17994,2025,1,January,2,1,0,0
C17994,2025,3,March,3,2,0,1
C17994,2025,4,April,4,2,0,1
C17994,2025,9,September,5,2,0,1
C17995,2024,10,October,1,1,1,0
C17995,2025,9,September,2,1,0,0
C17996,2025,5,May,1,0,1,0
C17996,2025,9,September,2,1,0,0
C17998,2024,7,July,1,0,1,0
C17999,2024,8,August,1,1,1,0
C17999,2024,9,September,2,2,0,1
C17999,2025,1,January,3,2,0,1
C17999,2025,8,August,4,3,0,1
C18000,2025,7,July,1,0,1,0
C18001,2024,8,August,1,1,1,0
C18001,2025,5,May,2,2,0,1
C18001,2025,11,November,3,2,0,1
C18002,2024,11,November,1,0,1,0
C18002,2025,5,May,2,0,0,0
C18002,2025,6,June,3,0,0,0
C18002,2025,7,July,4,1,0,0
C18003,2024,10,October,1,1,1,0
C18003,2025,7,July,2,2,0,1
C18003,2025,10,October,3,3,0,1
C18003,2025,11,November,4,4,0,1
C18004,2024,7,July,1,0,1,0
C18004,2024,9,September,2,1,0,0
C18004,2025,1,January,3,2,0,1
C18004,2025,4,April,4,4,0,1
C18004,2025,10,October,6,5,0,1
C18005,2024,7,July,1,1,1,0
C18005,2025,9,September,2,2,0,1
C18006,2024,8,August,1,1,1,0
C18006,2025,1,January,2,2,0,1
C18006,2025,2,February,3,3,0,1
C18006,2025,4,April,4,4,0,1
C18006,2025,7,July,5,5,0,1
C18006,2025,8,August,6,6,0,1
C18007,2024,8,August,1,0,1,0
C18007,2024,10,October,2,1,0,0
C18007,2025,3,March,3,1,0,0
C18007,2025,4,April,4,2,0,1
C18007,2025,10,October,5,2,0,1
C18008,2024,8,August,1,2,0,1
C18008,2025,4,April,3,3,0,1
C18009,2024,9,September,1,1,1,0
C18009,2024,10,October,2,1,0,0
C18009,2024,11,November,3,3,0,1
C18009,2025,6,June,5,4,0,1
C18010,2025,2,February,1,1,1,0
C18010,2025,8,August,2,2,0,1
C18010,2025,10,October,3,3,0,1
C18011,2024,7,July,1,1,1,0
C18011,2024,9,September,2,1,0,0
C18011,2025,2,February,3,2,0,1
C18011,2025,10,October,4,2,0,1
C18011,2025,11,November,5,3,0,1
C18011,2025,12,December,6,4,0,1
C18012,2024,9,September,1,1,1,0
C18012,2024,11,November,2,1,0,0
C18012,2024,12,December,3,2,0,1
C18012,2025,1,January,4,3,0,1
C18012,2025,6,June,5,5,0,1
C18012,2025,9,September,7,6,0,1
C18012,2025,11,November,8,7,0,1
C18013,2024,7,July,1,0,1,0
C18013,2024,9,September,2,1,0,0
C18013,2024,10,October,3,2,0,1
C18013,2025,12,December,4,3,0,1
C18014,2024,9,September,1,1,1,0
C18014,2024,12,December,2,2,0,1
C18014,2025,4,April,3,2,0,1
C18014,2025,5,May,4,3,0,1
C18014,2025,7,July,5,4,0,1
C18015,2024,8,August,1,1,1,0
C18015,2024,12,December,3,1,0,0
C18015,2025,11,November,4,2,0,1
C18016,2025,1,January,1,3,0,1
C18016,2025,6,June,5,4,0,1
C18016,2025,9,September,6,6,0,1
C18017,2024,9,September,1,0,1,0
C18017,2024,10,October,2,1,0,0
C18017,2025,3,March,3,2,0,1
C18017,2025,4,April,4,3,0,1
C18017,2025,6,June,5,4,0,1
C18017,2025,10,October,6,6,0,1
C18018,2024,12,December,1,1,1,0
C18018,2025,3,March,2,2,0,1
C18018,2025,5,May,3,3,0,1
C18018,2025,6,June,4,4,0,1
C18018,2025,7,July,5,5,0,1
C18018,2025,9,September,6,6,0,1
C18018,2025,10,October,7,6,0,1
C18019,2024,10,October,1,0,1,0
C18019,2025,9,September,2,1,0,0
C18020,2025,2,February,1,1,1,0
C18020,2025,3,March,2,1,0,0
C18020,2025,6,June,3,2,0,1
C18020,2025,9,September,4,3,0,1
C18021,2025,1,January,1,1,1,0
C18021,2025,5,May,2,2,0,1
C18022,2025,1,January,1,1,1,0
C18022,2025,9,September,2,2,0,1
C18023,2025,1,January,1,0,1,0
C18023,2025,6,June,2,1,0,0
C18024,2025,8,August,1,1,1,0
C18024,2025,9,September,2,2,0,1
C18024,2025,12,December,3,3,0,1
C18025,2024,10,October,1,0,1,0
C18025,2025,6,June,2,1,0,0
C18025,2025,12,December,3,2,0,1
C18026,2025,3,March,1,1,1,0
C18026,2025,11,November,2,2,0,1
C18026,2025,12,December,3,3,0,1
C18027,2024,7,July,1,2,0,1
C18027,2024,11,November,3,2,0,1
C18028,2024,8,August,1,1,1,0
C18028,2024,9,September,2,2,0,1
C18029,2024,9,September,1,1,1,0
C18029,2024,12,December,3,2,0,1
C18029,2025,1,January,5,3,0,1
C18029,2025,8,August,6,4,0,1
C18030,2024,12,December,1,1,1,0
C18030,2025,11,November,2,2,0,1
C18031,2025,1,January,1,1,1,0
C18031,2025,2,February,2,2,0,1
C18032,2024,9,September,1,2,0,1
C18032,2025,11,November,3,3,0,1
C18033,2024,7,July,1,1,1,0
C18034,2025,3,March,1,0,1,0
C18034,2025,6,June,2,1,0,0
C18034,2025,7,July,3,2,0,1
C18034,2025,11,November,4,3,0,1
C18035,2024,10,October,1,1,1,0
C18035,2024,11,November,2,2,0,1
C18035,2025,7,July,3,3,0,1
C18035,2025,8,August,4,4,0,1
C18035,2025,9,September,5,5,0,1
C18036,2024,11,November,1,1,1,0
C18036,2025,4,April,2,1,0,0
C18036,2025,6,June,3,2,0,1
C18036,2025,12,December,4,3,0,1
C18037,2025,2,February,1,1,1,0
C18037,2025,5,May,2,3,0,1
C18037,2025,7,July,4,4,0,1
C18038,2024,7,July,1,2,0,1
C18038,2025,2,February,3,2,0,1
C18038,2025,9,September,4,3,0,1
C18039,2024,8,August,1,2,0,1
C18039,2024,9,September,3,2,0,1
C18039,2024,11,November,4,4,0,1
C18039,2024,12,December,6,5,0,1
C18039,2025,3,March,7,6,0,1
C18039,2025,10,October,8,7,0,1
C18039,2025,11,November,9,8,0,1
C18040,2024,12,December,1,2,0,1
C18040,2025,5,May,3,3,0,1
C18041,2024,12,December,1,1,1,0
C18041,2025,3,March,2,2,0,1
C18042,2024,8,August,1,1,1,0
C18042,2025,4,April,2,2,0,1
C18042,2025,7,July,3,3,0,1
C18044,2025,7,July,1,1,1,0
C18044,2025,8,August,2,2,0,1
C18044,2025,10,October,3,3,0,1
C18044,2025,12,December,4,4,0,1
C18045,2024,9,September,1,1,1,0
C18045,2024,10,October,2,3,0,1
C18045,2024,11,November,4,4,0,1
C18045,2025,3,March,5,5,0,1
C18045,2025,5,May,6,6,0,1
C18045,2025,8,August,8,6,0,1
C18045,2025,11,November,9,6,0,1
C18047,2024,8,August,1,1,1,0
C18047,2024,11,November,2,2,0,1
C18047,2024,12,December,3,2,0,1
C18047,2025,1,January,4,3,0,1
C18048,2024,12,December,1,1,1,0
C18048,2025,2,February,3,1,0,0
C18048,2025,11,November,4,2,0,1
C18049,2025,3,March,1,1,1,0
C18049,2025,8,August,2,2,0,1
C18049,2025,11,November,3,3,0,1
C18049,2025,12,December,4,4,0,1
C18050,2024,11,November,1,1,1,0
C18050,2025,7,July,2,1,0,0
C18051,2024,9,September,1,1,1,0
C18051,2025,7,July,2,1,0,0
C18051,2025,11,November,3,2,0,1
C18052,2024,10,October,1,0,1,0
C18052,2025,5,May,2,1,0,0
C18052,2025,7,July,3,2,0,1
C18052,2025,9,September,4,3,0,1
C18053,2024,7,July,1,1,1,0
C18053,2024,10,October,2,2,0,1
C18053,2024,11,November,3,2,0,1
C18053,2024,12,December,4,3,0,1
C18053,2025,1,January,5,4,0,1
C18053,2025,6,June,6,5,0,1
C18053,2025,10,October,7,7,0,1
C18053,2025,12,December,9,8,0,1
C18054,2024,11,November,1,1,1,0
C18054,2025,4,April,2,2,0,1
C18055,2024,7,July,1,0,1,0
C18055,2025,4,April,2,1,0,0
C18056,2025,1,January,1,1,1,0
C18056,2025,11,November,2,2,0,1
C18057,2024,7,July,1,1,1,0
C18057,2024,11,November,2,1,0,0
C18057,2025,2,February,3,2,0,1
C18057,2025,8,August,4,2,0,1
C18058,2024,7,July,1,0,1,0
C18058,2024,12,December,2,0,0,0
C18058,2025,1,January,3,1,0,0
C18058,2025,3,March,4,2,0,1
C18058,2025,4,April,5,3,0,1
C18058,2025,7,July,6,4,0,1
C18058,2025,8,August,7,5,0,1
C18058,2025,9,September,8,6,0,1
C18059,2024,12,December,1,0,1,0
C18059,2025,4,April,2,1,0,0
C18060,2024,7,July,1,1,1,0
C18060,2025,8,August,2,1,0,0
C18061,2024,8,August,1,1,1,0
C18061,2024,9,September,2,2,0,1
C18061,2024,11,November,3,3,0,1
C18061,2025,1,January,4,4,0,1
C18061,2025,3,March,5,5,0,1
C18061,2025,6,June,6,8,0,1
C18061,2025,7,July,9,9,0,1
C18061,2025,10,October,10,11,0,1
C18062,2024,8,August,1,1,1,0
C18062,2025,5,May,2,2,0,1
C18063,2024,8,August,1,1,1,0
C18063,2025,1,January,2,3,0,1
C18064,2024,8,August,1,1,1,0
C18064,2025,9,September,2,2,0,1
C18065,2024,8,August,1,1,1,0
C18065,2024,10,October,2,2,0,1
C18065,2025,4,April,3,3,0,1
C18066,2024,10,October,1,1,1,0
C18066,2025,1,January,2,1,0,0
C18066,2025,5,May,3,2,0,1
C18067,2024,8,August,1,2,0,1
C18067,2025,2,February,3,3,0,1
C18067,2025,3,March,4,4,0,1
C18068,2024,12,December,1,1,1,0
C18068,2025,7,July,2,2,0,1
C18069,2024,11,November,1,0,1,0
C18069,2024,12,December,2,1,0,0
C18070,2024,8,August,1,1,1,0
C18072,2025,6,June,1,0,1,0
C18072,2025,8,August,2,1,0,0
C18073,2024,9,September,1,1,1,0
C18073,2025,4,April,2,2,0,1
C18073,2025,6,June,3,3,0,1
C18074,2024,9,September,1,1,1,0
C18074,2025,7,July,2,2,0,1
C18074,2025,9,September,3,3,0,1
C18074,2025,10,October,4,3,0,1
C18075,2025,3,March,1,0,1,0
C18076,2025,2,February,1,1,1,0
C18076,2025,5,May,2,2,0,1
C18076,2025,6,June,3,3,0,1
C18076,2025,7,July,4,4,0,1
C18076,2025,9,September,5,5,0,1
C18077,2024,9,September,1,1,1,0
C18077,2025,1,January,2,2,0,1
C18077,2025,5,May,3,3,0,1
C18077,2025,6,June,4,4,0,1
C18077,2025,7,July,5,5,0,1
C18077,2025,8,August,7,6,0,1
C18077,2025,11,November,8,7,0,1
C18078,2024,10,October,1,1,1,0
C18078,2024,12,December,2,2,0,1
C18078,2025,6,June,3,3,0,1
C18078,2025,7,July,4,4,0,1
C18079,2024,9,September,1,1,1,0
C18080,2024,7,July,1,1,1,0
C18080,2024,12,December,2,2,0,1
C18080,2025,1,January,3,3,0,1
C18080,2025,10,October,4,3,0,1
C18080,2025,11,November,5,3,0,1
C18081,2025,1,January,1,0,1,0
C18081,2025,5,May,2,1,0,0
C18081,2025,9,September,3,2,0,1
C18082,2024,7,July,1,1,1,0
C18082,2024,10,October,2,2,0,1
C18082,2025,7,July,3,3,0,1
C18082,2025,10,October,4,4,0,1
C18083,2025,9,September,1,1,1,0
C18084,2024,8,August,1,1,1,0
C18085,2024,8,August,1,1,1,0
C18085,2024,11,November,2,3,0,1
C18085,2024,12,December,5,4,0,1
C18085,2025,1,January,6,6,0,1
C18085,2025,12,December,8,7,0,1
C18086,2024,10,October,1,1,1,0
C18086,2024,11,November,2,3,0,1
C18087,2024,9,September,1,1,1,0
C18087,2024,10,October,2,2,0,1
C18087,2024,12,December,4,3,0,1
C18087,2025,2,February,5,4,0,1
C18087,2025,4,April,6,5,0,1
C18088,2024,7,July,1,1,1,0
C18088,2024,10,October,2,2,0,1
C18088,2025,5,May,3,3,0,1
C18088,2025,8,August,4,3,0,1
C18088,2025,9,September,5,4,0,1
C18089,2024,9,September,1,1,1,0
C18089,2024,12,December,2,2,0,1
C18089,2025,3,March,3,3,0,1
C18089,2025,4,April,4,4,0,1
C18089,2025,5,May,5,5,0,1
C18089,2025,6,June,6,6,0,1
C18090,2024,7,July,1,1,1,0
C18090,2025,3,March,2,2,0,1
C18090,2025,7,July,3,3,0,1
C18090,2025,12,December,4,4,0,1
C18091,2024,9,September,1,1,1,0
C18091,2024,10,October,2,2,0,1
C18091,2024,11,November,3,3,0,1
C18091,2025,5,May,4,4,0,1
C18092,2024,9,September,1,0,1,0
C18093,2024,10,October,1,1,1,0
C18094,2024,8,August,1,1,1,0
C18094,2024,10,October,2,2,0,1
C18094,2025,8,August,3,3,0,1
C18095,2024,8,August,1,0,1,0
C18095,2024,9,September,2,1,0,0
C18095,2024,10,October,3,2,0,1
C18095,2024,12,December,4,4,0,1
C18095,2025,2,February,6,5,0,1
C18095,2025,5,May,7,7,0,1
C18095,2025,9,September,9,8,0,1
C18095,2025,10,October,10,8,0,1
C18095,2025,11,November,11,9,0,1
C18095,2025,12,December,12,10,0,1
C18096,2025,7,July,1,0,1,0
C18097,2024,10,October,1,1,1,0
C18097,2024,11,November,2,2,0,1
C18097,2025,3,March,3,3,0,1
C18098,2024,8,August,1,1,1,0
C18098,2025,3,March,2,2,0,1
C18098,2025,5,May,3,3,0,1
C18098,2025,6,June,4,4,0,1
C18098,2025,8,August,5,5,0,1
C18099,2025,1,January,1,1,1,0
C18099,2025,2,February,2,2,0,1
C18099,2025,5,May,3,4,0,1
C18099,2025,12,December,5,5,0,1
C18100,2024,9,September,1,1,1,0
C18100,2024,10,October,2,2,0,1
C18100,2024,11,November,3,5,0,1
C18100,2025,2,February,6,7,0,1
C18100,2025,3,March,8,8,0,1
C18100,2025,10,October,9,9,0,1
C18101,2025,9,September,1,0,1,0
C18102,2024,8,August,1,1,1,0
C18102,2024,10,October,2,2,0,1
C18103,2024,8,August,1,1,1,0
C18103,2025,4,April,2,2,0,1
C18103,2025,5,May,3,2,0,1
C18104,2024,10,October,1,1,1,0
C18104,2024,11,November,2,2,0,1
C18104,2024,12,December,3,3,0,1
C18104,2025,2,February,4,4,0,1
C18104,2025,3,March,5,5,0,1
C18104,2025,5,May,6,5,0,1
C18104,2025,9,September,7,5,0,1
C18104,2025,11,November,8,6,0,1
C18105,2024,11,November,1,1,1,0
C18105,2025,3,March,2,2,0,1
C18106,2024,11,November,1,1,1,0
C18106,2024,12,December,3,2,0,1
C18106,2025,3,March,4,3,0,1
C18106,2025,4,April,5,4,0,1
C18107,2024,11,November,1,1,1,0
C18109,2024,11,November,1,1,1,0
C18109,2025,3,March,2,1,0,0
C18109,2025,4,April,3,1,0,0
C18109,2025,5,May,4,2,0,1
C18109,2025,8,August,5,3,0,1
C18110,2024,7,July,1,1,1,0
C18110,2024,8,August,2,2,0,1
C18111,2025,3,March,1,0,1,0
C18111,2025,11,November,2,2,0,1
C18111,2025,12,December,4,4,0,1
C18112,2024,11,November,1,1,1,0
C18112,2024,12,December,2,1,0,0
C18112,2025,6,June,3,4,0,1
C18112,2025,8,August,6,5,0,1
C18112,2025,12,December,7,6,0,1
C18113,2025,7,July,1,1,1,0
C18113,2025,9,September,2,2,0,1
C18114,2024,8,August,1,1,1,0
C18114,2025,1,January,2,2,0,1
C18114,2025,11,November,3,2,0,1
C18115,2024,8,August,1,1,1,0
C18115,2024,10,October,2,2,0,1
C18115,2025,3,March,4,3,0,1
C18115,2025,4,April,5,3,0,1
C18115,2025,9,September,6,4,0,1
C18115,2025,10,October,7,5,0,1
C18115,2025,11,November,8,6,0,1
C18116,2025,3,March,1,3,0,1
C18116,2025,7,July,4,4,0,1
C18116,2025,10,October,5,5,0,1
C18117,2024,8,August,1,4,0,1
C18117,2024,12,December,5,4,0,1
C18117,2025,3,March,6,6,0,1
C18117,2025,4,April,8,6,0,1
C18117,2025,8,August,9,8,0,1
C18117,2025,11,November,11,9,0,1
C18117,2025,12,December,12,9,0,1
C18118,2025,4,April,1,0,1,0
C18118,2025,6,June,2,0,0,0
C18118,2025,8,August,3,0,0,0
C18118,2025,10,October,4,1,0,0
C18119,2024,7,July,1,1,1,0
C18119,2025,3,March,2,2,0,1
C18119,2025,5,May,3,3,0,1
C18119,2025,7,July,4,4,0,1
C18119,2025,9,September,5,4,0,1
C18119,2025,11,November,6,6,0,1
C18120,2024,8,August,1,1,1,0
C18120,2025,3,March,2,2,0,1
C18120,2025,4,April,3,2,0,1
C18120,2025,5,May,4,3,0,1
C18120,2025,10,October,5,4,0,1
C18121,2024,7,July,1,1,1,0
C18121,2025,3,March,2,2,0,1
C18122,2025,1,January,1,1,1,0
C18122,2025,2,February,2,2,0,1
C18123,2024,7,July,1,1,1,0
C18123,2024,10,October,2,2,0,1
C18123,2025,7,July,3,3,0,1
C18124,2024,7,July,1,1,1,0
C18124,2024,11,November,2,2,0,1
C18124,2025,3,March,3,2,0,1
C18124,2025,4,April,4,2,0,1
C18124,2025,5,May,5,3,0,1
C18125,2024,11,November,1,1,1,0
C18125,2025,2,February,3,2,0,1
C18125,2025,7,July,4,4,0,1
C18125,2025,12,December,6,6,0,1
C18126,2024,12,December,1,1,1,0
C18126,2025,6,June,2,2,0,1
C18126,2025,9,September,3,3,0,1
C18126,2025,10,October,5,4,0,1
C18126,2025,11,November,6,5,0,1
C18127,2024,7,July,1,1,1,0
C18127,2024,8,August,2,2,0,1
C18127,2024,9,September,3,3,0,1
C18127,2025,1,January,4,4,0,1
C18127,2025,12,December,5,4,0,1
C18129,2024,8,August,1,1,1,0
C18129,2024,10,October,2,3,0,1
C18129,2024,12,December,4,4,0,1
C18129,2025,1,January,5,4,0,1
C18129,2025,5,May,6,5,0,1
C18129,2025,6,June,7,6,0,1
C18129,2025,9,September,8,7,0,1
C18129,2025,10,October,10,8,0,1
C18130,2024,9,September,1,0,1,0
C18130,2024,10,October,2,1,0,0
C18130,2025,10,October,3,2,0,1
C18130,2025,11,November,4,3,0,1
C18130,2025,12,December,5,5,0,1
C18131,2024,9,September,1,0,1,0
C18131,2025,8,August,2,2,0,1
C18132,2024,10,October,1,1,1,0
C18133,2024,12,December,1,1,1,0
C18133,2025,1,January,2,2,0,1
C18133,2025,3,March,3,3,0,1
C18133,2025,4,April,4,4,0,1
C18133,2025,5,May,5,5,0,1
C18133,2025,6,June,6,6,0,1
C18133,2025,10,October,7,7,0,1
C18133,2025,11,November,8,9,0,1
C18133,2025,12,December,10,10,0,1
C18134,2024,9,September,1,1,1,0
C18134,2025,3,March,2,2,0,1
C18134,2025,4,April,3,3,0,1
C18135,2024,7,July,1,2,0,1
C18135,2025,2,February,3,3,0,1
C18135,2025,5,May,4,4,0,1
C18135,2025,12,December,6,5,0,1
C18136,2024,12,December,1,1,1,0
C18136,2025,5,May,2,1,0,0
C18136,2025,7,July,3,2,0,1
C18137,2025,1,January,1,1,1,0
C18137,2025,5,May,2,1,0,0
C18137,2025,8,August,3,2,0,1
C18138,2024,7,July,1,1,1,0
C18138,2024,11,November,2,2,0,1
C18138,2025,6,June,3,3,0,1
C18139,2025,2,February,1,1,1,0
C18140,2024,11,November,1,1,1,0
C18140,2025,2,February,2,2,0,1
C18140,2025,3,March,4,3,0,1
C18140,2025,6,June,5,4,0,1
C18140,2025,9,September,6,6,0,1
C18140,2025,10,October,8,7,0,1
C18140,2025,12,December,9,9,0,1
C18141,2025,8,August,1,1,1,0
C18141,2025,11,November,2,2,0,1
C18142,2024,10,October,1,1,1,0
C18142,2024,11,November,2,2,0,1
C18142,2025,4,April,3,2,0,1
C18142,2025,8,August,4,3,0,1
C18143,2025,8,August,1,0,1,0
C18143,2025,9,September,2,1,0,0
C18144,2025,5,May,1,1,1,0
C18144,2025,10,October,2,2,0,1
C18145,2024,7,July,1,1,1,0
C18145,2024,10,October,2,2,0,1
C18145,2025,1,January,3,3,0,1
C18145,2025,7,July,4,4,0,1
C18145,2025,9,September,5,4,0,1
C18145,2025,10,October,6,5,0,1
C18145,2025,11,November,7,6,0,1
C18146,2024,8,August,1,1,1,0
C18146,2025,6,June,2,2,0,1
C18147,2025,1,January,1,1,1,0
C18147,2025,2,February,2,1,0,0
C18147,2025,5,May,3,2,0,1
C18148,2024,8,August,1,0,1,0
C18148,2025,1,January,2,1,0,0
C18148,2025,6,June,3,2,0,1
C18148,2025,7,July,4,3,0,1
C18148,2025,8,August,5,4,0,1
C18148,2025,10,October,6,5,0,1
C18149,2024,9,September,1,0,1,0
C18149,2025,4,April,2,1,0,0
C18150,2024,9,September,1,1,1,0
C18150,2025,5,May,2,2,0,1
C18150,2025,6,June,3,2,0,1
C18150,2025,7,July,4,2,0,1
C18151,2024,9,September,1,3,0,1
C18151,2024,10,October,4,4,0,1
C18151,2025,2,February,5,5,0,1
C18151,2025,3,March,6,6,0,1
C18151,2025,5,May,7,7,0,1
C18151,2025,8,August,8,8,0,1
C18151,2025,9,September,9,9,0,1
C18151,2025,10,October,10,9,0,1
C18152,2024,9,September,1,1,1,0
C18152,2025,3,March,2,2,0,1
C18153,2024,9,September,1,1,1,0
C18153,2024,12,December,2,2,0,1
C18153,2025,1,January,3,3,0,1
C18153,2025,5,May,4,4,0,1
C18153,2025,7,July,5,5,0,1
C18153,2025,9,September,7,6,0,1
C18153,2025,10,October,8,7,0,1
C18153,2025,12,December,9,9,0,1
C18154,2024,8,August,1,1,1,0
C18154,2024,11,November,2,2,0,1
C18154,2025,4,April,3,3,0,1
C18154,2025,7,July,4,4,0,1
C18154,2025,10,October,6,5,0,1
C18154,2025,11,November,7,6,0,1
C18154,2025,12,December,8,7,0,1
C18155,2025,5,May,1,1,1,0
C18156,2024,8,August,1,1,1,0
C18156,2024,11,November,2,2,0,1
C18156,2024,12,December,3,3,0,1
C18156,2025,4,April,4,3,0,1
C18156,2025,8,August,5,3,0,1
C18156,2025,9,September,6,5,0,1
C18157,2024,11,November,1,0,1,0
C18158,2024,7,July,1,1,1,0
C18158,2024,11,November,2,2,0,1
C18158,2024,12,December,3,3,0,1
C18158,2025,1,January,4,4,0,1
C18158,2025,3,March,5,5,0,1
C18158,2025,5,May,6,5,0,1
C18158,2025,10,October,7,6,0,1
C18158,2025,12,December,8,6,0,1
C18159,2024,8,August,1,1,1,0
C18159,2024,11,November,2,2,0,1
C18159,2024,12,December,3,4,0,1
C18159,2025,2,February,5,5,0,1
C18159,2025,8,August,6,6,0,1
C18160,2025,8,August,1,1,1,0
C18161,2024,10,October,1,1,1,0
C18161,2025,6,June,2,2,0,1
C18162,2025,2,February,1,1,1,0
C18162,2025,5,May,2,2,0,1
C18162,2025,7,July,3,3,0,1
C18162,2025,9,September,4,4,0,1
C18163,2025,3,March,1,0,1,0
C18163,2025,8,August,2,0,0,0
C18164,2025,1,January,1,1,1,0
C18164,2025,2,February,2,2,0,1
C18164,2025,3,March,3,3,0,1
C18165,2024,8,August,1,0,1,0
C18165,2024,11,November,2,0,0,0
C18165,2025,5,May,3,1,0,0
C18165,2025,11,November,4,2,0,1
C18166,2024,10,October,1,1,1,0
C18166,2025,2,February,2,2,0,1
C18166,2025,4,April,3,2,0,1
C18167,2024,12,December,1,1,1,0
C18167,2025,4,April,2,3,0,1
C18167,2025,7,July,4,3,0,1
C18168,2024,7,July,1,2,0,1
C18168,2024,10,October,3,2,0,1
C18168,2024,12,December,4,3,0,1
C18168,2025,1,January,5,4,0,1
C18168,2025,8,August,6,5,0,1
C18168,2025,10,October,7,6,0,1
C18168,2025,11,November,8,7,0,1
C18169,2025,1,January,1,1,1,0
C18169,2025,8,August,2,2,0,1
C18169,2025,12,December,3,3,0,1
C18170,2024,8,August,1,0,1,0
C18170,2025,2,February,2,1,0,0
C18170,2025,4,April,3,2,0,1
C18170,2025,5,May,5,3,0,1
C18171,2024,7,July,1,1,1,0
C18171,2024,10,October,2,2,0,1
C18171,2024,12,December,3,4,0,1
C18171,2025,1,January,5,5,0,1
C18171,2025,4,April,7,5,0,1
C18171,2025,10,October,8,6,0,1
C18171,2025,11,November,9,7,0,1
C18171,2025,12,December,10,9,0,1
C18172,2024,9,September,1,1,1,0
C18172,2024,10,October,2,5,0,1
C18173,2024,8,August,1,1,1,0
C18173,2025,7,July,2,2,0,1
C18173,2025,9,September,4,3,0,1
C18173,2025,12,December,5,4,0,1
C18174,2024,8,August,1,0,1,0
C18174,2024,10,October,2,1,0,0
C18174,2024,11,November,3,2,0,1
C18174,2024,12,December,4,3,0,1
C18174,2025,12,December,5,4,0,1
C18175,2024,7,July,1,0,1,0
C18175,2024,9,September,2,1,0,0
C18175,2024,10,October,3,2,0,1
C18175,2025,3,March,4,3,0,1
C18175,2025,4,April,5,4,0,1
C18175,2025,7,July,6,6,0,1
C18176,2025,11,November,1,1,1,0
C18177,2024,12,December,1,1,1,0
C18177,2025,1,January,3,2,0,1
C18177,2025,4,April,4,2,0,1
C18177,2025,6,June,5,3,0,1
C18178,2025,2,February,1,1,1,0
C18178,2025,5,May,2,2,0,1
C18178,2025,7,July,3,2,0,1
C18178,2025,11,November,4,3,0,1
C18179,2024,10,October,1,1,1,0
C18179,2024,11,November,2,2,0,1
C18179,2025,5,May,3,3,0,1
C18179,2025,9,September,4,4,0,1
C18179,2025,11,November,5,4,0,1
C18180,2024,9,September,1,1,1,0
C18180,2025,1,January,2,1,0,0
C18180,2025,6,June,3,2,0,1
C18180,2025,8,August,4,3,0,1
C18180,2025,9,September,5,4,0,1
C18180,2025,10,October,6,5,0,1
C18181,2025,5,May,1,1,1,0
C18181,2025,10,October,2,1,0,0
C18182,2024,10,October,1,1,1,0
C18182,2025,1,January,2,2,0,1
C18182,2025,3,March,3,3,0,1
C18182,2025,4,April,4,4,0,1
C18182,2025,7,July,5,5,0,1
C18182,2025,8,August,6,6,0,1
C18183,2025,3,March,1,1,1,0
C18183,2025,10,October,2,1,0,0
C18184,2024,8,August,1,1,1,0
C18184,2025,6,June,2,1,0,0
C18184,2025,11,November,3,2,0,1
C18185,2025,7,July,1,1,1,0
C18185,2025,9,September,2,2,0,1
C18186,2025,10,October,1,0,1,0
C18187,2024,9,September,1,2,0,1
C18187,2025,1,January,3,3,0,1
C18187,2025,3,March,4,4,0,1
C18187,2025,5,May,5,4,0,1
C18187,2025,6,June,6,4,0,1
C18188,2024,9,September,1,1,1,0
C18188,2024,10,October,2,2,0,1
C18188,2024,11,November,3,3,0,1
C18188,2024,12,December,4,4,0,1
C18188,2025,1,January,5,5,0,1
C18188,2025,3,March,6,6,0,1
C18188,2025,6,June,8,7,0,1
C18188,2025,11,November,9,8,0,1
C18188,2025,12,December,10,9,0,1
C18189,2024,8,August,1,0,1,0
C18189,2024,10,October,2,1,0,0
C18189,2024,12,December,3,2,0,1
C18189,2025,8,August,4,2,0,1
C18189,2025,12,December,5,3,0,1
C18190,2024,12,December,1,1,1,0
C18190,2025,12,December,2,2,0,1
C18191,2024,8,August,1,1,1,0
C18191,2024,9,September,2,2,0,1
C18191,2025,6,June,3,3,0,1
C18192,2024,11,November,1,1,1,0
C18192,2025,2,February,2,2,0,1
C18192,2025,6,June,3,3,0,1
C18192,2025,8,August,4,4,0,1
C18192,2025,9,September,5,4,0,1
C18192,2025,10,October,6,4,0,1
C18193,2024,7,July,1,1,1,0
C18193,2025,6,June,2,1,0,0
C18193,2025,11,November,3,2,0,1
C18194,2024,9,September,1,1,1,0
C18194,2024,11,November,2,2,0,1
C18194,2025,9,September,3,3,0,1
C18195,2024,11,November,1,2,0,1
C18195,2025,3,March,3,3,0,1
C18195,2025,4,April,4,4,0,1
C18195,2025,8,August,5,6,0,1
C18195,2025,11,November,7,6,0,1
C18196,2025,1,January,1,1,1,0
C18196,2025,7,July,2,1,0,0
C18196,2025,8,August,3,2,0,1
C18197,2025,1,January,1,1,1,0
C18197,2025,11,November,2,2,0,1
C18198,2025,10,October,1,2,0,1
C18198,2025,11,November,3,3,0,1
C18198,2025,12,December,4,4,0,1
C18199,2024,9,September,1,1,1,0
C18199,2024,11,November,2,2,0,1
C18199,2024,12,December,3,4,0,1
C18199,2025,1,January,7,5,0,1
C18199,2025,5,May,8,6,0,1
C18199,2025,6,June,9,7,0,1
C18199,2025,7,July,10,7,0,1
C18200,2024,11,November,1,2,0,1
C18200,2025,5,May,3,4,0,1
C18200,2025,10,October,5,5,0,1
C18201,2025,2,February,1,1,1,0
C18201,2025,5,May,2,3,0,1
C18201,2025,6,June,4,4,0,1
C18201,2025,7,July,5,5,0,1
C18201,2025,10,October,6,7,0,1
C18201,2025,11,November,8,8,0,1
C18201,2025,12,December,9,8,0,1
C18202,2024,8,August,1,1,1,0
C18202,2024,9,September,2,2,0,1
C18202,2025,10,October,3,3,0,1
C18203,2024,8,August,1,0,1,0
C18203,2024,12,December,2,2,0,1
C18203,2025,10,October,4,2,0,1
C18204,2024,7,July,1,1,1,0
C18204,2024,11,November,2,2,0,1
C18204,2024,12,December,3,4,0,1
C18204,2025,2,February,5,5,0,1
C18204,2025,5,May,6,6,0,1
C18205,2024,9,September,1,1,1,0
C18205,2025,12,December,2,2,0,1
C18206,2024,7,July,1,1,1,0
C18206,2025,3,March,2,1,0,0
C18207,2024,8,August,1,2,0,1
C18207,2024,10,October,3,2,0,1
C18207,2025,1,January,4,3,0,1
C18208,2025,3,March,1,1,1,0
C18208,2025,5,May,2,2,0,1
C18208,2025,7,July,3,3,0,1
C18208,2025,8,August,4,3,0,1
C18208,2025,9,September,5,4,0,1
C18208,2025,11,November,6,5,0,1
C18209,2024,7,July,1,0,1,0
C18209,2024,10,October,2,2,0,1
C18209,2024,11,November,4,3,0,1
C18209,2025,7,July,5,4,0,1
C18210,2024,7,July,1,1,1,0
C18210,2025,1,January,2,1,0,0
C18210,2025,4,April,3,2,0,1
C18210,2025,7,July,4,3,0,1
C18210,2025,8,August,5,4,0,1
C18210,2025,11,November,6,5,0,1
C18211,2024,8,August,1,1,1,0
C18211,2024,10,October,2,2,0,1
C18211,2024,12,December,3,5,0,1
C18211,2025,1,January,6,5,0,1
C18211,2025,3,March,7,6,0,1
C18211,2025,4,April,8,7,0,1
C18211,2025,6,June,9,7,0,1
C18211,2025,7,July,10,8,0,1
C18211,2025,10,October,11,9,0,1
C18211,2025,12,December,12,11,0,1
C18212,2024,9,September,1,1,1,0
C18212,2024,10,October,2,2,0,1
C18212,2024,11,November,3,3,0,1
C18212,2025,4,April,4,3,0,1
C18212,2025,9,September,5,4,0,1
C18213,2025,1,January,1,1,1,0
C18213,2025,3,March,2,2,0,1
C18213,2025,4,April,3,3,0,1
C18213,2025,8,August,4,3,0,1
C18214,2024,10,October,1,0,1,0
C18214,2024,11,November,2,2,0,1
C18214,2025,5,May,4,2,0,1
C18214,2025,7,July,5,3,0,1
C18215,2025,6,June,1,2,0,1
C18215,2025,8,August,3,3,0,1
C18215,2025,10,October,4,4,0,1
C18215,2025,11,November,5,5,0,1
C18216,2024,8,August,1,1,1,0
C18216,2024,10,October,2,2,0,1
C18216,2024,12,December,3,4,0,1
C18216,2025,4,April,5,6,0,1
C18216,2025,10,October,7,8,0,1
C18216,2025,12,December,9,8,0,1
C18217,2024,8,August,1,0,1,0
C18217,2024,9,September,2,1,0,0
C18217,2024,12,December,3,2,0,1
C18218,2024,7,July,1,1,1,0
C18218,2024,8,August,2,2,0,1
C18218,2024,9,September,3,3,0,1
C18218,2025,10,October,4,4,0,1
C18219,2025,3,March,1,2,0,1
C18219,2025,9,September,3,4,0,1
C18219,2025,12,December,5,5,0,1
C18220,2024,9,September,1,1,1,0
C18220,2024,11,November,2,2,0,1
C18220,2025,1,January,4,2,0,1
C18220,2025,3,March,5,3,0,1
C18220,2025,9,September,6,3,0,1
C18220,2025,11,November,7,4,0,1
C18221,2024,9,September,1,1,1,0
C18221,2024,10,October,2,2,0,1
C18221,2025,3,March,3,3,0,1
C18221,2025,5,May,4,4,0,1
C18222,2025,11,November,1,1,1,0
C18223,2024,9,September,1,1,1,0
C18223,2024,10,October,2,1,0,0
C18223,2024,11,November,3,2,0,1
C18223,2025,1,January,4,3,0,1
C18223,2025,2,February,5,4,0,1
C18224,2024,12,December,1,1,1,0
C18224,2025,12,December,2,2,0,1
C18225,2024,11,November,1,1,1,0
C18225,2025,1,January,2,2,0,1
C18226,2024,11,November,1,1,1,0
C18226,2025,5,May,2,2,0,1
C18227,2025,3,March,1,1,1,0
C18227,2025,5,May,2,2,0,1
C18227,2025,10,October,3,4,0,1
C18228,2024,12,December,1,2,0,1
C18228,2025,1,January,3,4,0,1
C18228,2025,4,April,5,5,0,1
C18228,2025,6,June,6,6,0,1
C18228,2025,8,August,7,7,0,1
C18229,2024,8,August,1,1,1,0
C18229,2024,11,November,2,2,0,1
C18229,2025,4,April,3,3,0,1
C18229,2025,10,October,4,4,0,1
C18231,2024,8,August,1,0,1,0
C18231,2024,10,October,2,1,0,0
C18231,2024,11,November,3,1,0,0
C18231,2025,4,April,4,2,0,1
C18231,2025,5,May,5,2,0,1
C18231,2025,9,September,6,3,0,1
C18231,2025,11,November,7,4,0,1
C18231,2025,12,December,8,5,0,1
C18232,2025,5,May,1,1,1,0
C18232,2025,7,July,2,2,0,1
C18232,2025,8,August,3,2,0,1
C18233,2025,6,June,1,0,1,0
C18234,2025,1,January,1,1,1,0
C18234,2025,2,February,2,2,0,1
C18234,2025,4,April,3,3,0,1
C18234,2025,5,May,5,3,0,1
C18234,2025,7,July,6,4,0,1
C18234,2025,8,August,7,5,0,1
C18234,2025,10,October,8,6,0,1
C18234,2025,11,November,9,6,0,1
C18234,2025,12,December,10,7,0,1
C18235,2024,8,August,1,1,1,0
C18235,2025,8,August,2,2,0,1
C18235,2025,9,September,3,3,0,1
C18235,2025,10,October,4,4,0,1
C18235,2025,11,November,5,5,0,1
C18236,2025,2,February,1,1,1,0
C18237,2024,7,July,1,2,0,1
C18237,2024,8,August,3,3,0,1
C18237,2024,10,October,4,3,0,1
C18237,2025,3,March,5,4,0,1
C18237,2025,10,October,6,5,0,1
C18237,2025,11,November,7,6,0,1
C18238,2024,7,July,1,1,1,0
C18238,2024,9,September,2,2,0,1
C18238,2025,3,March,3,4,0,1
C18238,2025,5,May,5,5,0,1
C18238,2025,9,September,6,6,0,1
C18238,2025,10,October,7,7,0,1
C18239,2024,11,November,1,1,1,0
C18239,2025,4,April,2,2,0,1
C18240,2025,4,April,1,1,1,0
C18242,2024,10,October,1,1,1,0
C18242,2024,12,December,2,2,0,1
C18242,2025,5,May,3,3,0,1
C18242,2025,6,June,4,5,0,1
C18242,2025,9,September,6,6,0,1
C18242,2025,12,December,7,7,0,1
C18243,2024,8,August,1,1,1,0
C18243,2024,10,October,2,3,0,1
C18243,2025,8,August,5,5,0,1
C18243,2025,11,November,7,6,0,1
C18244,2024,7,July,1,1,1,0
C18244,2024,10,October,2,2,0,1
C18244,2025,3,March,3,3,0,1
C18245,2024,12,December,1,1,1,0
C18245,2025,1,January,2,2,0,1
C18245,2025,8,August,3,2,0,1
C18245,2025,9,September,4,3,0,1
C18245,2025,11,November,5,3,0,1
C18246,2024,7,July,1,1,1,0
C18246,2024,8,August,2,2,0,1
C18246,2025,1,January,3,3,0,1
C18246,2025,2,February,6,4,0,1
C18246,2025,4,April,7,5,0,1
C18246,2025,11,November,8,6,0,1
C18247,2024,9,September,1,0,1,0
C18248,2024,9,September,1,1,1,0
C18248,2025,12,December,2,2,0,1
C18249,2024,10,October,1,1,1,0
C18249,2024,11,November,2,2,0,1
C18249,2024,12,December,3,3,0,1
C18249,2025,6,June,4,4,0,1
C18249,2025,11,November,5,5,0,1
C18250,2025,2,February,1,1,1,0
C18250,2025,7,July,2,2,0,1
C18250,2025,9,September,3,3,0,1
C18251,2024,8,August,1,1,1,0
C18251,2025,5,May,3,2,0,1
C18251,2025,7,July,4,3,0,1
C18251,2025,9,September,5,4,0,1
C18251,2025,10,October,6,5,0,1
C18251,2025,11,November,7,6,0,1
C18251,2025,12,December,8,7,0,1
C18252,2024,8,August,1,1,1,0
C18252,2024,9,September,2,2,0,1
C18252,2025,1,January,3,2,0,1
C18252,2025,5,May,4,3,0,1
C18252,2025,7,July,6,4,0,1
C18252,2025,8,August,7,5,0,1
C18252,2025,9,September,8,5,0,1
C18252,2025,10,October,9,6,0,1
C18253,2024,12,December,1,1,1,0
C18253,2025,4,April,2,2,0,1
C18253,2025,11,November,3,2,0,1
C18253,2025,12,December,4,2,0,1
C18254,2024,9,September,1,1,1,0
C18254,2024,11,November,2,2,0,1
C18254,2025,2,February,3,3,0,1
C18254,2025,6,June,4,4,0,1
C18254,2025,10,October,5,6,0,1
C18254,2025,11,November,8,6,0,1
C18255,2024,7,July,1,1,1,0
C18255,2024,11,November,2,2,0,1
C18255,2025,3,March,3,3,0,1
C18255,2025,4,April,4,4,0,1
C18256,2025,1,January,1,1,1,0
C18256,2025,3,March,2,2,0,1
C18256,2025,6,June,3,3,0,1
C18256,2025,7,July,4,5,0,1
C18256,2025,11,November,6,6,0,1
C18257,2025,2,February,1,1,1,0
C18258,2024,8,August,1,1,1,0
C18258,2024,12,December,2,2,0,1
C18258,2025,1,January,3,3,0,1
C18258,2025,2,February,5,4,0,1
C18258,2025,4,April,7,5,0,1
C18258,2025,5,May,8,6,0,1
C18258,2025,7,July,9,7,0,1
C18258,2025,10,October,10,8,0,1
C18259,2024,12,December,1,1,1,0
C18259,2025,3,March,2,2,0,1
C18259,2025,9,September,3,2,0,1
C18259,2025,12,December,4,3,0,1
C18260,2024,7,July,1,0,1,0
C18261,2024,11,November,1,1,1,0
C18261,2024,12,December,2,2,0,1
C18261,2025,1,January,3,4,0,1
C18261,2025,2,February,5,5,0,1
C18261,2025,3,March,6,6,0,1
C18261,2025,5,May,7,7,0,1
C18261,2025,8,August,8,8,0,1
C18261,2025,12,December,9,10,0,1
C18262,2024,12,December,1,0,1,0
C18263,2024,7,July,1,0,1,0
C18263,2024,8,August,2,1,0,0
C18263,2024,12,December,3,2,0,1
C18263,2025,2,February,4,4,0,1
C18263,2025,11,November,7,5,0,1
C18264,2024,8,August,1,1,1,0
C18264,2025,8,August,2,2,0,1
C18265,2025,12,December,1,0,1,0
C18266,2024,9,September,1,2,0,1
C18266,2025,5,May,3,4,0,1
C18266,2025,7,July,5,7,0,1
C18267,2024,7,July,1,1,1,0
C18267,2025,2,February,2,2,0,1
C18267,2025,6,June,3,2,0,1
C18268,2024,8,August,1,1,1,0
C18268,2025,7,July,2,2,0,1
C18269,2025,1,January,1,0,1,0
C18269,2025,4,April,2,1,0,0
C18269,2025,10,October,3,1,0,0
C18270,2024,7,July,1,1,1,0
C18270,2024,8,August,2,3,0,1
C18270,2025,2,February,4,5,0,1
C18270,2025,4,April,6,6,0,1
C18270,2025,5,May,7,7,0,1
C18270,2025,8,August,8,8,0,1
C18270,2025,10,October,10,9,0,1
C18270,2025,11,November,11,10,0,1
C18272,2024,7,July,1,1,1,0
C18272,2024,8,August,2,2,0,1
C18272,2024,12,December,3,2,0,1
C18273,2025,2,February,1,0,1,0
C18273,2025,6,June,3,1,0,0
C18274,2025,3,March,1,1,1,0
C18275,2025,3,March,1,1,1,0
C18275,2025,4,April,3,2,0,1
C18275,2025,6,June,4,2,0,1
C18275,2025,7,July,5,3,0,1
C18275,2025,8,August,6,4,0,1
C18275,2025,10,October,7,5,0,1
C18276,2024,8,August,1,1,1,0
C18276,2025,3,March,2,2,0,1
C18276,2025,8,August,3,3,0,1
C18276,2025,11,November,4,4,0,1
C18277,2024,8,August,1,1,1,0
C18277,2025,2,February,2,2,0,1
C18277,2025,4,April,3,3,0,1
C18277,2025,12,December,4,5,0,1
C18278,2024,8,August,1,0,1,0
C18279,2024,12,December,1,2,0,1
C18279,2025,5,May,3,3,0,1
C18279,2025,8,August,4,4,0,1
C18279,2025,9,September,5,5,0,1
C18280,2025,7,July,1,0,1,0
C18280,2025,10,October,2,1,0,0
C18281,2024,12,December,1,1,1,0
C18282,2024,9,September,1,1,1,0
C18282,2024,10,October,2,2,0,1
C18282,2025,1,January,3,4,0,1
C18282,2025,4,April,5,5,0,1
C18282,2025,5,May,6,6,0,1
C18282,2025,6,June,7,6,0,1
C18282,2025,8,August,8,7,0,1
C18282,2025,10,October,9,7,0,1
C18282,2025,11,November,10,8,0,1
C18283,2025,3,March,1,3,0,1
C18284,2024,8,August,1,1,1,0
C18284,2024,9,September,2,1,0,0
C18284,2025,11,November,3,2,0,1
C18285,2024,12,December,1,2,0,1
C18285,2025,1,January,3,2,0,1
C18285,2025,4,April,4,3,0,1
C18285,2025,7,July,5,4,0,1
C18285,2025,8,August,6,6,0,1
C18286,2024,7,July,1,1,1,0
C18286,2024,12,December,3,2,0,1
C18286,2025,7,July,4,3,0,1
C18287,2024,8,August,1,0,1,0
C18287,2024,12,December,2,1,0,0
C18287,2025,2,February,3,3,0,1
C18287,2025,10,October,5,4,0,1
C18287,2025,12,December,6,4,0,1
C18288,2024,8,August,1,1,1,0
C18288,2024,9,September,2,2,0,1
C18288,2025,3,March,3,3,0,1
C18288,2025,4,April,4,5,0,1
C18288,2025,5,May,6,5,0,1
C18288,2025,12,December,7,6,0,1
C18289,2024,8,August,1,1,1,0
C18289,2025,1,January,2,1,0,0
C18289,2025,6,June,3,2,0,1
C18289,2025,8,August,4,3,0,1
C18289,2025,10,October,5,4,0,1
C18289,2025,11,November,6,6,0,1
C18290,2024,12,December,1,1,1,0
C18290,2025,1,January,2,2,0,1
C18291,2024,9,September,1,1,1,0
C18291,2024,12,December,2,2,0,1
C18292,2025,5,May,1,1,1,0
C18292,2025,7,July,2,2,0,1
C18292,2025,9,September,3,3,0,1
C18293,2024,7,July,1,1,1,0
C18293,2025,6,June,2,2,0,1
C18293,2025,10,October,3,3,0,1
C18293,2025,11,November,4,4,0,1
C18294,2025,4,April,1,1,1,0
C18294,2025,6,June,2,2,0,1
C18294,2025,12,December,3,2,0,1
C18295,2025,1,January,1,0,1,0
C18296,2025,8,August,1,1,1,0
C18297,2024,12,December,1,1,1,0
C18297,2025,3,March,3,2,0,1
C18297,2025,10,October,4,3,0,1
C18298,2024,10,October,1,1,1,0
C18298,2024,12,December,2,2,0,1
C18298,2025,2,February,3,2,0,1
C18298,2025,12,December,4,3,0,1
C18299,2024,8,August,1,0,1,0
C18299,2025,10,October,2,1,0,0
C18300,2025,7,July,1,1,1,0
C18301,2024,8,August,1,1,1,0
C18301,2024,12,December,2,4,0,1
C18301,2025,1,January,5,5,0,1
C18301,2025,3,March,6,6,0,1
C18301,2025,5,May,7,8,0,1
C18301,2025,11,November,9,9,0,1
C18302,2025,2,February,1,1,1,0
C18302,2025,10,October,2,3,0,1
C18302,2025,11,November,4,4,0,1
C18303,2024,9,September,1,1,1,0
C18303,2024,11,November,2,3,0,1
C18303,2025,3,March,4,4,0,1
C18303,2025,4,April,5,6,0,1
C18303,2025,9,September,7,9,0,1
C18303,2025,12,December,10,10,0,1
C18304,2025,2,February,1,1,1,0
C18304,2025,6,June,2,2,0,1
C18304,2025,9,September,3,3,0,1
C18304,2025,11,November,4,4,0,1
C18305,2024,10,October,1,1,1,0
C18305,2024,11,November,2,2,0,1
C18305,2025,3,March,3,3,0,1
C18305,2025,6,June,4,4,0,1
C18305,2025,7,July,5,5,0,1
C18305,2025,8,August,6,6,0,1
C18305,2025,12,December,7,7,0,1
C18306,2025,5,May,1,1,1,0
C18307,2025,6,June,1,0,1,0
C18308,2025,4,April,1,1,1,0
C18309,2024,7,July,1,1,1,0
C18309,2025,6,June,3,2,0,1
C18310,2025,8,August,1,1,1,0
C18310,2025,11,November,2,2,0,1
C18310,2025,12,December,3,3,0,1
C18311,2024,7,July,1,0,1,0
C18311,2025,5,May,2,1,0,0
C18311,2025,11,November,3,2,0,1
C18312,2024,11,November,1,1,1,0
C18312,2025,5,May,2,2,0,1
C18312,2025,7,July,3,3,0,1
C18313,2025,3,March,1,1,1,0
C18313,2025,6,June,2,1,0,0
C18313,2025,8,August,3,2,0,1
C18313,2025,12,December,4,3,0,1
C18314,2024,12,December,1,1,1,0
C18314,2025,1,January,2,1,0,0
C18314,2025,12,December,3,2,0,1
C18315,2025,9,September,1,1,1,0
C18315,2025,12,December,2,1,0,0
C18316,2024,8,August,1,1,1,0
C18316,2024,10,October,3,2,0,1
C18316,2024,12,December,4,3,0,1
C18316,2025,1,January,5,5,0,1
C18316,2025,5,May,7,6,0,1
C18316,2025,7,July,8,7,0,1
C18317,2024,7,July,1,1,1,0
C18317,2024,10,October,2,2,0,1
C18317,2024,12,December,3,2,0,1
C18317,2025,3,March,4,2,0,1
C18317,2025,6,June,5,3,0,1
C18317,2025,7,July,6,4,0,1
C18318,2024,7,July,1,1,1,0
C18318,2025,3,March,2,2,0,1
C18318,2025,5,May,3,3,0,1
C18318,2025,11,November,4,3,0,1
C18319,2024,7,July,1,2,0,1
C18319,2024,10,October,3,3,0,1
C18319,2025,1,January,4,3,0,1
C18319,2025,7,July,5,4,0,1
C18319,2025,8,August,6,6,0,1
C18319,2025,12,December,8,7,0,1
C18320,2025,1,January,1,1,1,0
C18320,2025,6,June,2,2,0,1
C18320,2025,10,October,3,3,0,1
C18321,2024,10,October,1,1,1,0
C18321,2024,12,December,2,3,0,1
C18321,2025,2,February,4,4,0,1
C18321,2025,3,March,5,5,0,1
C18321,2025,5,May,6,5,0,1
C18321,2025,10,October,8,6,0,1
C18322,2024,7,July,1,1,1,0
C18322,2024,9,September,2,2,0,1
C18322,2025,4,April,3,3,0,1
C18323,2024,7,July,1,1,1,0
C18323,2024,12,December,2,2,0,1
C18323,2025,5,May,3,3,0,1
C18323,2025,7,July,4,4,0,1
C18323,2025,11,November,5,5,0,1
C18324,2024,8,August,1,1,1,0
C18324,2024,9,September,2,2,0,1
C18324,2025,2,February,3,3,0,1
C18324,2025,9,September,4,4,0,1
C18325,2025,8,August,1,1,1,0
C18326,2024,8,August,1,1,1,0
C18326,2025,3,March,2,2,0,1
C18327,2025,5,May,1,2,0,1
C18327,2025,11,November,4,2,0,1
C18328,2024,8,August,1,1,1,0
C18328,2024,11,November,2,2,0,1
C18328,2025,10,October,3,3,0,1
C18328,2025,12,December,4,4,0,1
C18329,2024,7,July,1,1,1,0
C18329,2025,8,August,2,2,0,1
C18329,2025,12,December,3,3,0,1
C18330,2024,10,October,1,1,1,0
C18330,2025,2,February,2,2,0,1
C18330,2025,5,May,3,3,0,1
C18330,2025,6,June,4,4,0,1
C18330,2025,8,August,5,6,0,1
C18330,2025,10,October,7,6,0,1
C18331,2024,7,July,1,1,1,0
C18331,2024,9,September,2,3,0,1
C18331,2024,12,December,5,4,0,1
C18331,2025,2,February,6,5,0,1
C18331,2025,6,June,7,6,0,1
C18331,2025,8,August,8,7,0,1
C18331,2025,9,September,9,8,0,1
C18331,2025,11,November,11,9,0,1
C18331,2025,12,December,12,10,0,1
C18332,2024,9,September,1,1,1,0
C18333,2024,7,July,1,0,1,0
C18333,2025,4,April,2,1,0,0
C18333,2025,5,May,3,2,0,1
C18334,2025,2,February,1,1,1,0
C18334,2025,4,April,2,2,0,1
C18334,2025,5,May,3,3,0,1
C18334,2025,9,September,4,3,0,1
C18334,2025,10,October,5,4,0,1
C18334,2025,11,November,6,5,0,1
C18335,2024,9,September,1,1,1,0
C18335,2024,10,October,2,2,0,1
C18335,2025,8,August,3,3,0,1
C18336,2024,12,December,1,1,1,0
C18336,2025,1,January,2,2,0,1
C18336,2025,3,March,3,3,0,1
C18336,2025,5,May,4,4,0,1
C18336,2025,6,June,5,5,0,1
C18337,2025,2,February,1,1,1,0
C18338,2024,7,July,1,2,0,1
C18338,2024,8,August,3,2,0,1
C18338,2025,6,June,4,3,0,1
C18338,2025,10,October,5,4,0,1
C18339,2024,11,November,1,1,1,0
C18339,2025,3,March,2,2,0,1
C18339,2025,8,August,3,3,0,1
C18340,2024,8,August,1,1,1,0
C18340,2025,1,January,2,3,0,1
C18340,2025,4,April,4,4,0,1
C18340,2025,6,June,5,4,0,1
C18340,2025,10,October,6,5,0,1
C18341,2025,6,June,1,1,1,0
C18341,2025,8,August,2,2,0,1
C18342,2024,11,November,1,1,1,0
C18343,2024,11,November,1,1,1,0
C18344,2024,7,July,1,1,1,0
C18344,2025,2,February,2,2,0,1
C18344,2025,4,April,3,3,0,1
C18344,2025,10,October,4,5,0,1
C18345,2025,6,June,1,1,1,0
C18345,2025,7,July,2,2,0,1
C18345,2025,10,October,3,3,0,1
C18345,2025,12,December,4,5,0,1
C18346,2024,12,December,1,0,1,0
C18346,2025,8,August,2,2,0,1
C18347,2024,11,November,1,0,1,0
C18347,2024,12,December,2,0,0,0
C18347,2025,8,August,3,1,0,0
C18348,2024,10,October,1,1,1,0
C18349,2024,12,December,1,1,1,0
C18350,2024,10,October,1,0,1,0
C18350,2025,2,February,2,0,0,0
C18350,2025,4,April,3,0,0,0
C18350,2025,7,July,4,1,0,0
C18350,2025,8,August,5,2,0,1
C18350,2025,10,October,6,2,0,1
C18351,2024,9,September,1,1,1,0
C18351,2025,2,February,2,1,0,0
C18351,2025,3,March,3,1,0,0
C18351,2025,5,May,4,3,0,1
C18351,2025,11,November,6,4,0,1
C18352,2025,8,August,1,1,1,0
C18352,2025,12,December,2,3,0,1
C18353,2025,3,March,1,1,1,0
C18353,2025,10,October,2,2,0,1
C18354,2024,9,September,1,1,1,0
C18354,2024,12,December,2,2,0,1
C18354,2025,3,March,3,3,0,1
C18354,2025,8,August,4,4,0,1
C18354,2025,9,September,5,5,0,1
C18354,2025,11,November,6,6,0,1
C18355,2024,7,July,1,1,1,0
C18355,2024,8,August,2,2,0,1
C18355,2024,9,September,4,3,0,1
C18355,2024,12,December,5,4,0,1
C18355,2025,2,February,6,6,0,1
C18355,2025,6,June,8,7,0,1
C18355,2025,7,July,9,8,0,1
C18355,2025,10,October,10,9,0,1
C18356,2025,1,January,1,2,0,1
C18356,2025,4,April,3,3,0,1
C18356,2025,5,May,4,3,0,1
C18356,2025,10,October,5,4,0,1
C18356,2025,11,November,6,4,0,1
C18356,2025,12,December,7,5,0,1
C18357,2024,7,July,1,1,1,0
C18357,2024,11,November,2,2,0,1
C18357,2025,2,February,3,2,0,1
C18357,2025,4,April,4,3,0,1
C18357,2025,10,October,5,4,0,1
C18358,2024,12,December,1,1,1,0
C18358,2025,2,February,2,2,0,1
C18358,2025,6,June,3,3,0,1
C18358,2025,10,October,4,5,0,1
C18359,2024,9,September,1,0,1,0
C18359,2024,10,October,2,1,0,0
C18359,2024,12,December,3,3,0,1
C18359,2025,3,March,5,4,0,1
C18359,2025,5,May,6,4,0,1
C18359,2025,7,July,7,6,0,1
C18359,2025,12,December,9,7,0,1
C18360,2024,9,September,1,0,1,0
C18360,2025,8,August,2,0,0,0
C18360,2025,11,November,3,2,0,1
C18361,2024,7,July,1,2,0,1
C18361,2025,4,April,3,3,0,1
C18361,2025,5,May,4,4,0,1
C18361,2025,9,September,5,5,0,1
C18361,2025,12,December,6,5,0,1
C18362,2024,11,November,1,1,1,0
C18362,2025,5,May,2,2,0,1
C18362,2025,10,October,3,3,0,1
C18363,2024,8,August,1,1,1,0
C18363,2025,10,October,2,2,0,1
C18364,2024,12,December,1,1,1,0
C18364,2025,8,August,2,2,0,1
C18364,2025,9,September,3,3,0,1
C18365,2024,9,September,1,1,1,0
C18365,2025,10,October,2,2,0,1
C18366,2025,7,July,1,1,1,0
C18366,2025,11,November,2,2,0,1
C18367,2024,8,August,1,1,1,0
C18367,2024,10,October,2,3,0,1
C18367,2024,11,November,4,4,0,1
C18367,2024,12,December,5,5,0,1
C18367,2025,2,February,6,6,0,1
C18367,2025,3,March,7,6,0,1
C18367,2025,4,April,8,7,0,1
C18367,2025,6,June,9,8,0,1
C18368,2024,9,September,1,1,1,0
C18368,2025,9,September,2,2,0,1
C18369,2024,10,October,1,1,1,0
C18369,2024,11,November,3,1,0,0
C18369,2025,2,February,4,2,0,1
C18369,2025,3,March,5,3,0,1
C18369,2025,4,April,6,5,0,1
C18370,2024,7,July,1,1,1,0
C18370,2024,11,November,2,2,0,1
C18370,2024,12,December,4,3,0,1
C18370,2025,1,January,5,4,0,1
C18370,2025,3,March,6,5,0,1
C18370,2025,7,July,7,6,0,1
C18371,2024,8,August,1,1,1,0
C18371,2025,3,March,2,2,0,1
C18371,2025,8,August,3,3,0,1
C18371,2025,12,December,4,4,0,1
C18372,2025,6,June,1,1,1,0
C18372,2025,7,July,2,1,0,0
C18373,2024,7,July,1,1,1,0
C18374,2024,7,July,1,1,1,0
C18374,2025,7,July,2,2,0,1
C18375,2024,7,July,1,0,1,0
C18375,2025,7,July,2,1,0,0
C18375,2025,9,September,3,3,0,1
C18376,2024,7,July,1,1,1,0
C18376,2024,12,December,2,2,0,1
C18377,2025,2,February,1,1,1,0
C18377,2025,3,March,3,2,0,1
C18377,2025,5,May,5,3,0,1
C18377,2025,7,July,7,4,0,1
C18378,2024,9,September,1,1,1,0
C18378,2024,10,October,2,2,0,1
C18378,2025,1,January,4,3,0,1
C18378,2025,3,March,5,4,0,1
C18378,2025,9,September,6,5,0,1
C18379,2024,10,October,1,1,1,0
C18379,2025,2,February,2,1,0,0
C18379,2025,5,May,3,2,0,1
C18380,2024,10,October,1,0,1,0
C18380,2025,12,December,2,1,0,0
C18381,2024,7,July,1,1,1,0
C18381,2024,10,October,2,2,0,1
C18381,2025,6,June,3,3,0,1
C18381,2025,10,October,4,4,0,1
C18382,2024,9,September,1,1,1,0
C18382,2025,4,April,2,2,0,1
C18382,2025,8,August,3,3,0,1
C18383,2024,9,September,1,0,1,0
C18383,2025,10,October,2,0,0,0
C18383,2025,11,November,3,2,0,1
C18384,2024,8,August,1,0,1,0
C18385,2024,11,November,1,0,1,0
C18385,2025,4,April,2,1,0,0
C18385,2025,11,November,3,2,0,1
C18386,2024,7,July,1,1,1,0
C18386,2024,11,November,2,3,0,1
C18386,2025,1,January,4,4,0,1
C18386,2025,7,July,5,5,0,1
C18386,2025,12,December,6,6,0,1
C18387,2024,7,July,1,1,1,0
C18387,2025,4,April,2,2,0,1
C18387,2025,8,August,4,3,0,1
C18387,2025,10,October,5,4,0,1
C18388,2024,7,July,1,1,1,0
C18388,2025,1,January,2,2,0,1
C18388,2025,6,June,3,3,0,1
C18389,2024,8,August,1,2,0,1
C18389,2024,9,September,3,3,0,1
C18389,2024,10,October,4,4,0,1
C18389,2025,1,January,5,5,0,1
C18389,2025,5,May,6,6,0,1
C18389,2025,6,June,7,7,0,1
C18389,2025,10,October,8,8,0,1
C18390,2025,7,July,1,1,1,0
C18391,2024,7,July,1,1,1,0
C18391,2024,8,August,2,3,0,1
C18391,2024,10,October,5,4,0,1
C18391,2024,12,December,6,5,0,1
C18391,2025,2,February,7,8,0,1
C18391,2025,4,April,10,9,0,1
C18391,2025,7,July,11,10,0,1
C18391,2025,8,August,12,11,0,1
C18391,2025,10,October,13,12,0,1
C18392,2024,7,July,1,0,1,0
C18392,2024,8,August,3,0,0,0
C18392,2025,8,August,4,1,0,0
C18392,2025,11,November,5,2,0,1
C18393,2024,8,August,1,1,1,0
C18393,2024,9,September,3,2,0,1
C18393,2024,11,November,4,3,0,1
C18393,2025,4,April,5,3,0,1
C18393,2025,8,August,6,4,0,1
C18393,2025,10,October,8,5,0,1
C18393,2025,12,December,9,6,0,1
C18394,2025,4,April,1,1,1,0
C18395,2024,10,October,1,0,1,0
C18395,2025,4,April,2,1,0,0
C18395,2025,7,July,3,2,0,1
C18396,2024,9,September,1,1,1,0
C18396,2025,2,February,2,2,0,1
C18396,2025,9,September,3,3,0,1
C18396,2025,10,October,4,4,0,1
C18397,2024,8,August,1,1,1,0
C18397,2025,2,February,2,2,0,1
C18397,2025,4,April,3,3,0,1
C18397,2025,6,June,4,3,0,1
C18398,2024,8,August,1,1,1,0
C18398,2025,5,May,2,2,0,1
C18398,2025,10,October,3,2,0,1
C18398,2025,12,December,4,3,0,1
C18399,2024,7,July,1,1,1,0
C18399,2025,5,May,3,1,0,0
C18399,2025,8,August,4,2,0,1
C18399,2025,10,October,5,3,0,1
C18401,2024,9,September,1,1,1,0
C18401,2024,12,December,2,2,0,1
C18401,2025,1,January,3,3,0,1
C18401,2025,2,February,4,4,0,1
C18401,2025,7,July,5,5,0,1
C18402,2024,7,July,1,0,1,0
C18402,2025,4,April,2,1,0,0
C18402,2025,7,July,3,2,0,1
C18402,2025,10,October,4,3,0,1
C18403,2024,8,August,1,1,1,0
C18403,2024,11,November,2,2,0,1
C18403,2025,1,January,3,4,0,1
C18403,2025,5,May,5,5,0,1
C18403,2025,6,June,6,5,0,1
C18403,2025,7,July,7,6,0,1
C18403,2025,10,October,8,7,0,1
C18403,2025,12,December,10,8,0,1
C18404,2024,11,November,1,2,0,1
C18404,2024,12,December,3,3,0,1
C18404,2025,1,January,4,4,0,1
C18404,2025,4,April,5,6,0,1
C18404,2025,6,June,7,7,0,1
C18404,2025,7,July,8,7,0,1
C18405,2025,1,January,1,1,1,0
C18405,2025,6,June,2,2,0,1
C18406,2024,7,July,1,1,1,0
C18406,2024,8,August,2,2,0,1
C18406,2025,2,February,3,2,0,1
C18406,2025,11,November,4,3,0,1
C18407,2024,7,July,1,1,1,0
C18407,2025,2,February,2,2,0,1
C18407,2025,11,November,3,2,0,1
C18408,2024,10,October,1,1,1,0
C18408,2025,2,February,2,2,0,1
C18408,2025,8,August,3,3,0,1
C18408,2025,11,November,4,4,0,1
C18408,2025,12,December,5,5,0,1
C18409,2024,8,August,1,1,1,0
C18409,2024,9,September,2,1,0,0
C18409,2025,7,July,3,2,0,1
C18409,2025,11,November,4,2,0,1
C18410,2024,8,August,1,1,1,0
C18410,2024,11,November,2,2,0,1
C18410,2025,1,January,3,3,0,1
C18410,2025,2,February,4,4,0,1
C18410,2025,9,September,5,5,0,1
C18411,2025,1,January,1,1,1,0
C18411,2025,3,March,2,2,0,1
C18412,2024,8,August,1,1,1,0
C18412,2024,9,September,2,2,0,1
C18412,2024,12,December,3,3,0,1
C18412,2025,4,April,4,4,0,1
C18412,2025,9,September,5,5,0,1
C18412,2025,12,December,6,5,0,1
C18413,2024,7,July,1,1,1,0
C18413,2024,8,August,2,2,0,1
C18413,2024,12,December,3,4,0,1
C18413,2025,3,March,5,6,0,1
C18413,2025,10,October,7,7,0,1
C18414,2025,8,August,1,1,1,0
C18414,2025,9,September,2,2,0,1
C18414,2025,10,October,3,3,0,1
C18415,2024,7,July,1,1,1,0
C18415,2024,9,September,2,2,0,1
C18415,2025,8,August,3,3,0,1
C18416,2024,10,October,1,1,1,0
C18416,2025,9,September,2,1,0,0
C18417,2024,8,August,1,1,1,0
C18418,2025,2,February,1,1,1,0
C18418,2025,8,August,2,2,0,1
C18418,2025,10,October,4,3,0,1
C18418,2025,12,December,6,4,0,1
C18419,2024,7,July,1,1,1,0
C18419,2024,8,August,2,2,0,1
C18419,2024,9,September,3,6,0,1
C18419,2024,11,November,7,7,0,1
C18419,2024,12,December,8,8,0,1
C18419,2025,1,January,9,9,0,1
C18419,2025,3,March,10,10,0,1
C18419,2025,4,April,11,11,0,1
C18419,2025,5,May,12,12,0,1
C18419,2025,6,June,13,13,0,1
C18419,2025,7,July,15,14,0,1
C18419,2025,8,August,16,15,0,1
C18419,2025,9,September,17,16,0,1
C18419,2025,10,October,18,17,0,1
C18420,2024,11,November,1,1,1,0
C18420,2025,7,July,2,2,0,1
C18421,2025,4,April,1,1,1,0
C18421,2025,7,July,2,2,0,1
C18422,2025,5,May,1,1,1,0
C18422,2025,7,July,2,3,0,1
C18422,2025,11,November,4,3,0,1
C18423,2025,3,March,1,1,1,0
C18423,2025,5,May,2,2,0,1
C18424,2024,11,November,1,0,1,0
C18424,2025,2,February,2,1,0,0
C18424,2025,10,October,3,2,0,1
C18426,2025,3,March,1,1,1,0
C18426,2025,4,April,2,2,0,1
C18426,2025,6,June,3,3,0,1
C18426,2025,12,December,4,5,0,1
C18427,2024,10,October,1,1,1,0
C18427,2024,12,December,2,2,0,1
C18427,2025,2,February,3,3,0,1
C18427,2025,3,March,4,4,0,1
C18427,2025,6,June,5,4,0,1
C18427,2025,10,October,6,4,0,1
C18428,2024,7,July,1,0,1,0
C18428,2024,10,October,2,1,0,0
C18428,2024,12,December,3,4,0,1
C18428,2025,2,February,6,5,0,1
C18428,2025,6,June,7,6,0,1
C18428,2025,7,July,8,7,0,1
C18428,2025,8,August,9,8,0,1
C18429,2024,7,July,1,2,0,1
C18429,2024,8,August,3,3,0,1
C18429,2025,10,October,4,4,0,1
C18430,2024,9,September,1,1,1,0
C18430,2024,11,November,2,2,0,1
C18431,2024,12,December,1,1,1,0
C18431,2025,4,April,2,2,0,1
C18431,2025,5,May,3,3,0,1
C18431,2025,8,August,4,4,0,1
C18432,2024,9,September,1,1,1,0
C18432,2025,2,February,2,3,0,1
C18432,2025,3,March,4,4,0,1
C18432,2025,5,May,5,5,0,1
C18432,2025,6,June,6,5,0,1
C18432,2025,8,August,7,7,0,1
C18432,2025,10,October,9,8,0,1
C18432,2025,12,December,10,10,0,1
C18433,2024,7,July,1,1,1,0
C18433,2024,11,November,2,1,0,0
C18433,2025,3,March,3,2,0,1
C18433,2025,7,July,4,3,0,1
C18434,2024,9,September,1,1,1,0
C18434,2024,12,December,2,1,0,0
C18434,2025,4,April,3,2,0,1
C18434,2025,9,September,4,2,0,1
C18435,2024,11,November,1,2,0,1
C18435,2025,3,March,3,3,0,1
C18435,2025,6,June,4,4,0,1
C18435,2025,7,July,5,6,0,1
C18435,2025,10,October,7,7,0,1
C18436,2024,7,July,1,1,1,0
C18436,2024,8,August,3,1,0,0
C18436,2024,9,September,4,2,0,1
C18436,2024,11,November,5,3,0,1
C18436,2025,5,May,6,5,0,1
C18436,2025,6,June,8,7,0,1
C18436,2025,7,July,10,8,0,1
C18436,2025,8,August,11,9,0,1
C18436,2025,11,November,12,10,0,1
C18437,2024,8,August,1,1,1,0
C18437,2024,12,December,2,1,0,0
C18437,2025,8,August,3,1,0,0
C18437,2025,10,October,4,2,0,1
C18438,2025,1,January,1,0,1,0
C18438,2025,6,June,2,0,0,0
C18438,2025,7,July,3,1,0,0
C18438,2025,11,November,4,2,0,1
C18439,2024,7,July,1,1,1,0
C18440,2024,8,August,1,1,1,0
C18440,2024,10,October,2,2,0,1
C18440,2025,1,January,3,4,0,1
C18440,2025,5,May,5,5,0,1
C18440,2025,6,June,6,6,0,1
C18440,2025,8,August,7,6,0,1
C18440,2025,11,November,8,6,0,1
C18441,2024,12,December,1,1,1,0
C18441,2025,1,January,2,2,0,1
C18441,2025,6,June,3,3,0,1
C18441,2025,7,July,4,3,0,1
C18443,2024,7,July,1,1,1,0
C18443,2024,12,December,2,2,0,1
C18443,2025,4,April,3,3,0,1
C18443,2025,11,November,4,4,0,1
C18444,2025,3,March,1,2,0,1
C18444,2025,4,April,3,3,0,1
C18444,2025,5,May,4,4,0,1
C18444,2025,8,August,5,5,0,1
C18444,2025,10,October,6,6,0,1
C18445,2024,9,September,1,1,1,0
C18445,2025,6,June,2,2,0,1
C18446,2024,9,September,1,1,1,0
C18446,2024,11,November,2,3,0,1
C18446,2025,1,January,4,4,0,1
C18446,2025,3,March,5,5,0,1
C18446,2025,8,August,6,5,0,1
C18446,2025,9,September,7,7,0,1
C18447,2024,10,October,1,0,1,0
C18447,2025,5,May,2,1,0,0
C18448,2024,9,September,1,1,1,0
C18448,2024,10,October,2,2,0,1
C18448,2025,1,January,3,3,0,1
C18448,2025,2,February,4,4,0,1
C18448,2025,3,March,5,5,0,1
C18448,2025,5,May,6,6,0,1
C18448,2025,6,June,7,7,0,1
C18448,2025,9,September,9,7,0,1
C18448,2025,11,November,11,8,0,1
C18448,2025,12,December,13,11,0,1
C18449,2025,5,May,1,1,1,0
C18449,2025,6,June,2,1,0,0
C18449,2025,7,July,3,2,0,1
C18450,2024,9,September,1,1,1,0
C18450,2025,3,March,2,2,0,1
C18450,2025,10,October,3,3,0,1
C18450,2025,11,November,4,4,0,1
C18451,2025,8,August,1,1,1,0
C18451,2025,9,September,2,2,0,1
C18452,2024,10,October,1,1,1,0
C18452,2025,1,January,2,2,0,1
C18452,2025,5,May,3,3,0,1
C18452,2025,9,September,4,5,0,1
C18453,2024,10,October,1,0,1,0
C18453,2025,8,August,2,1,0,0
C18453,2025,12,December,3,2,0,1
C18454,2024,9,September,1,1,1,0
C18454,2024,12,December,2,3,0,1
C18454,2025,3,March,4,3,0,1
C18454,2025,4,April,5,4,0,1
C18454,2025,9,September,6,5,0,1
C18454,2025,11,November,7,6,0,1
C18455,2024,7,July,1,2,0,1
C18455,2025,1,January,3,2,0,1
C18455,2025,4,April,4,3,0,1
C18456,2024,8,August,1,1,1,0
C18456,2024,10,October,2,3,0,1
C18456,2025,6,June,4,4,0,1
C18457,2024,10,October,1,1,1,0
C18457,2024,11,November,2,2,0,1
C18457,2025,2,February,3,3,0,1
C18457,2025,10,October,4,3,0,1
C18457,2025,12,December,5,4,0,1
C18458,2024,7,July,1,1,1,0
C18458,2025,8,August,2,2,0,1
C18459,2024,7,July,1,1,1,0
C18459,2024,8,August,2,2,0,1
C18459,2024,10,October,4,3,0,1
C18459,2024,11,November,5,4,0,1
C18459,2025,1,January,6,6,0,1
C18459,2025,2,February,8,7,0,1
C18459,2025,5,May,9,7,0,1
C18459,2025,7,July,10,8,0,1
C18460,2024,7,July,1,1,1,0
C18460,2025,7,July,2,2,0,1
C18460,2025,9,September,3,3,0,1
C18461,2024,11,November,1,1,1,0
C18461,2025,2,February,2,2,0,1
C18461,2025,6,June,3,3,0,1
C18461,2025,9,September,5,4,0,1
C18462,2025,3,March,1,0,1,0
C18462,2025,4,April,2,1,0,0
C18462,2025,7,July,3,2,0,1
C18462,2025,9,September,5,3,0,1
C18462,2025,10,October,6,4,0,1
C18462,2025,11,November,7,5,0,1
C18462,2025,12,December,8,6,0,1
C18463,2024,7,July,1,2,0,1
C18463,2024,10,October,3,3,0,1
C18463,2024,12,December,4,4,0,1
C18463,2025,1,January,5,6,0,1
C18463,2025,4,April,7,7,0,1
C18463,2025,9,September,8,8,0,1
C18464,2024,7,July,1,1,1,0
C18464,2025,2,February,2,2,0,1
C18464,2025,4,April,3,3,0,1
C18465,2024,12,December,1,2,0,1
C18465,2025,3,March,3,3,0,1
C18465,2025,6,June,4,4,0,1
C18465,2025,10,October,5,5,0,1
C18465,2025,12,December,6,6,0,1
C18466,2024,10,October,1,1,1,0
C18466,2024,11,November,2,2,0,1
C18466,2024,12,December,3,3,0,1
C18466,2025,10,October,4,4,0,1
C18466,2025,12,December,5,5,0,1
C18467,2024,8,August,1,0,1,0
C18467,2025,2,February,2,1,0,0
C18467,2025,3,March,3,2,0,1
C18467,2025,5,May,4,3,0,1
C18467,2025,6,June,5,4,0,1
C18467,2025,7,July,7,5,0,1
C18467,2025,9,September,8,5,0,1
C18468,2024,11,November,1,0,1,0
C18471,2024,10,October,1,1,1,0
C18472,2024,10,October,1,1,1,0
C18472,2025,12,December,2,2,0,1
C18473,2025,2,February,1,1,1,0
C18473,2025,9,September,2,1,0,0
C18474,2024,7,July,1,1,1,0
C18474,2024,10,October,2,2,0,1
C18474,2025,4,April,3,3,0,1
C18474,2025,5,May,4,4,0,1
C18474,2025,6,June,5,4,0,1
C18474,2025,10,October,7,5,0,1
C18476,2025,3,March,1,1,1,0
C18476,2025,10,October,2,2,0,1
C18476,2025,11,November,5,2,0,1
C18477,2024,10,October,1,1,1,0
C18477,2024,11,November,2,2,0,1
C18477,2025,2,February,3,3,0,1
C18477,2025,6,June,4,3,0,1
C18478,2024,10,October,1,1,1,0
C18478,2025,2,February,2,2,0,1
C18478,2025,4,April,3,4,0,1
C18479,2024,7,July,1,1,1,0
C18479,2025,4,April,2,2,0,1
C18479,2025,6,June,3,4,0,1
C18479,2025,7,July,5,4,0,1
C18480,2025,1,January,1,1,1,0
C18480,2025,11,November,2,2,0,1
C18480,2025,12,December,3,3,0,1
C18481,2025,3,March,1,1,1,0
C18481,2025,9,September,2,1,0,0
C18482,2024,8,August,1,1,1,0
C18482,2024,10,October,2,2,0,1
C18482,2024,12,December,3,2,0,1
C18482,2025,5,May,4,3,0,1
C18482,2025,7,July,5,5,0,1
C18482,2025,9,September,7,6,0,1
C18483,2024,9,September,1,1,1,0
C18483,2024,10,October,2,2,0,1
C18483,2024,11,November,3,3,0,1
C18483,2024,12,December,4,5,0,1
C18483,2025,6,June,6,6,0,1
C18483,2025,7,July,7,7,0,1
C18483,2025,8,August,8,8,0,1
C18483,2025,10,October,9,9,0,1
C18484,2024,10,October,1,1,1,0
C18484,2025,12,December,2,2,0,1
C18485,2024,12,December,1,1,1,0
C18485,2025,1,January,2,2,0,1
C18485,2025,2,February,3,3,0,1
C18485,2025,3,March,4,4,0,1
C18485,2025,4,April,5,5,0,1
C18485,2025,5,May,6,6,0,1
C18485,2025,9,September,7,8,0,1
C18487,2024,11,November,1,1,1,0
C18487,2025,4,April,2,1,0,0
C18488,2025,1,January,1,0,1,0
C18488,2025,7,July,2,1,0,0
C18489,2024,12,December,1,0,1,0
C18489,2025,8,August,2,1,0,0
C18489,2025,11,November,3,2,0,1
C18490,2024,7,July,1,1,1,0
C18490,2024,8,August,2,2,0,1
C18490,2024,11,November,3,2,0,1
C18490,2025,2,February,4,2,0,1
C18490,2025,7,July,5,3,0,1
C18490,2025,10,October,6,4,0,1
C18490,2025,12,December,7,5,0,1
C18491,2024,9,September,1,1,1,0
C18491,2025,1,January,3,2,0,1
C18491,2025,10,October,4,3,0,1
C18491,2025,11,November,5,4,0,1
C18491,2025,12,December,6,4,0,1
C18492,2025,11,November,1,1,1,0
C18493,2024,7,July,1,2,0,1
C18493,2024,10,October,3,3,0,1
C18493,2025,1,January,4,5,0,1
C18493,2025,2,February,6,6,0,1
C18493,2025,7,July,8,8,0,1
C18493,2025,12,December,10,9,0,1
C18494,2024,7,July,1,1,1,0
C18494,2025,10,October,2,2,0,1
C18494,2025,12,December,4,3,0,1
C18495,2024,8,August,1,1,1,0
C18495,2025,9,September,2,2,0,1
C18495,2025,11,November,3,3,0,1
C18496,2024,9,September,1,1,1,0
C18497,2024,7,July,1,1,1,0
C18497,2025,12,December,2,1,0,0
C18498,2024,12,December,1,1,1,0
C18498,2025,6,June,2,1,0,0
C18498,2025,10,October,3,2,0,1
C18499,2024,8,August,1,0,1,0
C18499,2025,1,January,2,1,0,0
C18499,2025,5,May,3,2,0,1
C18499,2025,6,June,4,3,0,1
C18499,2025,12,December,5,3,0,1
C18500,2025,5,May,1,1,1,0
C18500,2025,6,June,2,1,0,0
C18501,2024,9,September,1,1,1,0
C18501,2025,1,January,2,1,0,0
C18501,2025,8,August,3,1,0,0
C18501,2025,12,December,4,2,0,1
C18502,2025,9,September,1,1,1,0
C18502,2025,10,October,2,2,0,1
C18503,2024,10,October,1,0,1,0
C18503,2025,5,May,2,1,0,0
C18504,2024,10,October,1,1,1,0
C18504,2025,2,February,2,2,0,1
C18504,2025,9,September,3,3,0,1
C18505,2025,2,February,1,1,1,0
C18505,2025,4,April,2,2,0,1
C18505,2025,6,June,3,2,0,1
C18505,2025,11,November,4,4,0,1
C18506,2024,9,September,1,0,1,0
C18506,2025,1,January,2,1,0,0
C18506,2025,2,February,4,2,0,1
C18506,2025,3,March,5,3,0,1
C18506,2025,6,June,6,4,0,1
C18506,2025,11,November,7,5,0,1
C18507,2024,10,October,1,1,1,0
C18508,2024,12,December,1,1,1,0
C18509,2024,7,July,1,1,1,0
C18509,2024,9,September,2,1,0,0
C18509,2024,10,October,3,2,0,1
C18509,2025,1,January,4,3,0,1
C18509,2025,2,February,5,4,0,1
C18509,2025,7,July,6,5,0,1
C18510,2024,8,August,1,1,1,0
C18510,2024,9,September,2,2,0,1
C18510,2024,10,October,3,2,0,1
C18510,2025,6,June,4,3,0,1
C18510,2025,8,August,5,4,0,1
C18510,2025,9,September,6,4,0,1
C18511,2024,8,August,1,1,1,0
C18511,2024,9,September,2,1,0,0
C18511,2024,10,October,3,2,0,1
C18511,2024,11,November,4,3,0,1
C18511,2025,2,February,6,4,0,1
C18511,2025,3,March,7,5,0,1
C18511,2025,7,July,8,6,0,1
C18512,2025,2,February,1,1,1,0
C18513,2024,7,July,1,1,1,0
C18513,2024,11,November,2,2,0,1
C18513,2024,12,December,3,3,0,1
C18513,2025,1,January,4,4,0,1
C18513,2025,3,March,5,5,0,1
C18513,2025,6,June,6,6,0,1
C18514,2024,8,August,1,1,1,0
C18514,2024,9,September,2,2,0,1
C18514,2024,10,October,3,3,0,1
C18514,2024,11,November,4,4,0,1
C18514,2024,12,December,5,5,0,1
C18514,2025,5,May,6,5,0,1
C18514,2025,7,July,7,6,0,1
C18514,2025,11,November,8,7,0,1
C18515,2024,7,July,1,0,1,0
C18515,2024,9,September,2,1,0,0
C18515,2024,11,November,3,2,0,1
C18515,2025,2,February,4,3,0,1
C18515,2025,11,November,5,4,0,1
C18516,2025,3,March,1,1,1,0
C18516,2025,6,June,2,2,0,1
C18516,2025,8,August,3,2,0,1
C18517,2024,9,September,1,1,1,0
C18517,2024,10,October,2,2,0,1
C18517,2025,1,January,3,3,0,1
C18517,2025,9,September,4,4,0,1
C18517,2025,11,November,5,5,0,1
C18518,2025,4,April,1,1,1,0
C18518,2025,7,July,2,2,0,1
C18518,2025,8,August,3,3,0,1
C18519,2025,5,May,1,1,1,0
C18520,2025,6,June,1,1,1,0
C18520,2025,7,July,2,1,0,0
C18520,2025,11,November,3,2,0,1
C18521,2024,9,September,1,2,0,1
C18522,2024,8,August,1,1,1,0
C18522,2025,10,October,2,2,0,1
C18523,2024,11,November,1,1,1,0
C18523,2024,12,December,2,2,0,1
C18523,2025,1,January,4,3,0,1
C18523,2025,3,March,5,4,0,1
C18524,2024,7,July,1,1,1,0
C18524,2024,10,October,2,1,0,0
C18524,2025,1,January,3,2,0,1
C18524,2025,2,February,4,3,0,1
C18524,2025,5,May,5,4,0,1
C18525,2025,1,January,1,1,1,0
C18526,2025,2,February,1,1,1,0
C18526,2025,3,March,2,2,0,1
C18526,2025,9,September,3,3,0,1
C18527,2024,7,July,1,1,1,0
C18527,2024,9,September,2,2,0,1
C18527,2025,7,July,3,3,0,1
C18528,2024,7,July,1,1,1,0
C18528,2024,11,November,2,2,0,1
C18528,2025,2,February,3,3,0,1
C18529,2024,10,October,1,1,1,0
C18529,2024,12,December,2,3,0,1
C18529,2025,3,March,4,4,0,1
C18529,2025,7,July,5,5,0,1
C18530,2024,7,July,1,1,1,0
C18530,2025,10,October,2,2,0,1
C18531,2024,9,September,1,1,1,0
C18532,2024,7,July,1,1,1,0
C18532,2024,11,November,2,2,0,1
C18532,2025,5,May,3,4,0,1
C18532,2025,7,July,5,5,0,1
C18533,2024,8,August,1,1,1,0
C18533,2024,11,November,2,2,0,1
C18533,2024,12,December,3,3,0,1
C18533,2025,3,March,4,4,0,1
C18533,2025,7,July,5,5,0,1
C18533,2025,9,September,6,6,0,1
C18534,2024,11,November,1,0,1,0
C18534,2025,2,February,2,1,0,0
C18534,2025,10,October,3,2,0,1
C18534,2025,11,November,4,3,0,1
C18535,2024,8,August,1,0,1,0
C18535,2025,3,March,2,1,0,0
C18535,2025,10,October,3,2,0,1
C18536,2024,9,September,1,2,0,1
C18536,2024,10,October,3,3,0,1
C18536,2025,8,August,4,4,0,1
C18536,2025,9,September,5,5,0,1
C18537,2024,7,July,1,1,1,0
C18537,2024,8,August,3,1,0,0
C18537,2024,9,September,4,2,0,1
C18537,2025,1,January,5,3,0,1
C18538,2025,1,January,1,0,1,0
C18538,2025,3,March,2,1,0,0
C18538,2025,4,April,3,2,0,1
C18538,2025,5,May,4,3,0,1
C18538,2025,8,August,5,4,0,1
C18539,2024,8,August,1,1,1,0
C18539,2024,9,September,2,1,0,0
C18539,2024,11,November,3,2,0,1
C18539,2025,2,February,5,4,0,1
C18540,2025,3,March,1,1,1,0
C18540,2025,5,May,2,2,0,1
C18540,2025,12,December,3,3,0,1
C18541,2024,9,September,1,1,1,0
C18541,2024,11,November,2,2,0,1
C18542,2025,2,February,1,1,1,0
C18542,2025,5,May,3,2,0,1
C18542,2025,6,June,4,4,0,1
C18542,2025,7,July,6,5,0,1
C18543,2024,7,July,1,1,1,0
C18543,2024,11,November,2,2,0,1
C18543,2025,11,November,3,4,0,1
C18544,2025,6,June,1,1,1,0
C18544,2025,11,November,2,2,0,1
C18544,2025,12,December,3,3,0,1
C18545,2024,10,October,1,1,1,0
C18545,2024,11,November,2,2,0,1
C18545,2025,4,April,3,3,0,1
C18545,2025,9,September,4,5,0,1
C18545,2025,10,October,6,6,0,1
C18546,2025,1,January,1,2,0,1
C18547,2024,12,December,1,1,1,0
C18547,2025,3,March,2,2,0,1
C18547,2025,8,August,3,3,0,1
C18547,2025,10,October,4,4,0,1
C18547,2025,11,November,5,5,0,1
C18548,2024,10,October,1,1,1,0
C18548,2025,2,February,2,2,0,1
C18548,2025,5,May,3,3,0,1
C18550,2024,8,August,1,1,1,0
C18550,2025,1,January,2,2,0,1
C18550,2025,2,February,3,3,0,1
C18550,2025,4,April,4,4,0,1
C18550,2025,5,May,5,5,0,1
C18550,2025,8,August,6,6,0,1
C18550,2025,9,September,7,7,0,1
C18550,2025,10,October,8,8,0,1
C18551,2024,8,August,1,1,1,0
C18551,2024,10,October,2,2,0,1
C18551,2025,5,May,3,3,0,1
C18552,2024,8,August,1,0,1,0
C18552,2025,3,March,2,1,0,0
C18553,2025,8,August,1,1,1,0
C18553,2025,10,October,2,1,0,0
C18554,2025,10,October,1,1,1,0
C18555,2025,9,September,1,1,1,0
C18556,2024,8,August,1,1,1,0
C18556,2024,11,November,2,2,0,1
C18556,2024,12,December,3,3,0,1
C18556,2025,1,January,4,6,0,1
C18556,2025,9,September,7,7,0,1
C18556,2025,11,November,8,8,0,1
C18557,2025,5,May,1,0,1,0
C18557,2025,6,June,2,1,0,0
C18558,2024,7,July,1,1,1,0
C18558,2024,9,September,2,2,0,1
C18558,2025,5,May,3,3,0,1
C18558,2025,7,July,4,4,0,1
C18558,2025,9,September,5,5,0,1
C18558,2025,10,October,6,6,0,1
C18559,2024,11,November,1,1,1,0
C18559,2025,6,June,2,2,0,1
C18559,2025,9,September,3,3,0,1
C18559,2025,12,December,5,4,0,1
C18560,2025,12,December,1,0,1,0
C18561,2024,10,October,1,1,1,0
C18561,2025,5,May,2,3,0,1
C18564,2024,11,November,1,1,1,0
C18564,2024,12,December,2,2,0,1
C18564,2025,2,February,3,3,0,1
C18564,2025,4,April,4,5,0,1
C18564,2025,5,May,6,6,0,1
C18564,2025,10,October,7,7,0,1
C18565,2025,6,June,1,0,1,0
C18565,2025,7,July,2,1,0,0
C18566,2024,9,September,1,1,1,0
C18566,2024,10,October,2,2,0,1
C18566,2024,11,November,3,3,0,1
C18566,2025,1,January,5,4,0,1
C18566,2025,4,April,6,5,0,1
C18566,2025,5,May,7,6,0,1
C18566,2025,10,October,8,7,0,1
C18566,2025,11,November,9,8,0,1
C18567,2025,1,January,1,1,1,0
C18567,2025,4,April,2,3,0,1
C18567,2025,6,June,4,4,0,1
C18568,2024,9,September,1,1,1,0
C18568,2025,2,February,2,2,0,1
C18568,2025,7,July,3,3,0,1
C18569,2024,7,July,1,0,1,0
C18569,2024,9,September,2,1,0,0
C18569,2025,1,January,3,2,0,1
C18569,2025,3,March,4,3,0,1
C18569,2025,4,April,5,4,0,1
C18569,2025,6,June,6,4,0,1
C18569,2025,8,August,7,5,0,1
C18569,2025,9,September,8,6,0,1
C18569,2025,10,October,9,6,0,1
C18569,2025,11,November,10,7,0,1
C18569,2025,12,December,11,11,0,1
C18570,2024,12,December,1,0,1,0
C18570,2025,3,March,2,1,0,0
C18570,2025,4,April,3,3,0,1
C18570,2025,5,May,5,4,0,1
C18570,2025,8,August,6,5,0,1
C18570,2025,11,November,7,6,0,1
C18570,2025,12,December,8,7,0,1
C18571,2024,7,July,1,1,1,0
C18571,2024,8,August,2,2,0,1
C18571,2024,9,September,3,4,0,1
C18571,2024,11,November,5,5,0,1
C18571,2024,12,December,6,6,0,1
C18571,2025,3,March,7,7,0,1
C18571,2025,4,April,8,8,0,1
C18571,2025,11,November,9,9,0,1
C18572,2024,7,July,1,0,1,0
C18572,2024,9,September,2,1,0,0
C18572,2024,12,December,3,2,0,1
C18572,2025,4,April,4,3,0,1
C18572,2025,9,September,5,4,0,1
C18572,2025,10,October,6,4,0,1
C18573,2024,9,September,1,1,1,0
C18573,2024,10,October,2,2,0,1
C18573,2025,8,August,3,3,0,1
C18574,2025,4,April,1,1,1,0
C18574,2025,5,May,2,3,0,1
C18575,2025,5,May,1,1,1,0
C18575,2025,7,July,2,2,0,1
C18576,2024,10,October,1,1,1,0
C18577,2025,3,March,1,2,0,1
C18577,2025,6,June,3,3,0,1
C18577,2025,8,August,4,4,0,1
C18577,2025,11,November,5,5,0,1
C18578,2025,3,March,1,1,1,0
C18578,2025,5,May,2,1,0,0
C18579,2025,2,February,1,1,1,0
C18579,2025,6,June,2,2,0,1
C18580,2025,5,May,1,1,1,0
C18581,2024,7,July,1,1,1,0
C18581,2025,2,February,2,2,0,1
C18581,2025,5,May,3,3,0,1
C18581,2025,7,July,4,4,0,1
C18581,2025,8,August,5,5,0,1
C18581,2025,9,September,6,6,0,1
C18581,2025,10,October,7,7,0,1
C18582,2025,2,February,1,0,1,0
C18582,2025,11,November,2,1,0,0
C18582,2025,12,December,3,2,0,1
C18583,2024,10,October,1,1,1,0
C18583,2025,4,April,2,2,0,1
C18585,2024,10,October,1,1,1,0
C18586,2024,9,September,1,1,1,0
C18586,2025,2,February,2,2,0,1
C18586,2025,3,March,3,2,0,1
C18586,2025,9,September,5,3,0,1
C18587,2025,2,February,1,1,1,0
C18587,2025,7,July,2,2,0,1
C18588,2024,7,July,1,1,1,0
C18588,2025,2,February,3,2,0,1
C18588,2025,3,March,4,4,0,1
C18589,2025,3,March,1,1,1,0
C18589,2025,5,May,2,2,0,1
C18589,2025,8,August,3,3,0,1
C18589,2025,9,September,4,4,0,1
C18589,2025,11,November,5,5,0,1
C18590,2024,8,August,1,1,1,0
C18590,2025,7,July,2,1,0,0
C18590,2025,8,August,3,1,0,0
C18590,2025,10,October,4,2,0,1
C18590,2025,11,November,5,3,0,1
C18592,2024,7,July,1,2,0,1
C18592,2024,10,October,3,3,0,1
C18592,2025,2,February,4,5,0,1
C18592,2025,4,April,6,5,0,1
C18592,2025,5,May,7,7,0,1
C18592,2025,8,August,9,8,0,1
C18592,2025,9,September,10,9,0,1
C18592,2025,10,October,11,11,0,1
C18593,2024,12,December,1,1,1,0
C18594,2024,8,August,1,1,1,0
C18594,2025,8,August,3,2,0,1
C18595,2024,10,October,1,0,1,0
C18595,2025,1,January,2,2,0,1
C18595,2025,3,March,4,3,0,1
C18595,2025,5,May,5,4,0,1
C18595,2025,6,June,6,5,0,1
C18596,2025,3,March,1,1,1,0
C18597,2024,7,July,1,1,1,0
C18597,2024,9,September,2,2,0,1
C18597,2025,8,August,3,3,0,1
C18598,2024,8,August,1,1,1,0
C18598,2024,9,September,3,2,0,1
C18598,2025,1,January,4,3,0,1
C18598,2025,3,March,5,4,0,1
C18598,2025,5,May,6,4,0,1
C18598,2025,6,June,7,4,0,1
C18600,2024,7,July,1,2,0,1
C18600,2024,9,September,3,3,0,1
C18600,2024,10,October,4,4,0,1
C18600,2024,11,November,5,5,0,1
C18600,2025,2,February,6,6,0,1
C18600,2025,5,May,7,6,0,1
C18600,2025,6,June,8,7,0,1
C18601,2024,9,September,1,0,1,0
C18601,2025,1,January,2,3,0,1
C18601,2025,9,September,5,4,0,1
C18602,2025,1,January,1,1,1,0
C18602,2025,2,February,2,2,0,1
C18602,2025,3,March,3,2,0,1
C18602,2025,5,May,4,2,0,1
C18603,2025,1,January,1,1,1,0
C18603,2025,6,June,2,2,0,1
C18604,2024,9,September,1,1,1,0
C18604,2025,11,November,2,1,0,0
C18605,2024,11,November,1,1,1,0
C18605,2025,1,January,2,2,0,1
C18605,2025,8,August,3,3,0,1
C18606,2024,12,December,1,1,1,0
C18606,2025,2,February,2,3,0,1
C18606,2025,4,April,4,4,0,1
C18606,2025,8,August,5,5,0,1
C18606,2025,9,September,6,5,0,1
C18607,2024,7,July,1,1,1,0
C18607,2024,10,October,2,1,0,0
C18607,2025,3,March,3,2,0,1
C18607,2025,4,April,4,3,0,1
C18607,2025,8,August,6,4,0,1
C18607,2025,9,September,7,4,0,1
C18608,2024,8,August,1,0,1,0
C18608,2024,11,November,2,0,0,0
C18608,2025,3,March,3,1,0,0
C18608,2025,5,May,4,2,0,1
C18609,2025,8,August,1,1,1,0
C18609,2025,11,November,2,2,0,1
C18610,2024,10,October,1,0,1,0
C18610,2024,11,November,2,0,0,0
C18610,2025,2,February,3,1,0,0
C18610,2025,7,July,4,2,0,1
C18610,2025,11,November,6,3,0,1
C18611,2024,8,August,1,1,1,0
C18611,2025,9,September,2,2,0,1
C18611,2025,11,November,3,3,0,1
C18612,2025,9,September,1,1,1,0
C18613,2024,9,September,1,1,1,0
C18613,2025,4,April,2,2,0,1
C18613,2025,6,June,3,3,0,1
C18613,2025,10,October,4,4,0,1
C18615,2024,11,November,1,1,1,0
C18615,2025,11,November,2,1,0,0
C18616,2024,8,August,1,1,1,0
C18616,2025,7,July,2,2,0,1
C18617,2024,7,July,1,1,1,0
C18617,2024,10,October,2,1,0,0
C18617,2024,11,November,3,2,0,1
C18617,2025,8,August,4,3,0,1
C18617,2025,10,October,5,3,0,1
C18619,2024,10,October,1,1,1,0
C18619,2025,6,June,2,2,0,1
C18620,2024,8,August,1,0,1,0
C18620,2025,2,February,2,1,0,0
C18620,2025,5,May,3,2,0,1
C18620,2025,7,July,4,3,0,1
C18620,2025,10,October,5,3,0,1
C18621,2024,9,September,1,1,1,0
C18621,2025,1,January,3,2,0,1
C18621,2025,3,March,4,2,0,1
C18621,2025,6,June,5,3,0,1
C18621,2025,10,October,6,4,0,1
C18621,2025,11,November,7,5,0,1
C18622,2025,7,July,1,1,1,0
C18622,2025,12,December,2,2,0,1
C18623,2024,8,August,1,1,1,0
C18623,2025,9,September,2,1,0,0
C18623,2025,10,October,3,2,0,1
C18624,2025,11,November,1,1,1,0
C18625,2024,10,October,1,0,1,0
C18625,2024,11,November,2,1,0,0
C18625,2024,12,December,4,2,0,1
C18625,2025,2,February,5,3,0,1
C18625,2025,11,November,6,4,0,1
C18625,2025,12,December,7,5,0,1
C18626,2025,2,February,1,2,0,1
C18626,2025,5,May,4,3,0,1
C18626,2025,6,June,5,3,0,1
C18626,2025,8,August,6,3,0,1
C18627,2025,1,January,1,1,1,0
C18627,2025,10,October,2,2,0,1
C18627,2025,12,December,3,3,0,1
C18628,2024,7,July,1,1,1,0
C18628,2024,8,August,2,2,0,1
C18628,2024,11,November,3,3,0,1
C18628,2024,12,December,4,4,0,1
C18628,2025,1,January,5,4,0,1
C18628,2025,4,April,6,5,0,1
C18628,2025,9,September,7,6,0,1
C18629,2024,10,October,1,1,1,0
C18630,2024,7,July,1,2,0,1
C18630,2024,12,December,3,3,0,1
C18630,2025,3,March,4,4,0,1
C18630,2025,4,April,5,5,0,1
C18630,2025,5,May,6,6,0,1
C18630,2025,10,October,7,7,0,1
C18630,2025,12,December,8,8,0,1
C18631,2024,7,July,1,0,1,0
C18631,2025,1,January,2,1,0,0
C18631,2025,2,February,3,2,0,1
C18632,2024,10,October,1,1,1,0
C18632,2024,12,December,2,3,0,1
C18632,2025,1,January,4,4,0,1
C18632,2025,2,February,5,5,0,1
C18632,2025,5,May,6,6,0,1
C18632,2025,8,August,7,7,0,1
C18633,2024,7,July,1,1,1,0
C18633,2025,2,February,2,1,0,0
C18633,2025,5,May,3,2,0,1
C18633,2025,9,September,4,3,0,1
C18634,2024,7,July,1,1,1,0
C18634,2025,3,March,2,2,0,1
C18634,2025,4,April,3,3,0,1
C18634,2025,12,December,5,3,0,1
C18635,2024,8,August,1,1,1,0
C18635,2025,1,January,2,2,0,1
C18635,2025,4,April,3,3,0,1
C18635,2025,8,August,4,3,0,1
C18635,2025,10,October,5,4,0,1
C18636,2024,12,December,1,0,1,0
C18636,2025,4,April,2,1,0,0
C18636,2025,10,October,3,2,0,1
C18637,2025,1,January,1,1,1,0
C18637,2025,7,July,2,2,0,1
C18637,2025,8,August,3,3,0,1
C18637,2025,10,October,4,4,0,1
C18638,2024,8,August,1,1,1,0
C18638,2025,5,May,2,2,0,1
C18638,2025,8,August,3,3,0,1
C18638,2025,12,December,4,4,0,1
C18639,2024,7,July,1,1,1,0
C18639,2024,8,August,2,2,0,1
C18639,2024,9,September,3,3,0,1
C18639,2025,6,June,4,4,0,1
C18639,2025,10,October,5,5,0,1
C18640,2024,8,August,1,1,1,0
C18640,2024,10,October,2,2,0,1
C18640,2025,3,March,3,3,0,1
C18640,2025,5,May,4,4,0,1
C18641,2024,7,July,1,1,1,0
C18641,2025,2,February,2,2,0,1
C18641,2025,9,September,3,3,0,1
C18641,2025,12,December,4,4,0,1
C18643,2025,4,April,1,1,1,0
C18644,2024,12,December,1,1,1,0
C18644,2025,8,August,2,3,0,1
C18644,2025,9,September,4,4,0,1
C18645,2024,11,November,1,2,0,1
C18645,2025,5,May,3,3,0,1
C18645,2025,7,July,4,4,0,1
C18646,2024,10,October,1,0,1,0
C18646,2024,11,November,2,1,0,0
C18646,2025,1,January,3,2,0,1
C18646,2025,3,March,4,3,0,1
C18646,2025,8,August,5,4,0,1
C18647,2024,7,July,1,1,1,0
C18648,2024,11,November,1,1,1,0
C18648,2025,2,February,2,1,0,0
C18648,2025,11,November,3,2,0,1
C18649,2024,9,September,1,1,1,0
C18649,2025,4,April,2,2,0,1
C18649,2025,6,June,3,2,0,1
C18649,2025,8,August,4,3,0,1
C18650,2024,8,August,1,1,1,0
C18650,2024,12,December,2,2,0,1
C18650,2025,4,April,3,3,0,1
C18651,2024,11,November,1,1,1,0
C18651,2025,3,March,2,1,0,0
C18652,2024,9,September,1,1,1,0
C18652,2024,10,October,2,2,0,1
C18652,2025,2,February,3,3,0,1
C18652,2025,12,December,4,4,0,1
C18653,2024,10,October,1,1,1,0
C18653,2024,11,November,2,2,0,1
C18653,2025,2,February,3,3,0,1
C18653,2025,7,July,4,4,0,1
C18654,2024,7,July,1,1,1,0
C18654,2025,3,March,2,2,0,1
C18654,2025,6,June,3,3,0,1
C18654,2025,7,July,4,3,0,1
C18654,2025,8,August,5,4,0,1
C18654,2025,9,September,6,5,0,1
C18655,2024,11,November,1,1,1,0
C18655,2024,12,December,2,2,0,1
C18656,2024,10,October,1,1,1,0
C18656,2025,1,January,2,2,0,1
C18656,2025,8,August,3,3,0,1
C18657,2024,7,July,1,1,1,0
C18657,2024,10,October,2,2,0,1
C18657,2024,12,December,3,3,0,1
C18657,2025,8,August,4,4,0,1
C18658,2025,1,January,1,0,1,0
C18658,2025,12,December,2,0,0,0
C18659,2024,7,July,1,1,1,0
C18659,2024,9,September,2,2,0,1
C18659,2025,8,August,3,3,0,1
C18659,2025,10,October,4,5,0,1
C18660,2025,7,July,1,1,1,0
C18660,2025,10,October,2,2,0,1
C18661,2024,7,July,1,0,1,0
C18661,2025,1,January,2,1,0,0
C18661,2025,10,October,3,2,0,1
C18662,2024,7,July,1,0,1,0
C18662,2024,10,October,2,1,0,0
C18662,2025,2,February,3,3,0,1
C18663,2024,8,August,1,0,1,0
C18663,2025,1,January,2,1,0,0
C18663,2025,2,February,3,1,0,0
C18663,2025,5,May,4,2,0,1
C18663,2025,12,December,5,3,0,1
C18664,2024,7,July,1,1,1,0
C18664,2024,12,December,2,2,0,1
C18664,2025,1,January,3,3,0,1
C18664,2025,3,March,4,4,0,1
C18664,2025,4,April,5,6,0,1
C18665,2024,7,July,1,1,1,0
C18665,2024,10,October,2,2,0,1
C18665,2025,2,February,3,2,0,1
C18665,2025,6,June,4,3,0,1
C18665,2025,8,August,5,3,0,1
C18666,2024,8,August,1,1,1,0
C18666,2025,4,April,2,2,0,1
C18666,2025,7,July,3,3,0,1
C18666,2025,11,November,4,4,0,1
C18667,2024,12,December,1,1,1,0
C18667,2025,6,June,2,2,0,1
C18667,2025,8,August,3,2,0,1
C18669,2024,7,July,1,0,1,0
C18669,2024,12,December,2,1,0,0
C18669,2025,1,January,3,2,0,1
C18669,2025,2,February,4,2,0,1
C18669,2025,6,June,5,3,0,1
C18670,2024,7,July,1,1,1,0
C18671,2025,4,April,1,1,1,0
C18671,2025,9,September,2,2,0,1
C18672,2024,10,October,1,1,1,0
C18672,2025,1,January,2,1,0,0
C18673,2024,11,November,1,1,1,0
C18673,2024,12,December,2,2,0,1
C18674,2024,8,August,1,1,1,0
C18674,2024,11,November,2,2,0,1
C18674,2025,7,July,4,3,0,1
C18674,2025,12,December,5,4,0,1
C18675,2024,7,July,1,2,0,1
C18675,2024,10,October,3,2,0,1
C18675,2025,4,April,4,3,0,1
C18676,2024,8,August,1,1,1,0
C18676,2025,1,January,2,2,0,1
C18676,2025,2,February,3,3,0,1
C18676,2025,6,June,4,4,0,1
C18676,2025,7,July,5,6,0,1
C18676,2025,8,August,7,7,0,1
C18676,2025,10,October,8,8,0,1
C18677,2024,8,August,1,1,1,0
C18677,2024,11,November,2,4,0,1
C18677,2024,12,December,5,4,0,1
C18677,2025,2,February,6,4,0,1
C18677,2025,3,March,7,4,0,1
C18677,2025,4,April,8,5,0,1
C18677,2025,5,May,9,6,0,1
C18677,2025,10,October,10,9,0,1
C18677,2025,11,November,13,10,0,1
C18678,2024,8,August,1,0,1,0
C18678,2024,9,September,2,1,0,0
C18678,2025,2,February,3,1,0,0
C18678,2025,9,September,4,1,0,0
C18678,2025,11,November,5,1,0,0
C18679,2024,9,September,1,1,1,0
C18679,2025,2,February,2,2,0,1
C18679,2025,3,March,3,3,0,1
C18679,2025,8,August,4,4,0,1
C18679,2025,10,October,5,4,0,1
C18680,2025,1,January,1,1,1,0
C18680,2025,4,April,3,2,0,1
C18680,2025,8,August,4,3,0,1
C18682,2024,7,July,1,1,1,0
C18682,2024,8,August,2,2,0,1
C18682,2024,11,November,3,3,0,1
C18682,2024,12,December,4,5,0,1
C18682,2025,2,February,6,6,0,1
C18682,2025,3,March,7,7,0,1
C18682,2025,4,April,8,8,0,1
C18682,2025,5,May,9,9,0,1
C18682,2025,10,October,10,10,0,1
C18682,2025,12,December,12,11,0,1
C18683,2025,9,September,1,1,1,0
C18683,2025,12,December,2,1,0,0
C18684,2024,9,September,1,1,1,0
C18684,2025,1,January,2,2,0,1
C18684,2025,4,April,3,3,0,1
C18684,2025,7,July,4,4,0,1
C18685,2024,9,September,1,1,1,0
C18685,2025,2,February,2,2,0,1
C18685,2025,9,September,4,3,0,1
C18685,2025,12,December,5,4,0,1
C18686,2024,7,July,1,1,1,0
C18686,2025,3,March,2,2,0,1
C18686,2025,6,June,3,4,0,1
C18686,2025,7,July,5,5,0,1
C18686,2025,10,October,6,6,0,1
C18686,2025,12,December,8,7,0,1
C18687,2024,9,September,1,2,0,1
C18687,2024,10,October,3,3,0,1
C18687,2024,12,December,4,4,0,1
C18687,2025,2,February,5,5,0,1
C18687,2025,7,July,6,5,0,1
C18687,2025,8,August,7,6,0,1
C18688,2025,7,July,1,2,0,1
C18688,2025,11,November,3,3,0,1
C18688,2025,12,December,4,4,0,1
C18689,2025,3,March,1,1,1,0
C18690,2024,8,August,1,0,1,0
C18690,2025,2,February,2,1,0,0
C18690,2025,9,September,3,2,0,1
C18690,2025,10,October,4,3,0,1
C18691,2024,10,October,1,1,1,0
C18691,2024,12,December,2,2,0,1
C18691,2025,3,March,4,3,0,1
C18691,2025,7,July,5,4,0,1
C18692,2024,7,July,1,1,1,0
C18692,2024,8,August,2,2,0,1
C18692,2024,11,November,3,2,0,1
C18692,2025,1,January,4,4,0,1
C18692,2025,12,December,6,5,0,1
C18693,2025,5,May,1,1,1,0
C18693,2025,8,August,2,1,0,0
C18694,2024,7,July,1,1,1,0
C18694,2024,9,September,2,3,0,1
C18694,2025,1,January,4,4,0,1
C18694,2025,8,August,5,5,0,1
C18695,2024,8,August,1,1,1,0
C18695,2024,9,September,2,2,0,1
C18695,2025,4,April,3,2,0,1
C18695,2025,5,May,4,3,0,1
C18695,2025,7,July,5,4,0,1
C18695,2025,10,October,6,5,0,1
C18695,2025,12,December,7,6,0,1
C18696,2024,7,July,1,0,1,0
C18696,2024,8,August,2,1,0,0
C18696,2024,12,December,3,1,0,0
C18696,2025,1,January,4,2,0,1
C18696,2025,7,July,5,3,0,1
C18696,2025,8,August,6,4,0,1
C18696,2025,10,October,7,5,0,1
C18698,2024,8,August,1,0,1,0
C18698,2024,12,December,2,1,0,0
C18698,2025,2,February,3,2,0,1
C18698,2025,12,December,4,3,0,1
C18699,2024,9,September,1,1,1,0
C18699,2025,1,January,2,2,0,1
C18699,2025,2,February,3,2,0,1
C18699,2025,4,April,4,3,0,1
C18699,2025,8,August,5,4,0,1
C18699,2025,10,October,6,5,0,1
C18700,2024,10,October,1,1,1,0
C18700,2024,11,November,2,5,0,1
C18700,2024,12,December,6,7,0,1
C18700,2025,1,January,8,8,0,1
C18700,2025,2,February,9,9,0,1
C18700,2025,3,March,10,10,0,1
C18700,2025,4,April,11,11,0,1
C18700,2025,7,July,12,12,0,1
C18700,2025,9,September,13,14,0,1
C18700,2025,10,October,15,15,0,1
C18701,2024,9,September,1,1,1,0
C18701,2025,1,January,2,2,0,1
C18701,2025,3,March,3,3,0,1
C18702,2024,9,September,1,1,1,0
C18702,2024,12,December,2,2,0,1
C18702,2025,10,October,3,3,0,1
C18704,2024,10,October,1,1,1,0
C18704,2025,4,April,2,2,0,1
C18705,2024,7,July,1,1,1,0
C18705,2025,10,October,2,2,0,1
C18706,2025,4,April,1,1,1,0
C18706,2025,6,June,3,2,0,1
C18707,2025,10,October,1,1,1,0
C18707,2025,12,December,2,2,0,1
C18708,2025,7,July,1,1,1,0
C18708,2025,8,August,2,1,0,0
C18708,2025,10,October,3,2,0,1
C18708,2025,11,November,4,3,0,1
C18709,2024,7,July,1,1,1,0
C18709,2024,11,November,2,2,0,1
C18709,2025,11,November,3,3,0,1
C18709,2025,12,December,5,5,0,1
C18710,2024,9,September,1,1,1,0
C18710,2024,10,October,2,2,0,1
C18710,2024,11,November,3,2,0,1
C18710,2025,2,February,4,3,0,1
C18710,2025,3,March,6,4,0,1
C18710,2025,7,July,7,5,0,1
C18710,2025,8,August,8,6,0,1
C18710,2025,9,September,9,8,0,1
C18711,2024,7,July,1,0,1,0
C18711,2024,9,September,2,1,0,0
C18711,2025,6,June,3,2,0,1
C18711,2025,12,December,4,2,0,1
C18712,2025,2,February,1,1,1,0
C18712,2025,12,December,2,1,0,0
C18713,2025,4,April,1,1,1,0
C18714,2025,12,December,1,0,1,0
C18715,2024,9,September,1,1,1,0
C18715,2024,11,November,2,2,0,1
C18715,2025,10,October,3,2,0,1
C18716,2024,8,August,1,1,1,0
C18716,2024,9,September,2,2,0,1
C18716,2025,8,August,3,3,0,1
C18717,2024,11,November,1,1,1,0
C18717,2025,4,April,2,2,0,1
C18717,2025,10,October,3,3,0,1
C18718,2024,10,October,1,2,0,1
C18718,2025,3,March,3,3,0,1
C18718,2025,8,August,4,3,0,1
C18719,2024,10,October,1,1,1,0
C18719,2025,5,May,2,2,0,1
C18720,2024,8,August,1,0,1,0
C18720,2025,1,January,2,1,0,0
C18720,2025,8,August,3,2,0,1
C18721,2025,2,February,1,1,1,0
C18721,2025,5,May,2,2,0,1
C18722,2025,4,April,1,0,1,0
C18722,2025,11,November,2,1,0,0
C18723,2024,8,August,1,1,1,0
C18724,2024,7,July,1,1,1,0
C18724,2024,8,August,2,2,0,1
C18724,2025,3,March,3,3,0,1
C18724,2025,4,April,4,3,0,1
C18724,2025,10,October,5,4,0,1
C18724,2025,12,December,6,5,0,1
C18725,2024,7,July,1,1,1,0
C18725,2025,7,July,2,2,0,1
C18726,2024,10,October,1,1,1,0
C18726,2024,11,November,2,2,0,1
C18726,2024,12,December,4,4,0,1
C18726,2025,1,January,6,5,0,1
C18726,2025,5,May,7,6,0,1
C18726,2025,6,June,8,6,0,1
C18726,2025,8,August,9,6,0,1
C18726,2025,10,October,10,6,0,1
C18727,2024,7,July,1,1,1,0
C18727,2025,2,February,2,1,0,0
C18727,2025,3,March,3,1,0,0
C18727,2025,6,June,4,2,0,1
C18727,2025,8,August,5,2,0,1
C18728,2024,9,September,1,0,1,0
C18728,2025,1,January,2,0,0,0
C18728,2025,4,April,3,1,0,0
C18729,2024,9,September,1,1,1,0
C18729,2025,3,March,2,2,0,1
C18729,2025,11,November,3,3,0,1
C18730,2024,8,August,1,1,1,0
C18730,2024,9,September,2,3,0,1
C18730,2025,2,February,4,3,0,1
C18730,2025,9,September,5,4,0,1
C18731,2025,7,July,1,1,1,0
C18732,2024,7,July,1,1,1,0
C18732,2024,12,December,2,2,0,1
C18732,2025,6,June,3,3,0,1
C18732,2025,8,August,5,4,0,1
C18733,2025,1,January,1,1,1,0
C18733,2025,8,August,2,2,0,1
C18734,2024,9,September,1,1,1,0
C18734,2025,7,July,2,2,0,1
C18734,2025,9,September,3,3,0,1
C18734,2025,11,November,4,4,0,1
C18734,2025,12,December,5,5,0,1
C18735,2024,12,December,1,1,1,0
C18735,2025,2,February,2,2,0,1
C18735,2025,6,June,3,3,0,1
C18735,2025,8,August,4,3,0,1
C18736,2025,9,September,1,1,1,0
C18737,2025,1,January,1,1,1,0
C18737,2025,3,March,2,3,0,1
C18737,2025,9,September,4,4,0,1
C18738,2024,8,August,1,1,1,0
C18738,2025,12,December,2,2,0,1
C18739,2024,7,July,1,1,1,0
C18739,2024,11,November,2,2,0,1
C18739,2025,1,January,3,3,0,1
C18739,2025,4,April,4,4,0,1
C18739,2025,8,August,5,5,0,1
C18740,2024,9,September,1,0,1,0
C18740,2025,1,January,2,1,0,0
C18740,2025,3,March,3,1,0,0
C18741,2025,10,October,1,1,1,0
C18742,2024,11,November,1,1,1,0
C18742,2024,12,December,2,1,0,0
C18744,2024,9,September,1,2,0,1
C18744,2024,11,November,3,4,0,1
C18744,2025,2,February,5,6,0,1
C18744,2025,12,December,7,7,0,1
C18745,2024,8,August,1,1,1,0
C18745,2024,12,December,2,2,0,1
C18745,2025,3,March,3,3,0,1
C18745,2025,5,May,4,4,0,1
C18745,2025,6,June,5,5,0,1
C18745,2025,8,August,6,6,0,1
C18745,2025,9,September,7,7,0,1
C18746,2024,9,September,1,1,1,0
C18746,2025,1,January,2,4,0,1
C18746,2025,2,February,5,6,0,1
C18746,2025,5,May,7,7,0,1
C18746,2025,6,June,8,8,0,1
C18746,2025,8,August,9,9,0,1
C18747,2024,8,August,1,1,1,0
C18748,2024,8,August,1,1,1,0
C18748,2024,9,September,2,3,0,1
C18748,2024,12,December,4,4,0,1
C18748,2025,12,December,5,5,0,1
C18749,2024,10,October,1,1,1,0
C18749,2024,11,November,2,2,0,1
C18749,2025,1,January,3,4,0,1
C18749,2025,2,February,5,5,0,1
C18749,2025,4,April,6,6,0,1
C18749,2025,5,May,7,7,0,1
C18749,2025,8,August,8,7,0,1
C18749,2025,9,September,9,7,0,1
C18750,2024,8,August,1,1,1,0
C18750,2024,9,September,2,2,0,1
C18750,2025,1,January,3,4,0,1
C18750,2025,4,April,5,5,0,1
C18750,2025,5,May,6,5,0,1
C18750,2025,8,August,7,5,0,1
C18750,2025,9,September,8,6,0,1
C18750,2025,12,December,9,7,0,1
C18751,2024,10,October,1,1,1,0
C18751,2025,2,February,2,2,0,1
C18751,2025,6,June,3,3,0,1
C18751,2025,9,September,4,4,0,1
C18751,2025,11,November,5,4,0,1
C18752,2024,10,October,1,1,1,0
C18752,2025,1,January,2,2,0,1
C18752,2025,4,April,3,3,0,1
C18752,2025,7,July,4,4,0,1
C18752,2025,8,August,5,5,0,1
C18752,2025,10,October,6,6,0,1
C18752,2025,11,November,7,6,0,1
C18753,2024,8,August,1,1,1,0
C18753,2024,10,October,2,2,0,1
C18753,2025,2,February,3,3,0,1
C18753,2025,5,May,4,4,0,1
C18753,2025,7,July,5,5,0,1
C18754,2025,1,January,1,0,1,0
C18755,2024,9,September,1,1,1,0
C18755,2024,11,November,2,2,0,1
C18755,2025,1,January,3,3,0,1
C18755,2025,3,March,4,4,0,1
C18755,2025,8,August,5,5,0,1
C18755,2025,10,October,6,6,0,1
C18756,2024,8,August,1,1,1,0
C18756,2024,11,November,2,1,0,0
C18756,2025,2,February,3,2,0,1
C18756,2025,6,June,4,3,0,1
C18756,2025,11,November,5,4,0,1
C18757,2024,8,August,1,1,1,0
C18757,2024,11,November,2,2,0,1
C18757,2025,2,February,3,4,0,1
C18757,2025,5,May,5,5,0,1
C18757,2025,6,June,6,6,0,1
C18757,2025,8,August,7,7,0,1
C18757,2025,10,October,8,7,0,1
C18757,2025,11,November,9,8,0,1
C18757,2025,12,December,10,9,0,1
C18758,2024,7,July,1,1,1,0
C18759,2024,7,July,1,1,1,0
C18759,2024,9,September,2,2,0,1
C18759,2024,11,November,3,3,0,1
C18759,2025,3,March,4,4,0,1
C18759,2025,7,July,5,5,0,1
C18759,2025,11,November,6,7,0,1
C18759,2025,12,December,8,8,0,1
C18760,2024,12,December,1,2,0,1
C18760,2025,3,March,3,3,0,1
C18760,2025,6,June,4,3,0,1
C18761,2024,7,July,1,1,1,0
C18761,2024,10,October,2,2,0,1
C18761,2024,12,December,3,3,0,1
C18761,2025,1,January,4,4,0,1
C18761,2025,4,April,5,5,0,1
C18761,2025,6,June,6,5,0,1
C18761,2025,7,July,7,7,0,1
C18761,2025,9,September,9,7,0,1
C18761,2025,10,October,10,8,0,1
C18762,2024,10,October,1,1,1,0
C18762,2024,11,November,2,2,0,1
C18762,2025,2,February,3,3,0,1
C18763,2024,7,July,1,0,1,0
C18763,2025,4,April,2,1,0,0
C18763,2025,7,July,3,3,0,1
C18763,2025,9,September,5,4,0,1
C18763,2025,10,October,6,5,0,1
C18764,2024,10,October,1,1,1,0
C18764,2025,2,February,2,2,0,1
C18764,2025,11,November,3,3,0,1
C18764,2025,12,December,4,4,0,1
C18765,2024,7,July,1,1,1,0
C18765,2024,8,August,2,2,0,1
C18765,2024,9,September,3,4,0,1
C18765,2024,10,October,5,6,0,1
C18765,2024,12,December,7,7,0,1
C18765,2025,2,February,8,8,0,1
C18765,2025,5,May,9,10,0,1
C18765,2025,10,October,11,10,0,1
C18766,2024,8,August,1,1,1,0
C18766,2024,9,September,2,2,0,1
C18766,2024,11,November,3,3,0,1
C18766,2025,1,January,4,4,0,1
C18766,2025,4,April,6,5,0,1
C18766,2025,10,October,7,6,0,1
C18767,2024,12,December,1,0,1,0
C18768,2024,8,August,1,1,1,0
C18768,2024,12,December,2,2,0,1
C18768,2025,2,February,3,4,0,1
C18768,2025,6,June,5,5,0,1
C18769,2025,3,March,1,1,1,0
C18770,2025,3,March,1,1,1,0
C18770,2025,12,December,2,2,0,1
C18771,2024,9,September,1,1,1,0
C18771,2024,11,November,2,2,0,1
C18771,2025,4,April,3,3,0,1
C18771,2025,5,May,4,4,0,1
C18771,2025,6,June,5,5,0,1
C18771,2025,9,September,6,6,0,1
C18772,2025,9,September,1,1,1,0
C18773,2024,8,August,1,1,1,0
C18773,2024,12,December,2,2,0,1
C18773,2025,3,March,3,3,0,1
C18773,2025,5,May,4,4,0,1
C18773,2025,7,July,5,5,0,1
C18773,2025,10,October,6,6,0,1
C18773,2025,11,November,7,7,0,1
C18774,2025,7,July,1,0,1,0
C18774,2025,10,October,2,1,0,0
C18775,2024,7,July,1,1,1,0
C18775,2024,10,October,2,2,0,1
C18775,2025,3,March,4,3,0,1
C18776,2025,6,June,1,2,0,1
C18776,2025,11,November,3,3,0,1
C18777,2025,7,July,1,1,1,0
C18777,2025,10,October,2,2,0,1
C18777,2025,12,December,3,3,0,1
C18778,2024,8,August,1,0,1,0
C18778,2025,1,January,2,1,0,0
C18778,2025,4,April,3,2,0,1
C18778,2025,10,October,4,3,0,1
C18779,2024,9,September,1,1,1,0
C18779,2024,10,October,2,2,0,1
C18779,2025,3,March,3,3,0,1
C18779,2025,7,July,4,4,0,1
C18779,2025,10,October,5,5,0,1
C18780,2024,7,July,1,1,1,0
C18780,2024,10,October,2,2,0,1
C18780,2025,1,January,3,3,0,1
C18780,2025,3,March,4,4,0,1
C18780,2025,5,May,5,5,0,1
C18780,2025,7,July,6,6,0,1
C18781,2024,11,November,1,1,1,0
C18781,2025,1,January,2,2,0,1
C18781,2025,4,April,3,3,0,1
C18782,2024,8,August,1,1,1,0
C18782,2025,2,February,2,2,0,1
C18782,2025,5,May,3,3,0,1
C18782,2025,7,July,4,4,0,1
C18782,2025,10,October,5,5,0,1
C18782,2025,12,December,6,6,0,1
C18783,2024,10,October,1,1,1,0
C18784,2024,11,November,1,1,1,0
C18785,2024,7,July,1,1,1,0
C18785,2024,9,September,2,2,0,1
C18785,2024,10,October,3,3,0,1
C18785,2024,11,November,4,4,0,1
C18785,2024,12,December,5,5,0,1
C18785,2025,8,August,6,6,0,1
C18785,2025,12,December,7,7,0,1
C18786,2024,7,July,1,2,0,1
C18786,2024,8,August,3,3,0,1
C18786,2024,9,September,4,4,0,1
C18786,2024,10,October,7,4,0,1
C18786,2025,5,May,8,5,0,1
C18787,2025,3,March,1,1,1,0
C18788,2024,9,September,1,1,1,0
C18788,2025,6,June,2,3,0,1
C18788,2025,12,December,4,3,0,1
C18789,2025,3,March,1,1,1,0
C18789,2025,6,June,2,2,0,1
C18790,2025,1,January,1,2,0,1
C18790,2025,2,February,3,3,0,1
C18790,2025,5,May,4,3,0,1
C18790,2025,11,November,5,4,0,1
C18791,2025,7,July,1,1,1,0
C18792,2024,8,August,1,0,1,0
C18792,2024,11,November,2,1,0,0
C18793,2024,10,October,1,1,1,0
C18793,2024,11,November,2,2,0,1
C18793,2025,5,May,3,3,0,1
C18793,2025,6,June,4,4,0,1
C18793,2025,7,July,5,5,0,1
C18793,2025,11,November,6,6,0,1
C18794,2025,2,February,1,1,1,0
C18795,2024,8,August,1,1,1,0
C18795,2024,12,December,3,3,0,1
C18795,2025,4,April,5,4,0,1
C18795,2025,9,September,6,6,0,1
C18796,2024,8,August,1,0,1,0
C18796,2025,2,February,2,1,0,0
C18798,2024,11,November,1,0,1,0
C18798,2025,1,January,2,1,0,0
C18798,2025,3,March,3,2,0,1
C18799,2024,10,October,1,1,1,0
C18799,2025,2,February,2,2,0,1
C18799,2025,5,May,3,2,0,1
C18800,2024,11,November,1,1,1,0
C18800,2025,3,March,2,2,0,1
C18800,2025,10,October,3,3,0,1
C18801,2025,3,March,1,1,1,0
C18802,2024,10,October,1,0,1,0
C18803,2024,7,July,1,1,1,0
C18803,2024,9,September,2,3,0,1
C18803,2024,12,December,4,4,0,1
C18803,2025,8,August,5,5,0,1
C18804,2025,4,April,1,1,1,0
C18805,2024,10,October,1,1,1,0
C18805,2025,2,February,2,1,0,0
C18805,2025,7,July,3,2,0,1
C18807,2024,7,July,1,0,1,0
C18807,2024,8,August,2,1,0,0
C18807,2024,10,October,3,2,0,1
C18808,2024,11,November,1,1,1,0
C18809,2025,1,January,1,0,1,0
C18809,2025,10,October,2,1,0,0
C18810,2024,8,August,1,3,0,1
C18810,2024,9,September,4,4,0,1
C18810,2025,2,February,5,5,0,1
C18811,2025,2,February,1,1,1,0
C18811,2025,4,April,2,1,0,0
C18812,2025,6,June,1,1,1,0
C18813,2024,7,July,1,1,1,0
C18813,2025,4,April,2,2,0,1
C18813,2025,7,July,3,3,0,1
C18813,2025,11,November,4,4,0,1
C18814,2024,9,September,1,1,1,0
C18814,2024,11,November,2,3,0,1
C18814,2024,12,December,4,3,0,1
C18814,2025,2,February,5,4,0,1
C18814,2025,4,April,6,6,0,1
C18814,2025,6,June,8,8,0,1
C18814,2025,12,December,10,9,0,1
C18815,2024,11,November,1,1,1,0
C18815,2024,12,December,2,2,0,1
C18815,2025,4,April,3,2,0,1
C18815,2025,5,May,4,3,0,1
C18815,2025,8,August,5,4,0,1
C18816,2025,4,April,1,1,1,0
C18816,2025,5,May,2,2,0,1
C18816,2025,7,July,4,3,0,1
C18816,2025,8,August,5,4,0,1
C18816,2025,9,September,6,5,0,1
C18816,2025,12,December,8,6,0,1
C18817,2025,2,February,1,2,0,1
C18817,2025,3,March,3,3,0,1
C18819,2024,7,July,1,1,1,0
C18819,2024,11,November,2,2,0,1
C18819,2024,12,December,3,3,0,1
C18819,2025,5,May,4,3,0,1
C18820,2024,8,August,1,0,1,0
C18820,2024,12,December,2,2,0,1
C18820,2025,3,March,4,2,0,1
C18820,2025,7,July,5,3,0,1
C18820,2025,8,August,6,3,0,1
C18821,2025,1,January,1,1,1,0
C18821,2025,3,March,2,3,0,1
C18821,2025,5,May,4,3,0,1
C18821,2025,7,July,5,4,0,1
C18821,2025,8,August,6,4,0,1
C18823,2024,8,August,1,0,1,0
C18823,2024,9,September,2,1,0,0
C18823,2025,4,April,3,2,0,1
C18823,2025,10,October,4,3,0,1
C18823,2025,11,November,5,5,0,1
C18824,2024,10,October,1,0,1,0
C18825,2024,8,August,1,2,0,1
C18825,2024,12,December,3,3,0,1
C18825,2025,3,March,4,4,0,1
C18825,2025,4,April,5,5,0,1
C18825,2025,6,June,6,6,0,1
C18826,2024,11,November,1,1,1,0
C18826,2024,12,December,2,2,0,1
C18826,2025,2,February,3,3,0,1
C18826,2025,3,March,4,4,0,1
C18826,2025,6,June,5,6,0,1
C18826,2025,7,July,8,7,0,1
C18826,2025,9,September,9,7,0,1
C18826,2025,10,October,10,8,0,1
C18826,2025,11,November,12,10,0,1
C18828,2024,8,August,1,1,1,0
C18828,2024,10,October,2,2,0,1
C18828,2025,6,June,3,3,0,1
C18828,2025,11,November,4,4,0,1
C18829,2025,5,May,1,1,1,0
C18829,2025,9,September,2,1,0,0
C18830,2024,7,July,1,0,1,0
C18830,2025,10,October,2,1,0,0
C18830,2025,11,November,3,2,0,1
C18831,2024,9,September,1,1,1,0
C18831,2024,10,October,2,2,0,1
C18831,2025,9,September,3,2,0,1
C18832,2024,7,July,1,1,1,0
C18832,2025,11,November,2,2,0,1
C18833,2024,8,August,1,1,1,0
C18833,2025,5,May,2,1,0,0
C18834,2024,10,October,1,0,1,0
C18834,2025,7,July,2,1,0,0
C18835,2024,10,October,1,1,1,0
C18835,2025,3,March,2,2,0,1
C18835,2025,4,April,3,2,0,1
C18835,2025,10,October,4,3,0,1
C18835,2025,12,December,5,4,0,1
C18836,2024,8,August,1,1,1,0
C18836,2024,10,October,2,3,0,1
C18836,2025,1,January,4,3,0,1
C18836,2025,5,May,5,3,0,1
C18837,2024,7,July,1,0,1,0
C18837,2025,6,June,2,1,0,0
C18837,2025,12,December,3,2,0,1
C18838,2024,9,September,1,2,0,1
C18838,2025,1,January,3,3,0,1
C18838,2025,5,May,4,4,0,1
C18839,2024,11,November,1,0,1,0
C18839,2025,7,July,2,1,0,0
C18839,2025,8,August,3,2,0,1
C18839,2025,12,December,4,3,0,1
C18840,2025,2,February,1,1,1,0
C18840,2025,3,March,2,2,0,1
C18840,2025,6,June,3,3,0,1
C18840,2025,8,August,4,4,0,1
C18841,2024,7,July,1,1,1,0
C18841,2024,8,August,2,2,0,1
C18841,2024,10,October,3,4,0,1
C18841,2024,11,November,5,6,0,1
C18841,2025,1,January,7,7,0,1
C18841,2025,4,April,8,8,0,1
C18841,2025,6,June,9,9,0,1
C18841,2025,11,November,10,10,0,1
C18841,2025,12,December,11,11,0,1
C18842,2024,8,August,1,1,1,0
C18842,2025,1,January,2,2,0,1
C18842,2025,3,March,3,2,0,1
C18842,2025,6,June,4,3,0,1
C18842,2025,9,September,5,4,0,1
C18842,2025,10,October,6,4,0,1
C18843,2025,10,October,1,1,1,0
C18844,2024,9,September,1,0,1,0
C18844,2024,11,November,2,1,0,0
C18844,2024,12,December,3,2,0,1
C18844,2025,5,May,4,3,0,1
C18844,2025,8,August,5,4,0,1
C18844,2025,12,December,6,5,0,1
C18845,2025,3,March,1,1,1,0
C18845,2025,9,September,2,2,0,1
C18846,2024,12,December,1,1,1,0
C18846,2025,5,May,2,2,0,1
C18846,2025,10,October,3,4,0,1
C18846,2025,12,December,5,5,0,1
C18847,2024,8,August,1,0,1,0
C18847,2024,10,October,2,1,0,0
C18847,2024,11,November,3,2,0,1
C18847,2024,12,December,4,3,0,1
C18847,2025,4,April,5,3,0,1
C18849,2024,9,September,1,1,1,0
C18849,2025,1,January,2,3,0,1
C18849,2025,2,February,5,5,0,1
C18849,2025,4,April,7,6,0,1
C18849,2025,6,June,8,6,0,1
C18849,2025,10,October,9,7,0,1
C18849,2025,11,November,10,9,0,1
C18849,2025,12,December,12,10,0,1
C18850,2025,6,June,1,1,1,0
C18851,2024,12,December,1,1,1,0
C18851,2025,2,February,2,2,0,1
C18851,2025,3,March,3,2,0,1
C18852,2025,1,January,1,2,0,1
C18852,2025,3,March,3,3,0,1
C18852,2025,7,July,4,4,0,1
C18853,2024,9,September,1,1,1,0
C18853,2025,2,February,2,2,0,1
C18853,2025,3,March,3,3,0,1
C18853,2025,8,August,4,4,0,1
C18854,2024,7,July,1,0,1,0
C18854,2025,7,July,2,1,0,0
C18854,2025,10,October,3,2,0,1
C18855,2024,7,July,1,0,1,0
C18855,2024,11,November,2,1,0,0
C18855,2025,2,February,3,2,0,1
C18856,2024,8,August,1,4,0,1
C18856,2024,9,September,5,5,0,1
C18856,2024,12,December,6,6,0,1
C18856,2025,4,April,7,8,0,1
C18856,2025,6,June,9,9,0,1
C18856,2025,8,August,10,11,0,1
C18856,2025,9,September,12,11,0,1
C18857,2025,4,April,1,1,1,0
C18857,2025,7,July,2,2,0,1
C18858,2025,5,May,1,1,1,0
C18858,2025,8,August,2,1,0,0
C18859,2024,8,August,1,0,1,0
C18860,2024,10,October,1,1,1,0
C18860,2025,3,March,2,2,0,1
C18860,2025,5,May,3,2,0,1
C18860,2025,7,July,4,3,0,1
C18860,2025,10,October,5,3,0,1
C18861,2025,2,February,1,1,1,0
C18861,2025,9,September,2,2,0,1
C18861,2025,10,October,3,2,0,1
C18862,2024,7,July,1,1,1,0
C18862,2025,2,February,2,2,0,1
C18862,2025,3,March,3,3,0,1
C18863,2024,8,August,1,0,1,0
C18863,2025,4,April,2,1,0,0
C18864,2024,8,August,1,1,1,0
C18864,2024,12,December,2,2,0,1
C18864,2025,8,August,3,3,0,1
C18864,2025,10,October,4,4,0,1
C18864,2025,12,December,5,5,0,1
C18865,2025,9,September,1,1,1,0
C18865,2025,12,December,2,2,0,1
C18866,2024,9,September,1,1,1,0
C18866,2025,12,December,2,2,0,1
C18867,2024,11,November,1,1,1,0
C18867,2024,12,December,2,1,0,0
C18868,2024,9,September,1,1,1,0
C18868,2025,2,February,2,2,0,1
C18868,2025,11,November,3,3,0,1
C18868,2025,12,December,4,4,0,1
C18869,2024,12,December,1,1,1,0
C18869,2025,3,March,2,1,0,0
C18869,2025,4,April,3,2,0,1
C18869,2025,5,May,4,3,0,1
C18869,2025,8,August,5,4,0,1
C18870,2024,11,November,1,0,1,0
C18870,2025,2,February,2,1,0,0
C18870,2025,5,May,3,2,0,1
C18871,2024,8,August,1,1,1,0
C18871,2024,9,September,2,2,0,1
C18871,2025,7,July,3,3,0,1
C18871,2025,8,August,4,4,0,1
C18871,2025,9,September,5,5,0,1
C18872,2024,10,October,1,1,1,0
C18872,2025,1,January,2,2,0,1
C18872,2025,5,May,3,3,0,1
C18872,2025,8,August,4,4,0,1
C18873,2024,8,August,1,1,1,0
C18873,2025,6,June,2,2,0,1
C18873,2025,11,November,3,3,0,1
C18874,2025,3,March,1,1,1,0
C18874,2025,5,May,2,2,0,1
C18875,2025,11,November,1,1,1,0
C18876,2024,8,August,1,0,1,0
C18876,2024,9,September,2,1,0,0
C18876,2025,9,September,3,2,0,1
C18878,2025,8,August,1,1,1,0
C18878,2025,10,October,2,2,0,1
C18879,2024,10,October,1,1,1,0
C18879,2025,1,January,2,2,0,1
C18879,2025,4,April,3,3,0,1
C18879,2025,5,May,4,4,0,1
C18879,2025,7,July,5,4,0,1
C18880,2024,7,July,1,1,1,0
C18880,2024,11,November,2,1,0,0
C18880,2025,4,April,3,2,0,1
C18880,2025,10,October,4,3,0,1
C18880,2025,12,December,5,4,0,1
C18881,2024,7,July,1,1,1,0
C18881,2025,3,March,2,2,0,1
C18881,2025,4,April,3,4,0,1
C18881,2025,7,July,5,5,0,1
C18882,2024,8,August,1,1,1,0
C18882,2024,11,November,2,2,0,1
C18882,2024,12,December,3,3,0,1
C18884,2024,9,September,1,1,1,0
C18884,2025,3,March,2,1,0,0
C18884,2025,4,April,3,2,0,1
C18884,2025,5,May,4,3,0,1
C18884,2025,12,December,5,4,0,1
C18885,2024,11,November,1,1,1,0
C18885,2025,7,July,2,1,0,0
C18885,2025,10,October,3,2,0,1
C18886,2024,9,September,1,2,0,1
C18886,2025,3,March,3,3,0,1
C18886,2025,8,August,4,4,0,1
C18887,2024,7,July,1,2,0,1
C18887,2024,9,September,3,2,0,1
C18887,2025,8,August,4,3,0,1
C18887,2025,11,November,5,4,0,1
C18888,2024,7,July,1,1,1,0
C18888,2024,8,August,2,2,0,1
C18888,2024,10,October,3,3,0,1
C18888,2025,8,August,4,4,0,1
C18888,2025,9,September,5,5,0,1
C18888,2025,11,November,6,6,0,1
C18888,2025,12,December,7,7,0,1
C18889,2024,10,October,1,1,1,0
C18889,2025,9,September,2,2,0,1
C18890,2024,7,July,1,1,1,0
C18890,2024,8,August,2,2,0,1
C18890,2025,9,September,3,4,0,1
C18891,2024,7,July,1,0,1,0
C18891,2025,1,January,2,1,0,0
C18891,2025,7,July,3,2,0,1
C18892,2024,7,July,1,1,1,0
C18892,2025,1,January,2,2,0,1
C18892,2025,9,September,3,3,0,1
C18893,2025,2,February,1,0,1,0
C18894,2024,11,November,1,2,0,1
C18894,2024,12,December,3,3,0,1
C18894,2025,3,March,4,4,0,1
C18894,2025,4,April,5,5,0,1
C18894,2025,5,May,6,6,0,1
C18894,2025,6,June,7,7,0,1
C18894,2025,7,July,9,8,0,1
C18894,2025,10,October,10,9,0,1
C18895,2024,8,August,1,2,0,1
C18895,2024,9,September,3,3,0,1
C18895,2025,3,March,4,3,0,1
C18895,2025,6,June,5,4,0,1
C18895,2025,8,August,6,5,0,1
C18895,2025,9,September,7,6,0,1
C18896,2024,10,October,1,1,1,0
C18896,2025,6,June,3,1,0,0
C18897,2024,8,August,1,1,1,0
C18897,2025,8,August,2,2,0,1
C18898,2024,9,September,1,1,1,0
C18898,2025,2,February,2,2,0,1
C18899,2024,7,July,1,0,1,0
C18899,2024,9,September,2,1,0,0
C18899,2025,6,June,3,2,0,1
C18899,2025,7,July,4,2,0,1
C18899,2025,8,August,5,3,0,1
C18899,2025,9,September,6,4,0,1
C18899,2025,10,October,7,5,0,1
C18900,2024,12,December,1,1,1,0
C18900,2025,3,March,2,2,0,1
C18901,2024,10,October,1,1,1,0
C18901,2025,10,October,2,2,0,1
C18902,2024,10,October,1,1,1,0
C18902,2024,11,November,2,2,0,1
C18902,2025,2,February,3,3,0,1
C18902,2025,6,June,4,4,0,1
C18903,2024,7,July,1,1,1,0
C18903,2024,8,August,2,1,0,0
C18904,2025,7,July,1,0,1,0
C18905,2025,2,February,1,1,1,0
C18906,2024,9,September,1,0,1,0
C18906,2025,12,December,2,1,0,0
C18907,2024,8,August,1,1,1,0
C18907,2024,10,October,2,2,0,1
C18908,2024,7,July,1,1,1,0
C18908,2024,8,August,3,2,0,1
C18908,2024,9,September,4,3,0,1
C18909,2024,12,December,1,1,1,0
C18909,2025,7,July,2,1,0,0
C18910,2024,11,November,1,1,1,0
C18910,2024,12,December,2,2,0,1
C18910,2025,4,April,3,3,0,1
C18910,2025,6,June,4,3,0,1
C18910,2025,8,August,5,4,0,1
C18911,2025,1,January,1,0,1,0
C18911,2025,2,February,2,2,0,1
C18911,2025,12,December,4,2,0,1
C18912,2024,9,September,1,1,1,0
C18912,2024,12,December,2,2,0,1
C18912,2025,11,November,3,3,0,1
C18913,2024,7,July,1,1,1,0
C18913,2025,1,January,2,2,0,1
C18913,2025,4,April,3,3,0,1
C18913,2025,11,November,4,4,0,1
C18914,2024,7,July,1,1,1,0
C18914,2024,8,August,2,2,0,1
C18914,2024,11,November,3,3,0,1
C18914,2025,2,February,4,4,0,1
C18914,2025,7,July,5,5,0,1
C18915,2025,11,November,1,0,1,0
C18916,2025,2,February,1,1,1,0
C18916,2025,3,March,2,2,0,1
C18916,2025,9,September,3,3,0,1
C18916,2025,10,October,4,4,0,1
C18916,2025,12,December,5,5,0,1
C18917,2024,7,July,1,1,1,0
C18917,2024,10,October,2,2,0,1
C18917,2025,3,March,3,3,0,1
C18917,2025,6,June,4,4,0,1
C18917,2025,8,August,5,6,0,1
C18917,2025,11,November,7,7,0,1
C18917,2025,12,December,8,9,0,1
C18918,2024,7,July,1,1,1,0
C18918,2024,8,August,2,2,0,1
C18918,2024,10,October,3,3,0,1
C18918,2025,1,January,4,4,0,1
C18918,2025,12,December,5,5,0,1
C18919,2024,12,December,1,2,0,1
C18920,2024,11,November,1,1,1,0
C18920,2024,12,December,2,3,0,1
C18920,2025,1,January,5,4,0,1
C18920,2025,6,June,6,6,0,1
C18920,2025,10,October,8,7,0,1
C18921,2025,2,February,1,1,1,0
C18921,2025,10,October,2,2,0,1
C18921,2025,11,November,3,4,0,1
C18922,2024,9,September,1,0,1,0
C18922,2025,2,February,2,1,0,0
C18922,2025,5,May,3,2,0,1
C18922,2025,9,September,4,3,0,1
C18923,2024,10,October,1,2,0,1
C18923,2025,6,June,4,3,0,1
C18923,2025,7,July,5,4,0,1
C18923,2025,8,August,6,5,0,1
C18923,2025,12,December,7,5,0,1
C18924,2024,7,July,1,1,1,0
C18924,2024,8,August,2,2,0,1
C18924,2024,10,October,3,3,0,1
C18924,2025,1,January,4,4,0,1
C18924,2025,2,February,5,5,0,1
C18924,2025,4,April,6,5,0,1
C18924,2025,9,September,7,6,0,1
C18924,2025,11,November,8,7,0,1
C18925,2024,11,November,1,1,1,0
C18926,2024,12,December,1,1,1,0
C18926,2025,1,January,2,2,0,1
C18926,2025,3,March,3,2,0,1
C18927,2024,7,July,1,1,1,0
C18927,2024,8,August,2,2,0,1
C18927,2024,11,November,3,2,0,1
C18927,2025,3,March,4,3,0,1
C18927,2025,6,June,5,4,0,1
C18927,2025,9,September,6,5,0,1
C18928,2024,11,November,1,1,1,0
C18928,2024,12,December,2,2,0,1
C18928,2025,2,February,3,3,0,1
C18928,2025,5,May,4,5,0,1
C18928,2025,9,September,6,6,0,1
C18929,2024,7,July,1,1,1,0
C18929,2025,4,April,2,1,0,0
C18929,2025,5,May,3,2,0,1
C18929,2025,12,December,4,3,0,1
C18930,2024,10,October,1,1,1,0
C18930,2024,11,November,2,2,0,1
C18930,2025,7,July,3,3,0,1
C18930,2025,9,September,4,4,0,1
C18931,2024,7,July,1,1,1,0
C18931,2024,10,October,2,2,0,1
C18931,2025,2,February,3,3,0,1
C18931,2025,9,September,4,4,0,1
C18931,2025,12,December,5,5,0,1
C18932,2024,8,August,1,1,1,0
C18932,2024,10,October,2,2,0,1
C18932,2025,5,May,3,3,0,1
C18932,2025,8,August,4,4,0,1
C18933,2025,6,June,1,1,1,0
C18933,2025,8,August,2,2,0,1
C18933,2025,12,December,3,3,0,1
C18934,2024,9,September,1,1,1,0
C18934,2025,11,November,2,2,0,1
C18935,2025,3,March,1,1,1,0
C18936,2025,3,March,1,2,0,1
C18936,2025,5,May,3,3,0,1
C18936,2025,12,December,4,4,0,1
C18937,2024,7,July,1,1,1,0
C18938,2024,12,December,1,1,1,0
C18938,2025,1,January,2,3,0,1
C18938,2025,9,September,4,4,0,1
C18939,2024,11,November,1,1,1,0
C18939,2025,2,February,2,2,0,1
C18939,2025,5,May,3,3,0,1
C18939,2025,8,August,4,4,0,1
C18940,2024,11,November,1,1,1,0
C18940,2025,2,February,2,2,0,1
C18940,2025,9,September,3,2,0,1
C18941,2024,9,September,1,1,1,0
C18941,2025,6,June,2,2,0,1
C18942,2024,11,November,1,1,1,0
C18942,2025,1,January,2,2,0,1
C18942,2025,2,February,3,2,0,1
C18942,2025,8,August,4,3,0,1
C18942,2025,11,November,5,4,0,1
C18943,2024,7,July,1,1,1,0
C18943,2024,8,August,2,2,0,1
C18944,2024,7,July,1,1,1,0
C18944,2024,9,September,2,2,0,1
C18944,2024,11,November,3,3,0,1
C18944,2024,12,December,4,4,0,1
C18944,2025,3,March,6,5,0,1
C18944,2025,5,May,7,5,0,1
C18944,2025,7,July,8,7,0,1
C18944,2025,9,September,10,8,0,1
C18944,2025,11,November,11,9,0,1
C18944,2025,12,December,12,10,0,1
C18945,2024,10,October,1,1,1,0
C18945,2024,12,December,2,2,0,1
C18945,2025,3,March,3,3,0,1
C18945,2025,7,July,4,4,0,1
C18946,2024,7,July,1,3,0,1
C18946,2024,8,August,4,3,0,1
C18946,2024,12,December,5,4,0,1
C18946,2025,3,March,6,4,0,1
C18946,2025,6,June,7,5,0,1
C18946,2025,8,August,8,5,0,1
C18946,2025,10,October,9,8,0,1
C18947,2024,12,December,1,1,1,0
C18947,2025,4,April,2,2,0,1
C18947,2025,7,July,3,3,0,1
C18947,2025,11,November,4,4,0,1
C18948,2025,1,January,1,0,1,0
C18948,2025,7,July,2,1,0,0
C18949,2024,7,July,1,1,1,0
C18949,2024,8,August,3,2,0,1
C18949,2024,9,September,4,3,0,1
C18949,2025,2,February,5,4,0,1
C18949,2025,7,July,6,5,0,1
C18949,2025,10,October,7,8,0,1
C18949,2025,11,November,10,9,0,1
C18950,2024,9,September,1,1,1,0
C18950,2024,11,November,2,1,0,0
C18950,2024,12,December,3,2,0,1
C18950,2025,6,June,5,2,0,1
C18951,2024,12,December,1,1,1,0
C18951,2025,1,January,2,2,0,1
C18951,2025,2,February,3,2,0,1
C18951,2025,4,April,4,3,0,1
C18951,2025,6,June,5,4,0,1
C18951,2025,8,August,6,5,0,1
C18951,2025,9,September,7,7,0,1
C18951,2025,10,October,9,8,0,1
C18951,2025,11,November,10,9,0,1
C18951,2025,12,December,11,10,0,1
C18952,2025,6,June,1,1,1,0
C18952,2025,7,July,2,2,0,1
C18953,2024,12,December,1,0,1,0
C18953,2025,4,April,2,1,0,0
C18953,2025,8,August,3,1,0,0
C18954,2025,3,March,1,1,1,0
C18954,2025,7,July,2,1,0,0
C18954,2025,8,August,3,2,0,1
C18956,2024,7,July,1,1,1,0
C18956,2024,12,December,2,3,0,1
C18956,2025,1,January,4,5,0,1
C18956,2025,5,May,6,5,0,1
C18956,2025,9,September,7,7,0,1
C18956,2025,12,December,9,8,0,1
C18957,2024,9,September,1,0,1,0
C18957,2024,12,December,2,2,0,1
C18957,2025,3,March,4,3,0,1
C18957,2025,5,May,5,4,0,1
C18957,2025,11,November,6,5,0,1
C18958,2025,3,March,1,1,1,0
C18958,2025,8,August,2,2,0,1
C18959,2024,8,August,1,1,1,0
C18959,2024,9,September,2,1,0,0
C18959,2025,1,January,3,2,0,1
C18959,2025,6,June,4,3,0,1
C18959,2025,7,July,5,4,0,1
C18959,2025,8,August,6,5,0,1
C18960,2024,9,September,1,1,1,0
C18960,2024,10,October,2,2,0,1
C18960,2024,11,November,3,3,0,1
C18960,2024,12,December,4,4,0,1
C18960,2025,4,April,5,5,0,1
C18960,2025,5,May,7,6,0,1
C18960,2025,7,July,8,7,0,1
C18960,2025,11,November,10,9,0,1
C18961,2024,7,July,1,1,1,0
C18961,2025,5,May,2,2,0,1
C18961,2025,6,June,3,3,0,1
C18962,2025,2,February,1,0,1,0
C18962,2025,8,August,2,1,0,0
C18962,2025,10,October,3,1,0,0
C18963,2024,8,August,1,1,1,0
C18963,2025,5,May,2,2,0,1
C18963,2025,10,October,3,3,0,1
C18964,2024,7,July,1,0,1,0
C18964,2025,1,January,2,1,0,0
C18964,2025,5,May,3,2,0,1
C18964,2025,11,November,4,3,0,1
C18964,2025,12,December,5,3,0,1
C18965,2024,9,September,1,1,1,0
C18965,2025,7,July,2,3,0,1
C18965,2025,9,September,4,5,0,1
C18965,2025,10,October,6,6,0,1
C18965,2025,11,November,7,8,0,1
C18965,2025,12,December,9,9,0,1
C18966,2025,5,May,1,1,1,0
C18966,2025,8,August,2,2,0,1
C18966,2025,9,September,3,3,0,1
C18966,2025,11,November,4,3,0,1
C18967,2024,7,July,1,1,1,0
C18967,2025,4,April,2,1,0,0
C18968,2025,3,March,1,1,1,0
C18968,2025,10,October,2,2,0,1
C18970,2025,2,February,1,1,1,0
C18970,2025,3,March,2,2,0,1
C18970,2025,10,October,3,3,0,1
C18971,2024,9,September,1,1,1,0
C18971,2025,10,October,2,3,0,1
C18972,2025,2,February,1,1,1,0
C18972,2025,4,April,2,2,0,1
C18973,2024,11,November,1,1,1,0
C18973,2025,9,September,2,2,0,1
C18975,2024,7,July,1,1,1,0
C18975,2025,9,September,2,2,0,1
C18976,2024,9,September,1,1,1,0
C18976,2025,11,November,2,1,0,0
C18977,2024,8,August,1,1,1,0
C18977,2025,4,April,2,2,0,1
C18977,2025,6,June,3,4,0,1
C18977,2025,8,August,5,4,0,1
C18978,2025,1,January,1,1,1,0
C18979,2025,5,May,1,1,1,0
C18979,2025,6,June,2,1,0,0
C18980,2024,10,October,1,1,1,0
C18980,2025,7,July,2,2,0,1
C18980,2025,11,November,3,3,0,1
C18981,2024,8,August,1,0,1,0
C18981,2025,4,April,2,1,0,0
C18982,2024,10,October,1,1,1,0
C18982,2025,5,May,2,1,0,0
C18982,2025,6,June,3,2,0,1
C18983,2024,7,July,1,1,1,0
C18983,2025,4,April,2,2,0,1
C18984,2025,8,August,1,2,0,1
C18985,2024,8,August,1,1,1,0
C18985,2024,11,November,2,2,0,1
C18985,2025,11,November,3,3,0,1
C18986,2024,8,August,1,1,1,0
C18986,2025,2,February,2,2,0,1
C18986,2025,6,June,3,3,0,1
C18986,2025,7,July,4,4,0,1
C18986,2025,8,August,5,5,0,1
C18986,2025,12,December,6,5,0,1
C18987,2024,7,July,1,1,1,0
C18987,2025,9,September,2,2,0,1
C18988,2024,9,September,1,1,1,0
C18988,2025,3,March,2,1,0,0
C18988,2025,5,May,3,1,0,0
C18988,2025,8,August,4,2,0,1
C18989,2024,7,July,1,0,1,0
C18989,2025,12,December,2,1,0,0
C18990,2025,2,February,1,1,1,0
C18990,2025,11,November,2,2,0,1
C18991,2024,11,November,1,1,1,0
C18991,2025,4,April,2,2,0,1
C18991,2025,12,December,3,3,0,1
C18992,2024,9,September,1,1,1,0
C18992,2024,12,December,2,2,0,1
C18992,2025,1,January,3,3,0,1
C18993,2024,9,September,1,1,1,0
C18993,2025,2,February,2,2,0,1
C18993,2025,12,December,3,3,0,1
C18994,2025,7,July,1,1,1,0
C18994,2025,9,September,2,2,0,1
C18995,2024,7,July,1,2,0,1
C18995,2024,11,November,3,3,0,1
C18995,2024,12,December,4,4,0,1
C18995,2025,1,January,5,4,0,1
C18995,2025,3,March,6,5,0,1
C18995,2025,6,June,7,5,0,1
C18995,2025,9,September,8,6,0,1
C18995,2025,10,October,9,7,0,1
C18996,2025,7,July,1,1,1,0
C18997,2024,8,August,1,2,0,1
C18997,2024,11,November,3,2,0,1
C18997,2024,12,December,4,3,0,1
C18997,2025,2,February,5,3,0,1
C18997,2025,3,March,6,5,0,1
C18997,2025,4,April,8,5,0,1
C18997,2025,9,September,9,6,0,1
C18998,2024,11,November,1,1,1,0
C18998,2025,1,January,2,2,0,1
C18998,2025,7,July,3,3,0,1
C18999,2024,12,December,1,1,1,0
C18999,2025,1,January,2,2,0,1
C18999,2025,5,May,3,4,0,1
C18999,2025,7,July,5,5,0,1
C18999,2025,11,November,6,6,0,1
C18999,2025,12,December,7,8,0,1
C19000,2025,3,March,1,1,1,0
C19000,2025,4,April,2,3,0,1
C19001,2025,5,May,1,1,1,0
C19001,2025,6,June,2,1,0,0
C19001,2025,10,October,3,4,0,1
C19002,2024,11,November,1,1,1,0
C19002,2025,1,January,2,2,0,1
C19002,2025,2,February,4,3,0,1
C19002,2025,5,May,5,4,0,1
C19002,2025,6,June,6,4,0,1
C19002,2025,7,July,7,5,0,1
C19002,2025,8,August,8,6,0,1
C19002,2025,12,December,9,8,0,1
C19003,2024,8,August,1,1,1,0
C19003,2024,11,November,2,2,0,1
C19003,2025,2,February,3,3,0,1
C19003,2025,3,March,4,4,0,1
C19003,2025,6,June,5,4,0,1
C19004,2024,12,December,1,0,1,0
C19004,2025,2,February,2,1,0,0
C19004,2025,5,May,3,2,0,1
C19004,2025,6,June,4,3,0,1
C19004,2025,7,July,6,4,0,1
C19004,2025,8,August,7,7,0,1
C19004,2025,9,September,10,8,0,1
C19004,2025,10,October,11,9,0,1
C19004,2025,12,December,12,10,0,1
C19005,2024,11,November,1,1,1,0
C19005,2025,2,February,2,2,0,1
C19005,2025,3,March,3,3,0,1
C19005,2025,4,April,4,4,0,1
C19005,2025,5,May,5,5,0,1
C19006,2024,9,September,1,1,1,0
C19006,2025,8,August,2,2,0,1
C19006,2025,9,September,3,3,0,1
C19007,2024,7,July,1,2,0,1
C19007,2024,8,August,3,3,0,1
C19007,2025,6,June,4,4,0,1
C19008,2024,7,July,1,1,1,0
C19008,2024,10,October,2,2,0,1
C19008,2024,11,November,3,3,0,1
C19008,2025,2,February,4,3,0,1
C19008,2025,11,November,5,3,0,1
C19009,2024,9,September,1,1,1,0
C19009,2024,12,December,3,1,0,0
C19009,2025,2,February,4,2,0,1
C19009,2025,6,June,5,4,0,1
C19010,2024,11,November,1,1,1,0
C19010,2025,3,March,2,2,0,1
C19010,2025,8,August,3,3,0,1
C19010,2025,10,October,4,4,0,1
C19010,2025,12,December,5,5,0,1
C19011,2024,12,December,1,1,1,0
C19011,2025,7,July,2,2,0,1
C19011,2025,11,November,3,3,0,1
C19012,2024,7,July,1,0,1,0
C19012,2024,9,September,2,1,0,0
C19012,2025,8,August,3,2,0,1
C19012,2025,10,October,4,3,0,1
C19013,2024,8,August,1,1,1,0
C19013,2024,11,November,2,2,0,1
C19013,2025,2,February,3,3,0,1
C19013,2025,5,May,4,3,0,1
C19015,2025,1,January,1,1,1,0
C19016,2025,5,May,1,1,1,0
C19017,2024,8,August,1,1,1,0
C19017,2024,10,October,2,2,0,1
C19017,2024,11,November,3,2,0,1
C19017,2025,12,December,4,3,0,1
C19018,2024,12,December,1,0,1,0
C19018,2025,2,February,2,1,0,0
C19018,2025,12,December,3,2,0,1
C19019,2025,3,March,1,1,1,0
C19019,2025,4,April,2,2,0,1
C19019,2025,9,September,3,3,0,1
C19019,2025,11,November,4,4,0,1
C19020,2024,10,October,1,1,1,0
C19020,2025,3,March,2,3,0,1
C19020,2025,7,July,4,4,0,1
C19020,2025,12,December,5,5,0,1
C19021,2024,7,July,1,1,1,0
C19021,2025,1,January,2,1,0,0
C19021,2025,8,August,3,2,0,1
C19022,2024,7,July,1,1,1,0
C19022,2024,10,October,2,2,0,1
C19022,2024,12,December,3,3,0,1
C19022,2025,6,June,4,4,0,1
C19022,2025,9,September,5,5,0,1
C19023,2024,7,July,1,2,0,1
C19023,2024,8,August,3,4,0,1
C19023,2025,5,May,5,5,0,1
C19023,2025,6,June,6,5,0,1
C19024,2024,9,September,1,1,1,0
C19024,2025,1,January,2,2,0,1
C19024,2025,2,February,3,3,0,1
C19024,2025,3,March,4,5,0,1
C19024,2025,7,July,7,6,0,1
C19025,2024,7,July,1,1,1,0
C19025,2025,4,April,2,3,0,1
C19025,2025,5,May,4,4,0,1
C19025,2025,7,July,5,6,0,1
C19026,2024,7,July,1,1,1,0
C19026,2024,11,November,2,2,0,1
C19026,2024,12,December,3,3,0,1
C19026,2025,3,March,4,4,0,1
C19026,2025,6,June,5,4,0,1
C19026,2025,8,August,6,5,0,1
C19026,2025,9,September,7,7,0,1
C19026,2025,12,December,9,8,0,1
C19027,2024,9,September,1,0,1,0
C19027,2025,3,March,2,1,0,0
C19027,2025,6,June,3,2,0,1
C19028,2024,9,September,1,1,1,0
C19028,2025,9,September,2,2,0,1
C19029,2024,12,December,1,1,1,0
C19029,2025,1,January,2,2,0,1
C19030,2024,7,July,1,0,1,0
C19030,2024,11,November,2,1,0,0
C19030,2024,12,December,3,3,0,1
C19030,2025,8,August,5,4,0,1
C19031,2024,11,November,1,1,1,0
C19031,2024,12,December,2,2,0,1
C19031,2025,1,January,3,3,0,1
C19031,2025,5,May,4,3,0,1
C19031,2025,6,June,5,4,0,1
C19031,2025,7,July,6,5,0,1
C19031,2025,8,August,7,6,0,1
C19031,2025,10,October,8,7,0,1
C19032,2025,2,February,1,0,1,0
C19032,2025,9,September,2,1,0,0
C19033,2024,7,July,1,1,1,0
C19033,2024,8,August,2,2,0,1
C19033,2025,5,May,3,3,0,1
C19034,2024,8,August,1,0,1,0
C19034,2024,9,September,2,1,0,0
C19034,2025,2,February,3,2,0,1
C19034,2025,3,March,4,3,0,1
C19034,2025,6,June,5,4,0,1
C19034,2025,7,July,6,5,0,1
C19034,2025,10,October,7,6,0,1
C19037,2025,4,April,1,1,1,0
C19038,2024,12,December,1,1,1,0
C19038,2025,4,April,2,2,0,1
C19038,2025,8,August,3,3,0,1
C19038,2025,10,October,4,4,0,1
C19039,2024,9,September,1,1,1,0
C19039,2024,12,December,2,2,0,1
C19039,2025,1,January,3,3,0,1
C19039,2025,2,February,4,3,0,1
C19039,2025,12,December,5,4,0,1
C19040,2025,8,August,1,1,1,0
C19040,2025,10,October,2,2,0,1
C19041,2025,2,February,1,1,1,0
C19041,2025,5,May,2,2,0,1
C19042,2024,10,October,1,1,1,0
C19042,2024,11,November,2,2,0,1
C19042,2025,8,August,3,2,0,1
C19043,2024,8,August,1,2,0,1
C19043,2024,11,November,3,3,0,1
C19043,2025,4,April,4,4,0,1
C19043,2025,6,June,5,5,0,1
C19043,2025,10,October,6,7,0,1
C19043,2025,11,November,8,8,0,1
C19044,2024,10,October,1,1,1,0
C19044,2024,11,November,2,2,0,1
C19044,2025,1,January,3,3,0,1
C19044,2025,5,May,4,4,0,1
C19045,2024,7,July,1,1,1,0
C19045,2024,11,November,2,2,0,1
C19045,2025,6,June,3,3,0,1
C19045,2025,10,October,4,4,0,1
C19046,2024,8,August,1,0,1,0
C19046,2024,9,September,2,1,0,0
C19046,2024,10,October,3,2,0,1
C19046,2025,5,May,4,5,0,1
C19046,2025,6,June,8,6,0,1
C19046,2025,7,July,9,6,0,1
C19046,2025,12,December,10,7,0,1
C19047,2025,1,January,1,1,1,0
C19047,2025,8,August,2,2,0,1
C19048,2024,12,December,1,1,1,0
C19048,2025,8,August,2,2,0,1
C19049,2024,8,August,1,1,1,0
C19049,2025,6,June,2,2,0,1
C19050,2025,5,May,1,0,1,0
C19050,2025,7,July,2,1,0,0
C19051,2025,2,February,1,1,1,0
C19052,2024,9,September,1,1,1,0
C19052,2025,12,December,2,2,0,1
C19053,2024,10,October,1,0,1,0
C19053,2024,12,December,2,1,0,0
C19053,2025,2,February,3,2,0,1
C19053,2025,5,May,4,2,0,1
C19053,2025,11,November,5,2,0,1
C19054,2024,10,October,1,1,1,0
C19054,2024,12,December,2,2,0,1
C19054,2025,9,September,3,4,0,1
C19054,2025,10,October,5,5,0,1
C19054,2025,11,November,6,5,0,1
C19055,2024,7,July,1,1,1,0
C19055,2025,1,January,2,2,0,1
C19055,2025,10,October,3,3,0,1
C19057,2024,9,September,1,1,1,0
C19057,2024,11,November,2,2,0,1
C19057,2024,12,December,3,3,0,1
C19057,2025,6,June,4,3,0,1
C19057,2025,7,July,5,4,0,1
C19057,2025,8,August,6,5,0,1
C19057,2025,12,December,7,6,0,1
C19058,2025,5,May,1,1,1,0
C19058,2025,10,October,2,2,0,1
C19059,2025,1,January,1,1,1,0
C19059,2025,12,December,2,2,0,1
C19060,2024,8,August,1,1,1,0
C19061,2025,3,March,1,1,1,0
C19061,2025,12,December,2,3,0,1
C19062,2024,11,November,1,1,1,0
C19062,2025,1,January,2,2,0,1
C19063,2024,8,August,1,1,1,0
C19063,2025,4,April,2,2,0,1
C19063,2025,6,June,3,3,0,1
C19063,2025,9,September,4,4,0,1
C19064,2024,10,October,1,0,1,0
C19064,2025,10,October,2,1,0,0
C19065,2024,10,October,1,2,0,1
C19065,2024,11,November,3,3,0,1
C19065,2025,5,May,4,4,0,1
C19065,2025,6,June,5,5,0,1
C19066,2024,8,August,1,1,1,0
C19066,2025,2,February,2,1,0,0
C19066,2025,6,June,3,2,0,1
C19066,2025,9,September,4,2,0,1
C19066,2025,10,October,5,2,0,1
C19067,2024,9,September,1,0,1,0
C19067,2025,9,September,2,0,0,0
C19067,2025,11,November,3,1,0,0
C19068,2025,4,April,1,1,1,0
C19068,2025,11,November,2,3,0,1
C19068,2025,12,December,4,4,0,1
C19069,2024,11,November,1,1,1,0
C19069,2025,4,April,2,1,0,0
C19069,2025,8,August,3,2,0,1
C19069,2025,9,September,4,3,0,1
C19069,2025,11,November,5,3,0,1
C19070,2025,1,January,1,2,0,1
C19070,2025,5,May,3,3,0,1
C19071,2024,8,August,1,2,0,1
C19071,2024,9,September,3,3,0,1
C19071,2024,12,December,4,4,0,1
C19071,2025,1,January,5,5,0,1
C19071,2025,2,February,6,7,0,1
C19071,2025,5,May,9,8,0,1
C19071,2025,6,June,10,9,0,1
C19072,2024,8,August,1,1,1,0
C19072,2024,11,November,2,2,0,1
C19072,2025,5,May,3,3,0,1
C19072,2025,11,November,4,4,0,1
C19073,2024,9,September,1,2,0,1
C19073,2025,12,December,3,3,0,1
C19074,2024,10,October,1,1,1,0
C19075,2024,9,September,1,1,1,0
C19075,2025,7,July,2,2,0,1
C19075,2025,9,September,3,3,0,1
C19076,2024,7,July,1,0,1,0
C19076,2025,3,March,2,2,0,1
C19076,2025,11,November,4,3,0,1
C19077,2025,4,April,1,0,1,0
C19077,2025,8,August,2,0,0,0
C19078,2024,12,December,1,0,1,0
C19078,2025,3,March,2,1,0,0
C19079,2024,7,July,1,1,1,0
C19079,2024,10,October,2,2,0,1
C19079,2024,12,December,4,3,0,1
C19079,2025,1,January,5,4,0,1
C19079,2025,10,October,6,5,0,1
C19081,2024,8,August,1,0,1,0
C19081,2025,4,April,2,1,0,0
C19081,2025,6,June,3,1,0,0
C19081,2025,8,August,4,2,0,1
C19081,2025,9,September,5,3,0,1
C19081,2025,10,October,6,4,0,1
C19082,2025,7,July,1,1,1,0
C19082,2025,8,August,2,2,0,1
C19082,2025,10,October,3,3,0,1
C19083,2024,7,July,1,1,1,0
C19083,2024,8,August,2,2,0,1
C19083,2024,10,October,4,3,0,1
C19083,2025,1,January,5,4,0,1
C19083,2025,3,March,6,5,0,1
C19083,2025,8,August,7,6,0,1
C19083,2025,10,October,8,6,0,1
C19084,2024,7,July,1,1,1,0
C19084,2025,12,December,2,2,0,1
C19085,2024,7,July,1,1,1,0
C19085,2025,1,January,2,3,0,1
C19086,2024,7,July,1,1,1,0
C19086,2025,1,January,2,2,0,1
C19087,2024,10,October,1,1,1,0
C19087,2025,1,January,3,1,0,0
C19087,2025,3,March,4,3,0,1
C19087,2025,12,December,7,4,0,1
C19088,2024,7,July,1,0,1,0
C19088,2024,9,September,2,0,0,0
C19088,2024,11,November,3,1,0,0
C19088,2024,12,December,4,3,0,1
C19088,2025,1,January,6,3,0,1
C19088,2025,4,April,7,4,0,1
C19088,2025,8,August,8,4,0,1
C19088,2025,10,October,9,5,0,1
C19088,2025,11,November,10,6,0,1
C19089,2024,11,November,1,1,1,0
C19089,2025,5,May,2,2,0,1
C19090,2024,10,October,1,0,1,0
C19090,2024,11,November,2,0,0,0
C19090,2025,2,February,3,1,0,0
C19090,2025,4,April,4,2,0,1
C19091,2024,11,November,1,1,1,0
C19091,2024,12,December,2,2,0,1
C19091,2025,1,January,3,3,0,1
C19091,2025,2,February,4,4,0,1
C19092,2025,3,March,1,1,1,0
C19092,2025,8,August,2,2,0,1
C19092,2025,10,October,3,2,0,1
C19093,2024,9,September,1,2,0,1
C19093,2025,1,January,3,3,0,1
C19093,2025,10,October,4,4,0,1
C19093,2025,11,November,5,4,0,1
C19094,2024,9,September,1,1,1,0
C19094,2025,10,October,2,2,0,1
C19095,2024,12,December,1,2,0,1
C19095,2025,3,March,3,3,0,1
C19095,2025,6,June,4,4,0,1
C19095,2025,7,July,5,5,0,1
C19095,2025,12,December,6,6,0,1
C19096,2024,7,July,1,0,1,0
C19096,2024,9,September,2,1,0,0
C19096,2024,12,December,4,1,0,0
C19096,2025,6,June,5,2,0,1
C19096,2025,7,July,6,3,0,1
C19096,2025,8,August,7,4,0,1
C19096,2025,9,September,8,4,0,1
C19097,2024,10,October,1,1,1,0
C19097,2025,3,March,2,1,0,0
C19097,2025,11,November,3,2,0,1
C19098,2024,9,September,1,0,1,0
C19099,2025,4,April,1,1,1,0
C19099,2025,6,June,2,2,0,1
C19099,2025,10,October,3,3,0,1
C19099,2025,12,December,4,4,0,1
C19100,2024,8,August,1,2,0,1
C19100,2024,11,November,3,2,0,1
C19100,2025,1,January,4,3,0,1
C19100,2025,3,March,5,5,0,1
C19100,2025,8,August,7,6,0,1
C19100,2025,11,November,8,7,0,1
C19101,2024,9,September,1,1,1,0
C19101,2025,1,January,2,2,0,1
C19101,2025,6,June,3,2,0,1
C19101,2025,9,September,4,3,0,1
C19102,2024,11,November,1,1,1,0
C19102,2024,12,December,2,2,0,1
C19102,2025,4,April,3,4,0,1
C19102,2025,8,August,5,5,0,1
C19102,2025,12,December,6,5,0,1
C19103,2024,7,July,1,1,1,0
C19103,2024,8,August,2,2,0,1
C19103,2025,1,January,3,3,0,1
C19103,2025,6,June,4,4,0,1
C19103,2025,7,July,5,6,0,1
C19104,2025,4,April,1,0,1,0
C19104,2025,6,June,2,1,0,0
C19105,2024,11,November,1,1,1,0
C19105,2025,6,June,2,2,0,1
C19105,2025,9,September,3,3,0,1
C19105,2025,11,November,4,4,0,1
C19106,2024,9,September,1,1,1,0
C19106,2024,10,October,3,2,0,1
C19106,2025,1,January,4,2,0,1
C19106,2025,4,April,5,3,0,1
C19106,2025,6,June,6,4,0,1
C19106,2025,11,November,7,5,0,1
C19107,2024,11,November,1,1,1,0
C19107,2025,1,January,2,3,0,1
C19107,2025,9,September,4,3,0,1
C19107,2025,11,November,5,4,0,1
C19108,2024,8,August,1,1,1,0
C19109,2024,8,August,1,1,1,0
C19109,2024,9,September,2,2,0,1
C19109,2024,10,October,3,3,0,1
C19109,2025,5,May,4,3,0,1
C19109,2025,11,November,5,3,0,1
C19110,2024,10,October,1,1,1,0
C19110,2025,3,March,2,2,0,1
C19110,2025,11,November,3,3,0,1
C19111,2024,8,August,1,2,0,1
C19111,2025,3,March,3,3,0,1
C19111,2025,9,September,4,5,0,1
C19112,2025,7,July,1,1,1,0
C19112,2025,8,August,2,2,0,1
C19113,2024,8,August,1,1,1,0
C19113,2024,9,September,2,2,0,1
C19113,2025,9,September,3,3,0,1
C19114,2025,1,January,1,0,1,0
C19114,2025,3,March,2,1,0,0
C19114,2025,10,October,3,2,0,1
C19114,2025,12,December,4,4,0,1
C19115,2024,7,July,1,1,1,0
C19115,2024,8,August,2,2,0,1
C19116,2024,9,September,1,1,1,0
C19116,2025,5,May,2,2,0,1
C19116,2025,12,December,3,3,0,1
C19117,2024,7,July,1,1,1,0
C19118,2024,7,July,1,1,1,0
C19118,2025,8,August,2,2,0,1
C19118,2025,12,December,3,2,0,1
C19119,2024,9,September,1,1,1,0
C19119,2025,8,August,2,2,0,1
C19119,2025,9,September,3,3,0,1
C19120,2024,12,December,1,1,1,0
C19120,2025,1,January,2,2,0,1
C19120,2025,2,February,3,3,0,1
C19121,2024,10,October,1,1,1,0
C19121,2024,11,November,3,2,0,1
C19121,2024,12,December,4,3,0,1
C19121,2025,1,January,5,4,0,1
C19121,2025,8,August,6,5,0,1
C19121,2025,10,October,7,6,0,1
C19122,2024,7,July,1,1,1,0
C19122,2024,8,August,2,2,0,1
C19122,2025,5,May,3,4,0,1
C19122,2025,6,June,5,5,0,1
C19122,2025,8,August,6,6,0,1
C19122,2025,11,November,7,6,0,1
C19123,2024,7,July,1,0,1,0
C19123,2025,7,July,2,1,0,0
C19123,2025,10,October,3,2,0,1
C19124,2024,12,December,1,0,1,0
C19124,2025,2,February,2,1,0,0
C19124,2025,4,April,3,2,0,1
C19124,2025,5,May,4,3,0,1
C19124,2025,7,July,5,4,0,1
C19125,2024,9,September,1,1,1,0
C19125,2024,10,October,2,2,0,1
C19125,2025,1,January,3,2,0,1
C19125,2025,2,February,4,3,0,1
C19125,2025,3,March,5,3,0,1
C19125,2025,4,April,6,4,0,1
C19125,2025,6,June,8,5,0,1
C19125,2025,7,July,9,6,0,1
C19125,2025,9,September,10,7,0,1
C19125,2025,10,October,11,7,0,1
C19125,2025,12,December,12,8,0,1
C19126,2024,8,August,1,1,1,0
C19126,2025,1,January,2,2,0,1
C19126,2025,2,February,3,2,0,1
C19126,2025,11,November,4,4,0,1
C19127,2024,9,September,1,2,0,1
C19127,2024,11,November,4,3,0,1
C19127,2025,2,February,5,4,0,1
C19127,2025,5,May,6,4,0,1
C19127,2025,8,August,7,5,0,1
C19127,2025,10,October,8,6,0,1
C19127,2025,11,November,9,7,0,1
C19128,2025,4,April,1,2,0,1
C19128,2025,5,May,3,3,0,1
C19128,2025,6,June,4,3,0,1
C19128,2025,8,August,5,6,0,1
C19128,2025,12,December,8,6,0,1
C19129,2024,8,August,1,2,0,1
C19130,2024,9,September,1,1,1,0
C19130,2024,11,November,2,1,0,0
C19130,2025,3,March,3,2,0,1
C19130,2025,8,August,4,3,0,1
C19130,2025,11,November,5,4,0,1
C19131,2024,7,July,1,1,1,0
C19131,2024,9,September,2,2,0,1
C19131,2025,9,September,3,3,0,1
C19131,2025,10,October,4,3,0,1
C19131,2025,12,December,5,4,0,1
C19132,2024,10,October,1,0,1,0
C19134,2024,12,December,1,1,1,0
C19134,2025,2,February,2,1,0,0
C19134,2025,8,August,3,2,0,1
C19134,2025,11,November,4,3,0,1
C19135,2024,11,November,1,1,1,0
C19135,2025,2,February,2,2,0,1
C19135,2025,3,March,3,3,0,1
C19135,2025,7,July,4,4,0,1
C19136,2024,10,October,1,1,1,0
C19136,2025,1,January,2,2,0,1
C19136,2025,11,November,3,3,0,1
C19137,2025,12,December,1,0,1,0
C19138,2024,11,November,1,1,1,0
C19138,2024,12,December,2,2,0,1
C19138,2025,12,December,3,3,0,1
C19139,2024,7,July,1,1,1,0
C19139,2024,9,September,2,1,0,0
C19139,2024,11,November,3,3,0,1
C19139,2025,2,February,5,5,0,1
C19139,2025,6,June,7,6,0,1
C19139,2025,9,September,8,8,0,1
C19140,2024,8,August,1,1,1,0
C19140,2024,11,November,2,1,0,0
C19141,2024,8,August,1,1,1,0
C19141,2024,9,September,2,2,0,1
C19141,2024,11,November,3,3,0,1
C19141,2025,2,February,4,3,0,1
C19141,2025,12,December,5,4,0,1
C19142,2024,8,August,1,1,1,0
C19142,2024,10,October,2,2,0,1
C19142,2025,5,May,3,3,0,1
C19142,2025,6,June,4,4,0,1
C19143,2025,1,January,1,0,1,0
C19143,2025,5,May,2,1,0,0
C19143,2025,8,August,3,2,0,1
C19144,2024,10,October,1,1,1,0
C19144,2025,3,March,2,1,0,0
C19144,2025,10,October,3,2,0,1
C19145,2024,7,July,1,1,1,0
C19146,2024,11,November,1,1,1,0
C19146,2025,3,March,2,2,0,1
C19146,2025,7,July,3,3,0,1
C19147,2024,9,September,1,1,1,0
C19147,2025,4,April,2,2,0,1
C19147,2025,9,September,3,3,0,1
C19147,2025,12,December,4,3,0,1
C19148,2024,7,July,1,1,1,0
C19148,2024,9,September,2,2,0,1
C19148,2025,9,September,3,3,0,1
C19148,2025,11,November,4,4,0,1
C19148,2025,12,December,5,5,0,1
C19149,2024,10,October,1,2,0,1
C19149,2025,2,February,3,2,0,1
C19149,2025,5,May,5,3,0,1
C19149,2025,8,August,6,4,0,1
C19149,2025,10,October,7,5,0,1
C19150,2024,9,September,1,1,1,0
C19150,2024,11,November,2,2,0,1
C19150,2024,12,December,3,2,0,1
C19150,2025,4,April,4,3,0,1
C19151,2024,10,October,1,1,1,0
C19151,2025,12,December,2,2,0,1
C19152,2024,10,October,1,1,1,0
C19152,2024,11,November,2,2,0,1
C19152,2025,1,January,3,3,0,1
C19153,2024,7,July,1,1,1,0
C19153,2024,8,August,2,2,0,1
C19153,2024,10,October,3,3,0,1
C19153,2024,11,November,4,4,0,1
C19153,2025,1,January,5,5,0,1
C19153,2025,3,March,6,6,0,1
C19153,2025,4,April,7,7,0,1
C19153,2025,8,August,8,8,0,1
C19154,2024,9,September,1,1,1,0
C19154,2024,12,December,2,1,0,0
C19155,2024,10,October,1,1,1,0
C19155,2024,12,December,2,1,0,0
C19155,2025,1,January,3,2,0,1
C19156,2024,8,August,1,1,1,0
C19156,2025,4,April,2,2,0,1
C19156,2025,11,November,3,3,0,1
C19156,2025,12,December,4,4,0,1
C19157,2024,7,July,1,1,1,0
C19157,2024,10,October,2,2,0,1
C19157,2024,12,December,3,3,0,1
C19157,2025,1,January,4,4,0,1
C19157,2025,5,May,6,5,0,1
C19157,2025,6,June,7,6,0,1
C19157,2025,10,October,8,7,0,1
C19157,2025,11,November,9,8,0,1
C19158,2024,9,September,1,1,1,0
C19158,2024,11,November,2,2,0,1
C19158,2025,1,January,3,3,0,1
C19158,2025,3,March,4,3,0,1
C19158,2025,4,April,5,4,0,1
C19158,2025,5,May,6,6,0,1
C19158,2025,6,June,8,8,0,1
C19158,2025,7,July,10,9,0,1
C19158,2025,10,October,11,10,0,1
C19159,2024,11,November,1,1,1,0
C19159,2025,4,April,2,3,0,1
C19159,2025,6,June,4,4,0,1
C19159,2025,8,August,5,5,0,1
C19159,2025,9,September,6,6,0,1
C19160,2025,10,October,1,1,1,0
C19161,2024,7,July,1,1,1,0
C19161,2025,1,January,2,2,0,1
C19161,2025,8,August,3,2,0,1
C19161,2025,12,December,4,2,0,1
C19162,2024,7,July,1,1,1,0
C19162,2024,11,November,2,3,0,1
C19162,2025,5,May,4,4,0,1
C19162,2025,6,June,5,5,0,1
C19162,2025,9,September,6,6,0,1
C19163,2024,12,December,1,1,1,0
C19163,2025,5,May,2,2,0,1
C19164,2025,6,June,1,1,1,0
C19164,2025,7,July,2,2,0,1
C19165,2024,11,November,1,0,1,0
C19165,2025,6,June,2,1,0,0
C19165,2025,7,July,3,2,0,1
C19165,2025,8,August,4,3,0,1
C19165,2025,12,December,5,4,0,1
C19166,2024,12,December,1,1,1,0
C19166,2025,1,January,2,2,0,1
C19167,2024,10,October,1,2,0,1
C19167,2025,1,January,3,4,0,1
C19167,2025,8,August,5,5,0,1
C19168,2025,2,February,1,2,0,1
C19168,2025,4,April,3,4,0,1
C19169,2024,7,July,1,1,1,0
C19169,2024,8,August,2,2,0,1
C19169,2024,10,October,3,3,0,1
C19169,2024,11,November,4,4,0,1
C19169,2024,12,December,5,6,0,1
C19169,2025,1,January,8,8,0,1
C19169,2025,3,March,10,8,0,1
C19169,2025,4,April,11,9,0,1
C19169,2025,7,July,12,10,0,1
C19169,2025,8,August,13,11,0,1
C19169,2025,10,October,14,12,0,1
C19169,2025,12,December,15,13,0,1
C19170,2024,9,September,1,1,1,0
C19170,2025,2,February,2,2,0,1
C19170,2025,3,March,3,5,0,1
C19170,2025,5,May,6,6,0,1
C19171,2025,2,February,1,2,0,1
C19171,2025,3,March,3,3,0,1
C19172,2025,6,June,1,1,1,0
C19172,2025,8,August,2,1,0,0
C19172,2025,11,November,3,2,0,1
C19173,2024,8,August,1,1,1,0
C19173,2024,10,October,2,2,0,1
C19173,2025,2,February,3,3,0,1
C19173,2025,4,April,4,4,0,1
C19173,2025,12,December,5,4,0,1
C19174,2024,8,August,1,1,1,0
C19174,2025,1,January,2,2,0,1
C19174,2025,11,November,3,3,0,1
C19175,2024,9,September,1,1,1,0
C19176,2024,8,August,1,1,1,0
C19176,2025,1,January,2,2,0,1
C19176,2025,3,March,3,3,0,1
C19176,2025,7,July,4,3,0,1
C19176,2025,8,August,5,3,0,1
C19176,2025,10,October,6,4,0,1
C19177,2024,7,July,1,0,1,0
C19177,2024,9,September,2,0,0,0
C19177,2024,10,October,3,1,0,0
C19177,2024,12,December,4,1,0,0
C19177,2025,1,January,5,3,0,1
C19177,2025,4,April,7,5,0,1
C19177,2025,7,July,9,6,0,1
C19177,2025,9,September,10,7,0,1
C19177,2025,10,October,11,8,0,1
C19177,2025,11,November,12,10,0,1
C19178,2024,7,July,1,1,1,0
C19178,2024,11,November,2,2,0,1
C19178,2024,12,December,3,4,0,1
C19178,2025,3,March,5,5,0,1
C19178,2025,5,May,6,6,0,1
C19178,2025,7,July,7,6,0,1
C19179,2024,9,September,1,1,1,0
C19179,2024,11,November,2,2,0,1
C19179,2025,3,March,3,2,0,1
C19179,2025,5,May,4,3,0,1
C19180,2024,11,November,1,1,1,0
C19180,2025,9,September,2,2,0,1
C19181,2024,8,August,1,1,1,0
C19181,2024,10,October,2,2,0,1
C19181,2024,11,November,3,2,0,1
C19182,2024,11,November,1,1,1,0
C19182,2025,2,February,2,2,0,1
C19182,2025,11,November,3,3,0,1
C19183,2024,8,August,1,1,1,0
C19183,2024,10,October,2,2,0,1
C19183,2024,12,December,3,3,0,1
C19183,2025,8,August,4,4,0,1
C19183,2025,9,September,5,5,0,1
C19184,2024,9,September,1,1,1,0
C19184,2025,8,August,2,2,0,1
C19184,2025,11,November,3,3,0,1
C19185,2024,8,August,1,1,1,0
C19185,2024,11,November,2,1,0,0
C19185,2025,3,March,3,2,0,1
C19185,2025,7,July,4,3,0,1
C19185,2025,10,October,5,3,0,1
C19185,2025,11,November,6,4,0,1
C19186,2024,9,September,1,1,1,0
C19186,2024,12,December,2,1,0,0
C19186,2025,2,February,3,2,0,1
C19186,2025,4,April,4,3,0,1
C19186,2025,9,September,5,4,0,1
C19187,2024,8,August,1,1,1,0
C19187,2025,6,June,2,2,0,1
C19187,2025,7,July,3,3,0,1
C19187,2025,9,September,4,5,0,1
C19187,2025,10,October,6,6,0,1
C19187,2025,11,November,7,7,0,1
C19188,2024,11,November,1,0,1,0
C19188,2025,8,August,2,1,0,0
C19188,2025,9,September,3,2,0,1
C19189,2024,10,October,1,0,1,0
C19190,2024,9,September,1,1,1,0
C19190,2024,11,November,2,1,0,0
C19190,2024,12,December,3,2,0,1
C19190,2025,1,January,4,3,0,1
C19190,2025,2,February,5,4,0,1
C19190,2025,4,April,6,5,0,1
C19190,2025,8,August,7,6,0,1
C19190,2025,9,September,8,7,0,1
C19190,2025,10,October,9,7,0,1
C19190,2025,12,December,10,8,0,1
C19191,2024,7,July,1,0,1,0
C19191,2024,11,November,2,2,0,1
C19192,2024,8,August,1,1,1,0
C19192,2024,11,November,2,2,0,1
C19192,2025,4,April,3,3,0,1
C19192,2025,6,June,4,4,0,1
C19193,2025,6,June,1,0,1,0
C19194,2025,1,January,1,2,0,1
C19194,2025,2,February,3,3,0,1
C19194,2025,5,May,4,4,0,1
C19194,2025,6,June,5,5,0,1
C19194,2025,8,August,6,6,0,1
C19194,2025,11,November,7,7,0,1
C19194,2025,12,December,8,8,0,1
C19195,2025,2,February,1,1,1,0
C19195,2025,12,December,2,2,0,1
C19196,2025,7,July,1,1,1,0
C19196,2025,9,September,2,2,0,1
C19196,2025,10,October,3,3,0,1
C19196,2025,12,December,4,4,0,1
C19197,2024,11,November,1,1,1,0
C19197,2025,6,June,2,2,0,1
C19197,2025,7,July,3,3,0,1
C19197,2025,12,December,4,4,0,1
C19198,2024,8,August,1,0,1,0
C19198,2024,9,September,2,1,0,0
C19198,2024,12,December,3,2,0,1
C19198,2025,1,January,4,2,0,1
C19198,2025,3,March,5,3,0,1
C19198,2025,9,September,6,4,0,1
C19198,2025,12,December,7,5,0,1
C19199,2024,7,July,1,1,1,0
C19199,2024,8,August,2,2,0,1
C19199,2025,7,July,3,4,0,1
C19200,2025,2,February,1,1,1,0
C19200,2025,4,April,2,1,0,0
C19200,2025,5,May,3,3,0,1
C19200,2025,12,December,5,4,0,1
C19201,2025,1,January,1,1,1,0
C19201,2025,4,April,2,1,0,0
C19201,2025,6,June,3,2,0,1
C19201,2025,8,August,4,3,0,1
C19201,2025,10,October,5,3,0,1
C19202,2024,7,July,1,1,1,0
C19202,2024,11,November,2,2,0,1
C19202,2025,1,January,3,3,0,1
C19202,2025,11,November,4,4,0,1
C19203,2025,4,April,1,1,1,0
C19203,2025,6,June,2,2,0,1
C19204,2024,9,September,1,0,1,0
C19204,2024,11,November,2,1,0,0
C19204,2025,7,July,3,2,0,1
C19206,2025,1,January,1,0,1,0
C19207,2024,12,December,1,1,1,0
C19207,2025,1,January,2,2,0,1
C19207,2025,8,August,3,3,0,1
C19208,2025,5,May,1,0,1,0
C19209,2024,7,July,1,1,1,0
C19209,2024,9,September,2,2,0,1
C19209,2025,2,February,3,3,0,1
C19209,2025,3,March,4,4,0,1
C19209,2025,7,July,5,4,0,1
C19210,2024,8,August,1,1,1,0
C19210,2024,9,September,2,2,0,1
C19210,2025,3,March,3,3,0,1
C19210,2025,6,June,4,4,0,1
C19210,2025,7,July,6,5,0,1
C19211,2024,7,July,1,2,0,1
C19211,2024,10,October,3,3,0,1
C19211,2025,1,January,4,4,0,1
C19211,2025,4,April,5,6,0,1
C19211,2025,9,September,7,7,0,1
C19211,2025,11,November,8,9,0,1
C19212,2025,8,August,1,1,1,0
C19212,2025,12,December,2,2,0,1
C19213,2025,3,March,1,1,1,0
C19213,2025,11,November,2,2,0,1
C19213,2025,12,December,3,3,0,1
C19214,2024,9,September,1,0,1,0
C19214,2024,11,November,2,1,0,0
C19214,2025,4,April,3,2,0,1
C19214,2025,9,September,4,3,0,1
C19215,2024,7,July,1,0,1,0
C19215,2024,10,October,2,3,0,1
C19215,2025,1,January,5,4,0,1
C19215,2025,2,February,6,5,0,1
C19215,2025,4,April,7,6,0,1
C19215,2025,5,May,8,6,0,1
C19215,2025,7,July,9,7,0,1
C19215,2025,11,November,10,9,0,1
C19216,2025,4,April,1,1,1,0
C19216,2025,9,September,2,3,0,1
C19216,2025,10,October,4,4,0,1
C19217,2024,9,September,1,2,0,1
C19217,2025,7,July,3,3,0,1
C19217,2025,9,September,4,4,0,1
C19217,2025,10,October,5,6,0,1
C19218,2024,8,August,1,1,1,0
C19218,2025,11,November,2,2,0,1
C19220,2024,7,July,1,1,1,0
C19221,2024,10,October,1,1,1,0
C19221,2024,12,December,2,1,0,0
C19221,2025,3,March,3,1,0,0
C19221,2025,5,May,4,2,0,1
C19221,2025,9,September,5,3,0,1
C19221,2025,12,December,6,4,0,1
C19222,2024,7,July,1,1,1,0
C19222,2025,2,February,2,2,0,1
C19222,2025,5,May,3,3,0,1
C19223,2024,7,July,1,1,1,0
C19223,2024,9,September,2,2,0,1
C19223,2024,10,October,3,3,0,1
C19223,2025,1,January,4,3,0,1
C19223,2025,6,June,5,4,0,1
C19223,2025,8,August,6,4,0,1
C19224,2024,8,August,1,1,1,0
C19224,2024,10,October,2,1,0,0
C19224,2025,2,February,3,1,0,0
C19224,2025,3,March,4,2,0,1
C19225,2024,8,August,1,0,1,0
C19225,2025,1,January,2,1,0,0
C19225,2025,4,April,3,2,0,1
C19226,2024,8,August,1,0,1,0
C19226,2025,4,April,2,2,0,1
C19226,2025,6,June,4,3,0,1
C19226,2025,10,October,5,4,0,1
C19226,2025,11,November,6,7,0,1
C19227,2024,11,November,1,2,0,1
C19227,2025,4,April,3,3,0,1
C19227,2025,6,June,4,4,0,1
C19228,2025,8,August,1,0,1,0
C19228,2025,11,November,2,0,0,0
C19229,2024,7,July,1,0,1,0
C19229,2024,8,August,2,0,0,0
C19229,2024,9,September,3,1,0,0
C19229,2025,9,September,4,2,0,1
C19229,2025,12,December,6,3,0,1
C19230,2024,9,September,1,1,1,0
C19230,2024,11,November,2,1,0,0
C19230,2025,1,January,3,2,0,1
C19230,2025,2,February,5,3,0,1
C19230,2025,3,March,6,4,0,1
C19230,2025,8,August,7,5,0,1
C19230,2025,10,October,8,6,0,1
C19231,2024,9,September,1,1,1,0
C19231,2025,5,May,2,1,0,0
C19231,2025,11,November,4,1,0,0
C19232,2024,12,December,1,1,1,0
C19232,2025,8,August,2,1,0,0
C19232,2025,9,September,3,2,0,1
C19233,2024,10,October,1,1,1,0
C19233,2024,11,November,2,1,0,0
C19233,2025,5,May,3,2,0,1
C19233,2025,10,October,4,3,0,1
C19233,2025,12,December,5,4,0,1
C19234,2024,7,July,1,1,1,0
C19234,2025,3,March,2,2,0,1
C19234,2025,5,May,3,3,0,1
C19234,2025,10,October,4,4,0,1
C19234,2025,11,November,5,5,0,1
C19234,2025,12,December,6,6,0,1
C19235,2024,7,July,1,1,1,0
C19235,2024,11,November,2,2,0,1
C19235,2025,2,February,3,3,0,1
C19235,2025,6,June,4,4,0,1
C19236,2024,9,September,1,1,1,0
C19236,2025,8,August,2,2,0,1
C19236,2025,11,November,3,3,0,1
C19237,2024,11,November,1,0,1,0
C19237,2025,1,January,2,1,0,0
C19237,2025,9,September,3,2,0,1
C19238,2024,8,August,1,0,1,0
C19238,2024,10,October,2,1,0,0
C19238,2024,12,December,3,1,0,0
C19238,2025,1,January,4,2,0,1
C19238,2025,2,February,5,3,0,1
C19238,2025,3,March,6,4,0,1
C19238,2025,5,May,7,5,0,1
C19238,2025,7,July,8,5,0,1
C19239,2024,8,August,1,1,1,0
C19239,2025,12,December,2,2,0,1
C19240,2025,1,January,1,1,1,0
C19240,2025,9,September,2,2,0,1
C19242,2024,9,September,1,1,1,0
C19242,2025,2,February,2,2,0,1
C19242,2025,3,March,3,3,0,1
C19243,2025,3,March,1,1,1,0
C19243,2025,9,September,2,3,0,1
C19244,2024,10,October,1,1,1,0
C19244,2025,2,February,2,2,0,1
C19244,2025,4,April,3,3,0,1
C19245,2024,8,August,1,1,1,0
C19245,2024,11,November,2,2,0,1
C19245,2024,12,December,3,3,0,1
C19245,2025,1,January,4,4,0,1
C19245,2025,5,May,5,4,0,1
C19245,2025,6,June,6,5,0,1
C19245,2025,8,August,7,6,0,1
C19245,2025,9,September,8,7,0,1
C19245,2025,12,December,9,9,0,1
C19246,2024,12,December,1,1,1,0
C19246,2025,4,April,2,1,0,0
C19246,2025,12,December,4,2,0,1
C19247,2024,9,September,1,1,1,0
C19247,2025,2,February,2,1,0,0
C19248,2024,11,November,1,1,1,0
C19248,2025,6,June,2,2,0,1
C19249,2025,3,March,1,1,1,0
C19249,2025,6,June,2,2,0,1
C19249,2025,11,November,3,3,0,1
C19251,2024,8,August,1,0,1,0
C19251,2024,12,December,2,2,0,1
C19251,2025,10,October,4,2,0,1
C19252,2024,8,August,1,1,1,0
C19252,2024,11,November,2,2,0,1
C19252,2024,12,December,3,2,0,1
C19253,2025,5,May,1,1,1,0
C19254,2025,7,July,1,1,1,0
C19254,2025,8,August,2,2,0,1
C19254,2025,12,December,3,3,0,1
C19255,2024,8,August,1,0,1,0
C19255,2024,9,September,2,1,0,0
C19255,2024,10,October,3,2,0,1
C19255,2025,1,January,4,2,0,1
C19255,2025,2,February,5,3,0,1
C19255,2025,7,July,6,4,0,1
C19255,2025,8,August,7,5,0,1
C19255,2025,10,October,8,6,0,1
C19256,2024,12,December,1,1,1,0
C19256,2025,7,July,2,2,0,1
C19256,2025,10,October,3,3,0,1
C19257,2024,7,July,1,1,1,0
C19257,2024,9,September,3,2,0,1
C19257,2025,1,January,4,3,0,1
C19257,2025,6,June,5,4,0,1
C19257,2025,9,September,6,5,0,1
C19257,2025,10,October,7,6,0,1
C19257,2025,12,December,8,6,0,1
C19258,2024,10,October,1,1,1,0
C19258,2025,1,January,2,2,0,1
C19258,2025,2,February,3,2,0,1
C19258,2025,3,March,4,3,0,1
C19258,2025,4,April,5,4,0,1
C19258,2025,7,July,6,5,0,1
C19258,2025,8,August,7,5,0,1
C19258,2025,11,November,8,5,0,1
C19259,2024,7,July,1,1,1,0
C19259,2024,12,December,2,2,0,1
C19259,2025,1,January,3,3,0,1
C19259,2025,9,September,4,4,0,1
C19260,2024,7,July,1,1,1,0
C19260,2024,12,December,2,1,0,0
C19260,2025,6,June,3,1,0,0
C19260,2025,9,September,4,2,0,1
C19260,2025,11,November,5,3,0,1
C19260,2025,12,December,6,4,0,1
C19261,2024,9,September,1,1,1,0
C19261,2025,3,March,2,2,0,1
C19261,2025,4,April,3,3,0,1
C19262,2025,2,February,1,1,1,0
C19262,2025,12,December,2,2,0,1
C19263,2024,8,August,1,0,1,0
C19263,2024,10,October,2,1,0,0
C19263,2024,12,December,3,2,0,1
C19263,2025,2,February,4,2,0,1
C19263,2025,4,April,5,3,0,1
C19263,2025,6,June,6,3,0,1
C19263,2025,7,July,7,4,0,1
C19263,2025,11,November,8,6,0,1
C19264,2025,2,February,1,1,1,0
C19264,2025,5,May,2,1,0,0
C19264,2025,10,October,4,2,0,1
C19264,2025,12,December,5,3,0,1
C19265,2024,11,November,1,1,1,0
C19265,2025,12,December,2,2,0,1
C19266,2024,12,December,1,0,1,0
C19266,2025,2,February,2,1,0,0
C19266,2025,10,October,3,3,0,1
C19266,2025,12,December,5,4,0,1
C19267,2025,1,January,1,1,1,0
C19267,2025,8,August,2,2,0,1
C19267,2025,11,November,3,3,0,1
C19268,2024,8,August,1,1,1,0
C19268,2024,9,September,2,2,0,1
C19268,2024,10,October,3,3,0,1
C19268,2025,3,March,4,3,0,1
C19268,2025,10,October,5,4,0,1
C19269,2025,6,June,1,1,1,0
C19269,2025,8,August,2,2,0,1
C19270,2025,9,September,1,1,1,0
C19270,2025,10,October,2,1,0,0
C19271,2024,7,July,1,1,1,0
C19271,2024,10,October,2,1,0,0
C19271,2025,1,January,3,3,0,1
C19271,2025,12,December,5,4,0,1
C19272,2024,7,July,1,2,0,1
C19272,2024,9,September,3,3,0,1
C19272,2024,10,October,4,4,0,1
C19272,2025,3,March,5,5,0,1
C19272,2025,4,April,6,6,0,1
C19272,2025,6,June,7,7,0,1
C19272,2025,10,October,8,8,0,1
C19273,2024,11,November,1,0,1,0
C19273,2024,12,December,3,1,0,0
C19273,2025,1,January,4,2,0,1
C19273,2025,9,September,5,3,0,1
C19273,2025,10,October,6,4,0,1
C19273,2025,12,December,8,5,0,1
C19274,2024,7,July,1,1,1,0
C19274,2024,9,September,2,1,0,0
C19274,2024,10,October,3,2,0,1
C19274,2024,12,December,4,2,0,1
C19274,2025,11,November,5,2,0,1
C19275,2024,9,September,1,1,1,0
C19275,2024,12,December,2,1,0,0
C19275,2025,4,April,3,2,0,1
C19275,2025,7,July,4,3,0,1
C19276,2025,12,December,1,1,1,0
C19277,2025,2,February,1,0,1,0
C19277,2025,6,June,2,1,0,0
C19277,2025,11,November,4,2,0,1
C19278,2025,2,February,1,1,1,0
C19279,2025,5,May,1,2,0,1
C19280,2025,3,March,1,1,1,0
C19280,2025,5,May,2,2,0,1
C19281,2024,10,October,1,1,1,0
C19281,2025,8,August,2,2,0,1
C19282,2024,10,October,1,1,1,0
C19282,2025,4,April,2,2,0,1
C19282,2025,7,July,3,3,0,1
C19283,2024,9,September,1,1,1,0
C19283,2024,12,December,2,2,0,1
C19283,2025,5,May,3,3,0,1
C19283,2025,12,December,4,4,0,1
C19284,2024,8,August,1,1,1,0
C19284,2025,3,March,2,2,0,1
C19285,2025,5,May,1,1,1,0
C19286,2024,7,July,1,1,1,0
C19286,2024,10,October,3,1,0,0
C19286,2025,3,March,4,2,0,1
C19287,2024,11,November,1,1,1,0
C19287,2025,2,February,2,2,0,1
C19287,2025,10,October,3,3,0,1
C19287,2025,11,November,4,4,0,1
C19288,2024,7,July,1,2,0,1
C19288,2024,8,August,3,3,0,1
C19288,2025,3,March,4,4,0,1
C19288,2025,7,July,5,4,0,1
C19288,2025,9,September,6,5,0,1
C19289,2024,8,August,1,1,1,0
C19289,2024,11,November,2,2,0,1
C19289,2025,1,January,3,3,0,1
C19289,2025,2,February,5,4,0,1
C19289,2025,6,June,6,5,0,1
C19289,2025,7,July,7,6,0,1
C19290,2024,8,August,1,1,1,0
C19290,2024,11,November,2,2,0,1
C19290,2025,7,July,3,3,0,1
C19291,2024,8,August,1,1,1,0
C19291,2024,11,November,2,2,0,1
C19291,2025,3,March,3,3,0,1
C19291,2025,4,April,4,4,0,1
C19291,2025,5,May,5,5,0,1
C19291,2025,6,June,6,6,0,1
C19291,2025,7,July,7,6,0,1
C19291,2025,11,November,8,7,0,1
C19292,2024,7,July,1,1,1,0
C19292,2024,10,October,2,2,0,1
C19292,2024,11,November,3,3,0,1
C19292,2025,4,April,4,3,0,1
C19292,2025,9,September,5,4,0,1
C19292,2025,12,December,6,5,0,1
C19293,2024,10,October,1,1,1,0
C19293,2024,12,December,2,2,0,1
C19293,2025,2,February,3,2,0,1
C19293,2025,3,March,4,3,0,1
C19293,2025,5,May,6,5,0,1
C19293,2025,11,November,8,6,0,1
C19293,2025,12,December,9,7,0,1
C19294,2025,6,June,1,0,1,0
C19294,2025,8,August,2,1,0,0
C19295,2025,2,February,1,1,1,0
C19295,2025,5,May,2,1,0,0
C19295,2025,7,July,3,2,0,1
C19295,2025,8,August,4,2,0,1
C19296,2024,11,November,1,1,1,0
C19296,2025,4,April,2,2,0,1
C19297,2025,8,August,1,0,1,0
C19298,2024,10,October,1,0,1,0
C19298,2024,11,November,2,0,0,0
C19298,2025,8,August,3,1,0,0
C19298,2025,10,October,4,2,0,1
C19299,2025,2,February,1,1,1,0
C19299,2025,12,December,2,2,0,1
C19300,2024,11,November,1,1,1,0
C19300,2024,12,December,2,2,0,1
C19300,2025,1,January,3,2,0,1
C19300,2025,2,February,4,3,0,1
C19300,2025,6,June,5,4,0,1
C19300,2025,10,October,6,5,0,1
C19301,2024,7,July,1,1,1,0
C19301,2025,7,July,2,2,0,1
C19301,2025,8,August,3,2,0,1
C19302,2024,9,September,1,0,1,0
C19302,2025,2,February,2,1,0,0
C19303,2024,11,November,1,1,1,0
C19303,2024,12,December,2,3,0,1
C19303,2025,3,March,4,4,0,1
C19305,2025,5,May,1,1,1,0
C19305,2025,10,October,2,2,0,1
C19306,2024,7,July,1,1,1,0
C19306,2025,4,April,3,1,0,0
C19306,2025,6,June,4,2,0,1
C19306,2025,7,July,5,3,0,1
C19306,2025,9,September,7,4,0,1
C19307,2025,6,June,1,1,1,0
C19307,2025,9,September,2,2,0,1
C19307,2025,10,October,3,3,0,1
C19308,2025,1,January,1,1,1,0
C19308,2025,7,July,2,1,0,0
C19309,2024,8,August,1,1,1,0
C19309,2024,9,September,2,1,0,0
C19309,2024,11,November,3,2,0,1
C19310,2024,11,November,1,2,0,1
C19310,2025,5,May,3,3,0,1
C19310,2025,7,July,4,4,0,1
C19310,2025,9,September,5,4,0,1
C19311,2024,12,December,1,1,1,0
C19311,2025,2,February,2,1,0,0
C19311,2025,5,May,3,2,0,1
C19311,2025,9,September,4,3,0,1
C19312,2024,7,July,1,1,1,0
C19312,2024,8,August,2,2,0,1
C19312,2024,9,September,3,3,0,1
C19312,2025,12,December,5,4,0,1
C19313,2025,7,July,1,1,1,0
C19314,2025,4,April,1,1,1,0
C19314,2025,5,May,2,2,0,1
C19314,2025,8,August,3,3,0,1
C19314,2025,12,December,4,5,0,1
C19315,2024,12,December,1,1,1,0
C19315,2025,4,April,2,1,0,0
C19316,2024,11,November,1,1,1,0
C19316,2024,12,December,2,2,0,1
C19316,2025,1,January,3,3,0,1
C19316,2025,4,April,4,3,0,1
C19316,2025,12,December,5,3,0,1
C19318,2025,1,January,1,1,1,0
C19318,2025,6,June,2,1,0,0
C19319,2024,10,October,1,1,1,0
C19319,2025,2,February,2,2,0,1
C19319,2025,3,March,3,3,0,1
C19319,2025,5,May,4,4,0,1
C19319,2025,8,August,5,6,0,1
C19319,2025,12,December,7,7,0,1
C19320,2024,10,October,1,1,1,0
C19320,2024,11,November,2,2,0,1
C19320,2025,5,May,3,3,0,1
C19320,2025,6,June,4,4,0,1
C19320,2025,11,November,5,5,0,1
C19320,2025,12,December,6,5,0,1
C19321,2024,9,September,1,0,1,0
C19321,2024,12,December,2,1,0,0
C19321,2025,4,April,3,2,0,1
C19321,2025,12,December,4,3,0,1
C19322,2024,8,August,1,1,1,0
C19322,2024,11,November,2,2,0,1
C19322,2025,12,December,3,2,0,1
C19323,2024,7,July,1,1,1,0
C19323,2024,10,October,2,2,0,1
C19323,2024,11,November,3,3,0,1
C19323,2025,2,February,5,4,0,1
C19323,2025,3,March,6,5,0,1
C19323,2025,4,April,7,6,0,1
C19323,2025,10,October,8,7,0,1
C19324,2025,2,February,1,1,1,0
C19324,2025,9,September,2,2,0,1
C19325,2024,11,November,1,1,1,0
C19325,2024,12,December,2,2,0,1
C19325,2025,12,December,3,3,0,1
C19326,2024,9,September,1,1,1,0
C19326,2024,12,December,2,2,0,1
C19326,2025,2,February,3,3,0,1
C19326,2025,4,April,4,4,0,1
C19326,2025,6,June,5,4,0,1
C19326,2025,7,July,6,5,0,1
C19326,2025,10,October,8,6,0,1
C19327,2025,6,June,1,2,0,1
C19328,2024,11,November,1,1,1,0
C19328,2025,2,February,2,2,0,1
C19328,2025,11,November,3,3,0,1
C19328,2025,12,December,4,5,0,1
C19329,2024,11,November,1,1,1,0
C19329,2025,1,January,2,2,0,1
C19329,2025,2,February,3,3,0,1
C19330,2024,9,September,1,1,1,0
C19330,2024,12,December,2,2,0,1
C19330,2025,3,March,3,3,0,1
C19331,2024,10,October,1,1,1,0
C19331,2025,7,July,2,2,0,1
C19331,2025,12,December,3,3,0,1
C19332,2024,7,July,1,1,1,0
C19332,2025,1,January,2,3,0,1
C19332,2025,10,October,4,4,0,1
C19333,2024,10,October,1,0,1,0
C19333,2025,6,June,2,1,0,0
C19333,2025,9,September,3,2,0,1
C19333,2025,10,October,4,3,0,1
C19334,2025,5,May,1,1,1,0
C19335,2024,9,September,1,1,1,0
C19335,2024,12,December,2,2,0,1
C19335,2025,2,February,3,3,0,1
C19335,2025,8,August,4,3,0,1
C19335,2025,10,October,5,4,0,1
C19336,2024,8,August,1,1,1,0
C19336,2024,12,December,2,2,0,1
C19336,2025,5,May,3,4,0,1
C19336,2025,6,June,5,4,0,1
C19336,2025,7,July,6,4,0,1
C19337,2024,10,October,1,1,1,0
C19337,2025,12,December,2,2,0,1
C19339,2024,8,August,1,1,1,0
C19339,2024,9,September,2,2,0,1
C19339,2025,11,November,3,3,0,1
C19340,2024,7,July,1,1,1,0
C19340,2024,8,August,2,2,0,1
C19340,2024,12,December,3,3,0,1
C19340,2025,1,January,4,4,0,1
C19340,2025,3,March,5,5,0,1
C19340,2025,10,October,6,6,0,1
C19341,2024,12,December,1,1,1,0
C19341,2025,4,April,2,1,0,0
C19342,2025,4,April,1,1,1,0
C19343,2024,12,December,1,1,1,0
C19343,2025,5,May,2,1,0,0
C19343,2025,6,June,3,2,0,1
C19343,2025,9,September,4,3,0,1
C19343,2025,10,October,5,3,0,1
C19344,2025,6,June,1,1,1,0
C19344,2025,11,November,2,1,0,0
C19345,2024,11,November,1,2,0,1
C19345,2025,3,March,4,3,0,1
C19345,2025,4,April,5,4,0,1
C19345,2025,11,November,6,5,0,1
C19346,2024,8,August,1,1,1,0
C19346,2025,12,December,2,1,0,0
C19347,2024,7,July,1,2,0,1
C19347,2024,10,October,3,4,0,1
C19347,2024,11,November,5,5,0,1
C19347,2024,12,December,6,5,0,1
C19347,2025,1,January,7,6,0,1
C19347,2025,11,November,8,7,0,1
C19347,2025,12,December,9,9,0,1
C19348,2024,12,December,1,1,1,0
C19348,2025,4,April,2,2,0,1
C19348,2025,10,October,3,3,0,1
C19349,2024,8,August,1,0,1,0
C19349,2025,6,June,2,0,0,0
C19351,2024,11,November,1,1,1,0
C19352,2024,10,October,1,1,1,0
C19352,2025,2,February,2,2,0,1
C19353,2024,8,August,1,1,1,0
C19353,2024,9,September,2,2,0,1
C19353,2024,11,November,3,3,0,1
C19353,2025,2,February,4,4,0,1
C19353,2025,5,May,5,5,0,1
C19353,2025,9,September,6,6,0,1
C19353,2025,12,December,7,7,0,1
C19354,2025,3,March,1,1,1,0
C19354,2025,7,July,2,2,0,1
C19354,2025,11,November,3,2,0,1
C19355,2025,5,May,1,1,1,0
C19355,2025,6,June,2,1,0,0
C19355,2025,7,July,3,2,0,1
C19355,2025,11,November,4,3,0,1
C19356,2024,7,July,1,2,0,1
C19356,2024,12,December,3,3,0,1
C19356,2025,2,February,4,4,0,1
C19356,2025,4,April,5,4,0,1
C19356,2025,6,June,6,5,0,1
C19356,2025,8,August,7,6,0,1
C19356,2025,9,September,8,7,0,1
C19357,2024,7,July,1,0,1,0
C19357,2024,10,October,2,1,0,0
C19357,2025,1,January,3,1,0,0
C19357,2025,2,February,5,2,0,1
C19357,2025,9,September,6,2,0,1
C19358,2024,7,July,1,1,1,0
C19358,2024,8,August,2,2,0,1
C19358,2024,12,December,3,3,0,1
C19359,2024,10,October,1,1,1,0
C19359,2024,12,December,2,1,0,0
C19359,2025,1,January,3,2,0,1
C19359,2025,3,March,4,2,0,1
C19359,2025,12,December,5,3,0,1
C19360,2024,7,July,1,1,1,0
C19360,2024,8,August,2,2,0,1
C19360,2025,1,January,3,3,0,1
C19360,2025,5,May,4,5,0,1
C19360,2025,6,June,6,6,0,1
C19360,2025,10,October,7,6,0,1
C19361,2024,12,December,1,1,1,0
C19361,2025,1,January,2,2,0,1
C19361,2025,3,March,3,4,0,1
C19361,2025,7,July,5,5,0,1
C19361,2025,8,August,6,6,0,1
C19362,2025,1,January,1,1,1,0
C19362,2025,5,May,2,2,0,1
C19362,2025,12,December,3,3,0,1
C19363,2024,10,October,1,1,1,0
C19363,2024,11,November,2,2,0,1
C19363,2025,8,August,3,3,0,1
C19365,2024,7,July,1,1,1,0
C19365,2024,9,September,2,2,0,1
C19365,2025,4,April,3,3,0,1
C19365,2025,5,May,4,4,0,1
C19365,2025,7,July,5,5,0,1
C19365,2025,8,August,6,6,0,1
C19365,2025,10,October,7,7,0,1
C19365,2025,11,November,8,8,0,1
C19366,2024,8,August,1,1,1,0
C19366,2024,9,September,2,2,0,1
C19366,2024,11,November,3,3,0,1
C19366,2025,2,February,4,4,0,1
C19366,2025,3,March,5,5,0,1
C19366,2025,4,April,6,8,0,1
C19366,2025,9,September,9,9,0,1
C19367,2024,12,December,1,0,1,0
C19367,2025,12,December,2,1,0,0
C19368,2024,7,July,1,1,1,0
C19368,2025,1,January,2,2,0,1
C19368,2025,2,February,3,3,0,1
C19368,2025,12,December,4,3,0,1
C19369,2024,11,November,1,1,1,0
C19369,2025,8,August,2,2,0,1
C19370,2024,11,November,1,1,1,0
C19370,2025,3,March,2,2,0,1
C19370,2025,5,May,3,3,0,1
C19370,2025,9,September,4,4,0,1
C19371,2024,10,October,1,0,1,0
C19371,2025,5,May,3,2,0,1
C19371,2025,7,July,6,3,0,1
C19372,2025,12,December,1,1,1,0
C19373,2024,9,September,1,1,1,0
C19373,2025,3,March,2,3,0,1
C19373,2025,8,August,4,4,0,1
C19373,2025,10,October,5,6,0,1
C19373,2025,11,November,7,7,0,1
C19374,2024,8,August,1,1,1,0
C19375,2024,7,July,1,1,1,0
C19375,2024,8,August,2,2,0,1
C19375,2024,11,November,3,3,0,1
C19375,2025,1,January,4,4,0,1
C19375,2025,4,April,5,6,0,1
C19375,2025,9,September,7,6,0,1
C19375,2025,11,November,8,8,0,1
C19376,2025,12,December,1,0,1,0
C19380,2024,7,July,1,1,1,0
C19380,2025,1,January,2,2,0,1
C19380,2025,6,June,3,3,0,1
C19381,2024,7,July,1,0,1,0
C19381,2024,11,November,2,1,0,0
C19381,2025,10,October,3,2,0,1
C19382,2024,7,July,1,0,1,0
C19382,2024,11,November,2,1,0,0
C19382,2024,12,December,3,3,0,1
C19382,2025,2,February,5,3,0,1
C19382,2025,5,May,6,5,0,1
C19382,2025,12,December,8,5,0,1
C19383,2025,1,January,1,1,1,0
C19383,2025,7,July,2,2,0,1
C19384,2024,11,November,1,1,1,0
C19384,2025,3,March,2,2,0,1
C19384,2025,5,May,3,3,0,1
C19384,2025,9,September,4,4,0,1
C19385,2025,8,August,1,1,1,0
C19387,2024,8,August,1,1,1,0
C19387,2024,11,November,2,2,0,1
C19387,2025,6,June,3,3,0,1
C19387,2025,12,December,4,4,0,1
C19388,2025,1,January,1,2,0,1
C19388,2025,7,July,3,3,0,1
C19388,2025,10,October,4,3,0,1
C19389,2025,11,November,1,1,1,0
C19390,2024,12,December,1,1,1,0
C19391,2025,1,January,1,1,1,0
C19391,2025,2,February,2,2,0,1
C19391,2025,6,June,3,3,0,1
C19391,2025,9,September,4,5,0,1
C19391,2025,10,October,6,5,0,1
C19391,2025,11,November,7,6,0,1
C19392,2025,11,November,1,1,1,0
C19393,2025,4,April,1,1,1,0
C19393,2025,10,October,2,2,0,1
C19394,2024,8,August,1,0,1,0
C19394,2024,12,December,2,0,0,0
C19394,2025,6,June,3,1,0,0
C19395,2025,12,December,1,0,1,0
C19396,2025,6,June,1,1,1,0
C19396,2025,7,July,2,2,0,1
C19396,2025,11,November,3,2,0,1
C19397,2025,1,January,1,1,1,0
C19397,2025,3,March,2,2,0,1
C19397,2025,4,April,3,3,0,1
C19397,2025,6,June,4,4,0,1
C19397,2025,9,September,5,5,0,1
C19398,2025,3,March,1,2,0,1
C19398,2025,7,July,3,2,0,1
C19398,2025,8,August,4,3,0,1
C19399,2024,7,July,1,1,1,0
C19399,2024,8,August,2,2,0,1
C19399,2024,9,September,3,3,0,1
C19399,2025,1,January,4,4,0,1
C19400,2024,8,August,1,1,1,0
C19400,2024,11,November,2,3,0,1
C19400,2025,5,May,4,4,0,1
C19400,2025,7,July,5,5,0,1
C19400,2025,10,October,6,7,0,1
C19401,2024,11,November,1,1,1,0
C19401,2025,3,March,2,1,0,0
C19401,2025,4,April,3,2,0,1
C19401,2025,6,June,4,3,0,1
C19401,2025,8,August,5,4,0,1
C19401,2025,12,December,6,5,0,1
C19402,2025,3,March,1,1,1,0
C19403,2024,7,July,1,0,1,0
C19403,2024,9,September,2,1,0,0
C19403,2025,6,June,3,2,0,1
C19404,2024,8,August,1,1,1,0
C19404,2024,10,October,2,2,0,1
C19404,2025,6,June,3,2,0,1
C19404,2025,11,November,4,3,0,1
C19404,2025,12,December,5,4,0,1
C19405,2024,7,July,1,1,1,0
C19405,2024,10,October,2,2,0,1
C19405,2025,2,February,3,2,0,1
C19405,2025,8,August,4,2,0,1
C19406,2024,7,July,1,1,1,0
C19406,2024,8,August,2,2,0,1
C19406,2024,9,September,3,3,0,1
C19406,2024,12,December,4,4,0,1
C19406,2025,1,January,5,6,0,1
C19406,2025,10,October,7,7,0,1
C19406,2025,11,November,8,8,0,1
C19407,2024,9,September,1,1,1,0
C19407,2024,10,October,2,2,0,1
C19407,2025,1,January,3,3,0,1
C19407,2025,2,February,4,3,0,1
C19407,2025,4,April,5,4,0,1
C19407,2025,8,August,6,5,0,1
C19407,2025,9,September,8,6,0,1
C19407,2025,11,November,9,6,0,1
C19408,2025,4,April,1,0,1,0
C19408,2025,7,July,2,1,0,0
C19408,2025,11,November,3,2,0,1
C19409,2025,2,February,1,1,1,0
C19409,2025,3,March,2,1,0,0
C19410,2024,8,August,1,0,1,0
C19410,2024,9,September,2,1,0,0
C19410,2024,10,October,3,3,0,1
C19410,2024,11,November,5,3,0,1
C19410,2024,12,December,6,4,0,1
C19410,2025,7,July,7,5,0,1
C19410,2025,10,October,8,6,0,1
C19410,2025,12,December,9,7,0,1
C19411,2024,7,July,1,1,1,0
C19411,2024,9,September,2,1,0,0
C19411,2025,5,May,3,2,0,1
C19411,2025,12,December,4,2,0,1
C19412,2025,2,February,1,1,1,0
C19413,2024,8,August,1,1,1,0
C19413,2024,10,October,2,2,0,1
C19413,2025,1,January,3,3,0,1
C19413,2025,11,November,4,5,0,1
C19413,2025,12,December,6,6,0,1
C19414,2024,8,August,1,1,1,0
C19414,2024,9,September,2,2,0,1
C19414,2024,10,October,3,2,0,1
C19414,2025,2,February,4,3,0,1
C19414,2025,3,March,5,4,0,1
C19414,2025,10,October,6,4,0,1
C19414,2025,11,November,7,5,0,1
C19414,2025,12,December,8,6,0,1
C19415,2024,7,July,1,1,1,0
C19415,2024,8,August,2,2,0,1
C19415,2025,1,January,3,4,0,1
C19415,2025,3,March,5,5,0,1
C19415,2025,10,October,6,6,0,1
C19416,2025,6,June,1,1,1,0
C19417,2024,7,July,1,1,1,0
C19417,2024,11,November,2,3,0,1
C19417,2025,1,January,4,4,0,1
C19417,2025,3,March,5,5,0,1
C19417,2025,4,April,6,6,0,1
C19417,2025,7,July,7,7,0,1
C19418,2025,1,January,1,1,1,0
C19418,2025,2,February,2,2,0,1
C19418,2025,6,June,3,3,0,1
C19418,2025,9,September,4,4,0,1
C19419,2024,10,October,1,1,1,0
C19419,2025,4,April,2,2,0,1
C19419,2025,5,May,3,2,0,1
C19419,2025,7,July,4,3,0,1
C19419,2025,11,November,5,4,0,1
C19420,2024,8,August,1,0,1,0
C19420,2025,5,May,3,1,0,0
C19420,2025,7,July,4,2,0,1
C19420,2025,9,September,5,3,0,1
C19421,2024,8,August,1,2,0,1
C19421,2025,7,July,3,3,0,1
C19422,2024,7,July,1,0,1,0
C19422,2025,8,August,2,1,0,0
C19422,2025,12,December,3,2,0,1
C19423,2024,7,July,1,1,1,0
C19423,2024,10,October,2,2,0,1
C19423,2025,3,March,3,3,0,1
C19424,2024,11,November,1,1,1,0
C19424,2025,3,March,2,2,0,1
C19425,2024,12,December,1,0,1,0
C19425,2025,1,January,2,0,0,0
C19426,2024,9,September,1,1,1,0
C19426,2024,12,December,2,2,0,1
C19426,2025,10,October,3,2,0,1
C19426,2025,11,November,4,3,0,1
C19427,2024,12,December,1,1,1,0
C19427,2025,1,January,2,2,0,1
C19427,2025,2,February,3,3,0,1
C19427,2025,3,March,4,3,0,1
C19427,2025,8,August,6,4,0,1
C19428,2025,12,December,1,1,1,0
C19429,2024,10,October,1,0,1,0
C19429,2025,2,February,2,1,0,0
C19430,2024,8,August,1,1,1,0
C19430,2024,10,October,2,1,0,0
C19430,2025,12,December,3,1,0,0
C19431,2024,9,September,1,1,1,0
C19431,2024,10,October,2,2,0,1
C19431,2024,12,December,3,2,0,1
C19431,2025,1,January,4,3,0,1
C19431,2025,4,April,5,4,0,1
C19431,2025,11,November,6,5,0,1
C19432,2025,10,October,1,1,1,0
C19433,2025,1,January,1,1,1,0
C19433,2025,7,July,2,2,0,1
C19434,2024,7,July,1,1,1,0
C19434,2024,9,September,2,2,0,1
C19434,2024,10,October,4,3,0,1
C19434,2025,3,March,5,3,0,1
C19434,2025,4,April,6,4,0,1
C19434,2025,5,May,7,5,0,1
C19434,2025,7,July,8,6,0,1
C19434,2025,9,September,9,6,0,1
C19435,2025,4,April,1,1,1,0
C19436,2024,7,July,1,1,1,0
C19436,2025,7,July,2,2,0,1
C19436,2025,8,August,3,2,0,1
C19436,2025,10,October,4,3,0,1
C19437,2024,11,November,1,1,1,0
C19437,2025,10,October,2,1,0,0
C19438,2024,12,December,1,1,1,0
C19438,2025,1,January,2,2,0,1
C19438,2025,7,July,3,3,0,1
C19439,2025,4,April,1,2,0,1
C19439,2025,10,October,3,3,0,1
C19440,2024,8,August,1,1,1,0
C19440,2024,9,September,2,2,0,1
C19440,2025,4,April,4,3,0,1
C19440,2025,5,May,5,4,0,1
C19440,2025,6,June,6,6,0,1
C19440,2025,8,August,8,7,0,1
C19440,2025,11,November,10,9,0,1
C19441,2025,7,July,1,1,1,0
C19441,2025,8,August,2,2,0,1
C19441,2025,9,September,3,3,0,1
C19442,2024,7,July,1,1,1,0
C19442,2025,3,March,2,2,0,1
C19442,2025,5,May,3,2,0,1
C19442,2025,7,July,4,2,0,1
C19443,2024,10,October,1,0,1,0
C19443,2024,11,November,2,1,0,0
C19443,2025,1,January,3,1,0,0
C19443,2025,2,February,4,2,0,1
C19443,2025,4,April,5,2,0,1
C19444,2024,8,August,1,1,1,0
C19444,2024,9,September,2,4,0,1
C19444,2025,10,October,5,4,0,1
C19444,2025,12,December,6,5,0,1
C19445,2024,12,December,1,1,1,0
C19445,2025,5,May,2,1,0,0
C19446,2024,7,July,1,2,0,1
C19446,2024,10,October,3,3,0,1
C19446,2025,1,January,4,4,0,1
C19446,2025,5,May,6,4,0,1
C19447,2024,10,October,1,1,1,0
C19447,2024,12,December,2,3,0,1
C19447,2025,9,September,4,4,0,1
C19447,2025,12,December,5,5,0,1
C19448,2024,7,July,1,2,0,1
C19448,2024,10,October,3,3,0,1
C19448,2024,12,December,4,4,0,1
C19448,2025,5,May,5,5,0,1
C19448,2025,8,August,6,6,0,1
C19449,2024,9,September,1,1,1,0
C19449,2024,11,November,2,2,0,1
C19449,2024,12,December,3,2,0,1
C19449,2025,4,April,4,3,0,1
C19449,2025,5,May,5,4,0,1
C19449,2025,7,July,6,5,0,1
C19449,2025,9,September,7,5,0,1
C19450,2024,8,August,1,1,1,0
C19450,2025,11,November,2,2,0,1
C19451,2024,10,October,1,1,1,0
C19451,2025,4,April,2,2,0,1
C19451,2025,8,August,3,2,0,1
C19451,2025,9,September,4,3,0,1
C19451,2025,10,October,5,3,0,1
C19452,2025,9,September,1,1,1,0
C19454,2024,8,August,1,1,1,0
C19454,2024,11,November,2,2,0,1
C19454,2025,5,May,3,3,0,1
C19454,2025,11,November,4,3,0,1
C19455,2024,7,July,1,1,1,0
C19455,2025,2,February,2,2,0,1
C19455,2025,5,May,3,3,0,1
C19455,2025,7,July,4,5,0,1
C19455,2025,9,September,6,6,0,1
C19455,2025,12,December,7,7,0,1
C19456,2024,8,August,1,2,0,1
C19456,2024,9,September,3,3,0,1
C19456,2024,10,October,4,6,0,1
C19456,2024,12,December,7,7,0,1
C19456,2025,4,April,8,8,0,1
C19456,2025,5,May,9,10,0,1
C19456,2025,7,July,12,12,0,1
C19456,2025,10,October,14,13,0,1
C19456,2025,11,November,15,14,0,1
C19457,2024,12,December,1,1,1,0
C19457,2025,1,January,2,2,0,1
C19457,2025,3,March,3,3,0,1
C19457,2025,7,July,4,4,0,1
C19457,2025,11,November,5,5,0,1
C19457,2025,12,December,6,6,0,1
C19458,2024,7,July,1,1,1,0
C19459,2024,8,August,1,1,1,0
C19459,2025,8,August,2,2,0,1
C19460,2024,12,December,1,1,1,0
C19460,2025,2,February,2,2,0,1
C19460,2025,5,May,3,2,0,1
C19461,2024,8,August,1,1,1,0
C19461,2025,3,March,2,2,0,1
C19461,2025,8,August,3,3,0,1
C19461,2025,10,October,4,4,0,1
C19462,2025,5,May,1,1,1,0
C19463,2024,10,October,1,1,1,0
C19463,2025,8,August,2,2,0,1
C19464,2024,9,September,1,1,1,0
C19464,2025,1,January,2,1,0,0
C19465,2025,6,June,1,1,1,0
C19465,2025,8,August,2,3,0,1
C19466,2024,11,November,1,1,1,0
C19466,2024,12,December,2,2,0,1
C19466,2025,2,February,3,3,0,1
C19466,2025,8,August,4,4,0,1
C19466,2025,11,November,5,5,0,1
C19467,2024,7,July,1,1,1,0
C19467,2024,10,October,2,2,0,1
C19467,2024,12,December,3,3,0,1
C19467,2025,1,January,4,3,0,1
C19467,2025,4,April,5,4,0,1
C19467,2025,5,May,6,5,0,1
C19467,2025,7,July,7,5,0,1
C19467,2025,9,September,8,6,0,1
C19467,2025,10,October,9,7,0,1
C19467,2025,12,December,11,7,0,1
C19468,2024,7,July,1,0,1,0
C19468,2025,11,November,2,1,0,0
C19469,2024,10,October,1,1,1,0
C19469,2024,11,November,2,2,0,1
C19469,2025,2,February,3,3,0,1
C19469,2025,3,March,4,4,0,1
C19469,2025,5,May,5,5,0,1
C19469,2025,12,December,6,5,0,1
C19470,2024,10,October,1,1,1,0
C19470,2025,1,January,2,2,0,1
C19470,2025,5,May,3,3,0,1
C19470,2025,10,October,4,4,0,1
C19471,2025,7,July,1,2,0,1
C19472,2024,8,August,1,1,1,0
C19472,2024,9,September,2,2,0,1
C19472,2024,10,October,3,2,0,1
C19472,2025,5,May,4,2,0,1
C19472,2025,8,August,5,3,0,1
C19473,2025,1,January,1,1,1,0
C19473,2025,3,March,2,2,0,1
C19473,2025,6,June,3,3,0,1
C19473,2025,12,December,4,4,0,1
C19474,2024,8,August,1,1,1,0
C19474,2025,11,November,2,2,0,1
C19475,2024,9,September,1,1,1,0
C19475,2024,10,October,2,2,0,1
C19476,2025,1,January,1,1,1,0
C19476,2025,2,February,2,2,0,1
C19476,2025,4,April,3,3,0,1
C19476,2025,6,June,4,4,0,1
C19476,2025,7,July,5,5,0,1
C19476,2025,9,September,6,5,0,1
C19477,2024,12,December,1,0,1,0
C19477,2025,3,March,2,1,0,0
C19478,2024,9,September,1,0,1,0
C19478,2025,4,April,2,0,0,0
C19478,2025,10,October,3,1,0,0
C19478,2025,11,November,4,2,0,1
C19479,2025,4,April,1,1,1,0
C19480,2025,8,August,1,1,1,0
C19481,2024,8,August,1,1,1,0
C19482,2024,8,August,1,1,1,0
C19482,2024,10,October,2,2,0,1
C19482,2025,4,April,4,2,0,1
C19482,2025,11,November,5,4,0,1
C19482,2025,12,December,7,4,0,1
C19483,2024,9,September,1,1,1,0
C19484,2024,9,September,1,1,1,0
C19484,2024,10,October,3,1,0,0
C19484,2025,1,January,4,2,0,1
C19484,2025,2,February,6,4,0,1
C19484,2025,3,March,8,5,0,1
C19485,2025,4,April,1,1,1,0
C19486,2025,1,January,1,1,1,0
C19486,2025,11,November,2,1,0,0
C19487,2024,8,August,1,1,1,0
C19487,2024,12,December,2,2,0,1
C19487,2025,2,February,3,3,0,1
C19487,2025,4,April,4,4,0,1
C19487,2025,6,June,5,5,0,1
C19487,2025,9,September,6,6,0,1
C19487,2025,10,October,7,7,0,1
C19487,2025,11,November,9,8,0,1
C19488,2025,4,April,1,1,1,0
C19488,2025,6,June,2,2,0,1
C19488,2025,7,July,3,4,0,1
C19488,2025,12,December,5,6,0,1
C19489,2024,7,July,1,1,1,0
C19489,2024,8,August,2,2,0,1
C19489,2024,10,October,3,5,0,1
C19489,2025,1,January,6,6,0,1
C19489,2025,4,April,7,7,0,1
C19489,2025,11,November,8,8,0,1
C19489,2025,12,December,9,9,0,1
C19491,2025,2,February,1,1,1,0
C19491,2025,3,March,2,3,0,1
C19491,2025,4,April,4,4,0,1
C19491,2025,8,August,5,4,0,1
C19492,2024,7,July,1,1,1,0
C19492,2025,9,September,2,1,0,0
C19493,2024,7,July,1,0,1,0
C19493,2025,2,February,2,1,0,0
C19493,2025,10,October,3,2,0,1
C19494,2024,7,July,1,2,0,1
C19495,2024,7,July,1,1,1,0
C19495,2024,8,August,2,1,0,0
C19495,2025,1,January,4,2,0,1
C19496,2024,9,September,1,1,1,0
C19496,2025,1,January,2,2,0,1
C19496,2025,3,March,3,3,0,1
C19496,2025,9,September,4,5,0,1
C19496,2025,10,October,6,5,0,1
C19497,2025,7,July,1,1,1,0
C19498,2024,11,November,1,0,1,0
C19498,2025,8,August,2,1,0,0
C19499,2025,5,May,1,2,0,1
C19499,2025,11,November,3,3,0,1
C19500,2025,1,January,1,2,0,1
C19500,2025,8,August,3,3,0,1
C19501,2024,7,July,1,1,1,0
C19501,2024,8,August,2,2,0,1
C19501,2025,6,June,3,3,0,1
C19501,2025,9,September,4,4,0,1
C19501,2025,10,October,5,5,0,1
C19503,2024,7,July,1,1,1,0
C19503,2024,8,August,2,2,0,1
C19503,2024,10,October,3,3,0,1
C19503,2025,10,October,5,4,0,1
C19504,2024,7,July,1,1,1,0
C19504,2024,8,August,2,1,0,0
C19504,2024,9,September,3,1,0,0
C19504,2024,10,October,4,2,0,1
C19504,2025,3,March,5,3,0,1
C19504,2025,6,June,6,4,0,1
C19504,2025,7,July,7,5,0,1
C19504,2025,9,September,8,6,0,1
C19505,2024,8,August,1,2,0,1
C19505,2024,10,October,3,3,0,1
C19505,2024,11,November,4,3,0,1
C19505,2024,12,December,5,4,0,1
C19505,2025,5,May,6,6,0,1
C19506,2024,7,July,1,1,1,0
C19506,2024,12,December,2,2,0,1
C19506,2025,4,April,3,3,0,1
C19507,2024,8,August,1,1,1,0
C19508,2024,10,October,1,1,1,0
C19508,2025,1,January,2,2,0,1
C19508,2025,6,June,3,3,0,1
C19508,2025,8,August,4,4,0,1
C19509,2024,9,September,1,1,1,0
C19509,2024,10,October,2,2,0,1
C19509,2025,1,January,4,3,0,1
C19509,2025,7,July,5,4,0,1
C19509,2025,11,November,6,5,0,1
C19510,2025,2,February,1,1,1,0
C19511,2024,7,July,1,1,1,0
C19511,2024,10,October,2,2,0,1
C19511,2024,11,November,3,3,0,1
C19511,2024,12,December,4,4,0,1
C19511,2025,3,March,5,5,0,1
C19511,2025,11,November,6,6,0,1
C19513,2025,3,March,1,1,1,0
C19514,2024,7,July,1,0,1,0
C19514,2025,3,March,2,1,0,0
C19514,2025,8,August,3,2,0,1
C19515,2025,2,February,1,0,1,0
C19515,2025,5,May,2,1,0,0
C19516,2024,7,July,1,1,1,0
C19516,2024,8,August,2,1,0,0
C19516,2024,10,October,3,1,0,0
C19516,2025,2,February,4,2,0,1
C19516,2025,3,March,5,3,0,1
C19516,2025,8,August,6,4,0,1
C19517,2024,7,July,1,0,1,0
C19518,2024,7,July,1,0,1,0
C19518,2024,12,December,2,0,0,0
C19519,2024,7,July,1,2,0,1
C19519,2024,9,September,3,3,0,1
C19519,2025,6,June,4,4,0,1
C19519,2025,9,September,5,5,0,1
C19520,2025,8,August,1,1,1,0
C19520,2025,12,December,2,2,0,1
C19521,2025,2,February,1,1,1,0
C19521,2025,10,October,2,1,0,0
C19521,2025,12,December,3,2,0,1
C19522,2024,7,July,1,0,1,0
C19522,2025,5,May,2,1,0,0
C19522,2025,9,September,3,2,0,1
C19522,2025,11,November,4,3,0,1
C19523,2025,5,May,1,1,1,0
C19524,2024,7,July,1,0,1,0
C19524,2024,11,November,2,1,0,0
C19524,2025,5,May,3,2,0,1
C19524,2025,12,December,4,3,0,1
C19525,2024,7,July,1,1,1,0
C19525,2024,8,August,2,1,0,0
C19525,2025,4,April,3,2,0,1
C19525,2025,10,October,4,3,0,1
C19525,2025,12,December,5,4,0,1
C19526,2024,8,August,1,1,1,0
C19526,2025,3,March,2,2,0,1
C19526,2025,7,July,3,3,0,1
C19527,2024,7,July,1,1,1,0
C19527,2024,9,September,2,2,0,1
C19527,2024,11,November,3,2,0,1
C19527,2024,12,December,4,3,0,1
C19527,2025,3,March,6,4,0,1
C19527,2025,4,April,7,5,0,1
C19527,2025,7,July,8,6,0,1
C19527,2025,10,October,9,7,0,1
C19527,2025,11,November,10,9,0,1
C19528,2024,11,November,1,2,0,1
C19528,2025,7,July,3,3,0,1
C19528,2025,11,November,4,4,0,1
C19529,2025,7,July,1,2,0,1
C19529,2025,8,August,3,4,0,1
C19529,2025,9,September,5,5,0,1
C19530,2024,8,August,1,1,1,0
C19530,2024,10,October,2,1,0,0
C19530,2024,12,December,3,2,0,1
C19531,2025,8,August,1,1,1,0
C19532,2025,5,May,1,1,1,0
C19532,2025,6,June,2,2,0,1
C19532,2025,12,December,3,3,0,1
C19533,2024,8,August,1,1,1,0
C19533,2024,10,October,2,1,0,0
C19533,2025,4,April,3,1,0,0
C19533,2025,5,May,4,2,0,1
C19533,2025,6,June,5,2,0,1
C19533,2025,8,August,6,3,0,1
C19534,2024,7,July,1,1,1,0
C19534,2024,12,December,2,2,0,1
C19534,2025,11,November,3,2,0,1
C19535,2024,10,October,1,1,1,0
C19535,2025,1,January,2,2,0,1
C19535,2025,3,March,3,3,0,1
C19535,2025,5,May,4,3,0,1
C19535,2025,6,June,5,4,0,1
C19535,2025,10,October,6,5,0,1
C19535,2025,12,December,7,6,0,1
C19536,2024,8,August,1,1,1,0
C19536,2024,10,October,2,2,0,1
C19536,2025,5,May,3,3,0,1
C19536,2025,10,October,4,4,0,1
C19537,2024,10,October,1,0,1,0
C19537,2024,11,November,2,1,0,0
C19537,2024,12,December,3,2,0,1
C19537,2025,7,July,4,3,0,1
C19537,2025,8,August,5,4,0,1
C19537,2025,11,November,6,5,0,1
C19538,2024,10,October,1,1,1,0
C19538,2024,11,November,2,2,0,1
C19538,2025,9,September,3,3,0,1
C19538,2025,10,October,4,4,0,1
C19538,2025,11,November,5,5,0,1
C19539,2024,7,July,1,1,1,0
C19539,2025,1,January,2,2,0,1
C19540,2024,8,August,1,0,1,0
C19540,2024,12,December,2,1,0,0
C19540,2025,2,February,3,2,0,1
C19540,2025,6,June,4,3,0,1
C19541,2025,4,April,1,1,1,0
C19541,2025,5,May,2,2,0,1
C19541,2025,9,September,3,3,0,1
C19542,2024,7,July,1,1,1,0
C19542,2024,11,November,2,2,0,1
C19542,2025,4,April,3,3,0,1
C19543,2024,8,August,1,1,1,0
C19543,2024,10,October,2,1,0,0
C19543,2024,12,December,3,2,0,1
C19543,2025,7,July,4,3,0,1
C19544,2024,7,July,1,1,1,0
C19544,2025,11,November,2,2,0,1
C19545,2024,12,December,1,1,1,0
C19545,2025,12,December,2,3,0,1
C19546,2024,8,August,1,1,1,0
C19546,2024,10,October,2,2,0,1
C19546,2024,12,December,3,3,0,1
C19546,2025,1,January,4,5,0,1
C19546,2025,3,March,6,6,0,1
C19546,2025,5,May,7,7,0,1
C19546,2025,6,June,8,8,0,1
C19547,2025,3,March,1,1,1,0
C19547,2025,10,October,2,2,0,1
C19548,2025,7,July,1,0,1,0
C19548,2025,12,December,2,1,0,0
C19549,2024,7,July,1,1,1,0
C19549,2025,4,April,2,2,0,1
C19549,2025,8,August,3,3,0,1
C19550,2024,10,October,1,1,1,0
C19551,2024,7,July,1,1,1,0
C19551,2025,6,June,2,2,0,1
C19552,2024,9,September,1,1,1,0
C19552,2024,11,November,2,2,0,1
C19552,2025,1,January,3,4,0,1
C19552,2025,7,July,6,5,0,1
C19552,2025,11,November,7,6,0,1
C19552,2025,12,December,8,7,0,1
C19553,2024,8,August,1,1,1,0
C19553,2024,9,September,2,1,0,0
C19553,2025,5,May,3,2,0,1
C19553,2025,7,July,4,3,0,1
C19553,2025,8,August,5,4,0,1
C19553,2025,9,September,6,4,0,1
C19553,2025,11,November,7,5,0,1
C19554,2024,8,August,1,1,1,0
C19554,2025,1,January,2,1,0,0
C19554,2025,4,April,3,2,0,1
C19554,2025,5,May,4,3,0,1
C19554,2025,6,June,5,5,0,1
C19554,2025,7,July,7,7,0,1
C19554,2025,8,August,9,8,0,1
C19555,2025,1,January,1,1,1,0
C19555,2025,12,December,2,2,0,1
C19556,2025,5,May,1,1,1,0
C19557,2024,7,July,1,1,1,0
C19557,2024,8,August,2,2,0,1
C19557,2024,10,October,3,3,0,1
C19557,2025,3,March,4,3,0,1
C19557,2025,7,July,5,4,0,1
C19557,2025,8,August,6,5,0,1
C19557,2025,10,October,7,6,0,1
C19559,2025,4,April,1,1,1,0
C19560,2024,7,July,1,2,0,1
C19560,2025,2,February,3,3,0,1
C19561,2024,11,November,1,1,1,0
C19561,2025,1,January,2,2,0,1
C19561,2025,3,March,3,3,0,1
C19561,2025,5,May,4,5,0,1
C19561,2025,8,August,6,6,0,1
C19561,2025,9,September,7,7,0,1
C19561,2025,10,October,8,8,0,1
C19562,2024,12,December,1,1,1,0
C19562,2025,11,November,2,1,0,0
C19563,2024,9,September,1,1,1,0
C19563,2024,12,December,2,2,0,1
C19563,2025,1,January,3,2,0,1
C19563,2025,6,June,4,3,0,1
C19564,2025,1,January,1,1,1,0
C19564,2025,7,July,2,2,0,1
C19565,2024,7,July,1,1,1,0
C19565,2025,6,June,2,1,0,0
C19565,2025,7,July,3,2,0,1
C19566,2024,9,September,1,1,1,0
C19566,2025,3,March,2,1,0,0
C19567,2025,3,March,1,0,1,0
C19568,2024,7,July,1,1,1,0
C19568,2024,8,August,2,2,0,1
C19568,2024,10,October,3,2,0,1
C19568,2025,5,May,4,3,0,1
C19568,2025,7,July,5,4,0,1
C19569,2025,2,February,1,2,0,1
C19569,2025,3,March,3,3,0,1
C19569,2025,9,September,4,5,0,1
C19570,2025,3,March,1,2,0,1
C19570,2025,4,April,3,3,0,1
C19570,2025,8,August,4,4,0,1
C19570,2025,10,October,5,5,0,1
C19570,2025,11,November,6,6,0,1
C19571,2024,12,December,1,0,1,0
C19571,2025,3,March,2,1,0,0
C19571,2025,5,May,4,2,0,1
C19571,2025,7,July,5,4,0,1
C19571,2025,8,August,7,4,0,1
C19571,2025,9,September,8,5,0,1
C19572,2024,10,October,1,1,1,0
C19572,2025,1,January,2,1,0,0
C19572,2025,12,December,3,2,0,1
C19573,2024,8,August,1,1,1,0
C19573,2024,10,October,2,1,0,0
C19573,2025,2,February,3,2,0,1
C19573,2025,3,March,4,2,0,1
C19574,2024,7,July,1,0,1,0
C19574,2024,8,August,2,1,0,0
C19574,2025,2,February,3,2,0,1
C19574,2025,9,September,4,4,0,1
C19574,2025,12,December,6,5,0,1
C19575,2024,10,October,1,0,1,0
C19575,2025,11,November,2,1,0,0
C19576,2024,12,December,1,1,1,0
C19577,2024,11,November,1,1,1,0
C19577,2025,11,November,2,2,0,1
C19578,2024,9,September,1,1,1,0
C19578,2024,11,November,2,2,0,1
C19578,2024,12,December,3,3,0,1
C19578,2025,6,June,5,4,0,1
C19578,2025,7,July,6,5,0,1
C19579,2024,8,August,1,1,1,0
C19579,2024,9,September,2,1,0,0
C19579,2025,8,August,3,3,0,1
C19580,2025,3,March,1,1,1,0
C19581,2024,10,October,1,1,1,0
C19581,2025,3,March,2,2,0,1
C19581,2025,7,July,3,3,0,1
C19581,2025,9,September,4,4,0,1
C19581,2025,11,November,6,5,0,1
C19582,2024,9,September,1,1,1,0
C19582,2025,4,April,2,2,0,1
C19582,2025,7,July,3,3,0,1
C19582,2025,11,November,4,4,0,1
C19582,2025,12,December,5,4,0,1
C19583,2025,6,June,1,1,1,0
C19584,2024,8,August,1,1,1,0
C19584,2024,11,November,2,2,0,1
C19584,2025,2,February,3,3,0,1
C19584,2025,7,July,4,3,0,1
C19584,2025,8,August,5,4,0,1
C19585,2025,8,August,1,1,1,0
C19585,2025,9,September,2,2,0,1
C19585,2025,10,October,3,3,0,1
C19587,2024,7,July,1,0,1,0
C19587,2024,8,August,2,1,0,0
C19587,2024,9,September,3,2,0,1
C19587,2024,10,October,4,3,0,1
C19587,2024,11,November,5,4,0,1
C19587,2025,1,January,6,5,0,1
C19587,2025,7,July,7,6,0,1
C19588,2024,12,December,1,0,1,0
C19588,2025,2,February,2,0,0,0
C19588,2025,6,June,3,1,0,0
C19590,2024,12,December,1,0,1,0
C19590,2025,1,January,2,0,0,0
C19591,2025,3,March,1,1,1,0
C19592,2024,7,July,1,1,1,0
C19592,2024,8,August,2,2,0,1
C19592,2025,2,February,3,3,0,1
C19592,2025,6,June,4,4,0,1
C19593,2024,11,November,1,1,1,0
C19593,2025,7,July,2,2,0,1
C19593,2025,9,September,3,4,0,1
C19594,2024,7,July,1,1,1,0
C19594,2024,9,September,2,2,0,1
C19594,2024,10,October,3,3,0,1
C19594,2025,2,February,4,4,0,1
C19594,2025,6,June,5,5,0,1
C19594,2025,10,October,6,6,0,1
C19595,2024,10,October,1,1,1,0
C19595,2024,12,December,2,2,0,1
C19595,2025,9,September,3,3,0,1
C19595,2025,10,October,4,3,0,1
C19595,2025,11,November,5,4,0,1
C19596,2025,10,October,1,2,0,1
C19597,2024,12,December,1,1,1,0
C19598,2025,3,March,1,0,1,0
C19599,2024,7,July,1,0,1,0
C19599,2025,1,January,2,0,0,0
C19599,2025,10,October,3,1,0,0
C19600,2025,3,March,1,1,1,0
C19600,2025,4,April,3,2,0,1
C19600,2025,11,November,4,3,0,1
C19601,2024,11,November,1,1,1,0
C19601,2025,1,January,3,2,0,1
C19602,2025,1,January,1,1,1,0
C19602,2025,12,December,2,2,0,1
C19603,2025,2,February,1,1,1,0
C19603,2025,5,May,2,2,0,1
C19603,2025,11,November,3,3,0,1
C19604,2024,8,August,1,1,1,0
C19604,2024,9,September,2,2,0,1
C19604,2025,6,June,3,3,0,1
C19605,2024,11,November,1,1,1,0
C19605,2024,12,December,2,2,0,1
C19605,2025,2,February,3,3,0,1
C19605,2025,7,July,4,4,0,1
C19605,2025,10,October,5,6,0,1
C19606,2024,9,September,1,1,1,0
C19606,2025,7,July,2,2,0,1
C19606,2025,8,August,3,3,0,1
C19607,2025,1,January,1,1,1,0
C19607,2025,3,March,2,2,0,1
C19608,2024,7,July,1,1,1,0
C19609,2024,8,August,1,1,1,0
C19609,2024,9,September,2,2,0,1
C19609,2024,10,October,4,2,0,1
C19609,2025,1,January,5,3,0,1
C19609,2025,2,February,6,3,0,1
C19609,2025,3,March,7,3,0,1
C19609,2025,4,April,9,4,0,1
C19609,2025,5,May,10,7,0,1
C19609,2025,7,July,13,7,0,1
C19609,2025,10,October,14,8,0,1
C19609,2025,11,November,15,9,0,1
C19610,2025,1,January,1,1,1,0
C19610,2025,5,May,2,1,0,0
C19610,2025,10,October,3,2,0,1
C19610,2025,12,December,4,3,0,1
C19611,2024,8,August,1,1,1,0
C19611,2025,6,June,2,2,0,1
C19611,2025,7,July,3,3,0,1
C19611,2025,9,September,4,4,0,1
C19612,2024,9,September,1,1,1,0
C19612,2024,11,November,2,2,0,1
C19612,2025,1,January,3,3,0,1
C19612,2025,2,February,4,4,0,1
C19612,2025,7,July,5,5,0,1
C19612,2025,8,August,6,5,0,1
C19612,2025,12,December,7,6,0,1
C19613,2024,7,July,1,1,1,0
C19613,2024,9,September,2,2,0,1
C19614,2024,8,August,1,1,1,0
C19614,2025,3,March,2,2,0,1
C19615,2025,2,February,1,1,1,0
C19615,2025,9,September,2,2,0,1
C19615,2025,10,October,3,2,0,1
C19616,2024,7,July,1,1,1,0
C19616,2025,8,August,2,2,0,1
C19617,2024,11,November,1,0,1,0
C19617,2025,7,July,2,1,0,0
C19617,2025,9,September,3,2,0,1
C19617,2025,10,October,4,2,0,1
C19618,2024,11,November,1,1,1,0
C19618,2025,3,March,2,2,0,1
C19618,2025,6,June,3,3,0,1
C19618,2025,7,July,4,4,0,1
C19618,2025,8,August,5,6,0,1
C19619,2024,8,August,1,1,1,0
C19619,2025,11,November,2,2,0,1
C19620,2024,10,October,1,1,1,0
C19620,2024,11,November,2,2,0,1
C19620,2024,12,December,3,3,0,1
C19620,2025,1,January,4,4,0,1
C19620,2025,3,March,5,6,0,1
C19620,2025,12,December,7,7,0,1
C19621,2024,12,December,1,1,1,0
C19621,2025,2,February,2,2,0,1
C19621,2025,7,July,3,3,0,1
C19621,2025,11,November,4,4,0,1
C19622,2024,8,August,1,0,1,0
C19622,2024,9,September,2,1,0,0
C19622,2025,1,January,3,2,0,1
C19622,2025,5,May,4,3,0,1
C19623,2024,7,July,1,1,1,0
C19623,2025,3,March,2,3,0,1
C19623,2025,12,December,4,4,0,1
C19624,2025,3,March,1,1,1,0
C19624,2025,5,May,2,1,0,0
C19625,2024,12,December,1,1,1,0
C19625,2025,4,April,2,2,0,1
C19625,2025,9,September,3,3,0,1
C19625,2025,12,December,4,4,0,1
C19626,2025,7,July,1,0,1,0
C19627,2024,10,October,1,1,1,0
C19627,2025,1,January,2,2,0,1
C19627,2025,2,February,3,3,0,1
C19627,2025,8,August,5,3,0,1
C19627,2025,10,October,6,4,0,1
C19628,2025,3,March,1,0,1,0
C19628,2025,11,November,2,1,0,0
C19630,2024,8,August,1,0,1,0
C19630,2025,1,January,2,1,0,0
C19630,2025,6,June,3,2,0,1
C19630,2025,11,November,4,4,0,1
C19631,2024,9,September,1,3,0,1
C19631,2024,12,December,4,3,0,1
C19631,2025,2,February,5,4,0,1
C19631,2025,4,April,6,5,0,1
C19631,2025,5,May,8,6,0,1
C19631,2025,6,June,9,7,0,1
C19631,2025,7,July,10,8,0,1
C19632,2024,8,August,1,1,1,0
C19632,2024,9,September,2,3,0,1
C19632,2025,5,May,4,4,0,1
C19633,2024,8,August,1,1,1,0
C19633,2024,9,September,2,2,0,1
C19633,2024,10,October,3,4,0,1
C19633,2025,3,March,5,5,0,1
C19633,2025,6,June,6,7,0,1
C19634,2024,11,November,1,0,1,0
C19634,2024,12,December,2,1,0,0
C19634,2025,8,August,3,2,0,1
C19635,2025,2,February,1,1,1,0
C19635,2025,9,September,2,2,0,1
C19636,2024,7,July,1,1,1,0
C19636,2024,9,September,2,1,0,0
C19637,2024,7,July,1,1,1,0
C19637,2024,8,August,2,2,0,1
C19637,2025,4,April,3,4,0,1
C19637,2025,7,July,5,4,0,1
C19637,2025,11,November,7,6,0,1
C19638,2025,2,February,1,1,1,0
C19639,2024,7,July,1,1,1,0
C19639,2025,3,March,2,2,0,1
C19639,2025,5,May,3,3,0,1
C19639,2025,8,August,4,3,0,1
C19639,2025,9,September,5,4,0,1
C19639,2025,11,November,6,4,0,1
C19640,2024,8,August,1,2,0,1
C19640,2024,9,September,3,3,0,1
C19640,2024,10,October,4,4,0,1
C19640,2024,11,November,5,5,0,1
C19640,2024,12,December,6,6,0,1
C19640,2025,4,April,7,7,0,1
C19640,2025,6,June,8,8,0,1
C19640,2025,7,July,9,9,0,1
C19640,2025,9,September,10,9,0,1
C19640,2025,10,October,11,10,0,1
C19640,2025,11,November,13,11,0,1
C19641,2025,10,October,1,1,1,0
C19642,2025,1,January,1,1,1,0
C19642,2025,9,September,2,1,0,0
C19643,2025,1,January,1,2,0,1
C19644,2024,8,August,1,2,0,1
C19644,2024,10,October,3,2,0,1
C19644,2025,3,March,4,3,0,1
C19644,2025,6,June,5,3,0,1
C19644,2025,8,August,6,3,0,1
C19644,2025,9,September,7,4,0,1
C19644,2025,10,October,8,5,0,1
C19644,2025,11,November,9,6,0,1
C19644,2025,12,December,10,6,0,1
C19645,2024,11,November,1,0,1,0
C19645,2025,1,January,2,1,0,0
C19645,2025,4,April,3,2,0,1
C19645,2025,5,May,4,2,0,1
C19645,2025,8,August,5,2,0,1
C19646,2024,7,July,1,1,1,0
C19646,2025,3,March,2,2,0,1
C19646,2025,12,December,3,3,0,1
C19647,2024,10,October,1,0,1,0
C19647,2025,2,February,2,1,0,0
C19647,2025,7,July,3,2,0,1
C19648,2025,4,April,1,0,1,0
C19648,2025,8,August,2,1,0,0
C19648,2025,9,September,3,2,0,1
C19649,2025,3,March,1,1,1,0
C19649,2025,5,May,2,2,0,1
C19649,2025,8,August,3,2,0,1
C19649,2025,12,December,4,3,0,1
C19650,2025,1,January,1,1,1,0
C19650,2025,2,February,2,2,0,1
C19650,2025,8,August,3,3,0,1
C19650,2025,9,September,4,4,0,1
C19650,2025,10,October,5,5,0,1
C19650,2025,12,December,6,6,0,1
C19651,2024,7,July,1,1,1,0
C19651,2025,3,March,2,2,0,1
C19651,2025,4,April,3,3,0,1
C19651,2025,5,May,4,4,0,1
C19651,2025,6,June,5,5,0,1
C19651,2025,7,July,6,6,0,1
C19651,2025,10,October,7,7,0,1
C19651,2025,11,November,9,8,0,1
C19651,2025,12,December,10,9,0,1
C19652,2024,11,November,1,1,1,0
C19652,2025,6,June,2,3,0,1
C19652,2025,10,October,4,4,0,1
C19653,2024,8,August,1,2,0,1
C19653,2024,9,September,3,3,0,1
C19653,2024,10,October,4,4,0,1
C19653,2024,11,November,5,5,0,1
C19653,2025,1,January,6,6,0,1
C19653,2025,3,March,7,7,0,1
C19653,2025,6,June,8,8,0,1
C19653,2025,9,September,9,8,0,1
C19653,2025,10,October,10,9,0,1
C19654,2024,9,September,1,1,1,0
C19654,2025,11,November,2,2,0,1
C19655,2024,8,August,1,1,1,0
C19655,2025,4,April,2,2,0,1
C19656,2024,7,July,1,1,1,0
C19656,2024,10,October,2,2,0,1
C19656,2025,4,April,3,3,0,1
C19656,2025,10,October,4,4,0,1
C19656,2025,12,December,5,5,0,1
C19657,2025,4,April,1,1,1,0
C19658,2024,7,July,1,1,1,0
C19658,2025,7,July,2,1,0,0
C19659,2025,2,February,1,1,1,0
C19660,2024,12,December,1,1,1,0
C19660,2025,6,June,2,2,0,1
C19660,2025,10,October,3,3,0,1
C19661,2025,3,March,1,1,1,0
C19662,2024,8,August,1,1,1,0
C19662,2024,11,November,2,1,0,0
C19662,2025,2,February,3,2,0,1
C19662,2025,7,July,4,2,0,1
C19662,2025,9,September,5,3,0,1
C19663,2024,8,August,1,1,1,0
C19663,2024,11,November,2,2,0,1
C19663,2024,12,December,3,3,0,1
C19663,2025,6,June,4,4,0,1
C19663,2025,8,August,5,5,0,1
C19664,2024,9,September,1,0,1,0
C19664,2024,11,November,2,1,0,0
C19664,2025,6,June,3,2,0,1
C19664,2025,9,September,4,3,0,1
C19665,2024,7,July,1,2,0,1
C19665,2024,12,December,3,3,0,1
C19665,2025,3,March,4,3,0,1
C19665,2025,5,May,5,5,0,1
C19665,2025,8,August,7,8,0,1
C19665,2025,9,September,10,9,0,1
C19665,2025,11,November,11,10,0,1
C19666,2024,7,July,1,1,1,0
C19666,2024,9,September,2,2,0,1
C19666,2024,11,November,3,3,0,1
C19666,2025,10,October,4,4,0,1
C19667,2024,11,November,1,1,1,0
C19667,2025,2,February,2,1,0,0
C19667,2025,6,June,3,3,0,1
C19668,2024,7,July,1,1,1,0
C19668,2025,3,March,2,2,0,1
C19668,2025,5,May,3,3,0,1
C19668,2025,9,September,4,4,0,1
C19668,2025,12,December,5,5,0,1
C19669,2024,8,August,1,1,1,0
C19669,2024,9,September,2,2,0,1
C19669,2025,3,March,3,3,0,1
C19669,2025,8,August,4,4,0,1
C19669,2025,9,September,6,4,0,1
C19669,2025,10,October,7,5,0,1
C19670,2024,9,September,1,1,1,0
C19670,2025,2,February,2,3,0,1
C19670,2025,4,April,4,4,0,1
C19670,2025,5,May,5,5,0,1
C19670,2025,9,September,6,6,0,1
C19671,2024,9,September,1,1,1,0
C19671,2025,4,April,2,1,0,0
C19671,2025,7,July,3,2,0,1
C19673,2024,11,November,1,1,1,0
C19673,2025,1,January,3,1,0,0
C19673,2025,8,August,4,2,0,1
C19674,2024,11,November,1,0,1,0
C19674,2024,12,December,2,1,0,0
C19674,2025,2,February,3,3,0,1
C19674,2025,4,April,5,3,0,1
C19674,2025,5,May,6,5,0,1
C19674,2025,8,August,8,6,0,1
C19674,2025,9,September,10,7,0,1
C19675,2024,7,July,1,1,1,0
C19675,2024,8,August,2,2,0,1
C19676,2024,7,July,1,0,1,0
C19676,2024,8,August,3,0,0,0
C19676,2024,9,September,4,1,0,0
C19676,2025,5,May,5,2,0,1
C19676,2025,6,June,6,3,0,1
C19676,2025,11,November,7,4,0,1
C19676,2025,12,December,9,5,0,1
C19677,2024,8,August,1,1,1,0
C19677,2025,6,June,2,2,0,1
C19677,2025,12,December,3,3,0,1
C19678,2025,3,March,1,1,1,0
C19679,2024,12,December,1,1,1,0
C19679,2025,1,January,2,2,0,1
C19679,2025,9,September,3,3,0,1
C19679,2025,10,October,4,4,0,1
C19680,2024,9,September,1,1,1,0
C19680,2024,10,October,2,2,0,1
C19680,2025,3,March,3,3,0,1
C19680,2025,4,April,4,4,0,1
C19680,2025,11,November,5,6,0,1
C19681,2025,5,May,1,1,1,0
C19681,2025,12,December,2,1,0,0
C19682,2024,8,August,1,1,1,0
C19682,2025,4,April,2,2,0,1
C19683,2024,10,October,1,1,1,0
C19683,2024,11,November,2,2,0,1
C19683,2024,12,December,3,3,0,1
C19683,2025,1,January,5,3,0,1
C19683,2025,2,February,6,5,0,1
C19683,2025,3,March,8,7,0,1
C19683,2025,8,August,10,8,0,1
C19684,2024,7,July,1,1,1,0
C19684,2025,3,March,2,1,0,0
C19684,2025,7,July,3,2,0,1
C19684,2025,12,December,4,2,0,1
C19685,2025,12,December,1,1,1,0
C19686,2024,10,October,1,1,1,0
C19686,2024,12,December,2,3,0,1
C19686,2025,2,February,4,4,0,1
C19687,2025,3,March,1,1,1,0
C19687,2025,7,July,2,1,0,0
C19688,2024,10,October,1,0,1,0
C19688,2025,9,September,2,1,0,0
C19689,2024,8,August,1,1,1,0
C19689,2025,9,September,2,2,0,1
C19689,2025,11,November,3,3,0,1
C19690,2024,10,October,1,1,1,0
C19690,2025,1,January,2,2,0,1
C19690,2025,4,April,3,3,0,1
C19690,2025,5,May,4,4,0,1
C19691,2024,7,July,1,1,1,0
C19691,2024,10,October,2,2,0,1
C19691,2024,11,November,3,3,0,1
C19691,2025,4,April,4,4,0,1
C19692,2024,8,August,1,0,1,0
C19692,2024,10,October,2,1,0,0
C19692,2025,3,March,3,2,0,1
C19692,2025,12,December,4,3,0,1
C19693,2024,7,July,1,1,1,0
C19693,2025,2,February,2,2,0,1
C19693,2025,6,June,3,2,0,1
C19693,2025,8,August,4,3,0,1
C19693,2025,11,November,6,5,0,1
C19695,2024,7,July,1,1,1,0
C19695,2024,8,August,2,2,0,1
C19695,2024,9,September,3,3,0,1
C19695,2024,10,October,4,4,0,1
C19695,2025,2,February,5,6,0,1
C19695,2025,4,April,7,7,0,1
C19695,2025,5,May,8,8,0,1
C19695,2025,11,November,9,9,0,1
C19696,2024,8,August,1,1,1,0
C19696,2024,12,December,2,2,0,1
C19696,2025,7,July,3,3,0,1
C19696,2025,8,August,4,3,0,1
C19696,2025,10,October,5,4,0,1
C19697,2024,8,August,1,1,1,0
C19697,2025,1,January,2,2,0,1
C19697,2025,3,March,3,3,0,1
C19697,2025,4,April,4,4,0,1
C19697,2025,6,June,5,5,0,1
C19697,2025,7,July,6,6,0,1
C19697,2025,9,September,7,7,0,1
C19698,2024,11,November,1,2,0,1
C19698,2025,4,April,3,3,0,1
C19698,2025,7,July,4,3,0,1
C19698,2025,8,August,5,4,0,1
C19699,2024,7,July,1,2,0,1
C19699,2025,9,September,3,3,0,1
C19699,2025,12,December,4,4,0,1
C19700,2024,10,October,1,1,1,0
C19700,2025,5,May,2,2,0,1
C19700,2025,10,October,3,3,0,1
C19700,2025,11,November,4,3,0,1
C19701,2025,5,May,1,1,1,0
C19702,2024,7,July,1,1,1,0
C19702,2024,8,August,2,2,0,1
C19702,2024,10,October,4,2,0,1
C19702,2024,12,December,5,2,0,1
C19702,2025,1,January,6,3,0,1
C19702,2025,4,April,7,4,0,1
C19702,2025,7,July,8,5,0,1
C19702,2025,8,August,9,6,0,1
C19702,2025,11,November,10,7,0,1
C19703,2024,9,September,1,1,1,0
C19703,2024,10,October,2,2,0,1
C19703,2024,11,November,3,3,0,1
C19703,2025,3,March,4,4,0,1
C19703,2025,7,July,5,5,0,1
C19704,2025,10,October,1,1,1,0
C19704,2025,12,December,2,1,0,0
C19705,2024,10,October,1,1,1,0
C19705,2024,12,December,2,2,0,1
C19705,2025,5,May,3,3,0,1
C19706,2024,8,August,1,1,1,0
C19706,2024,10,October,2,3,0,1
C19706,2024,11,November,4,3,0,1
C19706,2025,2,February,5,4,0,1
C19706,2025,3,March,6,4,0,1
C19706,2025,8,August,7,6,0,1
C19706,2025,12,December,10,7,0,1
C19707,2025,2,February,1,1,1,0
C19709,2025,5,May,1,1,1,0
C19709,2025,8,August,2,2,0,1
C19709,2025,9,September,3,3,0,1
C19709,2025,12,December,4,4,0,1
C19710,2024,7,July,1,1,1,0
C19710,2025,2,February,2,3,0,1
C19711,2024,10,October,1,1,1,0
C19711,2025,3,March,2,2,0,1
C19711,2025,5,May,3,3,0,1
C19711,2025,6,June,4,4,0,1
C19712,2024,9,September,1,1,1,0
C19712,2024,12,December,2,2,0,1
C19712,2025,2,February,3,3,0,1
C19715,2024,8,August,1,1,1,0
C19715,2024,11,November,3,2,0,1
C19715,2025,2,February,4,2,0,1
C19716,2024,10,October,1,2,0,1
C19716,2025,3,March,3,2,0,1
C19716,2025,4,April,4,3,0,1
C19716,2025,6,June,5,3,0,1
C19716,2025,10,October,6,4,0,1
C19716,2025,11,November,7,5,0,1
C19717,2024,7,July,1,1,1,0
C19718,2024,10,October,1,0,1,0
C19718,2025,2,February,2,0,0,0
C19719,2024,7,July,1,1,1,0
C19719,2024,8,August,2,2,0,1
C19719,2024,9,September,3,4,0,1
C19719,2024,11,November,6,5,0,1
C19719,2024,12,December,8,5,0,1
C19719,2025,6,June,9,6,0,1
C19719,2025,9,September,10,7,0,1
C19719,2025,10,October,11,8,0,1
C19719,2025,12,December,12,9,0,1
C19720,2025,5,May,1,1,1,0
C19720,2025,12,December,2,2,0,1
C19721,2024,7,July,1,0,1,0
C19721,2025,1,January,2,1,0,0
C19722,2025,1,January,1,0,1,0
C19723,2024,8,August,1,0,1,0
C19723,2024,11,November,2,1,0,0
C19723,2024,12,December,3,1,0,0
C19723,2025,2,February,4,2,0,1
C19723,2025,12,December,5,3,0,1
C19724,2025,3,March,1,1,1,0
C19724,2025,7,July,2,1,0,0
C19724,2025,8,August,3,1,0,0
C19724,2025,10,October,4,1,0,0
C19725,2024,9,September,1,0,1,0
C19725,2024,10,October,2,0,0,0
C19725,2024,11,November,3,1,0,0
C19725,2025,2,February,4,2,0,1
C19725,2025,5,May,5,2,0,1
C19725,2025,6,June,6,3,0,1
C19725,2025,7,July,7,5,0,1
C19725,2025,9,September,9,6,0,1
C19725,2025,10,October,10,7,0,1
C19725,2025,11,November,11,8,0,1
C19725,2025,12,December,12,8,0,1
C19726,2025,2,February,1,1,1,0
C19726,2025,5,May,2,2,0,1
C19726,2025,7,July,3,3,0,1
C19726,2025,9,September,4,4,0,1
C19727,2024,12,December,1,0,1,0
C19728,2024,9,September,1,1,1,0
C19728,2024,11,November,2,2,0,1
C19728,2025,7,July,3,3,0,1
C19728,2025,9,September,4,4,0,1
C19728,2025,11,November,5,5,0,1
C19729,2024,11,November,1,1,1,0
C19729,2025,1,January,2,1,0,0
C19729,2025,2,February,4,2,0,1
C19729,2025,4,April,5,3,0,1
C19729,2025,5,May,6,4,0,1
C19729,2025,6,June,7,5,0,1
C19730,2025,2,February,1,1,1,0
C19730,2025,6,June,2,1,0,0
C19730,2025,10,October,3,2,0,1
C19731,2025,7,July,1,2,0,1
C19731,2025,11,November,3,3,0,1
C19733,2025,3,March,1,1,1,0
C19734,2024,11,November,1,1,1,0
C19734,2025,1,January,2,2,0,1
C19734,2025,6,June,3,3,0,1
C19735,2024,12,December,1,2,0,1
C19736,2024,11,November,1,1,1,0
C19736,2025,4,April,2,1,0,0
C19737,2024,7,July,1,1,1,0
C19737,2024,10,October,2,1,0,0
C19738,2024,7,July,1,1,1,0
C19738,2024,12,December,2,1,0,0
C19738,2025,9,September,3,1,0,0
C19738,2025,10,October,4,2,0,1
C19739,2024,8,August,1,1,1,0
C19740,2024,12,December,1,1,1,0
C19740,2025,4,April,2,2,0,1
C19740,2025,8,August,3,3,0,1
C19740,2025,9,September,4,5,0,1
C19740,2025,11,November,6,5,0,1
C19741,2025,8,August,1,1,1,0
C19742,2024,10,October,1,1,1,0
C19742,2025,9,September,2,2,0,1
C19743,2025,4,April,1,1,1,0
C19743,2025,7,July,2,2,0,1
C19743,2025,9,September,3,3,0,1
C19744,2024,7,July,1,1,1,0
C19744,2024,10,October,2,2,0,1
C19744,2024,11,November,3,3,0,1
C19744,2025,1,January,4,5,0,1
C19744,2025,2,February,6,7,0,1
C19744,2025,4,April,8,8,0,1
C19744,2025,5,May,9,9,0,1
C19744,2025,10,October,10,9,0,1
C19744,2025,11,November,11,10,0,1
C19747,2024,7,July,1,0,1,0
C19747,2024,12,December,2,1,0,0
C19748,2024,10,October,1,1,1,0
C19748,2025,10,October,2,2,0,1
C19749,2024,11,November,1,1,1,0
C19749,2025,7,July,2,1,0,0
C19749,2025,10,October,3,2,0,1
C19750,2024,11,November,1,1,1,0
C19750,2024,12,December,2,2,0,1
C19750,2025,2,February,3,3,0,1
C19750,2025,9,September,4,4,0,1
C19751,2024,12,December,1,1,1,0
C19751,2025,2,February,2,2,0,1
C19751,2025,3,March,3,3,0,1
C19751,2025,5,May,4,6,0,1
C19751,2025,12,December,7,7,0,1
C19752,2024,7,July,1,1,1,0
C19752,2025,1,January,2,2,0,1
C19753,2025,6,June,1,1,1,0
C19754,2024,10,October,1,1,1,0
C19754,2024,11,November,2,2,0,1
C19754,2025,5,May,3,3,0,1
C19754,2025,10,October,4,5,0,1
C19755,2025,6,June,1,0,1,0
C19756,2025,9,September,1,1,1,0
C19756,2025,12,December,2,1,0,0
C19757,2024,7,July,1,0,1,0
C19757,2025,6,June,2,2,0,1
C19757,2025,8,August,4,3,0,1
C19758,2024,7,July,1,1,1,0
C19758,2024,10,October,2,1,0,0
C19758,2024,12,December,4,2,0,1
C19758,2025,6,June,5,2,0,1
C19758,2025,7,July,6,3,0,1
C19758,2025,10,October,7,4,0,1
C19758,2025,12,December,8,5,0,1
C19759,2024,10,October,1,1,1,0
C19759,2025,7,July,2,1,0,0
C19759,2025,10,October,3,2,0,1
C19760,2025,5,May,1,1,1,0
C19761,2024,7,July,1,1,1,0
C19761,2024,8,August,2,2,0,1
C19761,2025,2,February,3,3,0,1
C19761,2025,8,August,4,4,0,1
C19762,2024,9,September,1,1,1,0
C19762,2024,11,November,2,2,0,1
C19762,2025,3,March,4,3,0,1
C19763,2024,7,July,1,1,1,0
C19763,2024,11,November,2,1,0,0
C19763,2025,1,January,3,3,0,1
C19763,2025,5,May,6,5,0,1
C19763,2025,6,June,8,6,0,1
C19763,2025,9,September,10,6,0,1
C19763,2025,10,October,11,7,0,1
C19765,2024,7,July,1,1,1,0
C19765,2025,5,May,2,2,0,1
C19765,2025,6,June,3,2,0,1
C19766,2024,11,November,1,1,1,0
C19766,2024,12,December,2,2,0,1
C19766,2025,12,December,3,3,0,1
C19767,2024,7,July,1,1,1,0
C19767,2025,5,May,2,2,0,1
C19768,2024,7,July,1,3,0,1
C19768,2024,8,August,5,3,0,1
C19768,2024,10,October,6,4,0,1
C19768,2024,12,December,7,5,0,1
C19768,2025,6,June,8,7,0,1
C19768,2025,7,July,10,8,0,1
C19769,2024,11,November,1,1,1,0
C19769,2025,5,May,2,2,0,1
C19770,2024,10,October,1,1,1,0
C19770,2025,1,January,2,3,0,1
C19770,2025,2,February,4,4,0,1
C19770,2025,3,March,5,5,0,1
C19771,2024,8,August,1,1,1,0
C19771,2025,3,March,2,1,0,0
C19771,2025,6,June,3,1,0,0
C19771,2025,7,July,4,2,0,1
C19771,2025,8,August,5,3,0,1
C19771,2025,9,September,6,4,0,1
C19772,2025,2,February,1,1,1,0
C19772,2025,4,April,2,2,0,1
C19772,2025,6,June,3,3,0,1
C19773,2024,9,September,1,1,1,0
C19773,2025,8,August,2,2,0,1
C19773,2025,10,October,3,3,0,1
C19773,2025,11,November,4,4,0,1
C19774,2024,10,October,1,1,1,0
C19774,2024,11,November,2,2,0,1
C19775,2025,5,May,1,0,1,0
C19777,2024,11,November,1,1,1,0
C19777,2025,6,June,2,2,0,1
C19778,2024,9,September,1,1,1,0
C19778,2024,10,October,2,1,0,0
C19778,2025,2,February,3,2,0,1
C19778,2025,4,April,4,3,0,1
C19779,2024,7,July,1,1,1,0
C19779,2024,12,December,2,2,0,1
C19779,2025,2,February,3,2,0,1
C19779,2025,4,April,4,4,0,1
C19779,2025,5,May,6,5,0,1
C19779,2025,8,August,7,6,0,1
C19779,2025,9,September,8,7,0,1
C19780,2024,11,November,1,1,1,0
C19780,2025,7,July,2,2,0,1
C19780,2025,12,December,3,2,0,1
C19781,2024,11,November,1,1,1,0
C19781,2024,12,December,3,2,0,1
C19781,2025,1,January,4,3,0,1
C19781,2025,2,February,5,5,0,1
C19781,2025,4,April,7,7,0,1
C19781,2025,5,May,9,7,0,1
C19781,2025,6,June,10,8,0,1
C19781,2025,8,August,11,9,0,1
C19782,2024,8,August,1,1,1,0
C19782,2024,11,November,2,2,0,1
C19783,2024,7,July,1,1,1,0
C19783,2024,12,December,2,1,0,0
C19784,2024,7,July,1,1,1,0
C19784,2024,12,December,2,2,0,1
C19784,2025,3,March,3,4,0,1
C19784,2025,6,June,5,5,0,1
C19784,2025,7,July,6,6,0,1
C19784,2025,9,September,8,7,0,1
C19784,2025,11,November,9,8,0,1
C19785,2024,10,October,1,0,1,0
C19785,2025,8,August,2,1,0,0
C19786,2025,6,June,1,1,1,0
C19786,2025,9,September,2,2,0,1
C19787,2025,3,March,1,1,1,0
C19787,2025,5,May,2,2,0,1
C19788,2024,7,July,1,0,1,0
C19788,2025,7,July,2,1,0,0
C19788,2025,11,November,3,2,0,1
C19790,2025,10,October,1,1,1,0
C19790,2025,11,November,2,2,0,1
C19791,2024,12,December,1,1,1,0
C19791,2025,10,October,2,2,0,1
C19792,2024,7,July,1,1,1,0
C19792,2024,9,September,2,2,0,1
C19792,2025,4,April,3,3,0,1
C19792,2025,6,June,4,4,0,1
C19792,2025,9,September,5,5,0,1
C19792,2025,10,October,6,6,0,1
C19793,2024,8,August,1,1,1,0
C19793,2024,12,December,2,2,0,1
C19793,2025,5,May,3,3,0,1
C19793,2025,7,July,4,4,0,1
C19793,2025,8,August,5,5,0,1
C19793,2025,9,September,6,6,0,1
C19793,2025,10,October,7,7,0,1
C19793,2025,11,November,8,8,0,1
C19794,2024,7,July,1,1,1,0
C19794,2024,10,October,2,1,0,0
C19794,2025,7,July,3,2,0,1
C19794,2025,12,December,4,3,0,1
C19795,2024,7,July,1,1,1,0
C19795,2024,11,November,2,2,0,1
C19795,2025,6,June,3,2,0,1
C19796,2025,5,May,1,0,1,0
C19796,2025,9,September,2,0,0,0
C19796,2025,10,October,3,1,0,0
C19796,2025,12,December,4,2,0,1
C19797,2024,9,September,1,1,1,0
C19797,2025,4,April,2,2,0,1
C19797,2025,5,May,3,3,0,1
C19797,2025,7,July,4,4,0,1
C19797,2025,10,October,5,5,0,1
C19798,2024,9,September,1,1,1,0
C19798,2024,10,October,2,2,0,1
C19798,2025,4,April,3,2,0,1
C19798,2025,5,May,4,3,0,1
C19798,2025,12,December,5,4,0,1
C19799,2024,9,September,1,1,1,0
C19799,2025,3,March,2,2,0,1
C19800,2025,9,September,1,1,1,0
C19801,2024,8,August,1,1,1,0
C19801,2024,9,September,2,2,0,1
C19801,2024,10,October,3,3,0,1
C19801,2024,11,November,4,4,0,1
C19801,2025,2,February,5,5,0,1
C19801,2025,3,March,6,7,0,1
C19801,2025,9,September,8,8,0,1
C19801,2025,11,November,9,9,0,1
C19801,2025,12,December,10,11,0,1
C19802,2024,9,September,1,2,0,1
C19802,2024,10,October,3,3,0,1
C19802,2024,12,December,4,4,0,1
C19802,2025,5,May,5,5,0,1
C19802,2025,7,July,6,6,0,1
C19802,2025,9,September,7,8,0,1
C19802,2025,12,December,9,9,0,1
C19803,2024,7,July,1,1,1,0
C19803,2024,9,September,2,2,0,1
C19803,2024,10,October,3,3,0,1
C19803,2024,11,November,4,4,0,1
C19803,2025,1,January,5,6,0,1
C19803,2025,2,February,7,7,0,1
C19803,2025,4,April,8,8,0,1
C19803,2025,6,June,9,8,0,1
C19804,2024,10,October,1,0,1,0
C19804,2025,9,September,2,1,0,0
C19804,2025,11,November,3,2,0,1
C19805,2025,11,November,1,1,1,0
C19806,2024,8,August,1,1,1,0
C19806,2024,10,October,2,3,0,1
C19806,2024,11,November,4,3,0,1
C19806,2025,2,February,6,4,0,1
C19806,2025,3,March,7,5,0,1
C19806,2025,5,May,8,6,0,1
C19806,2025,7,July,9,6,0,1
C19806,2025,11,November,10,9,0,1
C19807,2024,8,August,1,1,1,0
C19807,2024,10,October,2,3,0,1
C19808,2025,7,July,1,1,1,0
C19809,2024,7,July,1,1,1,0
C19809,2024,10,October,2,1,0,0
C19809,2024,11,November,3,2,0,1
C19809,2025,3,March,4,4,0,1
C19809,2025,7,July,6,4,0,1
C19809,2025,12,December,7,5,0,1
C19810,2024,10,October,1,1,1,0
C19810,2025,2,February,2,2,0,1
C19810,2025,3,March,3,3,0,1
C19810,2025,7,July,4,6,0,1
C19810,2025,10,October,7,7,0,1
C19811,2024,7,July,1,1,1,0
C19811,2024,10,October,2,2,0,1
C19811,2024,11,November,3,3,0,1
C19811,2025,1,January,4,4,0,1
C19811,2025,3,March,5,5,0,1
C19811,2025,12,December,6,8,0,1
C19812,2024,11,November,1,1,1,0
C19812,2025,4,April,2,2,0,1
C19812,2025,12,December,3,3,0,1
C19814,2024,7,July,1,0,1,0
C19814,2024,8,August,2,1,0,0
C19814,2024,11,November,3,1,0,0
C19814,2025,7,July,4,2,0,1
C19814,2025,8,August,5,2,0,1
C19814,2025,10,October,6,3,0,1
C19815,2024,8,August,1,1,1,0
C19815,2025,5,May,2,2,0,1
C19815,2025,8,August,3,3,0,1
C19815,2025,10,October,4,4,0,1
C19815,2025,12,December,5,5,0,1
C19816,2024,7,July,1,1,1,0
C19816,2025,3,March,2,3,0,1
C19816,2025,9,September,4,5,0,1
C19817,2024,7,July,1,1,1,0
C19817,2025,2,February,2,1,0,0
C19817,2025,3,March,3,2,0,1
C19817,2025,11,November,4,2,0,1
C19818,2024,11,November,1,1,1,0
C19818,2025,6,June,2,2,0,1
C19819,2024,12,December,1,1,1,0
C19819,2025,2,February,2,1,0,0
C19819,2025,11,November,3,2,0,1
C19820,2025,2,February,1,1,1,0
C19820,2025,6,June,2,2,0,1
C19821,2024,11,November,1,1,1,0
C19821,2024,12,December,2,2,0,1
C19821,2025,3,March,3,2,0,1
C19821,2025,6,June,5,2,0,1
C19821,2025,11,November,6,3,0,1
C19822,2024,12,December,1,2,0,1
C19822,2025,6,June,3,3,0,1
C19823,2025,1,January,1,0,1,0
C19823,2025,3,March,2,1,0,0
C19823,2025,6,June,3,1,0,0
C19823,2025,7,July,5,1,0,0
C19823,2025,10,October,6,2,0,1
C19824,2025,4,April,1,0,1,0
C19824,2025,10,October,2,1,0,0
C19825,2025,8,August,1,1,1,0
C19826,2024,7,July,1,1,1,0
C19826,2024,8,August,2,2,0,1
C19826,2024,9,September,3,3,0,1
C19826,2025,10,October,4,4,0,1
C19827,2024,11,November,1,1,1,0
C19827,2025,2,February,2,2,0,1
C19827,2025,9,September,3,3,0,1
C19828,2025,6,June,1,2,0,1
C19828,2025,11,November,3,3,0,1
C19829,2024,7,July,1,1,1,0
C19829,2025,1,January,2,2,0,1
C19829,2025,2,February,3,3,0,1
C19829,2025,5,May,4,3,0,1
C19829,2025,6,June,5,5,0,1
C19829,2025,8,August,7,5,0,1
C19829,2025,10,October,8,6,0,1
C19829,2025,11,November,9,7,0,1
C19829,2025,12,December,10,8,0,1
C19830,2024,8,August,1,1,1,0
C19830,2025,5,May,2,2,0,1
C19830,2025,6,June,4,2,0,1
C19830,2025,7,July,5,3,0,1
C19831,2025,2,February,1,2,0,1
C19831,2025,5,May,3,2,0,1
C19831,2025,11,November,4,4,0,1
C19832,2025,3,March,1,1,1,0
C19832,2025,9,September,2,2,0,1
C19833,2025,3,March,1,0,1,0
C19833,2025,6,June,2,1,0,0
C19834,2024,10,October,1,1,1,0
C19834,2025,8,August,2,2,0,1
C19835,2024,7,July,1,1,1,0
C19835,2025,1,January,2,2,0,1
C19835,2025,5,May,3,3,0,1
C19835,2025,7,July,4,3,0,1
C19835,2025,10,October,5,4,0,1
C19836,2025,4,April,1,1,1,0
C19836,2025,8,August,2,2,0,1
C19837,2024,7,July,1,1,1,0
C19837,2024,11,November,2,2,0,1
C19837,2025,7,July,3,3,0,1
C19837,2025,8,August,4,4,0,1
C19837,2025,9,September,5,5,0,1
C19837,2025,12,December,6,6,0,1
C19838,2025,2,February,1,2,0,1
C19838,2025,3,March,3,4,0,1
C19838,2025,5,May,5,5,0,1
C19838,2025,6,June,6,5,0,1
C19838,2025,12,December,7,6,0,1
C19839,2024,8,August,1,1,1,0
C19839,2025,1,January,2,2,0,1
C19839,2025,2,February,3,3,0,1
C19839,2025,10,October,4,4,0,1
C19840,2025,1,January,1,1,1,0
C19840,2025,4,April,2,2,0,1
C19840,2025,12,December,3,3,0,1
C19841,2024,7,July,1,0,1,0
C19841,2024,8,August,2,0,0,0
C19841,2025,8,August,3,1,0,0
C19841,2025,12,December,4,2,0,1
C19842,2025,8,August,1,1,1,0
C19842,2025,10,October,2,3,0,1
C19843,2024,12,December,1,1,1,0
C19843,2025,3,March,2,2,0,1
C19843,2025,4,April,3,3,0,1
C19843,2025,6,June,4,4,0,1
C19844,2025,8,August,1,1,1,0
C19845,2025,7,July,1,1,1,0
C19845,2025,12,December,2,2,0,1
C19846,2025,5,May,1,2,0,1
C19846,2025,6,June,3,4,0,1
C19846,2025,11,November,5,5,0,1
C19846,2025,12,December,6,6,0,1
C19847,2024,10,October,1,1,1,0
C19848,2024,7,July,1,1,1,0
C19848,2024,11,November,2,2,0,1
C19848,2025,1,January,3,2,0,1
C19848,2025,2,February,4,3,0,1
C19848,2025,3,March,5,4,0,1
C19848,2025,4,April,6,6,0,1
C19848,2025,7,July,8,7,0,1
C19849,2024,7,July,1,2,0,1
C19849,2024,10,October,3,4,0,1
C19849,2025,1,January,5,4,0,1
C19849,2025,4,April,6,6,0,1
C19849,2025,5,May,8,6,0,1
C19849,2025,6,June,9,7,0,1
C19849,2025,7,July,10,8,0,1
C19849,2025,9,September,11,9,0,1
C19849,2025,10,October,12,10,0,1
C19849,2025,12,December,13,11,0,1
C19850,2024,8,August,1,1,1,0
C19851,2024,11,November,1,1,1,0
C19851,2025,4,April,2,3,0,1
C19851,2025,5,May,4,4,0,1
C19851,2025,7,July,5,4,0,1
C19852,2024,8,August,1,1,1,0
C19852,2024,9,September,2,1,0,0
C19852,2024,11,November,3,1,0,0
C19852,2025,1,January,4,2,0,1
C19852,2025,2,February,5,3,0,1
C19852,2025,7,July,6,3,0,1
C19853,2024,12,December,1,1,1,0
C19853,2025,2,February,2,2,0,1
C19853,2025,4,April,4,2,0,1
C19853,2025,5,May,5,4,0,1
C19853,2025,8,August,7,5,0,1
C19853,2025,10,October,9,5,0,1
C19853,2025,11,November,10,8,0,1
C19853,2025,12,December,13,9,0,1
C19854,2025,1,January,1,1,1,0
C19854,2025,6,June,2,2,0,1
C19854,2025,7,July,3,2,0,1
C19854,2025,12,December,4,3,0,1
C19855,2024,9,September,1,1,1,0
C19855,2025,4,April,2,2,0,1
C19855,2025,12,December,3,3,0,1
C19856,2024,8,August,1,1,1,0
C19856,2024,9,September,2,2,0,1
C19856,2024,11,November,3,3,0,1
C19856,2025,6,June,4,4,0,1
C19856,2025,10,October,5,5,0,1
C19856,2025,12,December,6,7,0,1
C19857,2024,9,September,1,0,1,0
C19857,2025,7,July,2,1,0,0
C19858,2025,2,February,1,1,1,0
C19858,2025,4,April,2,1,0,0
C19858,2025,5,May,3,2,0,1
C19858,2025,6,June,4,3,0,1
C19858,2025,7,July,5,5,0,1
C19859,2024,9,September,1,1,1,0
C19859,2025,2,February,2,1,0,0
C19860,2025,1,January,1,1,1,0
C19860,2025,2,February,2,1,0,0
C19860,2025,7,July,3,2,0,1
C19860,2025,11,November,4,3,0,1
C19861,2025,7,July,1,1,1,0
C19861,2025,8,August,2,2,0,1
C19862,2024,7,July,1,1,1,0
C19862,2024,9,September,2,3,0,1
C19862,2024,10,October,4,4,0,1
C19862,2024,11,November,5,5,0,1
C19862,2025,1,January,6,6,0,1
C19862,2025,4,April,7,7,0,1
C19862,2025,5,May,8,8,0,1
C19862,2025,8,August,9,10,0,1
C19863,2024,9,September,1,1,1,0
C19863,2025,9,September,2,2,0,1
C19863,2025,11,November,3,3,0,1
C19864,2024,8,August,1,0,1,0
C19864,2024,11,November,2,1,0,0
C19864,2025,3,March,3,3,0,1
C19864,2025,9,September,5,3,0,1
C19865,2025,3,March,1,1,1,0
C19865,2025,5,May,2,2,0,1
C19866,2024,9,September,1,1,1,0
C19866,2024,10,October,2,2,0,1
C19866,2024,11,November,3,3,0,1
C19866,2025,2,February,4,4,0,1
C19866,2025,5,May,5,5,0,1
C19866,2025,8,August,6,6,0,1
C19866,2025,9,September,7,7,0,1
C19866,2025,11,November,8,8,0,1
C19867,2024,8,August,1,1,1,0
C19867,2025,9,September,2,2,0,1
C19868,2024,10,October,1,1,1,0
C19868,2024,12,December,2,2,0,1
C19869,2025,2,February,1,0,1,0
C19869,2025,3,March,2,1,0,0
C19870,2024,9,September,1,0,1,0
C19870,2024,10,October,3,0,0,0
C19871,2024,9,September,1,1,1,0
C19871,2025,7,July,2,2,0,1
C19871,2025,8,August,3,3,0,1
C19871,2025,11,November,4,3,0,1
C19871,2025,12,December,5,5,0,1
C19872,2024,9,September,1,1,1,0
C19872,2025,10,October,2,1,0,0
C19872,2025,11,November,3,2,0,1
C19873,2025,3,March,1,1,1,0
C19873,2025,5,May,2,2,0,1
C19873,2025,9,September,3,3,0,1
C19873,2025,11,November,4,4,0,1
C19874,2024,7,July,1,1,1,0
C19874,2024,9,September,2,1,0,0
C19874,2025,11,November,3,1,0,0
C19875,2025,1,January,1,0,1,0
C19875,2025,2,February,2,1,0,0
C19876,2024,9,September,1,0,1,0
C19876,2024,12,December,2,1,0,0
C19876,2025,10,October,3,2,0,1
C19877,2024,7,July,1,1,1,0
C19877,2024,9,September,3,2,0,1
C19877,2025,5,May,4,4,0,1
C19877,2025,6,June,6,5,0,1
C19877,2025,7,July,7,6,0,1
C19877,2025,8,August,8,7,0,1
C19877,2025,11,November,9,8,0,1
C19878,2024,12,December,1,1,1,0
C19878,2025,4,April,2,2,0,1
C19878,2025,9,September,3,3,0,1
C19878,2025,11,November,4,5,0,1
C19878,2025,12,December,6,6,0,1
C19879,2024,7,July,1,1,1,0
C19879,2024,8,August,2,2,0,1
C19879,2024,11,November,3,3,0,1
C19879,2024,12,December,4,4,0,1
C19879,2025,9,September,5,4,0,1
C19879,2025,10,October,6,5,0,1
C19880,2024,7,July,1,1,1,0
C19880,2024,8,August,2,2,0,1
C19880,2025,8,August,3,3,0,1
C19880,2025,11,November,4,4,0,1
C19881,2024,9,September,1,1,1,0
C19881,2024,11,November,2,2,0,1
C19881,2025,12,December,3,3,0,1
C19882,2024,12,December,1,1,1,0
C19882,2025,5,May,2,2,0,1
C19882,2025,10,October,3,3,0,1
C19882,2025,11,November,4,4,0,1
C19883,2024,7,July,1,1,1,0
C19883,2024,9,September,2,1,0,0
C19883,2024,11,November,3,3,0,1
C19883,2024,12,December,5,3,0,1
C19883,2025,4,April,6,6,0,1
C19883,2025,6,June,9,7,0,1
C19883,2025,7,July,10,7,0,1
C19883,2025,8,August,11,8,0,1
C19883,2025,9,September,12,9,0,1
C19883,2025,11,November,13,10,0,1
C19884,2024,7,July,1,1,1,0
C19884,2024,12,December,2,2,0,1
C19884,2025,9,September,3,2,0,1
C19885,2024,10,October,1,1,1,0
C19885,2024,12,December,2,2,0,1
C19885,2025,3,March,3,4,0,1
C19885,2025,5,May,5,5,0,1
C19885,2025,9,September,6,6,0,1
C19886,2024,7,July,1,1,1,0
C19886,2024,11,November,2,2,0,1
C19886,2025,3,March,3,3,0,1
C19886,2025,6,June,4,4,0,1
C19886,2025,9,September,5,4,0,1
C19887,2025,10,October,1,1,1,0
C19888,2024,10,October,1,1,1,0
C19888,2025,2,February,2,2,0,1
C19888,2025,3,March,3,4,0,1
C19888,2025,5,May,5,5,0,1
C19888,2025,8,August,6,6,0,1
C19888,2025,10,October,7,7,0,1
C19889,2024,9,September,1,1,1,0
C19889,2024,10,October,2,3,0,1
C19889,2025,2,February,4,4,0,1
C19889,2025,9,September,5,5,0,1
C19889,2025,11,November,6,6,0,1
C19890,2024,8,August,1,1,1,0
C19890,2024,9,September,2,2,0,1
C19890,2025,1,January,3,3,0,1
C19890,2025,8,August,4,4,0,1
C19891,2025,7,July,1,1,1,0
C19892,2024,7,July,1,2,0,1
C19892,2024,10,October,3,2,0,1
C19892,2024,11,November,4,3,0,1
C19892,2025,2,February,5,4,0,1
C19892,2025,5,May,6,4,0,1
C19893,2025,3,March,1,1,1,0
C19893,2025,7,July,2,2,0,1
C19894,2025,2,February,1,1,1,0
C19895,2024,10,October,1,1,1,0
C19895,2024,11,November,2,1,0,0
C19897,2025,1,January,1,2,0,1
C19897,2025,5,May,3,3,0,1
C19897,2025,7,July,4,4,0,1
C19897,2025,9,September,5,5,0,1
C19897,2025,10,October,6,5,0,1
C19898,2024,8,August,1,1,1,0
C19898,2024,11,November,2,3,0,1
C19898,2024,12,December,4,4,0,1
C19898,2025,6,June,5,5,0,1
C19898,2025,8,August,6,7,0,1
C19898,2025,12,December,8,7,0,1
C19899,2024,9,September,1,1,1,0
C19899,2024,12,December,2,2,0,1
C19899,2025,3,March,3,3,0,1
C19899,2025,6,June,4,4,0,1
C19899,2025,8,August,5,5,0,1
C19900,2024,7,July,1,0,1,0
C19900,2024,8,August,2,1,0,0
C19900,2024,10,October,3,1,0,0
C19900,2024,12,December,4,2,0,1
C19900,2025,8,August,5,3,0,1
C19901,2025,1,January,1,2,0,1
C19901,2025,4,April,3,2,0,1
C19902,2024,9,September,1,1,1,0
C19902,2024,11,November,2,2,0,1
C19902,2025,1,January,3,3,0,1
C19902,2025,2,February,4,4,0,1
C19902,2025,3,March,5,5,0,1
C19902,2025,10,October,6,6,0,1
C19903,2024,10,October,1,1,1,0
C19903,2025,6,June,2,2,0,1
C19903,2025,10,October,3,3,0,1
C19904,2024,10,October,1,1,1,0
C19904,2025,7,July,2,2,0,1
C19904,2025,8,August,3,3,0,1
C19904,2025,9,September,4,4,0,1
C19905,2024,9,September,1,1,1,0
C19905,2025,10,October,2,2,0,1
C19905,2025,12,December,3,3,0,1
C19906,2025,9,September,1,1,1,0
C19907,2024,7,July,1,0,1,0
C19907,2024,11,November,2,1,0,0
C19907,2025,8,August,3,2,0,1
C19907,2025,10,October,4,2,0,1
C19908,2024,11,November,1,1,1,0
C19908,2025,5,May,2,1,0,0
C19909,2024,7,July,1,0,1,0
C19909,2024,8,August,2,2,0,1
C19909,2024,12,December,4,3,0,1
C19909,2025,4,April,6,4,0,1
C19909,2025,9,September,7,5,0,1
C19909,2025,12,December,8,6,0,1
C19910,2024,10,October,1,1,1,0
C19910,2025,10,October,2,2,0,1
C19910,2025,12,December,3,3,0,1
C19911,2024,11,November,1,0,1,0
C19911,2025,9,September,2,1,0,0
C19912,2025,4,April,1,1,1,0
C19912,2025,12,December,2,2,0,1
C19913,2024,8,August,1,1,1,0
C19913,2024,9,September,2,1,0,0
C19913,2024,10,October,3,2,0,1
C19913,2024,12,December,4,3,0,1
C19913,2025,2,February,5,3,0,1
C19913,2025,3,March,6,3,0,1
C19913,2025,8,August,7,3,0,1
C19914,2024,9,September,1,1,1,0
C19914,2025,4,April,2,1,0,0
C19915,2024,7,July,1,1,1,0
C19915,2024,11,November,2,1,0,0
C19915,2024,12,December,3,2,0,1
C19915,2025,9,September,4,3,0,1
C19915,2025,10,October,5,4,0,1
C19915,2025,12,December,6,5,0,1
C19917,2025,6,June,1,1,1,0
C19917,2025,9,September,2,1,0,0
C19917,2025,12,December,3,2,0,1
C19918,2024,11,November,1,0,1,0
C19918,2025,5,May,2,2,0,1
C19918,2025,11,November,4,3,0,1
C19919,2024,9,September,1,1,1,0
C19919,2024,12,December,2,2,0,1
C19919,2025,3,March,3,3,0,1
C19919,2025,9,September,4,4,0,1
C19919,2025,10,October,5,6,0,1
C19920,2024,7,July,1,0,1,0
C19920,2025,1,January,2,1,0,0
C19920,2025,5,May,3,2,0,1
C19920,2025,6,June,4,2,0,1
C19921,2024,9,September,1,1,1,0
C19921,2024,12,December,2,2,0,1
C19921,2025,2,February,3,2,0,1
C19921,2025,7,July,4,3,0,1
C19922,2024,10,October,1,0,1,0
C19922,2024,11,November,2,1,0,0
C19922,2025,2,February,3,2,0,1
C19922,2025,4,April,4,4,0,1
C19922,2025,5,May,6,5,0,1
C19922,2025,11,November,7,6,0,1
C19922,2025,12,December,8,7,0,1
C19923,2024,8,August,1,1,1,0
C19923,2025,6,June,2,2,0,1
C19924,2024,7,July,1,1,1,0
C19924,2024,8,August,2,2,0,1
C19924,2025,8,August,3,2,0,1
C19925,2024,9,September,1,1,1,0
C19925,2024,10,October,2,2,0,1
C19925,2024,12,December,3,3,0,1
C19925,2025,1,January,4,4,0,1
C19925,2025,3,March,5,4,0,1
C19925,2025,4,April,7,5,0,1
C19925,2025,10,October,8,5,0,1
C19926,2024,7,July,1,0,1,0
C19926,2024,11,November,2,1,0,0
C19926,2025,1,January,3,3,0,1
C19926,2025,3,March,5,4,0,1
C19926,2025,6,June,6,5,0,1
C19926,2025,11,November,7,6,0,1
C19927,2024,9,September,1,1,1,0
C19927,2024,11,November,2,2,0,1
C19928,2024,7,July,1,0,1,0
C19928,2024,12,December,2,3,0,1
C19928,2025,4,April,5,4,0,1
C19928,2025,8,August,6,5,0,1
C19929,2024,12,December,1,1,1,0
C19929,2025,10,October,3,2,0,1
C19930,2024,9,September,1,1,1,0
C19930,2024,12,December,2,2,0,1
C19930,2025,3,March,3,3,0,1
C19931,2024,10,October,1,1,1,0
C19931,2025,5,May,2,1,0,0
C19932,2024,7,July,1,1,1,0
C19932,2024,8,August,2,2,0,1
C19932,2025,4,April,4,3,0,1
C19932,2025,8,August,5,4,0,1
C19933,2024,9,September,1,1,1,0
C19933,2024,11,November,2,1,0,0
C19933,2025,8,August,3,2,0,1
C19933,2025,12,December,4,4,0,1
C19934,2024,7,July,1,0,1,0
C19934,2024,8,August,2,0,0,0
C19934,2025,3,March,3,0,0,0
C19934,2025,4,April,4,0,0,0
C19934,2025,5,May,5,2,0,1
C19935,2024,11,November,1,1,1,0
C19935,2025,1,January,2,2,0,1
C19935,2025,8,August,3,3,0,1
C19936,2024,10,October,1,1,1,0
C19936,2024,11,November,2,3,0,1
C19936,2025,6,June,4,4,0,1
C19936,2025,8,August,5,5,0,1
C19937,2024,9,September,1,1,1,0
C19937,2025,1,January,2,2,0,1
C19937,2025,8,August,3,3,0,1
C19938,2025,7,July,1,0,1,0
C19938,2025,10,October,2,1,0,0
C19939,2024,11,November,1,2,0,1
C19939,2025,1,January,3,4,0,1
C19939,2025,8,August,5,5,0,1
C19939,2025,9,September,6,6,0,1
C19939,2025,12,December,7,7,0,1
C19940,2025,7,July,1,1,1,0
C19941,2024,7,July,1,2,0,1
C19941,2024,8,August,3,4,0,1
C19941,2024,9,September,5,5,0,1
C19941,2024,10,October,6,5,0,1
C19941,2025,3,March,7,6,0,1
C19941,2025,4,April,8,7,0,1
C19941,2025,7,July,9,8,0,1
C19941,2025,8,August,10,9,0,1
C19942,2024,7,July,1,1,1,0
C19942,2024,8,August,3,2,0,1
C19942,2024,11,November,4,3,0,1
C19942,2025,1,January,5,6,0,1
C19942,2025,4,April,9,6,0,1
C19942,2025,5,May,10,7,0,1
C19942,2025,9,September,11,8,0,1
C19943,2024,8,August,1,0,1,0
C19943,2024,12,December,2,1,0,0
C19943,2025,2,February,3,2,0,1
C19944,2024,8,August,1,1,1,0
C19944,2025,3,March,2,2,0,1
C19945,2024,9,September,1,1,1,0
C19945,2025,4,April,2,2,0,1
C19945,2025,7,July,3,3,0,1
C19946,2024,10,October,1,1,1,0
C19947,2024,11,November,1,1,1,0
C19947,2025,12,December,2,1,0,0
C19948,2024,10,October,1,1,1,0
C19948,2025,2,February,2,1,0,0
C19948,2025,9,September,3,1,0,0
C19949,2025,9,September,1,1,1,0
C19949,2025,10,October,2,2,0,1
C19950,2024,7,July,1,1,1,0
C19950,2024,11,November,2,2,0,1
C19950,2025,1,January,3,4,0,1
C19950,2025,4,April,5,5,0,1
C19950,2025,9,September,6,6,0,1
C19950,2025,10,October,7,7,0,1
C19951,2024,12,December,1,1,1,0
C19951,2025,1,January,2,2,0,1
C19951,2025,2,February,3,3,0,1
C19951,2025,3,March,4,4,0,1
C19951,2025,5,May,5,6,0,1
C19951,2025,7,July,7,7,0,1
C19952,2024,8,August,1,0,1,0
C19952,2025,9,September,2,1,0,0
C19953,2025,4,April,1,1,1,0
C19954,2025,12,December,1,0,1,0
C19955,2024,7,July,1,1,1,0
C19955,2025,1,January,2,2,0,1
C19956,2025,1,January,1,1,1,0
C19956,2025,12,December,2,2,0,1
C19957,2024,12,December,1,1,1,0
C19957,2025,2,February,2,2,0,1
C19957,2025,7,July,3,3,0,1
C19958,2024,12,December,1,1,1,0
C19958,2025,6,June,2,2,0,1
C19959,2024,7,July,1,1,1,0
C19959,2024,12,December,2,3,0,1
C19959,2025,4,April,4,4,0,1
C19959,2025,6,June,5,5,0,1
C19959,2025,8,August,6,5,0,1
C19959,2025,10,October,7,6,0,1
C19959,2025,12,December,8,7,0,1
C19960,2024,7,July,1,0,1,0
C19960,2024,10,October,2,1,0,0
C19960,2025,2,February,3,1,0,0
C19960,2025,5,May,4,3,0,1
C19960,2025,6,June,6,4,0,1
C19960,2025,7,July,7,5,0,1
C19960,2025,8,August,8,6,0,1
C19960,2025,9,September,10,7,0,1
C19962,2024,12,December,1,1,1,0
C19962,2025,1,January,2,2,0,1
C19962,2025,3,March,3,3,0,1
C19962,2025,4,April,4,3,0,1
C19962,2025,5,May,5,4,0,1
C19962,2025,6,June,6,5,0,1
C19962,2025,12,December,7,6,0,1
C19964,2025,3,March,1,1,1,0
C19964,2025,11,November,2,1,0,0
C19965,2025,2,February,1,1,1,0
C19966,2024,12,December,1,0,1,0
C19966,2025,12,December,2,1,0,0
C19967,2024,12,December,1,1,1,0
C19967,2025,4,April,2,1,0,0
C19967,2025,10,October,3,2,0,1
C19968,2025,3,March,1,0,1,0
C19968,2025,8,August,2,1,0,0
C19968,2025,9,September,3,2,0,1
C19969,2025,4,April,1,1,1,0
C19969,2025,5,May,2,2,0,1
C19969,2025,6,June,3,2,0,1
C19970,2024,12,December,1,2,0,1
C19970,2025,7,July,3,3,0,1
C19971,2024,7,July,1,1,1,0
C19971,2024,9,September,2,2,0,1
C19971,2024,10,October,3,3,0,1
C19971,2025,8,August,4,4,0,1
C19971,2025,12,December,5,5,0,1
C19972,2024,7,July,1,2,0,1
C19972,2024,8,August,4,2,0,1
C19972,2024,10,October,5,3,0,1
C19972,2025,10,October,6,5,0,1
C19973,2024,8,August,1,1,1,0
C19973,2024,10,October,2,2,0,1
C19973,2025,5,May,3,3,0,1
C19973,2025,12,December,4,4,0,1
C19974,2024,7,July,1,1,1,0
C19974,2025,1,January,2,2,0,1
C19975,2025,12,December,1,1,1,0
C19976,2024,8,August,1,0,1,0
C19976,2025,5,May,2,1,0,0
C19977,2024,7,July,1,1,1,0
C19978,2024,8,August,1,1,1,0
C19978,2024,12,December,2,2,0,1
C19978,2025,6,June,3,3,0,1
C19978,2025,11,November,4,4,0,1
C19979,2024,12,December,1,0,1,0
C19979,2025,5,May,2,1,0,0
C19979,2025,9,September,3,2,0,1
C19979,2025,10,October,4,3,0,1
C19980,2024,7,July,1,1,1,0
C19981,2024,9,September,1,1,1,0
C19981,2025,4,April,2,2,0,1
C19981,2025,5,May,3,3,0,1
C19981,2025,10,October,4,4,0,1
C19981,2025,11,November,5,4,0,1
C19982,2024,9,September,1,2,0,1
C19982,2025,2,February,3,2,0,1
C19983,2025,8,August,1,1,1,0
C19984,2024,8,August,1,1,1,0
C19984,2025,4,April,2,2,0,1
C19984,2025,6,June,3,3,0,1
C19984,2025,10,October,4,4,0,1
C19985,2025,1,January,1,1,1,0
C19985,2025,10,October,2,1,0,0
C19986,2024,7,July,1,1,1,0
C19986,2024,8,August,2,2,0,1
C19986,2024,12,December,3,3,0,1
C19986,2025,2,February,4,3,0,1
C19986,2025,5,May,5,4,0,1
C19986,2025,9,September,6,5,0,1
C19987,2024,8,August,1,1,1,0
C19987,2024,10,October,2,2,0,1
C19987,2025,2,February,3,3,0,1
C19987,2025,4,April,4,3,0,1
C19987,2025,8,August,5,4,0,1
C19987,2025,9,September,6,5,0,1
C19987,2025,11,November,7,6,0,1
C19988,2024,7,July,1,1,1,0
C19988,2024,12,December,2,2,0,1
C19988,2025,3,March,3,3,0,1
C19988,2025,4,April,4,4,0,1
C19988,2025,6,June,5,5,0,1
C19988,2025,9,September,6,7,0,1
C19989,2024,11,November,1,1,1,0
C19989,2025,1,January,2,2,0,1
C19990,2024,7,July,1,1,1,0
C19990,2025,3,March,2,2,0,1
C19990,2025,5,May,3,3,0,1
C19990,2025,7,July,4,4,0,1
C19991,2024,7,July,1,1,1,0
C19991,2024,12,December,2,2,0,1
C19992,2024,9,September,1,1,1,0
C19992,2024,10,October,2,2,0,1
C19992,2025,4,April,3,3,0,1
C19992,2025,6,June,4,4,0,1
C19992,2025,8,August,6,5,0,1
C19992,2025,11,November,7,5,0,1
C19993,2024,9,September,1,2,0,1
C19993,2024,10,October,3,4,0,1
C19993,2024,12,December,5,4,0,1
C19993,2025,6,June,6,4,0,1
C19993,2025,8,August,7,5,0,1
C19993,2025,10,October,8,7,0,1
C19994,2025,3,March,1,1,1,0
C19994,2025,5,May,2,2,0,1
C19994,2025,6,June,3,3,0,1
C19994,2025,8,August,4,4,0,1
C19994,2025,11,November,5,5,0,1
C19995,2024,11,November,1,1,1,0
C19995,2025,2,February,2,3,0,1
C19995,2025,3,March,4,3,0,1
C19995,2025,9,September,5,4,0,1
C19995,2025,10,October,6,5,0,1
C19996,2024,11,November,1,1,1,0
C19996,2025,3,March,2,1,0,0
C19996,2025,4,April,3,2,0,1
C19996,2025,6,June,4,3,0,1
C19997,2025,9,September,1,1,1,0
C19997,2025,11,November,2,2,0,1
C19998,2025,1,January,1,1,1,0
C19998,2025,4,April,2,2,0,1
C19999,2025,10,October,1,1,1,0
C19999,2025,11,November,2,1,0,0
C20000,2024,8,August,1,1,1,0
C20000,2024,9,September,2,1,0,0
C20000,2024,11,November,3,3,0,1
C20000,2025,2,February,5,5,0,1
C20000,2025,3,March,7,6,0,1
C20000,2025,5,May,8,7,0,1
C20000,2025,6,June,9,7,0,1
C20000,2025,8,August,10,8,0,1
C20002,2024,8,August,1,1,1,0
C20002,2024,9,September,2,3,0,1
C20002,2025,4,April,4,4,0,1
C20002,2025,5,May,5,5,0,1
C20002,2025,8,August,6,6,0,1
C20002,2025,11,November,7,7,0,1
C20002,2025,12,December,8,9,0,1
C20003,2024,7,July,1,1,1,0
C20003,2024,8,August,2,1,0,0
C20003,2024,9,September,3,2,0,1
C20003,2024,12,December,5,3,0,1
C20003,2025,1,January,7,3,0,1
C20003,2025,3,March,8,4,0,1
C20003,2025,7,July,9,5,0,1
C20003,2025,8,August,10,6,0,1
C20003,2025,11,November,11,7,0,1
C20003,2025,12,December,12,9,0,1
C20004,2024,10,October,1,1,1,0
C20004,2025,1,January,2,1,0,0
C20004,2025,3,March,3,2,0,1
C20004,2025,8,August,4,3,0,1
C20004,2025,11,November,5,6,0,1
C20005,2024,10,October,1,1,1,0
C20005,2025,2,February,2,2,0,1
C20006,2024,9,September,1,1,1,0
C20006,2025,1,January,2,2,0,1
C20006,2025,4,April,3,2,0,1
C20006,2025,10,October,4,2,0,1
C20007,2024,10,October,1,1,1,0
C20007,2024,11,November,2,2,0,1
C20007,2025,5,May,3,3,0,1
C20007,2025,10,October,4,4,0,1
C20008,2024,9,September,1,1,1,0
C20008,2025,7,July,2,3,0,1
C20009,2024,7,July,1,0,1,0
C20009,2025,8,August,2,0,0,0
C20010,2024,8,August,1,1,1,0
C20010,2024,11,November,2,2,0,1
C20010,2025,1,January,3,2,0,1
C20010,2025,2,February,4,4,0,1
C20010,2025,12,December,6,5,0,1
C20011,2024,9,September,1,1,1,0
C20011,2025,1,January,2,2,0,1
C20011,2025,9,September,3,3,0,1
C20011,2025,10,October,4,4,0,1
C20012,2024,12,December,1,0,1,0
C20012,2025,4,April,2,1,0,0
C20012,2025,7,July,3,2,0,1
C20013,2024,7,July,1,1,1,0
C20013,2024,10,October,2,2,0,1
C20013,2024,12,December,3,3,0,1
C20013,2025,6,June,4,4,0,1
C20013,2025,9,September,5,5,0,1
C20013,2025,12,December,6,6,0,1
C20014,2025,2,February,1,1,1,0
C20015,2024,7,July,1,1,1,0
C20015,2024,8,August,2,2,0,1
C20015,2025,5,May,3,3,0,1
C20016,2024,8,August,1,1,1,0
C20016,2025,8,August,2,1,0,0
C20016,2025,10,October,3,3,0,1
C20016,2025,11,November,5,4,0,1
C20018,2025,9,September,1,0,1,0
C20019,2025,12,December,1,1,1,0
C20020,2024,7,July,1,1,1,0
C20020,2024,11,November,3,4,0,1
C20020,2025,4,April,6,5,0,1
C20020,2025,5,May,7,7,0,1
C20021,2024,12,December,1,1,1,0
C20021,2025,10,October,2,1,0,0
C20022,2025,1,January,1,1,1,0
C20022,2025,2,February,2,1,0,0
C20022,2025,3,March,3,2,0,1
C20023,2024,7,July,1,0,1,0
C20023,2025,11,November,2,1,0,0
C20024,2024,7,July,1,1,1,0
C20024,2025,8,August,2,2,0,1
C20025,2024,8,August,1,1,1,0
C20025,2024,10,October,2,2,0,1
C20025,2025,4,April,3,3,0,1
C20025,2025,5,May,4,4,0,1
C20026,2024,7,July,1,1,1,0
C20026,2024,11,November,2,2,0,1
C20026,2025,6,June,3,2,0,1
C20026,2025,10,October,4,3,0,1
C20027,2025,4,April,1,0,1,0
C20027,2025,8,August,2,0,0,0
C20027,2025,12,December,3,1,0,0
C20028,2024,7,July,1,1,1,0
C20028,2024,10,October,2,2,0,1
C20028,2025,4,April,3,3,0,1
C20028,2025,6,June,4,4,0,1
C20029,2024,10,October,1,1,1,0
C20029,2025,2,February,2,2,0,1
C20029,2025,3,March,3,3,0,1
C20029,2025,8,August,4,4,0,1
C20029,2025,12,December,5,4,0,1
C20030,2025,2,February,1,1,1,0
C20030,2025,8,August,2,3,0,1
C20030,2025,10,October,4,4,0,1
C20030,2025,12,December,6,4,0,1
C20031,2024,8,August,1,1,1,0
C20031,2024,9,September,2,2,0,1
C20031,2025,5,May,3,3,0,1
C20031,2025,7,July,4,5,0,1
C20031,2025,8,August,6,6,0,1
C20031,2025,11,November,7,7,0,1
C20032,2024,7,July,1,1,1,0
C20032,2025,6,June,2,2,0,1
C20032,2025,7,July,3,3,0,1
C20032,2025,9,September,4,4,0,1
C20033,2024,8,August,1,1,1,0
C20033,2024,10,October,2,2,0,1
C20033,2025,4,April,3,3,0,1
C20033,2025,10,October,4,4,0,1
C20033,2025,11,November,5,4,0,1
C20034,2024,10,October,1,1,1,0
C20034,2024,11,November,2,1,0,0
C20034,2025,3,March,3,1,0,0
C20034,2025,4,April,4,2,0,1
C20034,2025,5,May,5,3,0,1
C20034,2025,6,June,6,4,0,1
C20034,2025,7,July,7,4,0,1
C20034,2025,12,December,8,6,0,1
C20035,2025,12,December,1,1,1,0
C20036,2024,10,October,1,1,1,0
C20036,2024,12,December,2,2,0,1
C20036,2025,9,September,3,3,0,1
C20036,2025,10,October,4,4,0,1
C20036,2025,12,December,5,4,0,1
C20037,2024,8,August,1,1,1,0
C20037,2024,10,October,2,2,0,1
C20037,2024,11,November,3,3,0,1
C20037,2025,2,February,4,4,0,1
C20037,2025,8,August,5,4,0,1
C20039,2024,8,August,1,0,1,0
C20039,2024,12,December,2,1,0,0
C20039,2025,5,May,3,2,0,1
C20040,2024,9,September,1,1,1,0
C20040,2025,5,May,2,3,0,1
C20040,2025,9,September,4,4,0,1
C20041,2024,8,August,1,3,0,1
C20041,2024,10,October,4,4,0,1
C20041,2024,11,November,5,5,0,1
C20041,2024,12,December,6,5,0,1
C20041,2025,3,March,7,6,0,1
C20041,2025,5,May,8,7,0,1
C20041,2025,6,June,9,9,0,1
C20041,2025,10,October,11,10,0,1
C20041,2025,11,November,12,11,0,1
C20042,2024,7,July,1,1,1,0
C20042,2024,8,August,2,1,0,0
C20042,2024,10,October,3,2,0,1
C20042,2025,9,September,4,2,0,1
C20042,2025,10,October,5,3,0,1
C20042,2025,11,November,6,4,0,1
C20043,2025,3,March,1,2,0,1
C20045,2024,10,October,1,1,1,0
C20045,2024,12,December,2,2,0,1
C20045,2025,8,August,3,4,0,1
C20045,2025,10,October,5,5,0,1
C20045,2025,11,November,6,6,0,1
C20046,2024,8,August,1,1,1,0
C20046,2024,11,November,2,2,0,1
C20046,2025,6,June,3,3,0,1
C20046,2025,7,July,4,4,0,1
C20046,2025,8,August,5,6,0,1
C20046,2025,9,September,7,7,0,1
C20047,2024,12,December,1,1,1,0
C20047,2025,4,April,2,2,0,1
C20047,2025,5,May,3,3,0,1
C20047,2025,7,July,4,3,0,1
C20047,2025,8,August,5,3,0,1
C20048,2024,8,August,1,0,1,0
C20048,2024,9,September,2,1,0,0
C20048,2025,2,February,3,1,0,0
C20048,2025,8,August,4,2,0,1
C20048,2025,11,November,5,3,0,1
C20049,2024,9,September,1,1,1,0
C20049,2025,1,January,2,2,0,1
C20049,2025,6,June,3,3,0,1
C20050,2024,7,July,1,1,1,0
C20050,2024,8,August,2,1,0,0
C20050,2024,10,October,3,4,0,1
C20050,2024,11,November,6,6,0,1
C20050,2025,1,January,8,8,0,1
C20050,2025,3,March,10,9,0,1
C20050,2025,6,June,11,10,0,1
C20050,2025,9,September,13,11,0,1
C20051,2025,3,March,1,1,1,0
C20051,2025,10,October,2,2,0,1
C20052,2025,2,February,1,1,1,0
C20052,2025,5,May,2,2,0,1
C20052,2025,12,December,3,4,0,1
C20053,2024,9,September,1,1,1,0
C20053,2025,3,March,2,2,0,1
C20053,2025,7,July,3,3,0,1
C20054,2024,7,July,1,0,1,0
C20054,2024,9,September,2,1,0,0
C20054,2024,10,October,3,2,0,1
C20054,2025,4,April,4,3,0,1
C20054,2025,8,August,5,3,0,1
C20054,2025,9,September,6,5,0,1
C20055,2025,1,January,1,1,1,0
C20055,2025,9,September,2,2,0,1
C20056,2025,8,August,1,1,1,0
C20057,2024,11,November,1,1,1,0
C20057,2025,5,May,2,3,0,1
C20057,2025,6,June,4,3,0,1
C20057,2025,8,August,5,3,0,1
C20057,2025,12,December,6,4,0,1
C20058,2024,9,September,1,1,1,0
C20058,2024,10,October,2,2,0,1
C20058,2024,12,December,3,3,0,1
C20058,2025,4,April,4,3,0,1
C20059,2024,7,July,1,1,1,0
C20059,2025,8,August,2,2,0,1
C20060,2024,11,November,1,1,1,0
C20060,2024,12,December,2,2,0,1
C20060,2025,3,March,3,3,0,1
C20060,2025,5,May,4,4,0,1
C20060,2025,6,June,5,5,0,1
C20060,2025,7,July,6,6,0,1
C20060,2025,8,August,7,7,0,1
C20060,2025,9,September,8,8,0,1
C20060,2025,11,November,9,9,0,1
C20061,2025,4,April,1,1,1,0
C20061,2025,12,December,2,2,0,1
C20062,2024,8,August,1,0,1,0
C20062,2024,11,November,2,1,0,0
C20062,2025,2,February,3,1,0,0
C20062,2025,4,April,4,2,0,1
C20062,2025,7,July,5,3,0,1
C20062,2025,10,October,7,3,0,1
C20063,2024,9,September,1,1,1,0
C20063,2025,10,October,2,2,0,1
C20064,2024,8,August,1,1,1,0
C20064,2025,1,January,2,2,0,1
C20064,2025,3,March,3,2,0,1
C20064,2025,8,August,4,3,0,1
C20065,2024,9,September,1,1,1,0
C20065,2024,11,November,2,2,0,1
C20065,2025,2,February,3,2,0,1
C20065,2025,4,April,4,2,0,1
C20065,2025,8,August,5,3,0,1
C20065,2025,9,September,6,3,0,1
C20066,2024,10,October,1,1,1,0
C20066,2024,11,November,2,2,0,1
C20066,2025,6,June,3,3,0,1
C20066,2025,10,October,4,4,0,1
C20066,2025,11,November,5,5,0,1
C20066,2025,12,December,6,5,0,1
C20067,2024,8,August,1,2,0,1
C20067,2024,9,September,3,3,0,1
C20067,2025,3,March,4,4,0,1
C20067,2025,10,October,5,5,0,1
C20068,2024,7,July,1,1,1,0
C20068,2024,9,September,2,2,0,1
C20068,2025,1,January,3,3,0,1
C20068,2025,4,April,4,4,0,1
C20068,2025,8,August,5,5,0,1
C20070,2024,10,October,1,0,1,0
C20070,2025,2,February,2,1,0,0
C20071,2024,9,September,1,1,1,0
C20071,2025,7,July,2,2,0,1
C20071,2025,8,August,3,2,0,1
C20072,2024,7,July,1,1,1,0
C20072,2024,10,October,2,1,0,0
C20072,2025,1,January,3,1,0,0
C20072,2025,10,October,4,2,0,1
C20073,2025,1,January,1,1,1,0
C20073,2025,2,February,2,1,0,0
C20073,2025,5,May,3,2,0,1
C20073,2025,6,June,4,3,0,1
C20073,2025,8,August,5,5,0,1
C20075,2025,2,February,1,1,1,0
C20075,2025,5,May,2,2,0,1
C20075,2025,9,September,3,3,0,1
C20076,2025,5,May,1,1,1,0
C20076,2025,6,June,2,2,0,1
C20077,2024,7,July,1,1,1,0
C20077,2024,11,November,2,1,0,0
C20077,2025,1,January,3,2,0,1
C20077,2025,9,September,4,3,0,1
C20077,2025,12,December,5,4,0,1
C20078,2024,8,August,1,1,1,0
C20078,2025,4,April,3,2,0,1
C20078,2025,8,August,4,3,0,1
C20079,2024,12,December,1,0,1,0
C20079,2025,5,May,2,1,0,0
C20079,2025,7,July,3,2,0,1
C20080,2024,8,August,1,0,1,0
C20080,2024,10,October,3,1,0,0
C20080,2024,11,November,4,2,0,1
C20080,2024,12,December,5,3,0,1
C20080,2025,5,May,6,4,0,1
C20080,2025,7,July,7,4,0,1
C20080,2025,8,August,8,5,0,1
C20081,2024,7,July,1,1,1,0
C20081,2024,8,August,2,2,0,1
C20081,2025,5,May,3,4,0,1
C20081,2025,6,June,5,5,0,1
C20081,2025,9,September,6,6,0,1
C20081,2025,11,November,7,6,0,1
C20082,2024,12,December,1,1,1,0
C20082,2025,11,November,2,2,0,1
C20083,2024,8,August,1,1,1,0
C20084,2024,9,September,1,0,1,0
C20084,2025,1,January,2,2,0,1
C20084,2025,3,March,4,3,0,1
C20085,2025,9,September,1,1,1,0
C20085,2025,12,December,2,2,0,1
C20086,2024,7,July,1,1,1,0
C20086,2025,9,September,2,2,0,1
C20086,2025,10,October,3,3,0,1
C20087,2024,8,August,1,1,1,0
C20087,2025,11,November,2,2,0,1
C20088,2024,7,July,1,1,1,0
C20088,2024,8,August,2,1,0,0
C20088,2024,9,September,4,2,0,1
C20088,2025,1,January,5,3,0,1
C20088,2025,8,August,6,4,0,1
C20088,2025,9,September,7,5,0,1
C20088,2025,10,October,8,6,0,1
C20088,2025,12,December,9,7,0,1
C20089,2024,7,July,1,0,1,0
C20089,2025,8,August,2,2,0,1
C20089,2025,10,October,4,3,0,1
C20090,2025,2,February,1,1,1,0
C20090,2025,3,March,2,1,0,0
C20090,2025,5,May,3,2,0,1
C20090,2025,7,July,4,4,0,1
C20091,2024,7,July,1,2,0,1
C20091,2025,2,February,3,3,0,1
C20091,2025,3,March,4,4,0,1
C20091,2025,4,April,5,5,0,1
C20091,2025,12,December,6,6,0,1
C20092,2024,8,August,1,0,1,0
C20092,2024,10,October,2,1,0,0
C20092,2025,11,November,3,2,0,1
C20093,2025,11,November,1,1,1,0
C20094,2024,8,August,1,0,1,0
C20094,2024,11,November,2,1,0,0
C20094,2024,12,December,3,2,0,1
C20094,2025,7,July,4,3,0,1
C20094,2025,9,September,5,4,0,1
C20094,2025,10,October,6,5,0,1
C20095,2024,10,October,1,1,1,0
C20095,2024,12,December,2,1,0,0
C20097,2025,6,June,1,1,1,0
C20098,2024,12,December,1,0,1,0
C20098,2025,9,September,2,1,0,0
C20098,2025,11,November,3,2,0,1
C20099,2024,7,July,1,1,1,0
C20099,2024,8,August,2,2,0,1
C20099,2024,9,September,3,3,0,1
C20099,2024,12,December,4,4,0,1
C20099,2025,3,March,6,5,0,1
C20099,2025,4,April,7,6,0,1
C20099,2025,11,November,8,6,0,1
C20099,2025,12,December,9,7,0,1
C20100,2024,8,August,1,1,1,0
C20100,2024,9,September,2,2,0,1
C20100,2024,10,October,3,3,0,1
C20100,2025,3,March,4,5,0,1
C20100,2025,6,June,6,6,0,1
C20100,2025,10,October,7,6,0,1
C20100,2025,11,November,8,7,0,1
C20101,2024,10,October,1,1,1,0
C20101,2025,6,June,2,2,0,1
C20102,2024,10,October,1,2,0,1
C20102,2024,11,November,3,3,0,1
C20102,2024,12,December,4,5,0,1
C20102,2025,1,January,6,6,0,1
C20102,2025,3,March,7,7,0,1
C20102,2025,8,August,8,9,0,1
C20102,2025,12,December,10,12,0,1
C20103,2025,8,August,1,1,1,0
C20104,2024,7,July,1,1,1,0
C20104,2024,8,August,2,2,0,1
C20104,2025,7,July,3,3,0,1
C20104,2025,11,November,4,3,0,1
C20105,2025,9,September,1,0,1,0
C20105,2025,10,October,2,0,0,0
C20106,2025,2,February,1,1,1,0
C20106,2025,6,June,2,2,0,1
C20106,2025,11,November,3,3,0,1
C20107,2025,10,October,1,0,1,0
C20108,2024,8,August,1,1,1,0
C20108,2025,2,February,2,2,0,1
C20108,2025,10,October,3,3,0,1
C20108,2025,11,November,4,5,0,1
C20108,2025,12,December,6,6,0,1
C20109,2024,8,August,1,1,1,0
C20109,2024,11,November,2,2,0,1
C20109,2025,1,January,3,3,0,1
C20109,2025,5,May,4,4,0,1
C20109,2025,11,November,5,5,0,1
C20110,2024,9,September,1,0,1,0
C20110,2025,4,April,2,1,0,0
C20111,2024,8,August,1,0,1,0
C20111,2025,4,April,2,1,0,0
C20111,2025,9,September,3,2,0,1
C20111,2025,12,December,4,3,0,1
C20112,2024,10,October,1,1,1,0
C20112,2025,7,July,2,2,0,1
C20112,2025,9,September,3,3,0,1
C20113,2025,9,September,1,1,1,0
C20114,2024,8,August,1,1,1,0
C20114,2024,9,September,2,2,0,1
C20114,2024,10,October,3,2,0,1
C20114,2024,11,November,4,3,0,1
C20114,2024,12,December,5,3,0,1
C20114,2025,3,March,6,4,0,1
C20114,2025,4,April,7,5,0,1
C20114,2025,5,May,8,6,0,1
C20114,2025,7,July,9,7,0,1
C20115,2024,10,October,1,1,1,0
C20115,2025,2,February,2,2,0,1
C20115,2025,3,March,3,3,0,1
C20115,2025,12,December,4,4,0,1
C20116,2024,8,August,1,1,1,0
C20116,2024,12,December,2,2,0,1
C20116,2025,1,January,3,4,0,1
C20116,2025,3,March,5,6,0,1
C20116,2025,5,May,7,7,0,1
C20116,2025,10,October,8,9,0,1
C20117,2024,8,August,1,1,1,0
C20117,2024,11,November,2,2,0,1
C20117,2025,1,January,3,3,0,1
C20117,2025,9,September,4,3,0,1
C20118,2025,1,January,1,1,1,0
C20119,2024,12,December,1,1,1,0
C20119,2025,1,January,2,3,0,1
C20119,2025,3,March,4,4,0,1
C20119,2025,6,June,5,4,0,1
C20119,2025,8,August,6,4,0,1
C20119,2025,11,November,7,4,0,1
C20120,2025,4,April,1,1,1,0
C20120,2025,10,October,2,2,0,1
C20121,2025,4,April,1,1,1,0
C20122,2025,1,January,1,1,1,0
C20123,2024,8,August,1,1,1,0
C20123,2025,6,June,2,2,0,1
C20124,2024,10,October,1,1,1,0
C20124,2025,2,February,2,2,0,1
C20124,2025,6,June,4,3,0,1
C20124,2025,11,November,5,5,0,1
C20125,2024,11,November,1,1,1,0
C20125,2025,5,May,2,1,0,0
C20125,2025,7,July,3,2,0,1
C20126,2024,12,December,1,1,1,0
C20126,2025,7,July,2,2,0,1
C20126,2025,12,December,4,3,0,1
C20128,2024,10,October,1,0,1,0
C20128,2025,1,January,2,1,0,0
C20128,2025,3,March,3,2,0,1
C20128,2025,6,June,4,3,0,1
C20128,2025,8,August,5,3,0,1
C20129,2025,2,February,1,1,1,0
C20129,2025,12,December,2,2,0,1
C20130,2024,8,August,1,1,1,0
C20130,2025,1,January,2,2,0,1
C20130,2025,4,April,3,2,0,1
C20130,2025,5,May,4,3,0,1
C20130,2025,6,June,5,5,0,1
C20130,2025,8,August,7,6,0,1
C20131,2024,8,August,1,1,1,0
C20131,2025,3,March,2,2,0,1
C20131,2025,5,May,3,3,0,1
C20131,2025,7,July,4,4,0,1
C20131,2025,9,September,5,5,0,1
C20131,2025,10,October,6,6,0,1
C20132,2025,4,April,1,1,1,0
C20132,2025,11,November,2,2,0,1
C20133,2024,10,October,1,1,1,0
C20133,2025,1,January,2,2,0,1
C20133,2025,6,June,3,3,0,1
C20133,2025,10,October,4,4,0,1
C20134,2024,12,December,1,1,1,0
C20134,2025,4,April,2,2,0,1
C20134,2025,5,May,3,3,0,1
C20134,2025,7,July,4,4,0,1
C20135,2024,10,October,1,1,1,0
C20135,2025,1,January,2,3,0,1
C20135,2025,3,March,4,4,0,1
C20135,2025,7,July,5,5,0,1
C20135,2025,9,September,7,6,0,1
C20135,2025,11,November,8,7,0,1
C20136,2024,12,December,1,0,1,0
C20136,2025,4,April,2,1,0,0
C20137,2024,8,August,1,1,1,0
C20137,2025,4,April,2,2,0,1
C20137,2025,12,December,3,3,0,1
C20138,2025,6,June,1,1,1,0
C20138,2025,7,July,2,1,0,0
C20139,2025,4,April,1,1,1,0
C20139,2025,6,June,2,3,0,1
C20140,2025,2,February,1,1,1,0
C20140,2025,4,April,2,2,0,1
C20140,2025,5,May,3,3,0,1
C20140,2025,8,August,4,3,0,1
C20140,2025,9,September,5,4,0,1
C20141,2025,6,June,1,1,1,0
C20142,2025,9,September,1,1,1,0
C20143,2025,3,March,1,1,1,0
C20143,2025,5,May,2,2,0,1
C20143,2025,8,August,3,4,0,1
C20144,2024,7,July,1,1,1,0
C20144,2024,8,August,2,2,0,1
C20144,2024,9,September,3,4,0,1
C20144,2024,11,November,5,5,0,1
C20144,2025,3,March,6,6,0,1
C20144,2025,10,October,7,7,0,1
C20145,2024,8,August,1,1,1,0
C20145,2024,10,October,2,2,0,1
C20145,2024,12,December,3,3,0,1
C20146,2025,5,May,1,0,1,0
C20146,2025,8,August,2,0,0,0
C20147,2024,8,August,1,2,0,1
C20147,2025,5,May,3,3,0,1
C20148,2024,7,July,1,1,1,0
C20148,2024,11,November,2,2,0,1
C20148,2025,1,January,3,3,0,1
C20148,2025,2,February,4,4,0,1
C20148,2025,7,July,5,6,0,1
C20148,2025,8,August,7,7,0,1
C20149,2024,9,September,1,2,0,1
C20149,2025,6,June,4,3,0,1
C20150,2024,7,July,1,1,1,0
C20150,2025,7,July,2,2,0,1
C20150,2025,9,September,3,2,0,1
C20150,2025,11,November,4,3,0,1
C20151,2024,7,July,1,1,1,0
C20151,2024,11,November,2,2,0,1
C20151,2024,12,December,3,3,0,1
C20151,2025,1,January,4,4,0,1
C20151,2025,9,September,5,5,0,1
C20151,2025,10,October,6,6,0,1
C20151,2025,11,November,7,7,0,1
C20151,2025,12,December,8,8,0,1
C20152,2024,9,September,1,1,1,0
C20152,2025,9,September,3,2,0,1
C20152,2025,10,October,4,3,0,1
C20152,2025,11,November,5,4,0,1
C20153,2024,8,August,1,1,1,0
C20153,2024,9,September,2,2,0,1
C20153,2024,10,October,3,3,0,1
C20153,2024,12,December,4,4,0,1
C20153,2025,3,March,5,6,0,1
C20153,2025,4,April,7,8,0,1
C20153,2025,5,May,9,9,0,1
C20153,2025,10,October,10,10,0,1
C20153,2025,11,November,11,11,0,1
C20154,2024,10,October,1,1,1,0
C20154,2025,9,September,2,2,0,1
C20156,2024,11,November,1,1,1,0
C20156,2025,2,February,2,1,0,0
C20157,2024,9,September,1,0,1,0
C20157,2024,10,October,2,1,0,0
C20157,2025,1,January,3,2,0,1
C20157,2025,2,February,4,4,0,1
C20157,2025,5,May,6,5,0,1
C20158,2025,1,January,1,1,1,0
C20158,2025,3,March,2,2,0,1
C20158,2025,4,April,3,3,0,1
C20158,2025,10,October,4,4,0,1
C20158,2025,12,December,5,5,0,1
C20159,2024,11,November,1,1,1,0
C20159,2025,3,March,2,3,0,1
C20159,2025,8,August,4,4,0,1
C20160,2024,9,September,1,1,1,0
C20160,2024,11,November,2,2,0,1
C20160,2025,10,October,3,3,0,1
C20161,2025,6,June,1,1,1,0
C20162,2024,7,July,1,1,1,0
C20162,2024,8,August,2,2,0,1
C20162,2024,12,December,3,3,0,1
C20162,2025,1,January,4,4,0,1
C20162,2025,5,May,5,4,0,1
C20162,2025,8,August,6,5,0,1
C20163,2024,8,August,1,0,1,0
C20163,2024,12,December,2,2,0,1
C20163,2025,3,March,4,3,0,1
C20163,2025,5,May,5,4,0,1
C20163,2025,6,June,6,5,0,1
C20165,2024,8,August,1,1,1,0
C20165,2024,9,September,2,2,0,1
C20165,2024,11,November,3,3,0,1
C20165,2024,12,December,4,4,0,1
C20166,2024,8,August,1,1,1,0
C20166,2024,11,November,2,2,0,1
C20166,2024,12,December,3,3,0,1
C20166,2025,7,July,4,4,0,1
C20166,2025,11,November,5,5,0,1
C20167,2024,12,December,1,1,1,0
C20167,2025,1,January,2,1,0,0
C20167,2025,5,May,3,3,0,1
C20167,2025,10,October,5,4,0,1
C20167,2025,11,November,6,5,0,1
C20168,2024,7,July,1,1,1,0
C20168,2025,3,March,2,2,0,1
C20168,2025,5,May,3,2,0,1
C20168,2025,6,June,4,3,0,1
C20168,2025,7,July,5,4,0,1
C20169,2024,8,August,1,1,1,0
C20169,2025,3,March,2,2,0,1
C20169,2025,7,July,3,3,0,1
C20169,2025,11,November,4,4,0,1
C20170,2024,9,September,1,1,1,0
C20170,2024,11,November,2,2,0,1
C20170,2025,10,October,3,4,0,1
C20171,2025,5,May,1,0,1,0
C20172,2024,7,July,1,0,1,0
C20172,2024,10,October,2,1,0,0
C20172,2024,12,December,3,1,0,0
C20172,2025,1,January,4,2,0,1
C20172,2025,4,April,5,2,0,1
C20172,2025,7,July,6,3,0,1
C20172,2025,10,October,7,4,0,1
C20173,2024,8,August,1,1,1,0
C20173,2024,10,October,2,2,0,1
C20173,2025,7,July,3,3,0,1
C20173,2025,9,September,4,4,0,1
C20174,2024,7,July,1,1,1,0
C20174,2024,8,August,2,2,0,1
C20174,2024,9,September,3,3,0,1
C20174,2025,9,September,4,4,0,1
C20174,2025,10,October,5,4,0,1
C20175,2024,10,October,1,1,1,0
C20175,2025,2,February,2,2,0,1
C20175,2025,8,August,3,3,0,1
C20175,2025,12,December,5,4,0,1
C20176,2024,7,July,1,1,1,0
C20176,2024,8,August,2,2,0,1
C20176,2025,1,January,3,6,0,1
C20176,2025,2,February,7,7,0,1
C20176,2025,3,March,8,8,0,1
C20176,2025,4,April,9,10,0,1
C20176,2025,7,July,11,11,0,1
C20176,2025,10,October,12,12,0,1
C20177,2024,11,November,1,1,1,0
C20177,2025,4,April,2,2,0,1
C20177,2025,12,December,3,2,0,1
C20178,2024,7,July,1,1,1,0
C20178,2024,12,December,2,2,0,1
C20178,2025,1,January,3,4,0,1
C20178,2025,3,March,5,5,0,1
C20178,2025,4,April,6,6,0,1
C20178,2025,9,September,7,6,0,1
C20178,2025,12,December,8,7,0,1
C20179,2024,10,October,1,2,0,1
C20180,2024,12,December,1,1,1,0
C20180,2025,6,June,2,2,0,1
C20180,2025,7,July,3,3,0,1
C20181,2025,11,November,1,1,1,0
C20181,2025,12,December,2,2,0,1
C20182,2024,7,July,1,1,1,0
C20182,2024,12,December,2,2,0,1
C20182,2025,5,May,3,4,0,1
C20182,2025,7,July,5,5,0,1
C20183,2024,7,July,1,1,1,0
C20183,2024,12,December,2,2,0,1
C20183,2025,4,April,3,3,0,1
C20183,2025,9,September,4,4,0,1
C20184,2024,7,July,1,2,0,1
C20184,2025,10,October,3,2,0,1
C20185,2024,7,July,1,0,1,0
C20185,2025,4,April,2,1,0,0
C20185,2025,10,October,3,2,0,1
C20186,2024,12,December,1,1,1,0
C20186,2025,2,February,2,3,0,1
C20186,2025,3,March,4,5,0,1
C20186,2025,5,May,6,6,0,1
C20187,2024,8,August,1,1,1,0
C20187,2024,9,September,2,2,0,1
C20187,2024,10,October,3,3,0,1
C20187,2025,4,April,4,4,0,1
C20187,2025,7,July,5,5,0,1
C20189,2024,7,July,1,1,1,0
C20189,2025,1,January,2,2,0,1
C20190,2024,10,October,1,2,0,1
C20190,2024,11,November,4,3,0,1
C20190,2025,1,January,5,4,0,1
C20190,2025,4,April,6,5,0,1
C20190,2025,7,July,7,7,0,1
C20190,2025,8,August,9,8,0,1
C20192,2024,8,August,1,1,1,0
C20192,2024,10,October,2,1,0,0
C20192,2025,6,June,4,2,0,1
C20193,2024,7,July,1,1,1,0
C20193,2025,1,January,2,1,0,0
C20193,2025,11,November,3,2,0,1
C20193,2025,12,December,4,3,0,1
C20194,2025,1,January,1,1,1,0
C20194,2025,2,February,2,2,0,1
C20194,2025,11,November,3,3,0,1
C20195,2024,7,July,1,2,0,1
C20195,2024,8,August,3,2,0,1
C20195,2024,10,October,4,3,0,1
C20195,2024,11,November,5,4,0,1
C20195,2024,12,December,6,6,0,1
C20195,2025,5,May,8,7,0,1
C20196,2024,10,October,1,1,1,0
C20196,2025,2,February,2,2,0,1
C20196,2025,5,May,3,2,0,1
C20196,2025,7,July,4,2,0,1
C20197,2024,8,August,1,1,1,0
C20197,2024,10,October,2,2,0,1
C20197,2025,1,January,3,4,0,1
C20197,2025,2,February,5,4,0,1
C20197,2025,8,August,6,5,0,1
C20198,2024,11,November,1,1,1,0
C20198,2025,8,August,2,2,0,1
C20199,2025,3,March,1,1,1,0
C20199,2025,6,June,2,2,0,1
C20200,2025,1,January,1,1,1,0
C20200,2025,3,March,2,2,0,1
C20200,2025,4,April,3,3,0,1
C20200,2025,11,November,4,4,0,1
C20201,2025,10,October,1,1,1,0
C20202,2024,10,October,1,1,1,0
C20202,2024,12,December,2,2,0,1
C20202,2025,1,January,3,3,0,1
C20202,2025,5,May,4,4,0,1
C20202,2025,7,July,5,5,0,1
C20203,2024,7,July,1,1,1,0
C20203,2024,10,October,2,2,0,1
C20203,2025,1,January,3,3,0,1
C20203,2025,4,April,5,4,0,1
C20203,2025,12,December,6,5,0,1
C20204,2025,6,June,1,1,1,0
C20205,2024,12,December,1,1,1,0
C20205,2025,2,February,2,2,0,1
C20205,2025,4,April,3,4,0,1
C20205,2025,6,June,5,5,0,1
C20205,2025,9,September,6,6,0,1
C20206,2024,7,July,1,1,1,0
C20206,2025,1,January,2,2,0,1
C20206,2025,4,April,3,3,0,1
C20206,2025,6,June,4,4,0,1
C20206,2025,7,July,5,5,0,1
C20206,2025,9,September,6,6,0,1
C20206,2025,11,November,7,7,0,1
C20206,2025,12,December,9,8,0,1
C20207,2025,4,April,1,1,1,0
C20207,2025,5,May,2,2,0,1
C20207,2025,6,June,3,3,0,1
C20207,2025,7,July,4,4,0,1
C20207,2025,8,August,6,5,0,1
C20208,2024,12,December,1,1,1,0
C20208,2025,5,May,2,1,0,0
C20208,2025,12,December,3,2,0,1
C20209,2024,8,August,1,1,1,0
C20210,2024,8,August,1,1,1,0
C20210,2024,9,September,2,2,0,1
C20210,2024,10,October,3,3,0,1
C20210,2024,11,November,4,5,0,1
C20210,2025,2,February,6,6,0,1
C20210,2025,3,March,7,7,0,1
C20210,2025,7,July,9,8,0,1
C20210,2025,8,August,10,9,0,1
C20210,2025,9,September,11,10,0,1
C20210,2025,10,October,12,12,0,1
C20210,2025,11,November,14,13,0,1
C20211,2024,8,August,1,1,1,0
C20211,2024,9,September,2,2,0,1
C20211,2025,6,June,3,3,0,1
C20211,2025,8,August,5,4,0,1
C20212,2024,7,July,1,1,1,0
C20212,2025,9,September,2,3,0,1
C20213,2025,6,June,1,1,1,0
C20213,2025,7,July,2,2,0,1
C20214,2025,4,April,1,0,1,0
C20214,2025,11,November,2,1,0,0
C20215,2024,11,November,1,1,1,0
C20215,2025,9,September,2,2,0,1
C20216,2024,7,July,1,0,1,0
C20216,2024,11,November,2,1,0,0
C20216,2025,5,May,3,2,0,1
C20216,2025,6,June,4,3,0,1
C20216,2025,10,October,5,3,0,1
C20216,2025,11,November,6,5,0,1
C20217,2025,1,January,1,1,1,0
C20218,2024,9,September,1,1,1,0
C20218,2025,1,January,2,2,0,1
C20219,2025,7,July,1,0,1,0
C20219,2025,9,September,2,0,0,0
C20220,2025,2,February,1,1,1,0
C20220,2025,6,June,2,2,0,1
C20220,2025,10,October,3,3,0,1
C20220,2025,11,November,4,4,0,1
C20221,2025,12,December,1,0,1,0
C20222,2024,7,July,1,1,1,0
C20222,2024,8,August,2,2,0,1
C20222,2025,1,January,3,2,0,1
C20222,2025,3,March,4,3,0,1
C20222,2025,5,May,5,6,0,1
C20222,2025,6,June,8,7,0,1
C20223,2024,9,September,1,1,1,0
C20223,2025,4,April,2,2,0,1
C20223,2025,11,November,3,2,0,1
C20224,2024,7,July,1,1,1,0
C20224,2024,12,December,2,1,0,0
C20224,2025,3,March,3,2,0,1
C20224,2025,6,June,4,2,0,1
C20224,2025,8,August,5,4,0,1
C20225,2025,5,May,1,1,1,0
C20225,2025,6,June,2,2,0,1
C20225,2025,7,July,3,2,0,1
C20225,2025,8,August,4,3,0,1
C20225,2025,12,December,5,4,0,1
C20226,2024,9,September,1,1,1,0
C20226,2025,2,February,2,2,0,1
C20226,2025,9,September,3,3,0,1
C20226,2025,12,December,4,3,0,1
C20227,2024,8,August,1,0,1,0
C20227,2025,4,April,2,1,0,0
C20227,2025,9,September,3,2,0,1
C20227,2025,11,November,4,3,0,1
C20228,2025,7,July,1,2,0,1
C20229,2025,6,June,1,1,1,0
C20229,2025,9,September,2,2,0,1
C20231,2024,7,July,1,1,1,0
C20231,2024,9,September,2,2,0,1
C20231,2024,10,October,3,3,0,1
C20231,2024,12,December,4,4,0,1
C20231,2025,3,March,5,5,0,1
C20231,2025,6,June,6,6,0,1
C20231,2025,7,July,7,7,0,1
C20231,2025,12,December,8,7,0,1
C20232,2025,9,September,1,1,1,0
C20233,2024,7,July,1,1,1,0
C20233,2024,8,August,2,2,0,1
C20233,2024,9,September,3,3,0,1
C20233,2024,10,October,4,4,0,1
C20233,2024,12,December,5,5,0,1
C20233,2025,4,April,6,6,0,1
C20233,2025,7,July,7,7,0,1
C20234,2024,8,August,1,1,1,0
C20234,2024,10,October,2,2,0,1
C20234,2025,3,March,3,3,0,1
C20234,2025,5,May,4,4,0,1
C20234,2025,9,September,5,5,0,1
C20234,2025,12,December,6,6,0,1
C20235,2025,9,September,1,0,1,0
C20235,2025,12,December,2,1,0,0
C20236,2024,12,December,1,1,1,0
C20236,2025,3,March,2,2,0,1
C20236,2025,12,December,3,3,0,1
C20237,2024,11,November,1,0,1,0
C20237,2024,12,December,2,1,0,0
C20237,2025,5,May,3,2,0,1
C20238,2025,3,March,1,2,0,1
C20239,2024,8,August,1,1,1,0
C20240,2024,7,July,1,1,1,0
C20240,2024,11,November,2,2,0,1
C20240,2025,3,March,3,3,0,1
C20240,2025,4,April,4,4,0,1
C20240,2025,5,May,5,5,0,1
C20240,2025,10,October,7,6,0,1
C20241,2025,6,June,1,1,1,0
C20241,2025,9,September,2,3,0,1
C20241,2025,10,October,4,4,0,1
C20242,2025,8,August,1,1,1,0
C20243,2024,7,July,1,1,1,0
C20243,2025,2,February,2,3,0,1
C20244,2024,7,July,1,1,1,0
C20244,2024,8,August,2,3,0,1
C20244,2024,9,September,4,4,0,1
C20244,2024,10,October,5,5,0,1
C20244,2025,1,January,6,5,0,1
C20244,2025,3,March,7,6,0,1
C20244,2025,4,April,8,7,0,1
C20244,2025,5,May,9,8,0,1
C20244,2025,7,July,10,9,0,1
C20244,2025,8,August,11,9,0,1
C20245,2024,10,October,1,1,1,0
C20245,2025,1,January,2,1,0,0
C20245,2025,5,May,3,2,0,1
C20245,2025,8,August,4,3,0,1
C20245,2025,10,October,5,5,0,1
C20246,2025,7,July,1,1,1,0
C20247,2024,12,December,1,1,1,0
C20247,2025,1,January,2,1,0,0
C20248,2024,7,July,1,1,1,0
C20248,2025,8,August,2,2,0,1
C20248,2025,10,October,3,3,0,1
C20249,2024,9,September,1,1,1,0
C20249,2025,11,November,2,2,0,1
C20250,2025,2,February,1,0,1,0
C20251,2025,10,October,1,1,1,0
C20252,2024,8,August,1,0,1,0
C20252,2024,11,November,2,1,0,0
C20252,2025,2,February,3,1,0,0
C20252,2025,6,June,4,2,0,1
C20252,2025,7,July,7,3,0,1
C20252,2025,11,November,8,4,0,1
C20253,2024,10,October,1,1,1,0
C20253,2025,3,March,2,1,0,0
C20253,2025,8,August,3,2,0,1
C20253,2025,11,November,4,3,0,1
C20254,2024,8,August,1,0,1,0
C20255,2024,8,August,1,1,1,0
C20255,2025,3,March,2,2,0,1
C20255,2025,12,December,3,3,0,1
C20256,2025,1,January,1,1,1,0
C20256,2025,8,August,2,1,0,0
C20257,2024,7,July,1,0,1,0
C20257,2024,10,October,2,0,0,0
C20258,2024,9,September,1,1,1,0
C20258,2024,10,October,2,2,0,1
C20259,2025,5,May,1,1,1,0
C20259,2025,11,November,2,2,0,1
C20260,2025,3,March,1,1,1,0
C20261,2025,6,June,1,1,1,0
C20262,2024,9,September,1,1,1,0
C20262,2025,6,June,2,2,0,1
C20262,2025,11,November,3,3,0,1
C20263,2024,12,December,1,1,1,0
C20263,2025,1,January,2,2,0,1
C20263,2025,2,February,3,3,0,1
C20263,2025,6,June,4,5,0,1
C20263,2025,7,July,6,6,0,1
C20264,2024,12,December,1,0,1,0
C20264,2025,5,May,2,1,0,0
C20264,2025,8,August,3,2,0,1
C20265,2024,7,July,1,1,1,0
C20265,2025,4,April,2,1,0,0
C20265,2025,10,October,3,2,0,1
C20265,2025,12,December,5,3,0,1
C20266,2024,9,September,1,1,1,0
C20266,2025,3,March,2,2,0,1
C20266,2025,5,May,3,2,0,1
C20266,2025,9,September,4,3,0,1
C20267,2025,5,May,1,1,1,0
C20267,2025,6,June,2,2,0,1
C20267,2025,8,August,3,3,0,1
C20267,2025,9,September,4,5,0,1
C20267,2025,10,October,7,6,0,1
C20267,2025,12,December,8,7,0,1
C20268,2024,11,November,1,1,1,0
C20268,2025,1,January,4,1,0,0
C20268,2025,4,April,5,2,0,1
C20268,2025,6,June,6,3,0,1
C20268,2025,10,October,7,3,0,1
C20268,2025,12,December,8,4,0,1
C20269,2024,8,August,1,2,0,1
C20269,2024,11,November,4,3,0,1
C20269,2025,1,January,5,4,0,1
C20269,2025,2,February,6,5,0,1
C20269,2025,3,March,7,6,0,1
C20269,2025,5,May,8,6,0,1
C20269,2025,6,June,9,7,0,1
C20269,2025,7,July,10,8,0,1
C20269,2025,8,August,11,9,0,1
C20270,2024,7,July,1,2,0,1
C20270,2024,9,September,3,3,0,1
C20270,2025,12,December,4,3,0,1
C20271,2024,8,August,1,1,1,0
C20271,2024,9,September,2,2,0,1
C20271,2024,10,October,3,2,0,1
C20271,2024,11,November,5,3,0,1
C20271,2024,12,December,6,4,0,1
C20271,2025,5,May,7,5,0,1
C20271,2025,7,July,8,6,0,1
C20271,2025,9,September,9,7,0,1
C20271,2025,11,November,10,9,0,1
C20272,2024,10,October,1,0,1,0
C20272,2025,5,May,2,1,0,0
C20272,2025,6,June,3,2,0,1
C20272,2025,7,July,4,3,0,1
C20272,2025,11,November,5,4,0,1
C20272,2025,12,December,6,4,0,1
C20273,2024,7,July,1,1,1,0
C20273,2024,9,September,3,2,0,1
C20273,2024,10,October,4,2,0,1
C20273,2024,12,December,5,4,0,1
C20273,2025,5,May,7,4,0,1
C20273,2025,7,July,8,5,0,1
C20273,2025,9,September,9,6,0,1
C20274,2025,11,November,1,0,1,0
C20274,2025,12,December,2,1,0,0
C20275,2024,7,July,1,0,1,0
C20275,2025,3,March,2,1,0,0
C20275,2025,4,April,3,2,0,1
C20275,2025,5,May,4,2,0,1
C20275,2025,6,June,5,3,0,1
C20276,2024,8,August,1,1,1,0
C20276,2024,9,September,3,2,0,1
C20276,2025,2,February,4,2,0,1
C20276,2025,4,April,5,2,0,1
C20276,2025,6,June,6,2,0,1
C20276,2025,7,July,7,3,0,1
C20276,2025,10,October,8,4,0,1
C20276,2025,11,November,9,5,0,1
C20276,2025,12,December,10,6,0,1
C20278,2025,3,March,1,1,1,0
C20278,2025,8,August,2,1,0,0
C20279,2024,11,November,1,1,1,0
C20279,2025,2,February,2,2,0,1
C20279,2025,9,September,3,2,0,1
C20279,2025,10,October,4,3,0,1
C20279,2025,11,November,5,4,0,1
C20280,2024,12,December,1,1,1,0
C20280,2025,5,May,2,2,0,1
C20280,2025,8,August,3,3,0,1
C20281,2025,4,April,1,1,1,0
C20281,2025,7,July,2,2,0,1
C20281,2025,8,August,3,3,0,1
C20282,2024,12,December,1,1,1,0
C20282,2025,1,January,2,2,0,1
C20282,2025,2,February,3,3,0,1
C20282,2025,12,December,5,5,0,1
C20283,2024,10,October,1,1,1,0
C20283,2024,11,November,2,2,0,1
C20283,2025,2,February,3,3,0,1
C20283,2025,10,October,4,4,0,1
C20284,2024,7,July,1,1,1,0
C20284,2024,10,October,2,1,0,0
C20284,2024,11,November,3,1,0,0
C20284,2025,3,March,4,1,0,0
C20284,2025,4,April,5,2,0,1
C20284,2025,7,July,6,3,0,1
C20284,2025,10,October,7,5,0,1
C20286,2024,10,October,1,1,1,0
C20286,2025,1,January,2,2,0,1
C20287,2024,7,July,1,1,1,0
C20287,2024,9,September,2,2,0,1
C20287,2024,10,October,3,3,0,1
C20287,2025,1,January,4,4,0,1
C20287,2025,2,February,5,4,0,1
C20287,2025,3,March,6,5,0,1
C20287,2025,7,July,7,6,0,1
C20288,2024,7,July,1,1,1,0
C20288,2025,2,February,2,3,0,1
C20288,2025,4,April,4,4,0,1
C20288,2025,8,August,5,5,0,1
C20288,2025,11,November,6,6,0,1
C20289,2024,7,July,1,1,1,0
C20289,2025,4,April,2,2,0,1
C20289,2025,5,May,3,3,0,1
C20290,2024,9,September,1,1,1,0
C20290,2024,10,October,2,2,0,1
C20290,2025,1,January,3,2,0,1
C20290,2025,2,February,4,2,0,1
C20291,2024,12,December,1,1,1,0
C20291,2025,1,January,2,2,0,1
C20291,2025,2,February,3,3,0,1
C20291,2025,7,July,4,4,0,1
C20291,2025,10,October,5,5,0,1
C20293,2025,2,February,1,1,1,0
C20294,2024,9,September,1,1,1,0
C20294,2025,5,May,2,2,0,1
C20294,2025,7,July,3,3,0,1
C20295,2024,8,August,1,1,1,0
C20295,2024,11,November,2,2,0,1
C20295,2024,12,December,4,4,0,1
C20296,2024,10,October,1,0,1,0
C20296,2024,11,November,2,1,0,0
C20296,2024,12,December,4,1,0,0
C20296,2025,2,February,5,3,0,1
C20296,2025,4,April,7,4,0,1
C20296,2025,5,May,8,5,0,1
C20296,2025,7,July,9,5,0,1
C20297,2024,7,July,1,1,1,0
C20297,2025,10,October,2,1,0,0
C20298,2024,7,July,1,1,1,0
C20298,2024,10,October,2,2,0,1
C20298,2024,11,November,3,3,0,1
C20298,2025,10,October,4,4,0,1
C20298,2025,11,November,5,5,0,1
C20299,2024,7,July,1,1,1,0
C20300,2024,7,July,1,2,0,1
C20300,2024,8,August,3,3,0,1
C20300,2024,9,September,4,3,0,1
C20300,2025,1,January,5,4,0,1
C20300,2025,3,March,6,5,0,1
C20300,2025,4,April,7,6,0,1
C20300,2025,5,May,8,6,0,1
C20300,2025,8,August,9,8,0,1
C20300,2025,10,October,11,9,0,1
C20300,2025,11,November,12,10,0,1
C20301,2024,8,August,1,1,1,0
C20302,2024,7,July,1,2,0,1
C20302,2025,4,April,3,2,0,1
C20302,2025,6,June,4,3,0,1
C20302,2025,12,December,5,4,0,1
C20303,2024,7,July,1,0,1,0
C20303,2024,8,August,2,0,0,0
C20303,2025,7,July,3,1,0,0
C20303,2025,9,September,4,2,0,1
C20305,2024,7,July,1,1,1,0
C20305,2024,11,November,2,1,0,0
C20305,2025,5,May,3,2,0,1
C20305,2025,7,July,4,3,0,1
C20305,2025,11,November,5,3,0,1
C20306,2024,9,September,1,1,1,0
C20306,2024,10,October,2,1,0,0
C20306,2025,3,March,3,3,0,1
C20306,2025,10,October,5,3,0,1
C20307,2024,10,October,1,1,1,0
C20307,2025,8,August,2,1,0,0
C20308,2024,8,August,1,1,1,0
C20308,2025,4,April,2,2,0,1
C20308,2025,5,May,3,3,0,1
C20308,2025,6,June,4,3,0,1
C20308,2025,10,October,5,3,0,1
C20309,2025,5,May,1,1,1,0
C20310,2025,2,February,1,1,1,0
C20310,2025,3,March,3,3,0,1
C20310,2025,8,August,5,4,0,1
C20311,2024,8,August,1,2,0,1
C20311,2024,10,October,4,3,0,1
C20311,2024,11,November,5,3,0,1
C20311,2025,4,April,6,4,0,1
C20311,2025,5,May,8,5,0,1
C20312,2024,9,September,1,0,1,0
C20312,2025,1,January,2,0,0,0
C20312,2025,8,August,3,0,0,0
C20312,2025,12,December,4,1,0,0
C20313,2024,9,September,1,1,1,0
C20313,2025,2,February,2,2,0,1
C20313,2025,8,August,3,3,0,1
C20313,2025,12,December,5,4,0,1
C20314,2024,9,September,1,1,1,0
C20314,2025,7,July,2,2,0,1
C20314,2025,9,September,3,3,0,1
C20314,2025,12,December,4,5,0,1
C20315,2024,7,July,1,1,1,0
C20315,2024,8,August,2,3,0,1
C20315,2024,10,October,4,5,0,1
C20315,2025,2,February,6,6,0,1
C20315,2025,4,April,7,7,0,1
C20315,2025,5,May,8,8,0,1
C20315,2025,8,August,9,9,0,1
C20315,2025,10,October,10,10,0,1
C20316,2024,8,August,1,0,1,0
C20316,2025,4,April,2,1,0,0
C20316,2025,5,May,3,2,0,1
C20316,2025,11,November,4,3,0,1
C20317,2024,12,December,1,1,1,0
C20317,2025,4,April,2,2,0,1
C20318,2025,1,January,1,1,1,0
C20318,2025,11,November,2,2,0,1
C20319,2024,11,November,1,1,1,0
C20319,2024,12,December,2,2,0,1
C20319,2025,1,January,3,3,0,1
C20319,2025,2,February,4,4,0,1
C20319,2025,5,May,5,5,0,1
C20319,2025,7,July,6,6,0,1
C20319,2025,8,August,7,7,0,1
C20319,2025,10,October,8,8,0,1
C20319,2025,12,December,10,9,0,1
C20320,2024,7,July,1,1,1,0
C20320,2025,7,July,2,2,0,1
C20321,2024,7,July,1,1,1,0
C20321,2024,11,November,2,2,0,1
C20321,2025,2,February,3,3,0,1
C20321,2025,12,December,4,4,0,1
C20322,2024,7,July,1,1,1,0
C20322,2024,8,August,2,2,0,1
C20323,2024,7,July,1,1,1,0
C20323,2025,1,January,2,1,0,0
C20323,2025,4,April,3,2,0,1
C20323,2025,5,May,4,3,0,1
C20323,2025,9,September,5,4,0,1
C20324,2025,2,February,1,2,0,1
C20324,2025,4,April,4,3,0,1
C20324,2025,11,November,5,4,0,1
C20325,2024,7,July,1,1,1,0
C20325,2024,8,August,2,2,0,1
C20325,2024,9,September,3,3,0,1
C20325,2024,10,October,4,4,0,1
C20325,2025,2,February,5,5,0,1
C20325,2025,5,May,6,6,0,1
C20325,2025,12,December,7,7,0,1
C20326,2024,11,November,1,0,1,0
C20326,2024,12,December,2,1,0,0
C20326,2025,3,March,3,2,0,1
C20326,2025,6,June,4,3,0,1
C20326,2025,11,November,5,4,0,1
C20326,2025,12,December,6,5,0,1
C20327,2025,5,May,1,1,1,0
C20328,2024,8,August,1,1,1,0
C20328,2025,6,June,2,2,0,1
C20328,2025,8,August,3,3,0,1
C20329,2025,1,January,1,1,1,0
C20329,2025,10,October,2,2,0,1
C20329,2025,11,November,3,3,0,1
C20330,2024,11,November,1,1,1,0
C20330,2024,12,December,2,2,0,1
C20330,2025,1,January,3,3,0,1
C20330,2025,4,April,4,4,0,1
C20330,2025,7,July,6,5,0,1
C20330,2025,9,September,7,7,0,1
C20330,2025,12,December,9,8,0,1
C20331,2025,1,January,1,1,1,0
C20331,2025,2,February,2,2,0,1
C20331,2025,3,March,3,2,0,1
C20332,2025,1,January,1,0,1,0
C20332,2025,3,March,2,1,0,0
C20332,2025,4,April,3,3,0,1
C20332,2025,9,September,5,4,0,1
C20332,2025,10,October,6,5,0,1
C20333,2024,8,August,1,1,1,0
C20333,2024,12,December,2,2,0,1
C20333,2025,6,June,3,3,0,1
C20333,2025,9,September,4,4,0,1
C20334,2024,10,October,1,1,1,0
C20334,2025,3,March,2,2,0,1
C20335,2024,7,July,1,1,1,0
C20336,2024,7,July,1,1,1,0
C20336,2024,9,September,2,2,0,1
C20336,2024,11,November,3,3,0,1
C20336,2024,12,December,4,3,0,1
C20336,2025,1,January,5,4,0,1
C20336,2025,2,February,6,6,0,1
C20336,2025,3,March,8,7,0,1
C20336,2025,4,April,9,8,0,1
C20336,2025,10,October,10,9,0,1
C20336,2025,11,November,11,10,0,1
C20336,2025,12,December,12,11,0,1
C20338,2025,2,February,1,2,0,1
C20339,2024,8,August,1,0,1,0
C20340,2024,9,September,1,2,0,1
C20340,2025,5,May,3,3,0,1
C20340,2025,10,October,5,4,0,1
C20342,2025,3,March,1,1,1,0
C20343,2025,6,June,1,1,1,0
C20343,2025,8,August,2,2,0,1
C20343,2025,9,September,3,3,0,1
C20343,2025,11,November,4,4,0,1
C20344,2024,12,December,1,1,1,0
C20344,2025,9,September,2,2,0,1
C20345,2024,9,September,1,1,1,0
C20345,2024,12,December,2,2,0,1
C20345,2025,1,January,4,3,0,1
C20345,2025,2,February,5,4,0,1
C20345,2025,4,April,6,5,0,1
C20345,2025,12,December,7,6,0,1
C20346,2024,12,December,1,0,1,0
C20346,2025,1,January,2,1,0,0
C20346,2025,2,February,3,2,0,1
C20346,2025,10,October,4,2,0,1
C20347,2024,7,July,1,1,1,0
C20347,2025,3,March,3,2,0,1
C20347,2025,4,April,4,3,0,1
C20347,2025,11,November,5,4,0,1
C20347,2025,12,December,6,5,0,1
C20348,2024,7,July,1,1,1,0
C20348,2025,2,February,2,2,0,1
C20348,2025,9,September,3,3,0,1
C20349,2025,1,January,1,1,1,0
C20349,2025,8,August,2,1,0,0
C20349,2025,11,November,3,2,0,1
C20350,2024,9,September,1,0,1,0
C20350,2025,1,January,2,1,0,0
C20350,2025,6,June,3,2,0,1
C20350,2025,8,August,4,3,0,1
C20350,2025,10,October,5,4,0,1
C20350,2025,12,December,6,5,0,1
C20351,2024,10,October,1,1,1,0
C20351,2025,6,June,2,1,0,0
C20352,2024,10,October,1,1,1,0
C20352,2025,3,March,2,2,0,1
C20352,2025,9,September,3,3,0,1
C20353,2025,2,February,1,1,1,0
C20354,2024,9,September,1,1,1,0
C20354,2024,11,November,2,2,0,1
C20354,2024,12,December,3,3,0,1
C20354,2025,5,May,4,5,0,1
C20354,2025,6,June,6,7,0,1
C20354,2025,8,August,8,8,0,1
C20354,2025,12,December,9,9,0,1
C20355,2025,7,July,1,1,1,0
C20355,2025,8,August,2,2,0,1
C20355,2025,11,November,3,3,0,1
C20356,2024,8,August,1,1,1,0
C20356,2025,7,July,2,2,0,1
C20356,2025,11,November,3,2,0,1
C20357,2024,9,September,1,0,1,0
C20357,2024,11,November,2,1,0,0
C20357,2025,2,February,3,2,0,1
C20358,2024,10,October,1,0,1,0
C20358,2025,9,September,2,1,0,0
C20358,2025,11,November,3,1,0,0
C20359,2024,10,October,1,1,1,0
C20359,2025,1,January,2,2,0,1
C20359,2025,2,February,3,3,0,1
C20359,2025,3,March,4,4,0,1
C20359,2025,7,July,5,5,0,1
C20359,2025,11,November,6,6,0,1
C20360,2024,12,December,1,1,1,0
C20360,2025,2,February,2,2,0,1
C20361,2024,10,October,1,1,1,0
C20361,2025,1,January,2,2,0,1
C20361,2025,3,March,3,3,0,1
C20361,2025,5,May,4,4,0,1
C20361,2025,7,July,5,7,0,1
C20361,2025,8,August,8,8,0,1
C20362,2025,1,January,1,2,0,1
C20362,2025,6,June,3,3,0,1
C20363,2024,11,November,1,1,1,0
C20363,2025,1,January,2,2,0,1
C20363,2025,5,May,3,3,0,1
C20363,2025,11,November,4,4,0,1
C20364,2024,11,November,1,1,1,0
C20364,2025,3,March,2,5,0,1
C20364,2025,7,July,6,6,0,1
C20365,2024,12,December,1,1,1,0
C20365,2025,3,March,2,2,0,1
C20365,2025,4,April,3,4,0,1
C20365,2025,6,June,5,5,0,1
C20365,2025,8,August,6,6,0,1
C20366,2024,8,August,1,1,1,0
C20366,2025,1,January,2,2,0,1
C20366,2025,4,April,3,3,0,1
C20366,2025,10,October,4,5,0,1
C20366,2025,12,December,6,6,0,1
C20367,2024,12,December,1,2,0,1
C20367,2025,2,February,3,2,0,1
C20367,2025,4,April,4,3,0,1
C20368,2025,1,January,1,1,1,0
C20368,2025,3,March,2,2,0,1
C20368,2025,5,May,3,3,0,1
C20368,2025,6,June,4,4,0,1
C20368,2025,9,September,5,5,0,1
C20369,2024,8,August,1,0,1,0
C20369,2025,1,January,2,1,0,0
C20369,2025,2,February,3,2,0,1
C20369,2025,8,August,4,4,0,1
C20370,2024,11,November,1,2,0,1
C20370,2024,12,December,3,2,0,1
C20370,2025,2,February,4,3,0,1
C20370,2025,7,July,5,4,0,1
C20370,2025,10,October,6,4,0,1
C20371,2025,2,February,1,0,1,0
C20371,2025,3,March,2,0,0,0
C20371,2025,4,April,3,1,0,0
C20372,2024,7,July,1,1,1,0
C20372,2024,11,November,3,1,0,0
C20372,2025,10,October,4,2,0,1
C20373,2024,8,August,1,0,1,0
C20373,2024,9,September,2,1,0,0
C20373,2024,10,October,3,2,0,1
C20373,2024,12,December,4,3,0,1
C20373,2025,4,April,5,4,0,1
C20373,2025,6,June,6,5,0,1
C20373,2025,9,September,7,7,0,1
C20374,2024,7,July,1,1,1,0
C20374,2024,8,August,2,2,0,1
C20374,2025,3,March,3,2,0,1
C20374,2025,7,July,4,3,0,1
C20374,2025,10,October,5,4,0,1
C20375,2024,9,September,1,0,1,0
C20375,2025,7,July,2,1,0,0
C20376,2025,2,February,1,0,1,0
C20377,2024,7,July,1,1,1,0
C20377,2024,9,September,2,2,0,1
C20377,2025,4,April,3,3,0,1
C20377,2025,12,December,4,6,0,1
C20378,2024,8,August,1,1,1,0
C20378,2024,10,October,2,2,0,1
C20378,2024,11,November,3,3,0,1
C20378,2025,10,October,4,4,0,1
C20379,2024,7,July,1,1,1,0
C20379,2024,8,August,2,2,0,1
C20379,2025,3,March,3,3,0,1
C20379,2025,4,April,4,4,0,1
C20379,2025,8,August,5,5,0,1
C20379,2025,10,October,6,6,0,1
C20380,2024,12,December,1,0,1,0
C20381,2024,8,August,1,1,1,0
C20381,2025,6,June,2,2,0,1
C20382,2024,12,December,1,1,1,0
C20382,2025,12,December,2,1,0,0
C20383,2024,7,July,1,1,1,0
C20383,2025,5,May,2,2,0,1
C20383,2025,12,December,3,3,0,1
C20384,2024,8,August,1,2,0,1
C20384,2024,12,December,3,3,0,1
C20384,2025,7,July,4,3,0,1
C20385,2025,2,February,1,0,1,0
C20386,2024,12,December,1,1,1,0
C20386,2025,9,September,2,1,0,0
C20387,2024,10,October,1,2,0,1
C20387,2024,11,November,3,2,0,1
C20387,2025,3,March,5,3,0,1
C20387,2025,5,May,6,3,0,1
C20388,2025,9,September,1,2,0,1
C20388,2025,12,December,3,3,0,1
C20389,2024,11,November,1,1,1,0
C20389,2025,3,March,2,2,0,1
C20389,2025,9,September,3,3,0,1
C20389,2025,10,October,4,3,0,1
C20390,2024,8,August,1,0,1,0
C20390,2024,10,October,2,1,0,0
C20391,2024,11,November,1,1,1,0
C20391,2025,2,February,2,2,0,1
C20391,2025,7,July,3,3,0,1
C20391,2025,11,November,4,3,0,1
C20392,2024,12,December,1,1,1,0
C20392,2025,8,August,2,2,0,1
C20393,2024,11,November,1,1,1,0
C20393,2025,5,May,2,2,0,1
C20394,2024,8,August,1,1,1,0
C20394,2025,4,April,2,2,0,1
C20395,2024,7,July,1,1,1,0
C20395,2025,1,January,2,2,0,1
C20395,2025,2,February,3,3,0,1
C20395,2025,8,August,4,4,0,1
C20395,2025,9,September,5,5,0,1
C20396,2025,2,February,1,1,1,0
C20397,2024,7,July,1,1,1,0
C20397,2024,10,October,2,2,0,1
C20397,2024,11,November,3,2,0,1
C20397,2024,12,December,4,3,0,1
C20397,2025,2,February,5,4,0,1
C20397,2025,3,March,6,6,0,1
C20397,2025,4,April,8,7,0,1
C20397,2025,7,July,9,8,0,1
C20397,2025,9,September,10,9,0,1
C20398,2024,8,August,1,1,1,0
C20398,2024,11,November,2,2,0,1
C20398,2024,12,December,3,3,0,1
C20399,2024,8,August,1,0,1,0
C20399,2024,9,September,2,0,0,0
C20399,2025,2,February,3,1,0,0
C20399,2025,10,October,4,2,0,1
C20400,2024,8,August,1,1,1,0
C20400,2025,1,January,3,2,0,1
C20400,2025,3,March,4,2,0,1
C20400,2025,7,July,5,3,0,1
C20400,2025,8,August,6,4,0,1
C20400,2025,9,September,7,4,0,1
C20400,2025,10,October,8,5,0,1
C20400,2025,11,November,9,6,0,1
C20401,2024,7,July,1,1,1,0
C20401,2024,9,September,2,2,0,1
C20401,2024,10,October,3,3,0,1
C20401,2025,6,June,4,3,0,1
C20401,2025,7,July,5,4,0,1
C20402,2024,7,July,1,2,0,1
C20402,2024,9,September,3,3,0,1
C20402,2025,8,August,4,4,0,1
C20402,2025,11,November,5,4,0,1
C20404,2024,7,July,1,1,1,0
C20404,2024,11,November,2,2,0,1
C20404,2025,5,May,3,2,0,1
C20404,2025,6,June,4,3,0,1
C20405,2024,8,August,1,1,1,0
C20405,2025,2,February,2,2,0,1
C20405,2025,8,August,3,3,0,1
C20406,2024,8,August,1,1,1,0
C20406,2024,11,November,2,2,0,1
C20406,2024,12,December,3,3,0,1
C20406,2025,1,January,4,5,0,1
C20406,2025,4,April,6,6,0,1
C20406,2025,9,September,7,7,0,1
C20407,2024,7,July,1,1,1,0
C20407,2024,12,December,2,2,0,1
C20408,2025,2,February,1,1,1,0
C20409,2025,7,July,1,1,1,0
C20409,2025,8,August,2,2,0,1
C20409,2025,9,September,3,3,0,1
C20410,2024,7,July,1,1,1,0
C20411,2024,8,August,1,1,1,0
C20411,2024,9,September,2,2,0,1
C20411,2025,2,February,3,2,0,1
C20411,2025,6,June,4,3,0,1
C20411,2025,11,November,5,4,0,1
C20412,2024,8,August,1,1,1,0
C20412,2024,11,November,2,2,0,1
C20412,2025,2,February,3,3,0,1
C20412,2025,12,December,4,4,0,1
C20413,2024,8,August,1,1,1,0
C20413,2024,9,September,2,2,0,1
C20413,2024,10,October,3,2,0,1
C20413,2024,12,December,4,3,0,1
C20413,2025,4,April,5,4,0,1
C20413,2025,8,August,6,5,0,1
C20414,2024,9,September,1,1,1,0
C20414,2024,11,November,2,2,0,1
C20414,2024,12,December,4,3,0,1
C20414,2025,1,January,5,4,0,1
C20414,2025,5,May,6,4,0,1
C20414,2025,6,June,7,6,0,1
C20414,2025,11,November,9,6,0,1
C20415,2024,7,July,1,1,1,0
C20415,2024,8,August,2,1,0,0
C20415,2025,1,January,3,3,0,1
C20415,2025,3,March,5,4,0,1
C20415,2025,9,September,6,5,0,1
C20416,2024,10,October,1,0,1,0
C20417,2024,11,November,1,1,1,0
C20417,2025,7,July,2,2,0,1
C20418,2025,8,August,1,1,1,0
C20419,2025,10,October,1,1,1,0
C20420,2024,7,July,1,1,1,0
C20420,2024,12,December,2,2,0,1
C20420,2025,1,January,3,2,0,1
C20420,2025,10,October,4,3,0,1
C20421,2024,10,October,1,0,1,0
C20421,2025,5,May,2,1,0,0
C20422,2024,7,July,1,0,1,0
C20422,2024,9,September,2,1,0,0
C20422,2024,11,November,3,2,0,1
C20422,2025,5,May,4,3,0,1
C20422,2025,9,September,5,4,0,1
C20423,2024,9,September,1,1,1,0
C20424,2024,8,August,1,1,1,0
C20424,2025,8,August,2,1,0,0
C20425,2024,10,October,1,0,1,0
C20425,2025,1,January,2,1,0,0
C20425,2025,3,March,3,2,0,1
C20425,2025,8,August,4,3,0,1
C20425,2025,11,November,5,4,0,1
C20426,2024,8,August,1,1,1,0
C20426,2024,11,November,2,1,0,0
C20426,2024,12,December,3,2,0,1
C20426,2025,6,June,4,3,0,1
C20426,2025,12,December,5,4,0,1
C20428,2024,7,July,1,1,1,0
C20428,2024,9,September,2,2,0,1
C20428,2024,10,October,3,3,0,1
C20429,2024,9,September,1,1,1,0
C20429,2024,11,November,2,2,0,1
C20429,2025,2,February,3,3,0,1
C20430,2024,7,July,1,1,1,0
C20430,2025,8,August,2,2,0,1
C20431,2024,8,August,1,1,1,0
C20431,2025,3,March,2,2,0,1
C20431,2025,9,September,3,3,0,1
C20431,2025,10,October,4,4,0,1
C20432,2024,12,December,1,1,1,0
C20432,2025,1,January,2,2,0,1
C20432,2025,2,February,3,3,0,1
C20432,2025,10,October,4,4,0,1
C20432,2025,12,December,5,5,0,1
C20433,2024,9,September,1,1,1,0
C20433,2025,3,March,2,2,0,1
C20433,2025,7,July,3,3,0,1
C20433,2025,8,August,4,4,0,1
C20434,2024,9,September,1,1,1,0
C20434,2024,10,October,2,2,0,1
C20434,2025,3,March,3,3,0,1
C20434,2025,4,April,4,4,0,1
C20434,2025,5,May,5,5,0,1
C20434,2025,8,August,6,6,0,1
C20436,2024,8,August,1,1,1,0
C20436,2025,1,January,2,2,0,1
C20436,2025,4,April,3,3,0,1
C20437,2024,10,October,1,1,1,0
C20437,2025,9,September,2,2,0,1
C20438,2024,8,August,1,0,1,0
C20438,2025,4,April,2,1,0,0
C20438,2025,8,August,4,2,0,1
C20438,2025,9,September,5,3,0,1
C20439,2025,1,January,1,1,1,0
C20439,2025,4,April,2,2,0,1
C20439,2025,10,October,3,3,0,1
C20440,2024,8,August,1,1,1,0
C20440,2025,3,March,2,2,0,1
C20440,2025,4,April,3,4,0,1
C20440,2025,6,June,5,4,0,1
C20440,2025,8,August,6,5,0,1
C20441,2024,9,September,1,1,1,0
C20441,2024,11,November,2,2,0,1
C20441,2025,3,March,3,3,0,1
C20441,2025,6,June,4,4,0,1
C20441,2025,8,August,5,6,0,1
C20441,2025,10,October,7,7,0,1
C20441,2025,11,November,8,7,0,1
C20441,2025,12,December,9,8,0,1
C20442,2024,8,August,1,1,1,0
C20442,2024,9,September,2,2,0,1
C20442,2024,10,October,3,3,0,1
C20442,2025,2,February,4,6,0,1
C20442,2025,5,May,7,7,0,1
C20442,2025,11,November,8,8,0,1
C20442,2025,12,December,9,9,0,1
C20443,2025,4,April,1,2,0,1
C20444,2024,7,July,1,2,0,1
C20444,2024,10,October,3,3,0,1
C20444,2024,11,November,4,4,0,1
C20444,2025,6,June,5,5,0,1
C20444,2025,11,November,6,8,0,1
C20444,2025,12,December,9,9,0,1
C20445,2025,2,February,1,1,1,0
C20446,2024,10,October,1,1,1,0
C20446,2024,11,November,2,2,0,1
C20446,2025,6,June,3,2,0,1
C20446,2025,7,July,4,3,0,1
C20446,2025,9,September,5,4,0,1
C20446,2025,11,November,6,4,0,1
C20446,2025,12,December,7,6,0,1
C20447,2024,7,July,1,1,1,0
C20447,2025,7,July,2,2,0,1
C20447,2025,11,November,3,3,0,1
C20449,2024,9,September,1,1,1,0
C20449,2025,2,February,2,1,0,0
C20449,2025,10,October,3,2,0,1
C20450,2025,3,March,1,1,1,0
C20450,2025,7,July,2,2,0,1
C20450,2025,9,September,3,3,0,1
C20450,2025,12,December,4,4,0,1
C20451,2024,10,October,1,1,1,0
C20452,2025,2,February,1,0,1,0
C20452,2025,3,March,2,1,0,0
C20452,2025,7,July,3,2,0,1
C20452,2025,12,December,5,3,0,1
C20453,2025,8,August,1,1,1,0
C20453,2025,11,November,2,3,0,1
C20454,2024,8,August,1,2,0,1
C20454,2024,11,November,3,3,0,1
C20454,2025,3,March,5,4,0,1
C20454,2025,4,April,6,4,0,1
C20454,2025,5,May,7,5,0,1
C20454,2025,6,June,8,6,0,1
C20454,2025,7,July,9,7,0,1
C20454,2025,9,September,10,8,0,1
C20454,2025,10,October,11,9,0,1
C20454,2025,12,December,12,10,0,1
C20455,2024,7,July,1,1,1,0
C20455,2024,9,September,2,1,0,0
C20455,2025,1,January,3,1,0,0
C20456,2024,8,August,1,1,1,0
C20456,2024,11,November,2,2,0,1
C20456,2025,1,January,3,2,0,1
C20456,2025,6,June,4,3,0,1
C20456,2025,9,September,5,4,0,1
C20457,2025,1,January,1,1,1,0
C20457,2025,4,April,2,2,0,1
C20457,2025,7,July,3,3,0,1
C20458,2025,1,January,1,1,1,0
C20458,2025,3,March,2,2,0,1
C20458,2025,8,August,4,3,0,1
C20459,2024,7,July,1,1,1,0
C20459,2024,8,August,2,2,0,1
C20459,2025,3,March,3,3,0,1
C20459,2025,6,June,4,4,0,1
C20459,2025,9,September,5,5,0,1
C20460,2025,6,June,1,0,1,0
C20460,2025,7,July,2,0,0,0
C20462,2025,7,July,1,1,1,0
C20463,2025,7,July,1,1,1,0
C20464,2024,8,August,1,1,1,0
C20464,2025,10,October,2,2,0,1
C20465,2024,7,July,1,0,1,0
C20465,2024,12,December,2,1,0,0
C20465,2025,8,August,3,2,0,1
C20466,2024,7,July,1,1,1,0
C20466,2024,12,December,2,1,0,0
C20466,2025,5,May,3,2,0,1
C20466,2025,7,July,4,3,0,1
C20466,2025,10,October,5,4,0,1
C20466,2025,12,December,7,6,0,1
C20467,2024,8,August,1,1,1,0
C20467,2025,7,July,2,2,0,1
C20468,2025,2,February,1,1,1,0
C20468,2025,4,April,2,2,0,1
C20468,2025,8,August,3,3,0,1
C20469,2024,7,July,1,0,1,0
C20469,2024,11,November,2,1,0,0
C20469,2025,5,May,3,2,0,1
C20469,2025,8,August,4,4,0,1
C20469,2025,9,September,6,6,0,1
C20469,2025,11,November,8,7,0,1
C20470,2024,7,July,1,1,1,0
C20470,2024,9,September,2,2,0,1
C20470,2025,2,February,3,2,0,1
C20470,2025,8,August,4,3,0,1
C20471,2024,12,December,1,1,1,0
C20471,2025,2,February,2,2,0,1
C20471,2025,3,March,3,3,0,1
C20471,2025,7,July,4,4,0,1
C20471,2025,9,September,5,5,0,1
C20472,2024,7,July,1,1,1,0
C20472,2024,8,August,2,2,0,1
C20472,2024,12,December,3,3,0,1
C20472,2025,4,April,4,3,0,1
C20472,2025,5,May,5,4,0,1
C20472,2025,6,June,6,5,0,1
C20472,2025,8,August,7,7,0,1
C20472,2025,10,October,9,8,0,1
C20473,2024,9,September,1,1,1,0
C20474,2024,8,August,1,0,1,0
C20474,2024,9,September,2,1,0,0
C20474,2024,10,October,3,2,0,1
C20474,2024,11,November,4,3,0,1
C20474,2025,4,April,5,5,0,1
C20474,2025,6,June,7,6,0,1
C20474,2025,8,August,9,7,0,1
C20474,2025,9,September,10,8,0,1
C20474,2025,11,November,11,9,0,1
C20474,2025,12,December,12,11,0,1
C20475,2025,8,August,1,1,1,0
C20475,2025,12,December,2,2,0,1
C20476,2024,7,July,1,2,0,1
C20476,2024,12,December,3,3,0,1
C20476,2025,1,January,4,5,0,1
C20477,2024,7,July,1,1,1,0
C20477,2025,2,February,2,2,0,1
C20477,2025,11,November,3,3,0,1
C20478,2024,8,August,1,1,1,0
C20478,2024,11,November,2,2,0,1
C20478,2025,3,March,3,3,0,1
C20478,2025,6,June,4,4,0,1
C20478,2025,8,August,5,5,0,1
C20478,2025,9,September,6,6,0,1
C20478,2025,12,December,7,6,0,1
C20479,2025,2,February,1,1,1,0
C20479,2025,3,March,2,1,0,0
C20480,2024,11,November,1,0,1,0
C20480,2025,1,January,2,0,0,0
C20480,2025,4,April,3,0,0,0
C20480,2025,5,May,4,1,0,0
C20480,2025,10,October,5,2,0,1
C20480,2025,12,December,6,3,0,1
C20481,2024,12,December,1,1,1,0
C20481,2025,2,February,2,2,0,1
C20481,2025,8,August,3,3,0,1
C20482,2025,9,September,1,1,1,0
C20482,2025,10,October,2,2,0,1
C20482,2025,11,November,3,3,0,1
C20482,2025,12,December,4,5,0,1
C20483,2025,2,February,1,2,0,1
C20483,2025,10,October,3,3,0,1
C20484,2024,9,September,1,1,1,0
C20484,2024,11,November,2,2,0,1
C20484,2025,12,December,3,3,0,1
C20485,2024,12,December,1,1,1,0
C20485,2025,7,July,3,2,0,1
C20486,2024,10,October,1,2,0,1
C20487,2024,12,December,1,1,1,0
C20487,2025,11,November,2,2,0,1
C20489,2024,10,October,1,1,1,0
C20489,2025,8,August,2,2,0,1
C20489,2025,10,October,3,2,0,1
C20490,2024,11,November,1,1,1,0
C20490,2025,2,February,2,1,0,0
C20490,2025,10,October,3,3,0,1
C20490,2025,12,December,6,4,0,1
C20491,2024,8,August,1,1,1,0
C20491,2024,10,October,3,2,0,1
C20491,2025,5,May,4,4,0,1
C20491,2025,6,June,6,5,0,1
C20491,2025,10,October,7,6,0,1
C20492,2025,3,March,1,1,1,0
C20492,2025,8,August,2,2,0,1
C20493,2024,8,August,1,1,1,0
C20493,2024,12,December,3,2,0,1
C20493,2025,2,February,4,4,0,1
C20493,2025,3,March,6,5,0,1
C20493,2025,6,June,7,6,0,1
C20493,2025,9,September,8,7,0,1
C20494,2024,7,July,1,0,1,0
C20494,2025,5,May,2,0,0,0
C20494,2025,7,July,3,2,0,1
C20494,2025,9,September,5,4,0,1
C20494,2025,10,October,7,4,0,1
C20495,2024,8,August,1,1,1,0
C20495,2024,11,November,2,2,0,1
C20495,2025,3,March,3,3,0,1
C20495,2025,4,April,4,4,0,1
C20495,2025,10,October,5,5,0,1
C20496,2024,7,July,1,2,0,1
C20496,2024,11,November,3,3,0,1
C20496,2025,1,January,4,4,0,1
C20496,2025,6,June,5,5,0,1
C20496,2025,8,August,6,6,0,1
C20496,2025,9,September,8,6,0,1
C20497,2024,12,December,1,1,1,0
C20497,2025,10,October,2,2,0,1
C20497,2025,11,November,3,2,0,1
C20497,2025,12,December,4,3,0,1
C20498,2025,7,July,1,1,1,0
C20498,2025,8,August,2,2,0,1
C20499,2025,3,March,1,1,1,0
C20499,2025,4,April,2,4,0,1
C20499,2025,9,September,5,5,0,1
C20499,2025,11,November,6,7,0,1
C20500,2024,7,July,1,1,1,0
C20500,2025,4,April,2,2,0,1
C20500,2025,11,November,3,3,0,1
C20500,2025,12,December,4,4,0,1
C20501,2024,7,July,1,1,1,0
C20501,2024,11,November,2,2,0,1
C20501,2025,5,May,3,2,0,1
C20501,2025,10,October,4,2,0,1
C20502,2024,7,July,1,1,1,0
C20502,2024,8,August,2,2,0,1
C20502,2024,11,November,3,3,0,1
C20502,2025,7,July,4,4,0,1
C20502,2025,10,October,5,5,0,1
C20503,2024,9,September,1,1,1,0
C20503,2024,11,November,2,2,0,1
C20503,2024,12,December,3,4,0,1
C20503,2025,1,January,5,4,0,1
C20503,2025,7,July,6,6,0,1
C20503,2025,8,August,8,7,0,1
C20504,2024,7,July,1,1,1,0
C20504,2025,3,March,2,1,0,0
C20504,2025,8,August,3,1,0,0
C20504,2025,9,September,4,2,0,1
C20504,2025,10,October,5,3,0,1
C20504,2025,12,December,6,4,0,1
C20505,2024,12,December,1,0,1,0
C20505,2025,4,April,2,0,0,0
C20505,2025,5,May,3,1,0,0
C20505,2025,8,August,4,4,0,1
C20505,2025,9,September,7,5,0,1
C20507,2025,10,October,1,0,1,0
C20507,2025,11,November,2,1,0,0
C20508,2024,8,August,1,1,1,0
C20508,2025,8,August,2,2,0,1
C20508,2025,10,October,3,3,0,1
C20510,2024,10,October,1,1,1,0
C20511,2024,7,July,1,1,1,0
C20511,2025,1,January,2,1,0,0
C20512,2024,11,November,1,0,1,0
C20512,2025,1,January,2,1,0,0
C20513,2024,7,July,1,1,1,0
C20513,2024,9,September,2,3,0,1
C20513,2024,12,December,4,4,0,1
C20513,2025,2,February,5,5,0,1
C20513,2025,4,April,6,6,0,1
C20513,2025,9,September,7,9,0,1
C20513,2025,10,October,10,11,0,1
C20514,2024,8,August,1,1,1,0
C20514,2024,10,October,2,2,0,1
C20515,2024,10,October,1,1,1,0
C20515,2025,1,January,2,1,0,0
C20515,2025,11,November,3,1,0,0
C20516,2024,12,December,1,1,1,0
C20516,2025,3,March,2,2,0,1
C20516,2025,5,May,4,3,0,1
C20516,2025,11,November,5,3,0,1
C20517,2024,7,July,1,1,1,0
C20517,2025,1,January,2,2,0,1
C20517,2025,3,March,3,3,0,1
C20517,2025,4,April,4,4,0,1
C20517,2025,7,July,6,4,0,1
C20518,2025,11,November,1,1,1,0
C20519,2024,12,December,1,1,1,0
C20519,2025,2,February,2,2,0,1
C20519,2025,12,December,3,4,0,1
C20520,2024,9,September,1,1,1,0
C20520,2025,11,November,2,2,0,1
C20521,2024,12,December,1,2,0,1
C20521,2025,2,February,3,4,0,1
C20521,2025,5,May,5,4,0,1
C20521,2025,6,June,6,5,0,1
C20521,2025,8,August,8,7,0,1
C20521,2025,11,November,10,8,0,1
C20522,2024,10,October,1,1,1,0
C20522,2025,10,October,2,2,0,1
C20523,2025,6,June,1,0,1,0
C20523,2025,9,September,2,2,0,1
C20524,2025,1,January,1,1,1,0
C20524,2025,5,May,2,2,0,1
C20524,2025,11,November,3,5,0,1
C20525,2024,8,August,1,1,1,0
C20525,2024,9,September,2,2,0,1
C20525,2024,11,November,3,2,0,1
C20525,2025,9,September,4,3,0,1
C20526,2024,8,August,1,1,1,0
C20526,2025,5,May,2,1,0,0
C20526,2025,6,June,3,3,0,1
C20526,2025,7,July,5,4,0,1
C20526,2025,8,August,6,5,0,1
C20527,2025,1,January,1,1,1,0
C20528,2024,7,July,1,0,1,0
C20529,2024,10,October,1,1,1,0
C20529,2025,3,March,2,2,0,1
C20529,2025,4,April,3,3,0,1
C20530,2024,12,December,1,1,1,0
C20530,2025,4,April,2,2,0,1
C20530,2025,7,July,3,2,0,1
C20531,2025,1,January,1,1,1,0
C20532,2024,12,December,1,1,1,0
C20532,2025,1,January,2,2,0,1
C20532,2025,5,May,4,3,0,1
C20532,2025,12,December,5,4,0,1
C20533,2025,3,March,1,1,1,0
C20534,2024,11,November,1,1,1,0
C20534,2025,1,January,2,2,0,1
C20534,2025,11,November,4,3,0,1
C20535,2024,7,July,1,1,1,0
C20535,2024,9,September,2,1,0,0
C20535,2024,11,November,3,3,0,1
C20535,2025,1,January,6,4,0,1
C20535,2025,2,February,7,5,0,1
C20535,2025,4,April,8,6,0,1
C20535,2025,9,September,9,7,0,1
C20535,2025,10,October,10,8,0,1
C20535,2025,12,December,12,9,0,1
C20536,2024,7,July,1,1,1,0
C20536,2024,8,August,2,2,0,1
C20536,2024,12,December,3,2,0,1
C20538,2024,10,October,1,1,1,0
C20538,2025,3,March,2,2,0,1
C20538,2025,4,April,3,3,0,1
C20539,2025,3,March,1,1,1,0
C20540,2024,11,November,1,1,1,0
C20541,2024,10,October,1,2,0,1
C20541,2024,11,November,3,3,0,1
C20541,2025,3,March,4,4,0,1
C20541,2025,5,May,5,4,0,1
C20541,2025,8,August,6,5,0,1
C20541,2025,9,September,7,6,0,1
C20541,2025,12,December,8,7,0,1
C20542,2024,7,July,1,0,1,0
C20542,2024,8,August,2,1,0,0
C20542,2025,1,January,3,2,0,1
C20542,2025,2,February,4,3,0,1
C20544,2024,12,December,1,2,0,1
C20544,2025,1,January,3,3,0,1
C20544,2025,4,April,4,5,0,1
C20544,2025,5,May,6,6,0,1
C20544,2025,8,August,7,7,0,1
C20545,2025,9,September,1,1,1,0
C20546,2025,2,February,1,1,1,0
C20546,2025,3,March,2,2,0,1
C20547,2025,9,September,1,1,1,0
C20548,2024,7,July,1,1,1,0
C20548,2024,10,October,2,2,0,1
C20548,2024,11,November,3,3,0,1
C20548,2024,12,December,4,4,0,1
C20548,2025,5,May,5,5,0,1
C20548,2025,10,October,6,6,0,1
C20549,2024,10,October,1,1,1,0
C20549,2025,12,December,2,2,0,1
C20550,2025,3,March,1,1,1,0
C20551,2024,8,August,1,1,1,0
C20551,2024,12,December,2,2,0,1
C20552,2024,10,October,1,1,1,0
C20552,2025,1,January,2,2,0,1
C20552,2025,3,March,3,3,0,1
C20553,2024,9,September,1,1,1,0
C20553,2025,3,March,2,2,0,1
C20554,2024,12,December,1,1,1,0
C20554,2025,10,October,2,2,0,1
C20555,2024,11,November,1,1,1,0
C20555,2024,12,December,2,2,0,1
C20555,2025,10,October,3,3,0,1
C20556,2024,7,July,1,1,1,0
C20556,2024,8,August,2,2,0,1
C20556,2024,11,November,3,4,0,1
C20556,2025,1,January,5,5,0,1
C20556,2025,6,June,7,6,0,1
C20556,2025,10,October,8,7,0,1
C20557,2024,7,July,1,0,1,0
C20557,2024,12,December,2,1,0,0
C20557,2025,6,June,3,2,0,1
C20557,2025,9,September,6,3,0,1
C20558,2024,7,July,1,1,1,0
C20558,2024,9,September,2,2,0,1
C20558,2024,10,October,3,3,0,1
C20558,2025,2,February,4,5,0,1
C20558,2025,3,March,6,6,0,1
C20558,2025,9,September,7,6,0,1
C20558,2025,12,December,8,7,0,1
C20559,2024,8,August,1,1,1,0
C20560,2025,6,June,1,1,1,0
C20560,2025,10,October,2,3,0,1
C20561,2024,7,July,1,1,1,0
C20561,2024,8,August,2,2,0,1
C20561,2024,12,December,3,3,0,1
C20561,2025,2,February,4,4,0,1
C20561,2025,6,June,5,4,0,1
C20561,2025,8,August,6,5,0,1
C20562,2024,8,August,1,1,1,0
C20562,2024,12,December,2,2,0,1
C20562,2025,1,January,3,3,0,1
C20562,2025,5,May,4,4,0,1
C20562,2025,11,November,5,4,0,1
C20563,2025,3,March,1,1,1,0
C20564,2024,12,December,1,1,1,0
C20564,2025,3,March,2,2,0,1
C20564,2025,8,August,3,3,0,1
C20565,2024,7,July,1,1,1,0
C20565,2024,10,October,2,1,0,0
C20565,2024,12,December,3,2,0,1
C20565,2025,6,June,4,3,0,1
C20565,2025,9,September,5,4,0,1
C20565,2025,11,November,6,5,0,1
C20566,2024,9,September,1,1,1,0
C20566,2025,2,February,2,2,0,1
C20566,2025,3,March,3,3,0,1
C20566,2025,6,June,4,4,0,1
C20566,2025,11,November,5,5,0,1
C20567,2024,8,August,1,1,1,0
C20567,2025,3,March,2,2,0,1
C20567,2025,5,May,3,3,0,1
C20567,2025,10,October,4,4,0,1
C20569,2024,11,November,1,1,1,0
C20569,2025,8,August,2,2,0,1
C20569,2025,10,October,3,5,0,1
C20571,2025,1,January,1,1,1,0
C20571,2025,2,February,3,2,0,1
C20571,2025,3,March,4,3,0,1
C20571,2025,8,August,5,3,0,1
C20571,2025,11,November,6,4,0,1
C20572,2024,7,July,1,0,1,0
C20572,2024,10,October,2,1,0,0
C20572,2024,11,November,3,2,0,1
C20572,2025,2,February,4,3,0,1
C20572,2025,3,March,5,4,0,1
C20572,2025,6,June,6,4,0,1
C20572,2025,9,September,7,5,0,1
C20573,2024,11,November,1,1,1,0
C20574,2024,8,August,1,0,1,0
C20574,2024,12,December,2,0,0,0
C20574,2025,1,January,3,1,0,0
C20574,2025,6,June,4,2,0,1
C20574,2025,7,July,5,3,0,1
C20574,2025,8,August,6,4,0,1
C20574,2025,10,October,7,5,0,1
C20575,2024,7,July,1,1,1,0
C20575,2025,8,August,2,2,0,1
C20575,2025,11,November,3,2,0,1
C20576,2024,8,August,1,1,1,0
C20576,2025,1,January,2,2,0,1
C20576,2025,7,July,3,4,0,1
C20577,2024,7,July,1,1,1,0
C20577,2024,12,December,3,2,0,1
C20577,2025,1,January,4,2,0,1
C20577,2025,2,February,5,3,0,1
C20577,2025,4,April,6,4,0,1
C20577,2025,8,August,7,5,0,1
C20577,2025,11,November,9,7,0,1
C20578,2025,8,August,1,1,1,0
C20578,2025,9,September,2,2,0,1
C20579,2024,9,September,1,1,1,0
C20579,2024,11,November,2,2,0,1
C20579,2025,2,February,3,2,0,1
C20579,2025,3,March,4,3,0,1
C20579,2025,8,August,5,4,0,1
C20580,2024,10,October,1,1,1,0
C20580,2025,4,April,2,1,0,0
C20581,2024,7,July,1,1,1,0
C20581,2024,10,October,2,2,0,1
C20581,2024,11,November,3,3,0,1
C20581,2025,9,September,4,4,0,1
C20582,2024,9,September,1,1,1,0
C20582,2024,12,December,2,2,0,1
C20582,2025,6,June,3,4,0,1
C20582,2025,8,August,5,6,0,1
C20582,2025,9,September,7,7,0,1
C20582,2025,12,December,8,8,0,1
C20583,2024,8,August,1,1,1,0
C20583,2024,12,December,2,2,0,1
C20583,2025,3,March,3,3,0,1
C20583,2025,4,April,4,4,0,1
C20583,2025,5,May,5,5,0,1
C20583,2025,11,November,6,6,0,1
C20583,2025,12,December,7,8,0,1
C20584,2024,8,August,1,1,1,0
C20584,2025,3,March,2,1,0,0
C20584,2025,6,June,3,1,0,0
C20584,2025,10,October,4,2,0,1
C20584,2025,11,November,5,3,0,1
C20585,2024,9,September,1,1,1,0
C20585,2024,10,October,2,2,0,1
C20585,2024,11,November,3,3,0,1
C20585,2024,12,December,4,3,0,1
C20585,2025,4,April,5,4,0,1
C20585,2025,6,June,6,6,0,1
C20585,2025,10,October,9,7,0,1
C20586,2024,11,November,1,1,1,0
C20586,2024,12,December,2,2,0,1
C20587,2024,8,August,1,0,1,0
C20587,2024,11,November,2,0,0,0
C20587,2025,1,January,3,1,0,0
C20587,2025,2,February,4,2,0,1
C20587,2025,3,March,5,3,0,1
C20587,2025,4,April,6,4,0,1
C20587,2025,10,October,7,5,0,1
C20588,2024,10,October,1,1,1,0
C20588,2025,1,January,2,2,0,1
C20588,2025,4,April,3,4,0,1
C20588,2025,5,May,5,5,0,1
C20588,2025,6,June,6,6,0,1
C20589,2024,7,July,1,1,1,0
C20589,2024,10,October,2,2,0,1
C20589,2024,11,November,3,3,0,1
C20589,2025,11,November,4,4,0,1
C20589,2025,12,December,5,5,0,1
C20590,2024,7,July,1,1,1,0
C20590,2025,6,June,2,1,0,0
C20590,2025,9,September,3,1,0,0
C20590,2025,11,November,4,2,0,1
C20591,2024,7,July,1,1,1,0
C20591,2024,8,August,2,2,0,1
C20591,2025,8,August,3,3,0,1
C20592,2024,7,July,1,1,1,0
C20592,2024,8,August,2,2,0,1
C20592,2024,10,October,3,3,0,1
C20592,2025,5,May,4,4,0,1
C20592,2025,12,December,5,5,0,1
C20593,2024,12,December,1,2,0,1
C20593,2025,6,June,3,3,0,1
C20593,2025,7,July,4,4,0,1
C20593,2025,8,August,5,5,0,1
C20594,2024,8,August,1,1,1,0
C20594,2025,6,June,2,2,0,1
C20594,2025,9,September,3,3,0,1
C20595,2025,2,February,1,1,1,0
C20595,2025,3,March,2,2,0,1
C20595,2025,9,September,3,3,0,1
C20595,2025,11,November,4,4,0,1
C20596,2024,9,September,1,1,1,0
C20596,2024,11,November,2,2,0,1
C20596,2025,3,March,3,3,0,1
C20596,2025,6,June,4,4,0,1
C20596,2025,9,September,5,5,0,1
C20596,2025,10,October,7,5,0,1
C20596,2025,12,December,8,6,0,1
C20597,2024,11,November,1,1,1,0
C20597,2025,1,January,2,2,0,1
C20597,2025,2,February,3,2,0,1
C20597,2025,5,May,4,3,0,1
C20598,2024,8,August,1,1,1,0
C20598,2024,11,November,2,2,0,1
C20598,2025,3,March,3,3,0,1
C20599,2024,9,September,1,0,1,0
C20599,2024,12,December,2,1,0,0
C20599,2025,1,January,3,2,0,1
C20599,2025,10,October,4,2,0,1
C20600,2025,4,April,1,2,0,1
C20601,2024,8,August,1,1,1,0
C20601,2024,10,October,2,2,0,1
C20601,2024,11,November,3,3,0,1
C20601,2024,12,December,4,4,0,1
C20601,2025,4,April,5,6,0,1
C20603,2025,3,March,1,1,1,0
C20603,2025,5,May,2,2,0,1
C20603,2025,6,June,3,3,0,1
C20604,2024,7,July,1,1,1,0
C20605,2024,7,July,1,0,1,0
C20605,2024,8,August,2,1,0,0
C20605,2024,9,September,3,2,0,1
C20605,2024,10,October,4,2,0,1
C20605,2025,3,March,5,3,0,1
C20605,2025,7,July,6,4,0,1
C20606,2024,11,November,1,1,1,0
C20606,2024,12,December,2,2,0,1
C20606,2025,9,September,3,3,0,1
C20607,2024,8,August,1,0,1,0
C20607,2024,9,September,2,2,0,1
C20607,2025,3,March,4,2,0,1
C20607,2025,7,July,5,3,0,1
C20607,2025,11,November,6,3,0,1
C20608,2024,10,October,1,0,1,0
C20608,2025,3,March,2,0,0,0
C20608,2025,11,November,3,1,0,0
C20609,2025,2,February,1,1,1,0
C20609,2025,7,July,2,2,0,1
C20610,2024,8,August,1,1,1,0
C20610,2024,9,September,2,2,0,1
C20610,2025,3,March,3,3,0,1
C20610,2025,8,August,4,4,0,1
C20611,2024,12,December,1,0,1,0
C20612,2024,9,September,1,1,1,0
C20613,2024,8,August,1,1,1,0
C20613,2024,9,September,2,2,0,1
C20613,2025,1,January,4,3,0,1
C20613,2025,4,April,5,4,0,1
C20613,2025,10,October,6,5,0,1
C20614,2024,7,July,1,1,1,0
C20614,2024,11,November,2,2,0,1
C20614,2025,1,January,3,3,0,1
C20614,2025,2,February,4,4,0,1
C20614,2025,3,March,5,5,0,1
C20615,2024,9,September,1,2,0,1
C20615,2024,10,October,3,3,0,1
C20615,2025,1,January,4,4,0,1
C20615,2025,4,April,5,5,0,1
C20615,2025,5,May,6,5,0,1
C20615,2025,9,September,8,6,0,1
C20616,2025,4,April,1,1,1,0
C20616,2025,10,October,2,2,0,1
C20617,2024,9,September,1,1,1,0
C20617,2025,2,February,2,2,0,1
C20617,2025,6,June,3,3,0,1
C20617,2025,9,September,4,4,0,1
C20618,2024,7,July,1,1,1,0
C20618,2024,9,September,3,3,0,1
C20618,2025,7,July,5,3,0,1
C20618,2025,11,November,6,4,0,1
C20619,2025,6,June,1,0,1,0
C20620,2025,3,March,1,0,1,0
C20620,2025,6,June,2,1,0,0
C20620,2025,7,July,3,2,0,1
C20620,2025,8,August,4,3,0,1
C20621,2024,8,August,1,0,1,0
C20621,2024,9,September,2,1,0,0
C20621,2025,5,May,3,2,0,1
C20621,2025,6,June,4,3,0,1
C20622,2025,1,January,1,1,1,0
C20622,2025,7,July,2,2,0,1
C20623,2024,8,August,1,1,1,0
C20623,2024,11,November,2,2,0,1
C20623,2025,2,February,3,4,0,1
C20623,2025,4,April,5,5,0,1
C20623,2025,7,July,6,6,0,1
C20624,2024,8,August,1,1,1,0
C20624,2024,12,December,2,2,0,1
C20624,2025,1,January,3,3,0,1
C20624,2025,6,June,4,4,0,1
C20624,2025,7,July,5,5,0,1
C20624,2025,8,August,7,5,0,1
C20624,2025,11,November,8,6,0,1
C20625,2024,11,November,1,1,1,0
C20625,2025,3,March,2,1,0,0
C20625,2025,7,July,3,2,0,1
C20626,2024,9,September,1,1,1,0
C20626,2025,3,March,2,2,0,1
C20626,2025,5,May,3,3,0,1
C20627,2025,1,January,1,1,1,0
C20627,2025,8,August,2,2,0,1
C20628,2025,4,April,1,1,1,0
C20628,2025,7,July,2,1,0,0
C20628,2025,10,October,3,3,0,1
C20629,2024,7,July,1,1,1,0
C20629,2024,8,August,2,2,0,1
C20629,2024,11,November,3,3,0,1
C20629,2025,3,March,4,5,0,1
C20629,2025,6,June,6,6,0,1
C20629,2025,7,July,7,7,0,1
C20630,2025,1,January,1,0,1,0
C20631,2024,9,September,1,1,1,0
C20631,2024,10,October,3,2,0,1
C20631,2024,11,November,4,4,0,1
C20632,2024,8,August,1,1,1,0
C20632,2024,11,November,2,2,0,1
C20632,2024,12,December,3,3,0,1
C20632,2025,2,February,5,4,0,1
C20632,2025,5,May,6,5,0,1
C20632,2025,7,July,7,6,0,1
C20632,2025,9,September,8,6,0,1
C20632,2025,11,November,9,7,0,1
C20633,2024,8,August,1,1,1,0
C20633,2024,12,December,2,2,0,1
C20633,2025,2,February,3,3,0,1
C20633,2025,6,June,4,3,0,1
C20633,2025,10,October,5,4,0,1
C20634,2025,11,November,1,0,1,0
C20635,2024,9,September,1,1,1,0
C20635,2025,2,February,2,2,0,1
C20635,2025,3,March,3,3,0,1
C20635,2025,9,September,4,4,0,1
C20636,2024,7,July,1,0,1,0
C20636,2025,4,April,2,1,0,0
C20636,2025,6,June,3,2,0,1
C20637,2024,8,August,1,1,1,0
C20637,2024,9,September,2,2,0,1
C20637,2025,1,January,3,3,0,1
C20637,2025,2,February,4,4,0,1
C20637,2025,3,March,5,5,0,1
C20637,2025,4,April,6,6,0,1
C20637,2025,12,December,8,7,0,1
C20638,2025,3,March,1,1,1,0
C20639,2024,7,July,1,1,1,0
C20639,2024,11,November,2,1,0,0
C20639,2025,6,June,3,1,0,0
C20640,2024,9,September,1,1,1,0
C20640,2025,2,February,2,2,0,1
C20640,2025,8,August,3,3,0,1
C20640,2025,9,September,4,3,0,1
C20640,2025,12,December,5,3,0,1
C20641,2024,8,August,1,1,1,0
C20641,2024,9,September,2,1,0,0
C20641,2024,10,October,3,2,0,1
C20641,2025,5,May,4,2,0,1
C20641,2025,6,June,5,3,0,1
C20641,2025,9,September,6,3,0,1
C20642,2024,10,October,1,0,1,0
C20642,2025,6,June,2,1,0,0
C20642,2025,12,December,3,2,0,1
C20644,2024,9,September,1,0,1,0
C20644,2025,5,May,2,2,0,1
C20644,2025,9,September,4,2,0,1
C20644,2025,10,October,5,2,0,1
C20645,2024,9,September,1,1,1,0
C20645,2025,2,February,2,2,0,1
C20645,2025,4,April,3,2,0,1
C20646,2024,11,November,1,1,1,0
C20646,2025,7,July,2,1,0,0
C20648,2025,6,June,1,1,1,0
C20649,2025,1,January,1,1,1,0
C20649,2025,8,August,2,1,0,0
C20649,2025,12,December,3,2,0,1
C20650,2024,12,December,1,0,1,0
C20650,2025,5,May,2,1,0,0
C20650,2025,6,June,3,1,0,0
C20650,2025,8,August,4,2,0,1
C20650,2025,9,September,5,3,0,1
C20651,2025,5,May,1,0,1,0
C20651,2025,7,July,3,1,0,0
C20652,2024,9,September,1,1,1,0
C20652,2024,10,October,2,2,0,1
C20652,2024,11,November,3,4,0,1
C20652,2024,12,December,5,6,0,1
C20652,2025,5,May,7,8,0,1
C20652,2025,8,August,9,9,0,1
C20652,2025,10,October,10,9,0,1
C20652,2025,12,December,11,10,0,1
C20653,2025,1,January,1,1,1,0
C20653,2025,6,June,2,2,0,1
C20654,2025,3,March,1,0,1,0
C20654,2025,9,September,2,0,0,0
C20654,2025,10,October,3,1,0,0
C20655,2024,11,November,1,1,1,0
C20655,2024,12,December,2,2,0,1
C20655,2025,3,March,3,4,0,1
C20655,2025,10,October,5,5,0,1
C20656,2024,10,October,1,1,1,0
C20657,2024,7,July,1,1,1,0
C20658,2024,7,July,1,1,1,0
C20658,2024,11,November,2,2,0,1
C20658,2025,3,March,3,3,0,1
C20658,2025,6,June,4,4,0,1
C20658,2025,7,July,5,6,0,1
C20659,2024,7,July,1,1,1,0
C20659,2025,3,March,2,2,0,1
C20659,2025,7,July,3,3,0,1
C20659,2025,9,September,4,3,0,1
C20660,2025,7,July,1,1,1,0
C20660,2025,8,August,2,2,0,1
C20661,2024,9,September,1,1,1,0
C20661,2025,6,June,2,2,0,1
C20661,2025,7,July,3,2,0,1
C20662,2025,1,January,1,1,1,0
C20662,2025,7,July,2,2,0,1
C20662,2025,9,September,3,3,0,1
C20662,2025,12,December,4,5,0,1
C20663,2024,7,July,1,1,1,0
C20664,2025,6,June,1,1,1,0
C20665,2024,10,October,1,1,1,0
C20665,2025,10,October,2,2,0,1
C20666,2024,8,August,1,1,1,0
C20666,2024,9,September,2,2,0,1
C20667,2025,1,January,1,1,1,0
C20667,2025,2,February,2,1,0,0
C20667,2025,5,May,3,2,0,1
C20667,2025,7,July,4,3,0,1
C20667,2025,8,August,5,4,0,1
C20667,2025,10,October,6,5,0,1
C20667,2025,11,November,7,7,0,1
C20668,2024,11,November,1,0,1,0
C20668,2025,2,February,2,0,0,0
C20668,2025,5,May,3,0,0,0
C20668,2025,6,June,5,1,0,0
C20668,2025,9,September,6,2,0,1
C20669,2024,10,October,1,1,1,0
C20669,2025,7,July,2,2,0,1
C20670,2024,7,July,1,1,1,0
C20670,2024,9,September,2,2,0,1
C20670,2024,12,December,3,2,0,1
C20670,2025,3,March,4,2,0,1
C20670,2025,7,July,5,2,0,1
C20671,2024,10,October,1,1,1,0
C20671,2025,5,May,2,3,0,1
C20671,2025,10,October,4,4,0,1
C20672,2025,3,March,1,1,1,0
C20672,2025,10,October,2,2,0,1
C20672,2025,11,November,3,3,0,1
C20672,2025,12,December,4,4,0,1
C20673,2024,8,August,1,1,1,0
C20673,2025,7,July,2,1,0,0
C20673,2025,9,September,3,2,0,1
C20674,2024,8,August,1,1,1,0
C20674,2024,12,December,2,2,0,1
C20674,2025,11,November,3,3,0,1
C20674,2025,12,December,4,4,0,1
C20675,2024,7,July,1,1,1,0
C20675,2024,8,August,2,1,0,0
C20675,2024,9,September,3,2,0,1
C20675,2024,10,October,4,4,0,1
C20675,2025,3,March,6,5,0,1
C20675,2025,4,April,7,6,0,1
C20675,2025,7,July,8,7,0,1
C20676,2024,10,October,1,1,1,0
C20676,2025,8,August,2,1,0,0
C20677,2024,9,September,1,2,0,1
C20677,2024,10,October,3,3,0,1
C20677,2025,3,March,4,3,0,1
C20678,2024,7,July,1,2,0,1
C20678,2025,2,February,3,2,0,1
C20678,2025,8,August,5,3,0,1
C20678,2025,12,December,6,4,0,1
C20679,2024,7,July,1,1,1,0
C20679,2025,9,September,2,2,0,1
C20679,2025,10,October,3,3,0,1
C20680,2024,10,October,1,1,1,0
C20681,2025,5,May,1,1,1,0
C20682,2024,11,November,1,1,1,0
C20682,2025,8,August,2,2,0,1
C20682,2025,9,September,3,3,0,1
C20683,2024,12,December,1,1,1,0
C20683,2025,7,July,2,1,0,0
C20683,2025,10,October,3,2,0,1
C20684,2024,10,October,1,1,1,0
C20684,2025,7,July,2,2,0,1
C20684,2025,8,August,3,2,0,1
C20685,2024,8,August,1,1,1,0
C20685,2024,9,September,2,3,0,1
C20685,2025,3,March,4,4,0,1
C20685,2025,6,June,5,5,0,1
C20685,2025,7,July,6,6,0,1
C20685,2025,9,September,7,7,0,1
C20685,2025,10,October,8,8,0,1
C20685,2025,12,December,9,9,0,1
C20686,2024,7,July,1,1,1,0
C20686,2025,2,February,2,2,0,1
C20686,2025,7,July,3,3,0,1
C20686,2025,8,August,4,4,0,1
C20686,2025,10,October,5,5,0,1
C20686,2025,11,November,6,8,0,1
C20687,2024,7,July,1,1,1,0
C20687,2025,2,February,2,2,0,1
C20687,2025,12,December,3,3,0,1
C20689,2024,10,October,1,1,1,0
C20689,2025,10,October,2,2,0,1
C20691,2024,9,September,1,0,1,0
C20691,2025,3,March,2,1,0,0
C20691,2025,4,April,3,2,0,1
C20691,2025,6,June,4,3,0,1
C20691,2025,12,December,5,4,0,1
C20692,2024,9,September,1,1,1,0
C20692,2025,2,February,2,2,0,1
C20692,2025,6,June,3,3,0,1
C20693,2024,11,November,1,1,1,0
C20693,2025,1,January,2,2,0,1
C20693,2025,2,February,3,2,0,1
C20693,2025,3,March,4,3,0,1
C20693,2025,12,December,5,4,0,1
C20694,2024,8,August,1,0,1,0
C20694,2024,10,October,2,1,0,0
C20694,2024,12,December,3,2,0,1
C20694,2025,4,April,4,3,0,1
C20694,2025,5,May,5,3,0,1
C20694,2025,7,July,6,4,0,1
C20694,2025,9,September,7,5,0,1
C20694,2025,12,December,9,6,0,1
C20695,2025,9,September,1,1,1,0
C20696,2024,7,July,1,1,1,0
C20696,2025,11,November,2,2,0,1
C20697,2024,11,November,1,1,1,0
C20697,2024,12,December,2,1,0,0
C20697,2025,2,February,3,2,0,1
C20697,2025,3,March,4,3,0,1
C20697,2025,4,April,5,3,0,1
C20697,2025,6,June,7,5,0,1
C20697,2025,7,July,9,6,0,1
C20697,2025,8,August,10,7,0,1
C20697,2025,10,October,11,8,0,1
C20698,2024,9,September,1,1,1,0
C20698,2025,2,February,2,1,0,0
C20699,2024,7,July,1,1,1,0
C20700,2024,12,December,1,2,0,1
C20700,2025,8,August,3,2,0,1
C20700,2025,9,September,4,3,0,1
C20700,2025,10,October,5,4,0,1
C20700,2025,12,December,6,6,0,1
C20701,2024,8,August,1,1,1,0
C20701,2024,9,September,2,2,0,1
C20702,2024,12,December,1,1,1,0
C20702,2025,1,January,2,2,0,1
C20703,2024,8,August,1,1,1,0
C20703,2024,11,November,3,2,0,1
C20703,2024,12,December,4,3,0,1
C20703,2025,3,March,5,4,0,1
C20703,2025,11,November,6,5,0,1
C20703,2025,12,December,7,6,0,1
C20704,2025,8,August,1,2,0,1
C20704,2025,9,September,3,3,0,1
C20705,2024,10,October,1,1,1,0
C20705,2025,3,March,2,2,0,1
C20705,2025,4,April,3,3,0,1
C20705,2025,5,May,4,3,0,1
C20705,2025,8,August,5,4,0,1
C20705,2025,10,October,6,5,0,1
C20706,2025,8,August,1,1,1,0
C20706,2025,12,December,2,1,0,0
C20707,2024,11,November,1,1,1,0
C20707,2025,5,May,2,2,0,1
C20707,2025,6,June,3,3,0,1
C20707,2025,10,October,4,4,0,1
C20708,2024,8,August,1,0,1,0
C20708,2024,10,October,2,1,0,0
C20708,2025,11,November,3,1,0,0
C20709,2024,7,July,1,0,1,0
C20709,2024,8,August,2,1,0,0
C20709,2024,9,September,3,2,0,1
C20709,2024,12,December,4,3,0,1
C20709,2025,4,April,5,3,0,1
C20709,2025,5,May,6,5,0,1
C20709,2025,8,August,8,5,0,1
C20709,2025,10,October,9,7,0,1
C20709,2025,12,December,11,9,0,1
C20710,2024,9,September,1,1,1,0
C20710,2025,6,June,2,2,0,1
C20710,2025,7,July,3,3,0,1
C20710,2025,10,October,4,4,0,1
C20710,2025,11,November,5,5,0,1
C20711,2024,9,September,1,1,1,0
C20711,2025,2,February,2,2,0,1
C20712,2024,9,September,1,2,0,1
C20712,2024,11,November,3,3,0,1
C20712,2024,12,December,4,4,0,1
C20712,2025,1,January,5,4,0,1
C20712,2025,2,February,6,5,0,1
C20712,2025,3,March,7,6,0,1
C20712,2025,7,July,8,7,0,1
C20712,2025,9,September,9,8,0,1
C20712,2025,10,October,10,10,0,1
C20712,2025,11,November,12,11,0,1
C20713,2024,9,September,1,1,1,0
C20713,2024,10,October,2,3,0,1
C20713,2024,11,November,4,5,0,1
C20714,2024,12,December,1,1,1,0
C20714,2025,7,July,2,2,0,1
C20714,2025,8,August,3,3,0,1
C20715,2025,4,April,1,1,1,0
C20716,2025,10,October,1,1,1,0
C20716,2025,11,November,2,2,0,1
C20717,2024,10,October,1,1,1,0
C20717,2025,5,May,2,2,0,1
C20717,2025,10,October,3,2,0,1
C20717,2025,11,November,4,3,0,1
C20718,2024,12,December,1,1,1,0
C20718,2025,1,January,2,1,0,0
C20718,2025,4,April,3,2,0,1
C20718,2025,7,July,4,3,0,1
C20719,2024,9,September,1,1,1,0
C20719,2024,12,December,2,2,0,1
C20719,2025,3,March,3,3,0,1
C20719,2025,7,July,5,4,0,1
C20719,2025,10,October,6,4,0,1
C20719,2025,12,December,7,5,0,1
C20720,2025,2,February,1,1,1,0
C20720,2025,4,April,3,1,0,0
C20720,2025,6,June,4,2,0,1
C20721,2025,1,January,1,1,1,0
C20721,2025,10,October,2,2,0,1
C20722,2024,8,August,1,1,1,0
C20722,2024,10,October,2,2,0,1
C20722,2024,11,November,3,3,0,1
C20722,2025,5,May,4,4,0,1
C20722,2025,6,June,5,5,0,1
C20722,2025,9,September,6,5,0,1
C20722,2025,10,October,7,6,0,1
C20723,2024,7,July,1,1,1,0
C20723,2024,8,August,2,2,0,1
C20723,2024,11,November,3,3,0,1
C20723,2025,8,August,4,4,0,1
C20724,2024,8,August,1,0,1,0
C20725,2024,8,August,1,1,1,0
C20725,2024,12,December,2,2,0,1
C20725,2025,1,January,3,4,0,1
C20725,2025,3,March,5,5,0,1
C20725,2025,11,November,6,6,0,1
C20725,2025,12,December,7,7,0,1
C20726,2024,9,September,1,1,1,0
C20726,2025,6,June,2,2,0,1
C20726,2025,7,July,3,3,0,1
C20726,2025,11,November,4,4,0,1
C20727,2024,11,November,1,1,1,0
C20727,2025,8,August,2,2,0,1
C20727,2025,10,October,3,2,0,1
C20728,2025,5,May,1,0,1,0
C20728,2025,8,August,2,1,0,0
C20729,2024,7,July,1,1,1,0
C20729,2025,2,February,2,2,0,1
C20729,2025,3,March,3,2,0,1
C20729,2025,7,July,4,3,0,1
C20730,2024,9,September,1,2,0,1
C20730,2025,3,March,3,3,0,1
C20730,2025,12,December,4,3,0,1
C20731,2025,3,March,1,2,0,1
C20731,2025,5,May,3,2,0,1
C20732,2024,12,December,1,1,1,0
C20732,2025,1,January,2,2,0,1
C20732,2025,3,March,4,3,0,1
C20732,2025,4,April,5,4,0,1
C20732,2025,7,July,6,5,0,1
C20733,2025,1,January,1,1,1,0
C20733,2025,4,April,2,2,0,1
C20733,2025,10,October,3,3,0,1
C20734,2024,11,November,1,1,1,0
C20734,2025,10,October,2,2,0,1
C20735,2024,10,October,1,2,0,1
C20735,2024,12,December,3,3,0,1
C20735,2025,1,January,4,4,0,1
C20735,2025,2,February,5,5,0,1
C20735,2025,3,March,7,7,0,1
C20735,2025,4,April,9,8,0,1
C20735,2025,5,May,10,9,0,1
C20735,2025,6,June,11,10,0,1
C20735,2025,7,July,12,11,0,1
C20735,2025,11,November,13,12,0,1
C20735,2025,12,December,14,13,0,1
C20736,2024,7,July,1,1,1,0
C20736,2025,2,February,2,2,0,1
C20737,2025,1,January,1,1,1,0
C20737,2025,2,February,2,2,0,1
C20737,2025,12,December,3,3,0,1
C20738,2024,11,November,1,1,1,0
C20738,2025,11,November,2,2,0,1
C20739,2024,7,July,1,1,1,0
C20739,2025,4,April,2,2,0,1
C20739,2025,8,August,3,4,0,1
C20739,2025,10,October,5,4,0,1
C20740,2024,8,August,1,1,1,0
C20740,2025,5,May,2,2,0,1
C20740,2025,6,June,3,3,0,1
C20740,2025,7,July,4,4,0,1
C20741,2024,8,August,1,2,0,1
C20741,2024,12,December,3,3,0,1
C20741,2025,1,January,4,4,0,1
C20741,2025,6,June,5,5,0,1
C20741,2025,9,September,6,6,0,1
C20741,2025,10,October,7,7,0,1
C20742,2024,8,August,1,1,1,0
C20742,2024,12,December,3,3,0,1
C20742,2025,4,April,5,4,0,1
C20743,2024,12,December,1,1,1,0
C20743,2025,2,February,2,2,0,1
C20744,2024,12,December,1,1,1,0
C20744,2025,3,March,2,2,0,1
C20744,2025,6,June,3,3,0,1
C20744,2025,8,August,4,4,0,1
C20744,2025,11,November,5,4,0,1
C20745,2024,11,November,1,0,1,0
C20745,2025,6,June,2,1,0,0
C20745,2025,8,August,3,2,0,1
C20745,2025,9,September,4,3,0,1
C20746,2024,7,July,1,1,1,0
C20746,2024,10,October,2,1,0,0
C20746,2024,12,December,3,2,0,1
C20746,2025,3,March,4,2,0,1
C20746,2025,4,April,5,3,0,1
C20746,2025,5,May,6,4,0,1
C20747,2025,1,January,1,1,1,0
C20747,2025,6,June,2,2,0,1
C20747,2025,8,August,3,3,0,1
C20747,2025,11,November,4,3,0,1
C20748,2024,7,July,1,1,1,0
C20748,2024,8,August,2,2,0,1
C20748,2025,4,April,3,3,0,1
C20748,2025,9,September,4,4,0,1
C20748,2025,10,October,5,5,0,1
C20749,2024,10,October,1,1,1,0
C20749,2025,3,March,2,2,0,1
C20749,2025,4,April,3,3,0,1
C20749,2025,8,August,4,4,0,1
C20749,2025,11,November,5,4,0,1
C20750,2025,5,May,1,1,1,0
C20750,2025,6,June,2,2,0,1
C20750,2025,10,October,3,3,0,1
C20751,2024,12,December,1,2,0,1
C20751,2025,11,November,3,3,0,1
C20752,2024,7,July,1,1,1,0
C20752,2025,5,May,2,2,0,1
C20753,2025,8,August,1,2,0,1
C20754,2024,10,October,1,1,1,0
C20755,2024,9,September,1,0,1,0
C20755,2025,4,April,2,1,0,0
C20755,2025,12,December,3,2,0,1
C20756,2024,7,July,1,1,1,0
C20756,2024,8,August,2,2,0,1
C20756,2024,12,December,4,3,0,1
C20757,2024,10,October,1,1,1,0
C20757,2025,5,May,2,2,0,1
C20757,2025,9,September,3,2,0,1
C20757,2025,10,October,4,2,0,1
C20758,2024,12,December,1,1,1,0
C20758,2025,3,March,2,2,0,1
C20758,2025,11,November,3,2,0,1
C20758,2025,12,December,4,2,0,1
C20759,2025,1,January,1,0,1,0
C20759,2025,11,November,2,1,0,0
C20760,2024,8,August,1,1,1,0
C20760,2025,5,May,2,2,0,1
C20760,2025,6,June,3,3,0,1
C20760,2025,9,September,4,4,0,1
C20760,2025,12,December,5,5,0,1
C20761,2024,8,August,1,1,1,0
C20761,2024,9,September,2,1,0,0
C20761,2024,10,October,3,2,0,1
C20761,2024,12,December,4,3,0,1
C20761,2025,4,April,5,4,0,1
C20761,2025,6,June,6,5,0,1
C20761,2025,8,August,7,8,0,1
C20761,2025,12,December,10,9,0,1
C20762,2025,4,April,1,1,1,0
C20762,2025,5,May,2,2,0,1
C20763,2024,8,August,1,1,1,0
C20763,2024,9,September,2,2,0,1
C20763,2025,6,June,3,3,0,1
C20763,2025,7,July,4,3,0,1
C20764,2024,10,October,1,2,0,1
C20764,2025,9,September,3,3,0,1
C20765,2025,9,September,1,1,1,0
C20765,2025,12,December,2,2,0,1
C20766,2025,3,March,1,2,0,1
C20766,2025,5,May,3,3,0,1
C20766,2025,8,August,4,4,0,1
C20767,2024,7,July,1,1,1,0
C20767,2024,8,August,2,2,0,1
C20767,2024,10,October,3,3,0,1
C20767,2025,2,February,4,4,0,1
C20767,2025,4,April,5,6,0,1
C20767,2025,5,May,7,7,0,1
C20767,2025,9,September,8,8,0,1
C20767,2025,10,October,9,9,0,1
C20767,2025,12,December,10,10,0,1
C20768,2025,2,February,1,1,1,0
C20768,2025,3,March,2,2,0,1
C20768,2025,5,May,3,3,0,1
C20768,2025,10,October,4,3,0,1
C20768,2025,11,November,5,4,0,1
C20769,2024,11,November,1,1,1,0
C20769,2025,6,June,2,2,0,1
C20769,2025,8,August,3,3,0,1
C20769,2025,9,September,4,4,0,1
C20769,2025,12,December,5,5,0,1
C20770,2024,11,November,1,1,1,0
C20770,2025,3,March,2,2,0,1
C20770,2025,4,April,3,4,0,1
C20770,2025,5,May,5,5,0,1
C20770,2025,8,August,6,6,0,1
C20770,2025,9,September,7,7,0,1
C20771,2025,4,April,1,0,1,0
C20771,2025,6,June,2,1,0,0
C20771,2025,7,July,3,2,0,1
C20771,2025,9,September,4,3,0,1
C20772,2024,9,September,1,1,1,0
C20772,2024,11,November,2,2,0,1
C20772,2025,3,March,3,3,0,1
C20772,2025,8,August,4,4,0,1
C20772,2025,10,October,5,5,0,1
C20773,2025,1,January,1,0,1,0
C20773,2025,3,March,2,1,0,0
C20773,2025,4,April,4,2,0,1
C20774,2025,12,December,1,0,1,0
C20775,2025,2,February,1,0,1,0
C20775,2025,5,May,2,1,0,0
C20776,2024,7,July,1,1,1,0
C20776,2025,1,January,2,3,0,1
C20776,2025,4,April,4,4,0,1
C20776,2025,8,August,5,5,0,1
C20776,2025,12,December,6,6,0,1
C20777,2024,7,July,1,1,1,0
C20777,2024,9,September,2,3,0,1
C20777,2024,10,October,4,4,0,1
C20777,2024,11,November,6,5,0,1
C20777,2024,12,December,7,6,0,1
C20777,2025,1,January,8,8,0,1
C20777,2025,2,February,10,8,0,1
C20777,2025,6,June,11,9,0,1
C20777,2025,7,July,12,10,0,1
C20777,2025,10,October,13,11,0,1
C20778,2024,7,July,1,1,1,0
C20778,2024,9,September,2,2,0,1
C20778,2025,6,June,3,2,0,1
C20779,2025,4,April,1,1,1,0
C20780,2024,12,December,1,1,1,0
C20780,2025,3,March,2,2,0,1
C20780,2025,9,September,3,3,0,1
C20782,2025,11,November,1,0,1,0
C20783,2024,8,August,1,1,1,0
C20783,2024,10,October,2,1,0,0
C20783,2024,12,December,3,2,0,1
C20783,2025,2,February,4,3,0,1
C20783,2025,7,July,5,3,0,1
C20783,2025,10,October,6,4,0,1
C20783,2025,11,November,7,5,0,1
C20784,2024,8,August,1,1,1,0
C20784,2025,6,June,2,2,0,1
C20784,2025,10,October,3,3,0,1
C20785,2024,8,August,1,1,1,0
C20785,2025,1,January,2,2,0,1
C20786,2024,7,July,1,1,1,0
C20786,2025,4,April,2,1,0,0
C20786,2025,11,November,3,1,0,0
C20787,2024,8,August,1,1,1,0
C20787,2025,4,April,2,1,0,0
C20787,2025,5,May,3,2,0,1
C20787,2025,6,June,4,2,0,1
C20787,2025,12,December,5,3,0,1
C20788,2024,7,July,1,1,1,0
C20788,2024,11,November,2,2,0,1
C20788,2025,1,January,3,2,0,1
C20788,2025,11,November,4,2,0,1
C20788,2025,12,December,5,3,0,1
C20789,2024,7,July,1,1,1,0
C20789,2024,8,August,2,2,0,1
C20789,2024,11,November,3,3,0,1
C20789,2024,12,December,4,3,0,1
C20789,2025,3,March,5,4,0,1
C20789,2025,6,June,6,6,0,1
C20789,2025,7,July,8,7,0,1
C20789,2025,12,December,9,8,0,1
C20790,2025,5,May,1,0,1,0
C20790,2025,9,September,2,1,0,0
C20790,2025,11,November,3,2,0,1
C20791,2025,5,May,1,1,1,0
C20791,2025,8,August,2,2,0,1
C20792,2024,7,July,1,2,0,1
C20792,2024,11,November,3,3,0,1
C20792,2025,1,January,4,4,0,1
C20792,2025,2,February,5,5,0,1
C20792,2025,4,April,6,6,0,1
C20792,2025,5,May,7,8,0,1
C20792,2025,10,October,9,9,0,1
C20793,2024,7,July,1,1,1,0
C20793,2024,9,September,2,2,0,1
C20793,2024,12,December,3,2,0,1
C20794,2024,12,December,1,1,1,0
C20794,2025,9,September,2,2,0,1
C20794,2025,10,October,3,4,0,1
C20795,2024,7,July,1,1,1,0
C20795,2024,10,October,2,2,0,1
C20795,2024,11,November,3,3,0,1
C20795,2024,12,December,4,4,0,1
C20795,2025,4,April,5,5,0,1
C20795,2025,12,December,6,6,0,1
C20796,2024,10,October,1,1,1,0
C20796,2025,3,March,2,2,0,1
C20797,2025,8,August,1,0,1,0
C20797,2025,12,December,2,2,0,1
C20798,2024,9,September,1,1,1,0
C20798,2024,12,December,2,2,0,1
C20798,2025,1,January,3,3,0,1
C20798,2025,4,April,4,4,0,1
C20798,2025,5,May,5,5,0,1
C20798,2025,10,October,6,6,0,1
C20798,2025,11,November,7,6,0,1
C20799,2024,9,September,1,1,1,0
C20799,2025,1,January,2,2,0,1
C20799,2025,2,February,3,3,0,1
C20799,2025,7,July,4,4,0,1
C20799,2025,10,October,5,6,0,1
C20799,2025,11,November,7,6,0,1
C20800,2024,8,August,1,1,1,0
C20800,2024,11,November,2,2,0,1
C20800,2025,4,April,4,3,0,1
C20800,2025,6,June,5,3,0,1
C20801,2024,11,November,1,0,1,0
C20801,2025,9,September,2,1,0,0
C20803,2024,7,July,1,1,1,0
C20803,2025,1,January,2,2,0,1
C20803,2025,2,February,3,2,0,1
C20803,2025,11,November,4,3,0,1
C20803,2025,12,December,5,5,0,1
C20804,2024,8,August,1,2,0,1
C20804,2025,2,February,3,3,0,1
C20804,2025,9,September,4,4,0,1
C20805,2024,7,July,1,1,1,0
C20805,2024,8,August,2,2,0,1
C20805,2025,4,April,3,3,0,1
C20805,2025,5,May,4,4,0,1
C20805,2025,7,July,5,5,0,1
C20805,2025,10,October,6,6,0,1
C20805,2025,11,November,7,7,0,1
C20806,2025,3,March,1,1,1,0
C20806,2025,7,July,2,2,0,1
C20807,2025,8,August,1,1,1,0
C20807,2025,9,September,2,1,0,0
C20808,2024,8,August,1,2,0,1
C20808,2024,10,October,3,2,0,1
C20808,2025,8,August,4,4,0,1
C20808,2025,9,September,6,4,0,1
C20809,2024,7,July,1,1,1,0
C20809,2025,2,February,2,2,0,1
C20809,2025,4,April,3,3,0,1
C20809,2025,7,July,4,4,0,1
C20809,2025,10,October,5,5,0,1
C20809,2025,12,December,7,5,0,1
C20810,2025,5,May,1,1,1,0
C20810,2025,6,June,2,2,0,1
C20810,2025,7,July,3,3,0,1
C20810,2025,8,August,4,4,0,1
C20811,2025,11,November,1,0,1,0
C20813,2024,10,October,1,2,0,1
C20813,2025,1,January,3,3,0,1
C20813,2025,8,August,4,4,0,1
C20814,2025,2,February,1,1,1,0
C20814,2025,3,March,2,1,0,0
C20814,2025,5,May,3,2,0,1
C20814,2025,6,June,4,3,0,1
C20814,2025,10,October,5,4,0,1
C20815,2024,8,August,1,1,1,0
C20815,2024,9,September,2,5,0,1
C20815,2024,10,October,6,6,0,1
C20815,2025,1,January,7,7,0,1
C20815,2025,3,March,8,7,0,1
C20815,2025,5,May,9,7,0,1
C20815,2025,6,June,10,9,0,1
C20815,2025,8,August,12,10,0,1
C20815,2025,10,October,13,10,0,1
C20815,2025,11,November,14,11,0,1
C20815,2025,12,December,15,12,0,1
C20816,2024,7,July,1,1,1,0
C20816,2024,8,August,2,1,0,0
C20816,2024,9,September,3,2,0,1
C20816,2024,11,November,4,3,0,1
C20816,2025,1,January,5,4,0,1
C20816,2025,5,May,6,4,0,1
C20816,2025,7,July,7,4,0,1
C20817,2024,9,September,1,1,1,0
C20817,2024,11,November,2,2,0,1
C20817,2025,2,February,3,2,0,1
C20817,2025,11,November,4,3,0,1
C20818,2024,10,October,1,1,1,0
C20818,2025,2,February,2,2,0,1
C20818,2025,5,May,3,4,0,1
C20818,2025,6,June,6,4,0,1
C20818,2025,7,July,7,5,0,1
C20818,2025,9,September,9,7,0,1
C20818,2025,12,December,11,8,0,1
C20819,2024,11,November,1,1,1,0
C20819,2024,12,December,2,3,0,1
C20819,2025,1,January,4,4,0,1
C20819,2025,2,February,6,5,0,1
C20819,2025,7,July,7,6,0,1
C20819,2025,8,August,8,6,0,1
C20819,2025,11,November,9,7,0,1
C20820,2024,8,August,1,1,1,0
C20820,2024,9,September,2,2,0,1
C20820,2024,10,October,3,3,0,1
C20820,2025,3,March,4,4,0,1
C20821,2024,8,August,1,1,1,0
C20821,2024,9,September,2,2,0,1
C20821,2025,2,February,3,3,0,1
C20821,2025,6,June,4,3,0,1
C20821,2025,7,July,5,5,0,1
C20821,2025,8,August,8,7,0,1
C20821,2025,10,October,10,8,0,1
C20822,2024,8,August,1,1,1,0
C20822,2024,11,November,4,2,0,1
C20822,2025,1,January,5,3,0,1
C20822,2025,2,February,6,4,0,1
C20822,2025,3,March,7,5,0,1
C20822,2025,4,April,8,6,0,1
C20822,2025,8,August,9,7,0,1
C20822,2025,9,September,10,8,0,1
C20822,2025,10,October,11,9,0,1
C20822,2025,12,December,12,10,0,1
C20823,2024,7,July,1,1,1,0
C20823,2024,9,September,2,2,0,1
C20823,2024,12,December,3,4,0,1
C20823,2025,8,August,5,5,0,1
C20824,2025,2,February,1,1,1,0
C20824,2025,7,July,2,2,0,1
C20825,2024,7,July,1,0,1,0
C20825,2024,12,December,2,0,0,0
C20825,2025,4,April,3,1,0,0
C20825,2025,10,October,4,2,0,1
C20826,2024,8,August,1,1,1,0
C20826,2024,10,October,3,3,0,1
C20826,2024,12,December,5,4,0,1
C20826,2025,6,June,6,5,0,1
C20827,2024,12,December,1,1,1,0
C20828,2025,7,July,1,1,1,0
C20828,2025,11,November,2,2,0,1
C20829,2024,9,September,1,1,1,0
C20829,2024,10,October,2,2,0,1
C20830,2024,11,November,1,1,1,0
C20830,2025,6,June,2,2,0,1
C20830,2025,10,October,3,2,0,1
C20830,2025,11,November,4,3,0,1
C20831,2025,1,January,1,1,1,0
C20831,2025,2,February,2,2,0,1
C20831,2025,8,August,3,3,0,1
C20831,2025,11,November,4,4,0,1
C20832,2024,7,July,1,0,1,0
C20832,2025,4,April,2,2,0,1
C20833,2024,12,December,1,0,1,0
C20833,2025,5,May,2,1,0,0
C20834,2024,8,August,1,1,1,0
C20834,2024,10,October,2,2,0,1
C20834,2025,11,November,3,4,0,1
C20835,2024,7,July,1,1,1,0
C20835,2024,8,August,2,1,0,0
C20835,2025,1,January,3,2,0,1
C20835,2025,3,March,4,3,0,1
C20836,2024,10,October,1,1,1,0
C20836,2025,4,April,2,2,0,1
C20837,2024,10,October,1,1,1,0
C20837,2025,1,January,2,2,0,1
C20837,2025,2,February,3,3,0,1
C20837,2025,7,July,4,4,0,1
C20838,2025,3,March,1,0,1,0
C20838,2025,7,July,2,1,0,0
C20839,2024,7,July,1,1,1,0
C20839,2024,9,September,3,2,0,1
C20839,2024,10,October,4,3,0,1
C20839,2024,11,November,5,5,0,1
C20839,2025,1,January,7,6,0,1
C20839,2025,4,April,8,7,0,1
C20839,2025,6,June,9,8,0,1
C20839,2025,10,October,10,9,0,1
C20839,2025,11,November,12,10,0,1
C20839,2025,12,December,13,11,0,1
C20840,2025,2,February,1,1,1,0
C20840,2025,5,May,2,2,0,1
C20840,2025,6,June,4,3,0,1
C20840,2025,7,July,5,4,0,1
C20840,2025,11,November,6,5,0,1
C20841,2024,11,November,1,1,1,0
C20842,2024,7,July,1,2,0,1
C20842,2024,8,August,3,5,0,1
C20842,2024,12,December,6,6,0,1
C20842,2025,1,January,7,6,0,1
C20842,2025,3,March,8,7,0,1
C20842,2025,8,August,9,8,0,1
C20842,2025,9,September,10,8,0,1
C20842,2025,11,November,11,9,0,1
C20842,2025,12,December,12,10,0,1
C20843,2024,9,September,1,0,1,0
C20843,2024,10,October,2,1,0,0
C20843,2025,2,February,3,2,0,1
C20843,2025,4,April,4,3,0,1
C20843,2025,6,June,5,4,0,1
C20843,2025,7,July,6,5,0,1
C20843,2025,9,September,7,6,0,1
C20843,2025,10,October,8,7,0,1
C20843,2025,11,November,9,8,0,1
C20844,2024,9,September,1,1,1,0
C20844,2025,1,January,2,2,0,1
C20845,2024,11,November,1,0,1,0
C20845,2025,6,June,2,1,0,0
C20845,2025,11,November,3,2,0,1
C20846,2025,6,June,1,1,1,0
C20846,2025,9,September,2,2,0,1
C20847,2025,4,April,1,1,1,0
C20848,2025,3,March,1,1,1,0
C20848,2025,5,May,2,2,0,1
C20848,2025,8,August,3,2,0,1
C20848,2025,10,October,4,3,0,1
C20849,2024,8,August,1,2,0,1
C20849,2025,4,April,4,4,0,1
C20849,2025,10,October,6,6,0,1
C20850,2024,9,September,1,1,1,0
C20850,2024,10,October,2,2,0,1
C20850,2025,1,January,3,2,0,1
C20851,2024,9,September,1,1,1,0
C20851,2024,11,November,2,2,0,1
C20851,2025,3,March,3,3,0,1
C20853,2024,12,December,1,1,1,0
C20854,2024,9,September,1,1,1,0
C20855,2024,10,October,1,1,1,0
C20855,2024,11,November,2,2,0,1
C20855,2025,1,January,3,2,0,1
C20856,2024,7,July,1,1,1,0
C20856,2024,11,November,2,2,0,1
C20856,2024,12,December,3,3,0,1
C20856,2025,1,January,4,4,0,1
C20856,2025,4,April,5,5,0,1
C20856,2025,5,May,6,6,0,1
C20856,2025,7,July,7,7,0,1
C20856,2025,8,August,8,8,0,1
C20856,2025,10,October,11,11,0,1
C20856,2025,12,December,14,12,0,1
C20857,2024,8,August,1,0,1,0
C20857,2025,12,December,3,1,0,0
C20859,2024,8,August,1,1,1,0
C20859,2024,9,September,2,1,0,0
C20859,2024,10,October,3,2,0,1
C20859,2025,12,December,4,3,0,1
C20860,2025,2,February,1,1,1,0
C20860,2025,4,April,2,2,0,1
C20860,2025,9,September,3,3,0,1
C20860,2025,11,November,4,4,0,1
C20860,2025,12,December,5,5,0,1
C20861,2024,9,September,1,1,1,0
C20861,2025,5,May,2,2,0,1
C20861,2025,6,June,3,3,0,1
C20861,2025,7,July,4,4,0,1
C20861,2025,11,November,5,4,0,1
C20861,2025,12,December,6,5,0,1
C20862,2024,12,December,1,1,1,0
C20863,2024,9,September,1,1,1,0
C20863,2025,11,November,2,2,0,1
C20864,2024,12,December,1,1,1,0
C20864,2025,8,August,2,2,0,1
C20865,2024,9,September,1,1,1,0
C20866,2024,8,August,1,1,1,0
C20866,2024,9,September,2,2,0,1
C20866,2024,11,November,3,3,0,1
C20866,2025,3,March,4,4,0,1
C20866,2025,11,November,5,5,0,1
C20866,2025,12,December,6,6,0,1
C20867,2025,3,March,1,0,1,0
C20868,2025,7,July,1,1,1,0
C20868,2025,10,October,2,2,0,1
C20868,2025,12,December,3,3,0,1
C20869,2024,10,October,1,0,1,0
C20869,2025,2,February,2,2,0,1
C20871,2024,9,September,1,1,1,0
C20871,2024,10,October,2,1,0,0
C20871,2024,12,December,3,2,0,1
C20871,2025,2,February,4,4,0,1
C20872,2025,1,January,1,1,1,0
C20872,2025,3,March,2,2,0,1
C20872,2025,8,August,3,3,0,1
C20873,2024,7,July,1,1,1,0
C20873,2025,7,July,2,2,0,1
C20873,2025,8,August,3,3,0,1
C20874,2024,11,November,1,1,1,0
C20874,2025,4,April,2,2,0,1
C20874,2025,9,September,3,3,0,1
C20876,2024,7,July,1,1,1,0
C20876,2024,9,September,2,2,0,1
C20876,2025,4,April,3,3,0,1
C20876,2025,7,July,4,4,0,1
C20878,2025,3,March,1,1,1,0
C20878,2025,8,August,2,2,0,1
C20879,2024,9,September,1,1,1,0
C20879,2024,10,October,2,2,0,1
C20879,2025,4,April,3,3,0,1
C20879,2025,5,May,4,3,0,1
C20879,2025,7,July,5,4,0,1
C20880,2025,9,September,1,1,1,0
C20881,2025,1,January,1,1,1,0
C20881,2025,4,April,2,1,0,0
C20881,2025,8,August,3,2,0,1
C20881,2025,9,September,4,3,0,1
C20882,2025,7,July,1,0,1,0
C20882,2025,9,September,2,1,0,0
C20883,2025,2,February,1,1,1,0
C20883,2025,5,May,2,2,0,1
C20883,2025,6,June,3,3,0,1
C20883,2025,9,September,4,5,0,1
C20883,2025,12,December,6,6,0,1
C20884,2024,10,October,1,1,1,0
C20884,2025,1,January,2,2,0,1
C20884,2025,2,February,3,3,0,1
C20884,2025,3,March,4,4,0,1
C20884,2025,5,May,5,5,0,1
C20884,2025,6,June,6,5,0,1
C20884,2025,9,September,7,5,0,1
C20885,2025,9,September,1,1,1,0
C20886,2025,4,April,1,1,1,0
C20886,2025,6,June,2,2,0,1
C20886,2025,9,September,3,3,0,1
C20886,2025,11,November,4,4,0,1
C20887,2024,7,July,1,1,1,0
C20887,2024,8,August,2,1,0,0
C20887,2024,10,October,3,1,0,0
C20887,2025,9,September,4,2,0,1
C20887,2025,12,December,5,3,0,1
C20888,2025,4,April,1,1,1,0
C20889,2025,5,May,1,1,1,0
C20889,2025,10,October,3,2,0,1
C20890,2025,5,May,1,0,1,0
C20891,2024,7,July,1,1,1,0
C20891,2024,8,August,2,2,0,1
C20891,2025,9,September,3,3,0,1
C20892,2025,12,December,1,1,1,0
C20893,2025,8,August,1,0,1,0
C20893,2025,9,September,3,1,0,0
C20894,2025,11,November,1,2,0,1
C20894,2025,12,December,3,3,0,1
C20895,2024,7,July,1,1,1,0
C20895,2024,10,October,2,2,0,1
C20895,2024,12,December,3,3,0,1
C20895,2025,6,June,4,4,0,1
C20895,2025,8,August,5,5,0,1
C20895,2025,12,December,6,6,0,1
C20896,2025,8,August,1,1,1,0
C20897,2024,8,August,1,1,1,0
C20897,2025,11,November,2,1,0,0
C20898,2024,8,August,1,1,1,0
C20899,2024,11,November,1,1,1,0
C20899,2025,1,January,2,2,0,1
C20899,2025,2,February,4,3,0,1
C20900,2024,7,July,1,1,1,0
C20900,2024,10,October,2,3,0,1
C20900,2025,3,March,4,3,0,1
C20900,2025,8,August,5,3,0,1
C20900,2025,9,September,6,3,0,1
C20901,2024,9,September,1,1,1,0
C20902,2024,11,November,1,1,1,0
C20902,2025,4,April,2,2,0,1
C20902,2025,9,September,3,3,0,1
C20903,2025,6,June,1,1,1,0
C20903,2025,12,December,2,2,0,1
C20904,2025,5,May,1,3,0,1
C20904,2025,12,December,4,4,0,1
C20905,2024,9,September,1,1,1,0
C20905,2025,6,June,2,2,0,1
C20905,2025,7,July,4,4,0,1
C20905,2025,8,August,6,5,0,1
C20905,2025,12,December,7,7,0,1
C20906,2024,12,December,1,1,1,0
C20906,2025,1,January,2,2,0,1
C20906,2025,7,July,3,5,0,1
C20906,2025,11,November,6,6,0,1
C20907,2025,8,August,1,0,1,0
C20908,2024,8,August,1,1,1,0
C20908,2024,9,September,2,2,0,1
C20908,2025,8,August,3,3,0,1
C20909,2024,7,July,1,1,1,0
C20909,2024,8,August,2,2,0,1
C20909,2024,9,September,3,3,0,1
C20910,2024,8,August,1,0,1,0
C20910,2024,9,September,2,1,0,0
C20910,2024,11,November,4,2,0,1
C20910,2024,12,December,5,3,0,1
C20910,2025,2,February,6,3,0,1
C20910,2025,3,March,7,5,0,1
C20910,2025,4,April,9,6,0,1
C20910,2025,5,May,10,7,0,1
C20910,2025,6,June,11,8,0,1
C20910,2025,7,July,12,8,0,1
C20910,2025,8,August,13,9,0,1
C20911,2024,9,September,1,1,1,0
C20911,2025,7,July,2,1,0,0
C20911,2025,8,August,3,2,0,1
C20911,2025,9,September,4,3,0,1
C20912,2024,7,July,1,1,1,0
C20912,2024,11,November,2,2,0,1
C20912,2025,4,April,3,3,0,1
C20912,2025,8,August,4,4,0,1
C20913,2024,9,September,1,1,1,0
C20913,2024,10,October,2,2,0,1
C20913,2024,12,December,3,3,0,1
C20913,2025,8,August,4,4,0,1
C20913,2025,10,October,5,5,0,1
C20913,2025,12,December,6,6,0,1
C20914,2024,8,August,1,1,1,0
C20914,2025,3,March,2,2,0,1
C20915,2024,9,September,1,1,1,0
C20915,2024,12,December,2,2,0,1
C20915,2025,3,March,3,3,0,1
C20915,2025,11,November,4,4,0,1
C20915,2025,12,December,5,5,0,1
C20916,2025,6,June,1,0,1,0
C20916,2025,9,September,2,1,0,0
C20916,2025,11,November,3,3,0,1
C20917,2025,2,February,1,1,1,0
C20917,2025,5,May,2,1,0,0
C20918,2025,3,March,1,1,1,0
C20921,2024,11,November,1,1,1,0
C20921,2025,2,February,3,2,0,1
C20921,2025,9,September,4,3,0,1
C20921,2025,10,October,5,3,0,1
C20922,2024,12,December,1,1,1,0
C20922,2025,1,January,2,2,0,1
C20922,2025,11,November,3,3,0,1
C20923,2024,11,November,1,2,0,1
C20923,2024,12,December,3,4,0,1
C20923,2025,1,January,5,5,0,1
C20923,2025,2,February,6,6,0,1
C20923,2025,3,March,7,7,0,1
C20923,2025,5,May,8,8,0,1
C20923,2025,12,December,9,9,0,1
C20924,2025,7,July,1,1,1,0
C20924,2025,9,September,2,2,0,1
C20924,2025,10,October,3,3,0,1
C20925,2024,7,July,1,1,1,0
C20926,2024,10,October,1,1,1,0
C20926,2025,8,August,2,1,0,0
C20926,2025,11,November,3,2,0,1
C20927,2024,10,October,1,2,0,1
C20927,2025,2,February,3,3,0,1
C20927,2025,4,April,4,5,0,1
C20928,2024,8,August,1,1,1,0
C20929,2024,7,July,1,1,1,0
C20929,2024,11,November,2,2,0,1
C20929,2025,2,February,4,2,0,1
C20929,2025,5,May,5,3,0,1
C20930,2024,11,November,1,1,1,0
C20930,2025,3,March,2,2,0,1
C20930,2025,9,September,4,3,0,1
C20930,2025,10,October,5,4,0,1
C20930,2025,12,December,6,4,0,1
C20931,2024,7,July,1,1,1,0
C20932,2025,3,March,1,1,1,0
C20933,2024,7,July,1,1,1,0
C20933,2024,9,September,2,2,0,1
C20933,2024,10,October,3,4,0,1
C20933,2025,9,September,5,5,0,1
C20934,2024,9,September,1,1,1,0
C20935,2024,8,August,1,1,1,0
C20935,2025,12,December,2,2,0,1
C20937,2024,7,July,1,1,1,0
C20937,2024,8,August,2,2,0,1
C20937,2024,11,November,3,3,0,1
C20937,2025,11,November,4,4,0,1
C20938,2024,7,July,1,1,1,0
C20938,2024,9,September,2,1,0,0
C20938,2024,10,October,3,2,0,1
C20938,2025,11,November,4,3,0,1
C20938,2025,12,December,5,4,0,1
C20939,2024,7,July,1,1,1,0
C20939,2024,10,October,2,2,0,1
C20939,2024,11,November,3,3,0,1
C20939,2025,9,September,4,3,0,1
C20939,2025,11,November,5,4,0,1
C20940,2025,12,December,1,1,1,0
C20941,2024,9,September,1,1,1,0
C20941,2024,12,December,2,1,0,0
C20941,2025,2,February,3,2,0,1
C20942,2024,7,July,1,1,1,0
C20942,2024,9,September,2,2,0,1
C20942,2025,3,March,3,3,0,1
C20942,2025,5,May,4,4,0,1
C20942,2025,8,August,5,5,0,1
C20942,2025,10,October,6,6,0,1
C20943,2024,10,October,1,1,1,0
C20943,2024,11,November,2,3,0,1
C20943,2024,12,December,4,4,0,1
C20943,2025,1,January,5,5,0,1
C20943,2025,2,February,6,6,0,1
C20943,2025,5,May,7,7,0,1
C20943,2025,6,June,8,8,0,1
C20943,2025,7,July,9,9,0,1
C20944,2024,10,October,1,1,1,0
C20944,2024,12,December,3,1,0,0
C20945,2024,7,July,1,0,1,0
C20945,2024,8,August,2,1,0,0
C20945,2024,11,November,3,3,0,1
C20945,2025,10,October,5,4,0,1
C20945,2025,12,December,6,5,0,1
C20946,2024,7,July,1,1,1,0
C20946,2025,3,March,2,1,0,0
C20946,2025,4,April,3,2,0,1
C20947,2024,12,December,1,1,1,0
C20947,2025,1,January,2,2,0,1
C20947,2025,4,April,3,3,0,1
C20947,2025,8,August,4,4,0,1
C20949,2025,3,March,1,1,1,0
C20949,2025,12,December,2,1,0,0
C20950,2024,8,August,1,1,1,0
C20950,2024,9,September,2,2,0,1
C20950,2025,2,February,3,3,0,1
C20950,2025,4,April,4,3,0,1
C20950,2025,5,May,5,5,0,1
C20950,2025,6,June,7,6,0,1
C20951,2024,9,September,1,1,1,0
C20951,2025,6,June,2,2,0,1
C20951,2025,10,October,3,2,0,1
C20952,2025,7,July,1,1,1,0
C20952,2025,10,October,2,1,0,0
C20954,2024,9,September,1,1,1,0
C20954,2024,10,October,2,3,0,1
C20954,2025,7,July,4,4,0,1
C20954,2025,10,October,5,5,0,1
C20955,2025,7,July,1,0,1,0
C20956,2024,10,October,1,1,1,0
C20956,2025,5,May,2,2,0,1
C20957,2024,7,July,1,1,1,0
C20957,2024,10,October,2,2,0,1
C20957,2024,12,December,3,5,0,1
C20957,2025,5,May,6,6,0,1
C20957,2025,12,December,7,7,0,1
C20958,2025,7,July,1,1,1,0
C20958,2025,10,October,2,2,0,1
C20961,2025,10,October,1,1,1,0
C20962,2024,10,October,1,1,1,0
C20963,2024,9,September,1,1,1,0
C20963,2024,11,November,2,2,0,1
C20963,2024,12,December,3,3,0,1
C20963,2025,1,January,4,3,0,1
C20963,2025,3,March,5,4,0,1
C20963,2025,5,May,6,4,0,1
C20963,2025,7,July,7,5,0,1
C20963,2025,8,August,8,6,0,1
C20963,2025,9,September,9,7,0,1
C20963,2025,10,October,10,8,0,1
C20964,2024,10,October,1,1,1,0
C20964,2024,11,November,2,1,0,0
C20964,2025,1,January,3,2,0,1
C20964,2025,3,March,5,3,0,1
C20964,2025,4,April,6,4,0,1
C20964,2025,5,May,7,4,0,1
C20964,2025,7,July,8,5,0,1
C20964,2025,10,October,9,6,0,1
C20964,2025,11,November,10,8,0,1
C20965,2024,8,August,1,1,1,0
C20965,2024,11,November,2,2,0,1
C20965,2025,4,April,3,2,0,1
C20965,2025,6,June,4,3,0,1
C20965,2025,10,October,6,4,0,1
C20965,2025,11,November,7,4,0,1
C20966,2025,10,October,1,1,1,0
C20967,2024,7,July,1,1,1,0
C20967,2025,2,February,2,1,0,0
C20967,2025,6,June,3,2,0,1
C20967,2025,7,July,4,3,0,1
C20968,2024,9,September,1,1,1,0
C20968,2025,2,February,2,2,0,1
C20970,2024,7,July,1,1,1,0
C20970,2025,4,April,2,2,0,1
C20971,2024,9,September,1,1,1,0
C20971,2025,2,February,2,2,0,1
C20971,2025,3,March,3,4,0,1
C20971,2025,5,May,5,5,0,1
C20971,2025,6,June,6,6,0,1
C20971,2025,7,July,7,8,0,1
C20971,2025,8,August,9,10,0,1
C20972,2024,8,August,1,1,1,0
C20972,2025,2,February,2,2,0,1
C20972,2025,4,April,3,3,0,1
C20972,2025,6,June,4,4,0,1
C20972,2025,9,September,5,5,0,1
C20972,2025,11,November,6,6,0,1
C20973,2024,8,August,1,0,1,0
C20973,2025,1,January,2,1,0,0
C20973,2025,7,July,3,2,0,1
C20973,2025,10,October,4,3,0,1
C20973,2025,11,November,5,4,0,1
C20975,2024,7,July,1,1,1,0
C20975,2024,9,September,2,2,0,1
C20975,2025,5,May,3,3,0,1
C20976,2024,12,December,1,1,1,0
C20976,2025,4,April,3,2,0,1
C20976,2025,6,June,5,3,0,1
C20976,2025,8,August,6,4,0,1
C20976,2025,9,September,7,5,0,1
C20976,2025,10,October,8,6,0,1
C20976,2025,11,November,9,7,0,1
C20977,2024,10,October,1,1,1,0
C20978,2024,9,September,1,1,1,0
C20978,2024,10,October,2,2,0,1
C20979,2025,2,February,1,1,1,0
C20979,2025,8,August,2,2,0,1
C20980,2024,8,August,1,1,1,0
C20980,2024,10,October,2,2,0,1
C20981,2024,7,July,1,0,1,0
C20981,2025,3,March,2,1,0,0
C20981,2025,9,September,3,1,0,0
C20981,2025,10,October,4,1,0,0
C20981,2025,12,December,5,2,0,1
C20982,2025,8,August,1,1,1,0
C20982,2025,10,October,2,2,0,1
C20983,2024,7,July,1,1,1,0
C20983,2024,11,November,2,4,0,1
C20983,2025,6,June,5,5,0,1
C20983,2025,11,November,6,6,0,1
C20984,2024,11,November,1,2,0,1
C20984,2024,12,December,3,3,0,1
C20984,2025,6,June,4,4,0,1
C20984,2025,7,July,5,5,0,1
C20985,2024,8,August,1,1,1,0
C20985,2024,10,October,2,3,0,1
C20985,2024,11,November,4,4,0,1
C20985,2025,1,January,5,6,0,1
C20985,2025,3,March,7,7,0,1
C20985,2025,5,May,8,8,0,1
C20985,2025,9,September,9,8,0,1
C20985,2025,10,October,10,9,0,1
C20985,2025,11,November,11,11,0,1
C20986,2024,8,August,1,1,1,0
C20986,2024,9,September,2,2,0,1
C20986,2024,11,November,3,3,0,1
C20986,2025,3,March,4,4,0,1
C20986,2025,5,May,5,5,0,1
C20986,2025,7,July,6,7,0,1
C20986,2025,8,August,8,8,0,1
C20987,2024,12,December,1,1,1,0
C20987,2025,11,November,2,2,0,1
C20988,2024,7,July,1,1,1,0
C20988,2024,8,August,2,2,0,1
C20988,2025,2,February,3,3,0,1
C20988,2025,5,May,4,4,0,1
C20988,2025,10,October,5,5,0,1
C20988,2025,11,November,6,6,0,1
C20988,2025,12,December,7,7,0,1
C20989,2024,8,August,1,1,1,0
C20989,2025,1,January,2,3,0,1
C20989,2025,8,August,4,3,0,1
C20989,2025,9,September,6,4,0,1
C20989,2025,10,October,7,4,0,1
C20990,2024,8,August,1,2,0,1
C20990,2024,11,November,3,3,0,1
C20990,2025,1,January,4,4,0,1
C20990,2025,7,July,5,4,0,1
C20991,2024,7,July,1,1,1,0
C20991,2024,11,November,2,2,0,1
C20991,2025,2,February,3,3,0,1
C20991,2025,10,October,4,4,0,1
C20992,2024,8,August,1,2,0,1
C20992,2025,1,January,4,2,0,1
C20992,2025,2,February,5,3,0,1
C20992,2025,5,May,6,3,0,1
C20992,2025,6,June,7,4,0,1
C20992,2025,9,September,8,5,0,1
C20992,2025,10,October,9,6,0,1
C20994,2025,2,February,1,1,1,0
C20995,2025,2,February,1,1,1,0
C20996,2025,3,March,1,1,1,0
C20996,2025,7,July,2,2,0,1
C20996,2025,9,September,3,3,0,1
C20997,2024,8,August,1,1,1,0
C20997,2024,9,September,2,2,0,1
C20997,2024,10,October,3,3,0,1
C20997,2025,11,November,4,4,0,1
C20999,2024,10,October,1,1,1,0
C20999,2024,12,December,2,2,0,1
C20999,2025,2,February,3,4,0,1
C20999,2025,7,July,5,5,0,1
C20999,2025,9,September,6,6,0,1
C21000,2024,7,July,1,1,1,0
C21000,2024,10,October,3,2,0,1
C21000,2024,11,November,4,2,0,1
C21000,2025,2,February,5,3,0,1
C21000,2025,6,June,6,4,0,1
C21000,2025,8,August,7,5,0,1
C21000,2025,10,October,8,6,0,1
C21001,2024,9,September,1,1,1,0
C21001,2025,3,March,2,2,0,1
C21001,2025,4,April,3,3,0,1
C21002,2024,10,October,1,1,1,0
C21002,2024,11,November,2,2,0,1
C21002,2025,5,May,3,3,0,1
C21002,2025,12,December,4,4,0,1
C21004,2024,7,July,1,1,1,0
C21004,2025,8,August,2,2,0,1
C21004,2025,12,December,3,2,0,1
C21005,2025,6,June,1,1,1,0
C21006,2024,12,December,1,1,1,0
C21006,2025,3,March,2,2,0,1
C21006,2025,10,October,3,3,0,1
C21007,2024,8,August,1,1,1,0
C21007,2024,9,September,2,2,0,1
C21007,2025,1,January,3,3,0,1
C21007,2025,3,March,4,3,0,1
C21007,2025,7,July,5,7,0,1
C21007,2025,11,November,9,8,0,1
C21008,2024,8,August,1,1,1,0
C21008,2025,2,February,2,2,0,1
C21008,2025,6,June,3,4,0,1
C21008,2025,8,August,5,5,0,1
C21009,2024,7,July,1,1,1,0
C21009,2024,11,November,2,2,0,1
C21009,2025,8,August,3,3,0,1
C21010,2024,11,November,1,0,1,0
C21010,2025,3,March,2,1,0,0
C21010,2025,10,October,3,2,0,1
C21011,2024,8,August,1,1,1,0
C21011,2024,9,September,2,2,0,1
C21011,2025,3,March,3,3,0,1
C21011,2025,7,July,4,4,0,1
C21011,2025,9,September,5,5,0,1
C21011,2025,11,November,6,6,0,1
C21011,2025,12,December,8,7,0,1
C21012,2024,12,December,1,0,1,0
C21012,2025,2,February,2,0,0,0
C21012,2025,3,March,3,1,0,0
C21012,2025,6,June,4,1,0,0
C21012,2025,9,September,5,2,0,1
C21013,2024,11,November,1,1,1,0
C21014,2024,8,August,1,1,1,0
C21014,2025,7,July,2,2,0,1
C21015,2025,4,April,1,1,1,0
C21015,2025,7,July,2,2,0,1
C21015,2025,9,September,3,3,0,1
C21015,2025,10,October,4,4,0,1
C21015,2025,11,November,5,4,0,1
C21016,2025,2,February,1,1,1,0
C21016,2025,3,March,2,2,0,1
C21017,2024,11,November,1,2,0,1
C21017,2025,4,April,3,3,0,1
C21017,2025,11,November,4,4,0,1
C21018,2024,9,September,1,1,1,0
C21018,2024,10,October,2,2,0,1
C21018,2024,11,November,3,3,0,1
C21018,2024,12,December,4,4,0,1
C21018,2025,1,January,5,5,0,1
C21018,2025,4,April,6,6,0,1
C21018,2025,8,August,7,7,0,1
C21018,2025,12,December,8,8,0,1
C21019,2024,7,July,1,1,1,0
C21019,2024,11,November,2,1,0,0
C21019,2024,12,December,3,2,0,1
C21019,2025,1,January,4,4,0,1
C21019,2025,3,March,6,5,0,1
C21019,2025,6,June,7,6,0,1
C21019,2025,7,July,8,6,0,1
C21019,2025,9,September,9,7,0,1
C21020,2024,8,August,1,2,0,1
C21020,2024,11,November,3,2,0,1
C21020,2025,2,February,4,3,0,1
C21020,2025,7,July,5,4,0,1
C21022,2024,8,August,1,1,1,0
C21022,2024,10,October,2,1,0,0
C21023,2024,7,July,1,0,1,0
C21023,2024,8,August,2,2,0,1
C21023,2024,11,November,4,3,0,1
C21023,2025,3,March,5,4,0,1
C21023,2025,5,May,6,5,0,1
C21025,2025,4,April,1,1,1,0
C21025,2025,5,May,2,2,0,1
C21025,2025,6,June,3,3,0,1
C21027,2024,9,September,1,0,1,0
C21027,2025,4,April,2,1,0,0
C21027,2025,8,August,3,2,0,1
C21028,2025,7,July,1,2,0,1
C21028,2025,10,October,3,4,0,1
C21029,2024,11,November,1,0,1,0
C21029,2025,1,January,2,1,0,0
C21029,2025,7,July,3,2,0,1
C21030,2024,10,October,1,0,1,0
C21030,2024,12,December,2,1,0,0
C21030,2025,8,August,3,2,0,1
C21030,2025,9,September,4,3,0,1
C21031,2024,8,August,1,1,1,0
C21031,2024,12,December,2,2,0,1
C21031,2025,5,May,3,2,0,1
C21032,2024,12,December,1,1,1,0
C21032,2025,5,May,2,2,0,1
C21032,2025,8,August,3,4,0,1
C21032,2025,9,September,5,5,0,1
C21033,2024,8,August,1,1,1,0
C21033,2024,12,December,2,2,0,1
C21033,2025,2,February,3,3,0,1
C21033,2025,9,September,4,4,0,1
C21034,2024,8,August,1,1,1,0
C21034,2024,10,October,2,1,0,0
C21034,2025,1,January,3,2,0,1
C21034,2025,4,April,4,3,0,1
C21034,2025,8,August,5,4,0,1
C21034,2025,9,September,6,5,0,1
C21035,2024,11,November,1,1,1,0
C21035,2024,12,December,3,1,0,0
C21035,2025,4,April,4,2,0,1
C21035,2025,6,June,5,3,0,1
C21035,2025,12,December,6,4,0,1
C21036,2024,9,September,1,1,1,0
C21036,2024,12,December,2,2,0,1
C21036,2025,7,July,3,3,0,1
C21036,2025,8,August,4,4,0,1
C21036,2025,10,October,5,5,0,1
C21036,2025,11,November,6,6,0,1
C21037,2025,2,February,1,1,1,0
C21037,2025,11,November,2,2,0,1
C21038,2024,11,November,1,1,1,0
C21038,2025,4,April,2,2,0,1
C21038,2025,5,May,3,3,0,1
C21038,2025,6,June,4,4,0,1
C21038,2025,10,October,5,5,0,1
C21039,2024,7,July,1,1,1,0
C21039,2025,5,May,2,1,0,0
C21039,2025,7,July,3,2,0,1
C21039,2025,10,October,4,3,0,1
C21039,2025,11,November,5,4,0,1
C21040,2024,10,October,1,2,0,1
C21040,2024,11,November,3,2,0,1
C21040,2025,1,January,4,3,0,1
C21040,2025,4,April,5,4,0,1
C21041,2024,8,August,1,0,1,0
C21041,2025,5,May,2,1,0,0
C21041,2025,6,June,3,2,0,1
C21041,2025,8,August,4,3,0,1
C21041,2025,9,September,5,4,0,1
C21042,2024,10,October,1,1,1,0
C21043,2024,9,September,1,1,1,0
C21043,2024,10,October,2,2,0,1
C21043,2025,3,March,3,3,0,1
C21043,2025,10,October,4,4,0,1
C21044,2025,2,February,1,1,1,0
C21045,2024,8,August,1,4,0,1
C21045,2025,3,March,5,4,0,1
C21045,2025,5,May,6,4,0,1
C21045,2025,11,November,7,5,0,1
C21045,2025,12,December,8,6,0,1
C21047,2024,8,August,1,1,1,0
C21047,2024,11,November,2,2,0,1
C21047,2025,4,April,3,3,0,1
C21047,2025,7,July,4,4,0,1
C21048,2024,7,July,1,0,1,0
C21048,2024,8,August,2,1,0,0
C21048,2025,5,May,3,1,0,0
C21049,2024,11,November,1,2,0,1
C21049,2024,12,December,3,3,0,1
C21049,2025,2,February,4,4,0,1
C21049,2025,4,April,5,5,0,1
C21049,2025,7,July,6,6,0,1
C21049,2025,12,December,7,7,0,1
C21050,2025,6,June,1,1,1,0
C21050,2025,10,October,2,2,0,1
C21050,2025,11,November,3,3,0,1
C21052,2024,7,July,1,0,1,0
C21052,2024,8,August,2,1,0,0
C21052,2025,1,January,3,2,0,1
C21052,2025,4,April,4,3,0,1
C21052,2025,5,May,5,4,0,1
C21052,2025,6,June,6,4,0,1
C21052,2025,9,September,7,5,0,1
C21052,2025,12,December,8,6,0,1
C21053,2025,4,April,1,0,1,0
C21053,2025,9,September,2,0,0,0
C21053,2025,10,October,3,1,0,0
C21054,2024,7,July,1,1,1,0
C21054,2024,11,November,2,2,0,1
C21054,2025,7,July,3,3,0,1
C21055,2024,7,July,1,1,1,0
C21055,2025,3,March,2,2,0,1
C21055,2025,4,April,3,3,0,1
C21055,2025,10,October,4,3,0,1
C21055,2025,12,December,5,3,0,1
C21056,2024,7,July,1,1,1,0
C21056,2025,5,May,2,2,0,1
C21057,2024,7,July,1,1,1,0
C21057,2024,11,November,3,1,0,0
C21057,2025,1,January,4,2,0,1
C21057,2025,3,March,5,3,0,1
C21057,2025,5,May,6,4,0,1
C21057,2025,6,June,7,5,0,1
C21057,2025,8,August,8,6,0,1
C21057,2025,9,September,9,6,0,1
C21058,2024,11,November,1,1,1,0
C21058,2025,1,January,2,1,0,0
C21058,2025,9,September,3,2,0,1
C21058,2025,12,December,4,3,0,1
C21059,2025,7,July,1,1,1,0
C21060,2025,2,February,1,1,1,0
C21061,2024,10,October,1,1,1,0
C21061,2024,11,November,2,1,0,0
C21061,2025,1,January,3,2,0,1
C21061,2025,6,June,4,3,0,1
C21061,2025,12,December,5,4,0,1
C21062,2024,12,December,1,1,1,0
C21062,2025,4,April,2,2,0,1
C21062,2025,7,July,3,3,0,1
C21062,2025,11,November,4,4,0,1
C21063,2025,9,September,1,1,1,0
C21064,2024,11,November,1,1,1,0
C21064,2025,1,January,2,2,0,1
C21064,2025,8,August,3,3,0,1
C21064,2025,10,October,4,4,0,1
C21065,2025,6,June,1,1,1,0
C21066,2024,7,July,1,1,1,0
C21066,2025,2,February,2,2,0,1
C21066,2025,10,October,3,3,0,1
C21067,2024,9,September,1,1,1,0
C21067,2025,3,March,2,1,0,0
C21067,2025,10,October,3,1,0,0
C21067,2025,11,November,4,1,0,0
C21068,2024,12,December,1,1,1,0
C21069,2024,7,July,1,1,1,0
C21069,2024,10,October,2,2,0,1
C21069,2024,12,December,3,2,0,1
C21069,2025,6,June,4,3,0,1
C21070,2025,10,October,1,0,1,0
C21071,2024,7,July,1,1,1,0
C21071,2024,9,September,2,1,0,0
C21072,2024,8,August,1,1,1,0
C21072,2025,3,March,2,2,0,1
C21073,2024,7,July,1,1,1,0
C21073,2024,10,October,2,2,0,1
C21073,2025,8,August,3,3,0,1
C21073,2025,12,December,4,4,0,1
C21074,2025,4,April,1,0,1,0
C21074,2025,9,September,2,1,0,0
C21075,2024,9,September,1,1,1,0
C21075,2024,11,November,2,2,0,1
C21075,2025,2,February,3,3,0,1
C21075,2025,7,July,4,4,0,1
C21076,2024,9,September,1,0,1,0
C21076,2024,10,October,2,1,0,0
C21077,2024,9,September,1,1,1,0
C21077,2025,1,January,2,1,0,0
C21077,2025,6,June,3,2,0,1
C21077,2025,11,November,4,3,0,1
C21077,2025,12,December,5,4,0,1
C21078,2024,12,December,1,1,1,0
C21078,2025,5,May,2,1,0,0
C21078,2025,8,August,3,1,0,0
C21078,2025,12,December,4,2,0,1
C21079,2024,8,August,1,1,1,0
C21079,2025,6,June,2,2,0,1
C21079,2025,8,August,3,4,0,1
C21080,2025,4,April,1,1,1,0
C21080,2025,9,September,2,2,0,1
C21080,2025,11,November,3,2,0,1
C21081,2024,9,September,1,1,1,0
C21081,2024,11,November,2,2,0,1
C21081,2024,12,December,3,3,0,1
C21081,2025,2,February,4,3,0,1
C21081,2025,3,March,6,5,0,1
C21081,2025,4,April,8,6,0,1
C21081,2025,9,September,9,7,0,1
C21081,2025,10,October,10,9,0,1
C21081,2025,11,November,12,10,0,1
C21081,2025,12,December,13,11,0,1
C21082,2025,4,April,1,1,1,0
C21082,2025,8,August,2,2,0,1
C21082,2025,9,September,3,3,0,1
C21082,2025,11,November,4,4,0,1
C21083,2025,6,June,1,1,1,0
C21083,2025,12,December,2,2,0,1
C21084,2024,8,August,1,1,1,0
C21084,2025,12,December,2,2,0,1
C21085,2024,9,September,1,1,1,0
C21085,2024,10,October,2,2,0,1
C21086,2024,12,December,1,0,1,0
C21086,2025,10,October,2,1,0,0
C21087,2024,7,July,1,1,1,0
C21087,2025,4,April,2,1,0,0
C21087,2025,7,July,3,2,0,1
C21088,2024,7,July,1,1,1,0
C21088,2025,3,March,2,1,0,0
C21088,2025,5,May,3,2,0,1
C21088,2025,6,June,4,4,0,1
C21089,2024,9,September,1,1,1,0
C21089,2025,1,January,2,1,0,0
C21090,2024,7,July,1,1,1,0
C21090,2024,8,August,2,2,0,1
C21090,2025,7,July,3,3,0,1
C21090,2025,10,October,4,4,0,1
C21091,2024,9,September,1,1,1,0
C21091,2025,4,April,2,2,0,1
C21091,2025,10,October,3,3,0,1
C21091,2025,12,December,5,4,0,1
C21092,2024,11,November,1,0,1,0
C21092,2025,2,February,2,1,0,0
C21092,2025,5,May,3,2,0,1
C21092,2025,7,July,4,2,0,1
C21093,2024,7,July,1,1,1,0
C21093,2025,1,January,2,2,0,1
C21093,2025,3,March,4,2,0,1
C21094,2024,10,October,1,1,1,0
C21094,2024,11,November,2,2,0,1
C21094,2025,3,March,3,3,0,1
C21094,2025,5,May,4,4,0,1
C21094,2025,10,October,5,5,0,1
C21094,2025,11,November,6,7,0,1
C21095,2024,9,September,1,1,1,0
C21095,2024,11,November,2,2,0,1
C21096,2024,11,November,1,1,1,0
C21096,2025,4,April,2,2,0,1
C21096,2025,8,August,3,3,0,1
C21096,2025,9,September,4,4,0,1
C21096,2025,12,December,5,4,0,1
C21097,2024,7,July,1,3,0,1
C21097,2024,9,September,4,4,0,1
C21097,2025,3,March,5,5,0,1
C21097,2025,7,July,6,6,0,1
C21098,2025,1,January,1,1,1,0
C21098,2025,2,February,2,2,0,1
C21098,2025,3,March,3,3,0,1
C21098,2025,6,June,4,4,0,1
C21098,2025,8,August,5,5,0,1
C21098,2025,11,November,6,6,0,1
C21099,2024,8,August,1,2,0,1
C21099,2024,12,December,4,3,0,1
C21099,2025,1,January,5,4,0,1
C21099,2025,2,February,6,4,0,1
C21099,2025,4,April,7,4,0,1
C21100,2024,9,September,1,1,1,0
C21100,2025,3,March,2,3,0,1
C21101,2024,9,September,1,1,1,0
C21101,2025,1,January,2,2,0,1
C21101,2025,6,June,3,3,0,1
C21101,2025,8,August,4,4,0,1
C21102,2025,7,July,1,1,1,0
C21103,2024,9,September,1,1,1,0
C21103,2024,11,November,2,2,0,1
C21103,2025,8,August,3,3,0,1
C21104,2025,3,March,1,1,1,0
C21104,2025,7,July,2,2,0,1
C21106,2024,8,August,1,1,1,0
C21106,2025,1,January,2,2,0,1
C21106,2025,3,March,3,3,0,1
C21106,2025,11,November,4,4,0,1
C21107,2024,7,July,1,1,1,0
C21107,2024,12,December,2,3,0,1
C21107,2025,12,December,4,4,0,1
C21108,2024,8,August,1,1,1,0
C21108,2025,1,January,2,2,0,1
C21108,2025,4,April,3,2,0,1
C21108,2025,6,June,4,3,0,1
C21108,2025,7,July,5,4,0,1
C21108,2025,8,August,6,5,0,1
C21109,2024,9,September,1,0,1,0
C21109,2024,10,October,2,0,0,0
C21109,2025,6,June,3,0,0,0
C21109,2025,12,December,4,1,0,0
C21110,2024,11,November,1,1,1,0
C21110,2025,3,March,2,2,0,1
C21110,2025,7,July,3,3,0,1
C21110,2025,9,September,4,4,0,1
C21111,2024,8,August,1,2,0,1
C21111,2024,12,December,3,4,0,1
C21112,2024,11,November,1,0,1,0
C21112,2025,4,April,2,1,0,0
C21112,2025,10,October,3,2,0,1
C21113,2024,11,November,1,1,1,0
C21113,2025,8,August,2,2,0,1
C21114,2024,7,July,1,1,1,0
C21114,2024,9,September,2,1,0,0
C21114,2025,1,January,3,2,0,1
C21114,2025,2,February,4,3,0,1
C21114,2025,7,July,6,4,0,1
C21114,2025,8,August,7,5,0,1
C21114,2025,10,October,8,6,0,1
C21114,2025,11,November,9,7,0,1
C21115,2025,11,November,1,0,1,0
C21116,2025,5,May,1,0,1,0
C21117,2024,8,August,1,1,1,0
C21117,2024,10,October,2,2,0,1
C21117,2025,5,May,3,3,0,1
C21117,2025,10,October,4,4,0,1
C21118,2024,8,August,1,1,1,0
C21118,2024,10,October,2,2,0,1
C21118,2024,11,November,3,3,0,1
C21118,2025,1,January,4,4,0,1
C21118,2025,4,April,5,5,0,1
C21118,2025,9,September,6,6,0,1
C21118,2025,12,December,7,7,0,1
C21119,2024,10,October,1,1,1,0
C21119,2025,1,January,2,2,0,1
C21119,2025,2,February,3,2,0,1
C21119,2025,3,March,4,2,0,1
C21120,2024,9,September,1,1,1,0
C21120,2025,4,April,2,2,0,1
C21121,2024,9,September,1,1,1,0
C21122,2025,4,April,1,1,1,0
C21122,2025,10,October,2,2,0,1
C21122,2025,12,December,3,2,0,1
C21123,2024,8,August,1,1,1,0
C21123,2024,9,September,2,3,0,1
C21123,2024,10,October,4,4,0,1
C21123,2024,11,November,5,5,0,1
C21123,2025,3,March,6,6,0,1
C21123,2025,5,May,7,7,0,1
C21123,2025,9,September,8,8,0,1
C21123,2025,10,October,9,9,0,1
C21123,2025,12,December,10,10,0,1
C21124,2024,7,July,1,1,1,0
C21124,2024,8,August,2,1,0,0
C21124,2024,12,December,3,2,0,1
C21124,2025,1,January,4,2,0,1
C21124,2025,2,February,5,4,0,1
C21124,2025,3,March,8,5,0,1
C21124,2025,8,August,9,5,0,1
C21124,2025,9,September,10,6,0,1
C21124,2025,12,December,11,8,0,1
C21125,2025,4,April,1,1,1,0
C21125,2025,7,July,2,2,0,1
C21126,2024,7,July,1,1,1,0
C21126,2024,8,August,2,2,0,1
C21126,2025,7,July,3,2,0,1
C21127,2025,1,January,1,1,1,0
C21127,2025,4,April,3,2,0,1
C21127,2025,11,November,4,3,0,1
C21128,2024,7,July,1,1,1,0
C21128,2025,1,January,2,3,0,1
C21128,2025,3,March,4,4,0,1
C21128,2025,8,August,5,5,0,1
C21128,2025,12,December,6,6,0,1
C21129,2024,10,October,1,0,1,0
C21129,2025,4,April,2,1,0,0
C21130,2024,7,July,1,1,1,0
C21130,2025,9,September,2,2,0,1
C21131,2025,4,April,1,1,1,0
C21131,2025,8,August,3,2,0,1
C21132,2024,12,December,1,1,1,0
C21132,2025,1,January,2,2,0,1
C21133,2024,9,September,1,1,1,0
C21133,2024,11,November,2,1,0,0
C21133,2025,1,January,3,1,0,0
C21133,2025,9,September,4,1,0,0
C21133,2025,11,November,5,2,0,1
C21134,2025,2,February,1,1,1,0
C21134,2025,5,May,2,2,0,1
C21134,2025,12,December,3,3,0,1
C21135,2025,2,February,1,1,1,0
C21135,2025,9,September,2,2,0,1
C21136,2025,1,January,1,1,1,0
C21136,2025,5,May,2,2,0,1
C21136,2025,7,July,3,3,0,1
C21137,2024,7,July,1,1,1,0
C21137,2024,10,October,2,2,0,1
C21137,2024,11,November,3,3,0,1
C21138,2024,9,September,1,1,1,0
C21138,2024,11,November,2,2,0,1
C21138,2025,1,January,3,2,0,1
C21138,2025,2,February,4,4,0,1
C21138,2025,3,March,6,5,0,1
C21138,2025,9,September,7,6,0,1
C21138,2025,11,November,8,7,0,1
C21138,2025,12,December,9,7,0,1
C21139,2025,4,April,1,1,1,0
C21139,2025,5,May,2,2,0,1
C21140,2024,9,September,1,1,1,0
C21140,2025,2,February,2,2,0,1
C21140,2025,3,March,3,3,0,1
C21140,2025,4,April,4,4,0,1
C21140,2025,8,August,5,4,0,1
C21141,2024,12,December,1,1,1,0
C21141,2025,3,March,2,2,0,1
C21143,2025,1,January,1,1,1,0
C21143,2025,2,February,2,2,0,1
C21143,2025,3,March,3,3,0,1
C21143,2025,11,November,4,4,0,1
C21144,2024,7,July,1,1,1,0
C21144,2024,8,August,2,2,0,1
C21144,2024,9,September,3,3,0,1
C21144,2024,10,October,4,3,0,1
C21144,2024,12,December,5,4,0,1
C21144,2025,3,March,6,5,0,1
C21144,2025,4,April,7,5,0,1
C21144,2025,9,September,8,6,0,1
C21144,2025,11,November,9,7,0,1
C21145,2025,1,January,1,1,1,0
C21146,2024,7,July,1,0,1,0
C21146,2024,9,September,2,1,0,0
C21146,2025,6,June,4,2,0,1
C21146,2025,8,August,6,4,0,1
C21147,2025,1,January,1,1,1,0
C21147,2025,5,May,2,2,0,1
C21147,2025,8,August,3,2,0,1
C21147,2025,11,November,4,3,0,1
C21148,2024,9,September,1,0,1,0
C21148,2024,10,October,2,0,0,0
C21148,2024,12,December,3,1,0,0
C21148,2025,1,January,4,2,0,1
C21148,2025,10,October,5,3,0,1
C21148,2025,11,November,6,4,0,1
C21149,2025,4,April,1,1,1,0
C21149,2025,8,August,3,2,0,1
C21149,2025,10,October,4,3,0,1
C21149,2025,11,November,5,4,0,1
C21150,2025,7,July,1,0,1,0
C21151,2024,8,August,1,1,1,0
C21151,2025,2,February,2,2,0,1
C21151,2025,11,November,3,3,0,1
C21151,2025,12,December,5,4,0,1
C21152,2024,7,July,1,1,1,0
C21152,2025,5,May,2,2,0,1
C21152,2025,7,July,3,3,0,1
C21152,2025,10,October,4,4,0,1
C21153,2024,7,July,1,1,1,0
C21153,2024,12,December,2,3,0,1
C21153,2025,4,April,5,3,0,1
C21153,2025,8,August,6,3,0,1
C21153,2025,9,September,7,4,0,1
C21153,2025,10,October,8,5,0,1
C21154,2025,8,August,1,2,0,1
C21154,2025,10,October,3,3,0,1
C21155,2024,7,July,1,0,1,0
C21155,2024,11,November,2,1,0,0
C21155,2024,12,December,3,2,0,1
C21155,2025,1,January,4,3,0,1
C21155,2025,2,February,5,4,0,1
C21155,2025,6,June,6,5,0,1
C21156,2024,7,July,1,1,1,0
C21156,2024,11,November,2,2,0,1
C21156,2025,1,January,3,2,0,1
C21156,2025,11,November,4,3,0,1
C21157,2024,11,November,1,1,1,0
C21157,2024,12,December,2,2,0,1
C21157,2025,1,January,3,3,0,1
C21157,2025,12,December,4,4,0,1
C21158,2024,11,November,1,1,1,0
C21158,2024,12,December,2,2,0,1
C21158,2025,8,August,3,3,0,1
C21158,2025,9,September,4,4,0,1
C21159,2024,12,December,1,1,1,0
C21159,2025,6,June,2,1,0,0
C21159,2025,11,November,3,2,0,1
C21159,2025,12,December,4,3,0,1
C21160,2024,7,July,1,1,1,0
C21160,2024,8,August,2,3,0,1
C21160,2024,9,September,4,4,0,1
C21160,2025,1,January,5,5,0,1
C21160,2025,6,June,6,6,0,1
C21160,2025,7,July,7,6,0,1
C21160,2025,8,August,8,7,0,1
C21160,2025,11,November,9,8,0,1
C21160,2025,12,December,10,9,0,1
C21161,2025,5,May,1,1,1,0
C21161,2025,7,July,2,2,0,1
C21161,2025,9,September,3,3,0,1
C21162,2025,5,May,1,1,1,0
C21162,2025,7,July,2,2,0,1
C21163,2025,3,March,1,1,1,0
C21164,2025,2,February,1,1,1,0
C21165,2024,8,August,1,1,1,0
C21165,2025,2,February,2,2,0,1
C21165,2025,6,June,3,3,0,1
C21165,2025,8,August,4,3,0,1
C21165,2025,12,December,5,4,0,1
C21166,2024,12,December,1,1,1,0
C21166,2025,7,July,2,2,0,1
C21167,2024,9,September,1,1,1,0
C21167,2024,10,October,2,2,0,1
C21167,2024,11,November,3,3,0,1
C21167,2024,12,December,4,4,0,1
C21167,2025,4,April,5,5,0,1
C21168,2024,7,July,1,1,1,0
C21168,2024,9,September,2,1,0,0
C21168,2024,12,December,3,1,0,0
C21168,2025,2,February,5,2,0,1
C21168,2025,5,May,6,3,0,1
C21168,2025,6,June,7,4,0,1
C21168,2025,10,October,8,5,0,1
C21168,2025,12,December,9,6,0,1
C21169,2024,8,August,1,1,1,0
C21169,2024,10,October,2,2,0,1
C21169,2024,12,December,3,3,0,1
C21169,2025,12,December,4,4,0,1
C21170,2024,7,July,1,0,1,0
C21170,2025,1,January,2,1,0,0
C21170,2025,4,April,3,2,0,1
C21170,2025,6,June,4,2,0,1
C21170,2025,9,September,5,3,0,1
C21170,2025,10,October,6,4,0,1
C21171,2024,8,August,1,0,1,0
C21171,2025,3,March,2,1,0,0
C21171,2025,12,December,3,2,0,1
C21174,2024,10,October,1,1,1,0
C21174,2025,5,May,2,2,0,1
C21174,2025,7,July,3,3,0,1
C21175,2024,8,August,1,1,1,0
C21175,2024,10,October,2,2,0,1
C21175,2025,5,May,3,3,0,1
C21175,2025,11,November,4,4,0,1
C21176,2024,7,July,1,1,1,0
C21176,2024,9,September,2,2,0,1
C21176,2024,12,December,3,4,0,1
C21176,2025,2,February,5,4,0,1
C21176,2025,4,April,6,4,0,1
C21177,2025,8,August,1,1,1,0
C21177,2025,10,October,2,2,0,1
C21178,2024,8,August,1,1,1,0
C21178,2025,2,February,2,2,0,1
C21178,2025,6,June,3,2,0,1
C21180,2024,7,July,1,1,1,0
C21180,2024,12,December,2,1,0,0
C21180,2025,4,April,3,2,0,1
C21180,2025,5,May,5,2,0,1
C21180,2025,11,November,6,2,0,1
C21181,2024,9,September,1,0,1,0
C21181,2024,11,November,2,1,0,0
C21181,2024,12,December,3,1,0,0
C21181,2025,1,January,4,2,0,1
C21181,2025,5,May,5,3,0,1
C21181,2025,7,July,6,4,0,1
C21181,2025,9,September,7,5,0,1
C21181,2025,11,November,8,6,0,1
C21181,2025,12,December,9,7,0,1
C21182,2025,4,April,1,1,1,0
C21182,2025,11,November,2,2,0,1
C21183,2024,9,September,1,1,1,0
C21183,2025,12,December,2,2,0,1
C21184,2024,11,November,1,0,1,0
C21184,2025,5,May,2,1,0,0
C21185,2024,8,August,1,1,1,0
C21185,2025,4,April,2,2,0,1
C21185,2025,5,May,3,3,0,1
C21185,2025,10,October,4,4,0,1
C21186,2024,7,July,1,2,0,1
C21186,2024,8,August,3,2,0,1
C21186,2024,12,December,4,3,0,1
C21186,2025,1,January,5,4,0,1
C21186,2025,8,August,6,5,0,1
C21186,2025,9,September,7,5,0,1
C21187,2024,12,December,1,0,1,0
C21187,2025,3,March,2,1,0,0
C21187,2025,4,April,3,2,0,1
C21187,2025,5,May,4,2,0,1
C21187,2025,8,August,5,2,0,1
C21187,2025,11,November,6,3,0,1
C21188,2024,10,October,1,1,1,0
C21188,2025,6,June,2,2,0,1
C21189,2024,7,July,1,1,1,0
C21189,2025,6,June,2,2,0,1
C21190,2025,5,May,1,1,1,0
C21190,2025,7,July,2,1,0,0
C21190,2025,10,October,3,2,0,1
C21191,2024,7,July,1,1,1,0
C21191,2024,8,August,3,2,0,1
C21191,2025,4,April,4,3,0,1
C21192,2024,8,August,1,1,1,0
C21192,2024,10,October,2,2,0,1
C21192,2025,1,January,3,3,0,1
C21192,2025,8,August,5,4,0,1
C21193,2024,11,November,1,1,1,0
C21194,2024,8,August,1,1,1,0
C21194,2025,7,July,2,2,0,1
C21194,2025,12,December,3,3,0,1
C21195,2024,12,December,1,1,1,0
C21195,2025,9,September,2,2,0,1
C21196,2025,6,June,1,1,1,0
C21196,2025,10,October,2,2,0,1
C21196,2025,12,December,3,2,0,1
C21197,2024,7,July,1,1,1,0
C21197,2024,9,September,2,1,0,0
C21197,2025,1,January,3,1,0,0
C21197,2025,2,February,4,1,0,0
C21197,2025,4,April,5,1,0,0
C21197,2025,5,May,6,1,0,0
C21197,2025,6,June,7,1,0,0
C21197,2025,8,August,8,2,0,1
C21198,2024,11,November,1,1,1,0
C21198,2025,1,January,2,2,0,1
C21198,2025,9,September,3,3,0,1
C21199,2024,7,July,1,1,1,0
C21199,2024,8,August,2,2,0,1
C21199,2024,10,October,3,3,0,1
C21199,2025,3,March,4,4,0,1
C21199,2025,5,May,5,5,0,1
C21199,2025,7,July,6,6,0,1
C21199,2025,11,November,7,7,0,1
C21200,2025,2,February,1,1,1,0
C21200,2025,10,October,2,2,0,1
C21201,2024,12,December,1,1,1,0
C21202,2025,3,March,1,0,1,0
C21203,2024,9,September,1,1,1,0
C21203,2024,11,November,2,2,0,1
C21203,2025,3,March,3,2,0,1
C21203,2025,4,April,4,3,0,1
C21203,2025,6,June,5,4,0,1
C21203,2025,9,September,6,5,0,1
C21203,2025,10,October,8,6,0,1
C21203,2025,12,December,9,6,0,1
C21204,2024,8,August,1,2,0,1
C21204,2024,9,September,3,2,0,1
C21204,2024,11,November,4,2,0,1
C21204,2024,12,December,5,2,0,1
C21204,2025,1,January,6,3,0,1
C21204,2025,3,March,7,4,0,1
C21205,2024,7,July,1,1,1,0
C21205,2024,10,October,2,1,0,0
C21205,2024,12,December,3,1,0,0
C21205,2025,11,November,4,2,0,1
C21206,2024,9,September,1,1,1,0
C21206,2025,1,January,2,2,0,1
C21206,2025,3,March,3,3,0,1
C21206,2025,7,July,4,4,0,1
C21207,2024,7,July,1,1,1,0
C21207,2024,10,October,2,2,0,1
C21207,2025,2,February,3,4,0,1
C21207,2025,3,March,5,5,0,1
C21207,2025,9,September,6,6,0,1
C21208,2024,7,July,1,1,1,0
C21208,2024,10,October,2,2,0,1
C21208,2025,3,March,4,3,0,1
C21208,2025,12,December,5,4,0,1
C21209,2024,7,July,1,1,1,0
C21209,2024,12,December,2,1,0,0
C21209,2025,7,July,3,2,0,1
C21211,2024,7,July,1,1,1,0
C21211,2024,8,August,2,2,0,1
C21211,2024,9,September,3,2,0,1
C21211,2024,10,October,4,2,0,1
C21211,2025,2,February,5,2,0,1
C21211,2025,5,May,6,3,0,1
C21211,2025,12,December,7,4,0,1
C21212,2024,7,July,1,1,1,0
C21212,2025,2,February,2,1,0,0
C21213,2025,3,March,1,1,1,0
C21213,2025,8,August,2,1,0,0
C21213,2025,12,December,3,2,0,1
C21214,2024,7,July,1,0,1,0
C21214,2024,10,October,2,1,0,0
C21214,2024,11,November,3,1,0,0
C21214,2025,3,March,4,2,0,1
C21215,2025,9,September,1,0,1,0
C21216,2025,2,February,1,0,1,0
C21217,2025,3,March,1,0,1,0
C21217,2025,7,July,2,1,0,0
C21218,2025,7,July,1,1,1,0
C21218,2025,10,October,2,2,0,1
C21219,2024,7,July,1,1,1,0
C21219,2024,9,September,2,2,0,1
C21219,2024,10,October,3,4,0,1
C21219,2025,3,March,5,5,0,1
C21219,2025,4,April,6,5,0,1
C21219,2025,7,July,7,6,0,1
C21219,2025,12,December,8,7,0,1
C21220,2025,3,March,1,1,1,0
C21220,2025,4,April,2,2,0,1
C21220,2025,8,August,3,3,0,1
C21221,2025,6,June,1,1,1,0
C21221,2025,9,September,2,2,0,1
C21222,2024,7,July,1,1,1,0
C21222,2024,9,September,2,1,0,0
C21222,2025,2,February,3,2,0,1
C21222,2025,3,March,4,2,0,1
C21223,2024,8,August,1,1,1,0
C21223,2024,12,December,2,2,0,1
C21224,2024,7,July,1,1,1,0
C21224,2025,2,February,2,2,0,1
C21224,2025,7,July,3,3,0,1
C21224,2025,8,August,4,4,0,1
C21225,2025,5,May,1,1,1,0
C21226,2024,8,August,1,1,1,0
C21227,2024,8,August,1,0,1,0
C21227,2025,2,February,2,1,0,0
C21227,2025,6,June,3,2,0,1
C21227,2025,11,November,4,2,0,1
C21228,2024,10,October,1,1,1,0
C21228,2025,1,January,2,1,0,0
C21228,2025,4,April,3,2,0,1
C21228,2025,6,June,4,3,0,1
C21228,2025,9,September,5,4,0,1
C21228,2025,10,October,6,5,0,1
C21228,2025,11,November,7,6,0,1
C21229,2025,1,January,1,1,1,0
C21229,2025,12,December,2,2,0,1
C21230,2024,7,July,1,1,1,0
C21230,2025,7,July,2,2,0,1
C21231,2024,7,July,1,1,1,0
C21231,2024,12,December,2,2,0,1
C21231,2025,4,April,3,5,0,1
C21231,2025,6,June,6,6,0,1
C21231,2025,7,July,7,6,0,1
C21231,2025,10,October,8,8,0,1
C21231,2025,12,December,10,9,0,1
C21232,2024,7,July,1,2,0,1
C21232,2024,9,September,3,3,0,1
C21232,2024,12,December,4,4,0,1
C21232,2025,4,April,5,5,0,1
C21232,2025,7,July,8,6,0,1
C21232,2025,8,August,9,7,0,1
C21232,2025,11,November,10,8,0,1
C21233,2024,10,October,1,1,1,0
C21233,2024,12,December,2,2,0,1
C21233,2025,4,April,4,3,0,1
C21233,2025,5,May,5,4,0,1
C21233,2025,6,June,7,5,0,1
C21233,2025,7,July,8,6,0,1
C21233,2025,8,August,9,7,0,1
C21233,2025,10,October,11,8,0,1
C21233,2025,12,December,12,9,0,1
C21234,2024,7,July,1,1,1,0
C21234,2025,3,March,2,2,0,1
C21235,2024,8,August,1,1,1,0
C21235,2025,7,July,2,3,0,1
C21235,2025,8,August,4,4,0,1
C21235,2025,11,November,5,5,0,1
C21235,2025,12,December,7,5,0,1
C21236,2024,10,October,1,1,1,0
C21236,2024,11,November,2,3,0,1
C21236,2025,4,April,4,5,0,1
C21236,2025,5,May,6,6,0,1
C21236,2025,8,August,7,8,0,1
C21236,2025,9,September,9,9,0,1
C21237,2025,1,January,1,1,1,0
C21237,2025,2,February,2,2,0,1
C21237,2025,8,August,3,3,0,1
C21237,2025,10,October,4,5,0,1
C21238,2025,4,April,1,1,1,0
C21238,2025,10,October,2,2,0,1
C21238,2025,12,December,3,3,0,1
C21239,2025,6,June,1,1,1,0
C21240,2025,5,May,1,1,1,0
C21240,2025,11,November,2,3,0,1
C21240,2025,12,December,4,4,0,1
C21241,2024,12,December,1,1,1,0
C21241,2025,5,May,2,2,0,1
C21242,2024,7,July,1,1,1,0
C21242,2024,9,September,2,1,0,0
C21242,2025,7,July,3,2,0,1
C21243,2025,6,June,1,1,1,0
C21244,2024,7,July,1,1,1,0
C21244,2025,4,April,2,2,0,1
C21244,2025,7,July,3,3,0,1
C21244,2025,10,October,4,4,0,1
C21245,2024,8,August,1,1,1,0
C21245,2024,10,October,2,2,0,1
C21245,2024,11,November,3,3,0,1
C21245,2025,3,March,4,4,0,1
C21245,2025,5,May,5,5,0,1
C21245,2025,11,November,6,6,0,1
C21246,2025,1,January,1,1,1,0
C21246,2025,7,July,2,2,0,1
C21246,2025,9,September,3,2,0,1
C21247,2024,12,December,1,1,1,0
C21247,2025,4,April,2,1,0,0
C21247,2025,6,June,3,3,0,1
C21248,2025,1,January,1,1,1,0
C21248,2025,3,March,2,2,0,1
C21248,2025,5,May,4,3,0,1
C21248,2025,7,July,5,4,0,1
C21248,2025,10,October,7,5,0,1
C21249,2024,8,August,1,1,1,0
C21249,2024,10,October,2,2,0,1
C21249,2024,11,November,3,3,0,1
C21249,2025,5,May,4,5,0,1
C21249,2025,8,August,6,6,0,1
C21250,2025,4,April,1,1,1,0
C21250,2025,8,August,2,2,0,1
C21250,2025,12,December,3,3,0,1
C21251,2024,12,December,1,1,1,0
C21251,2025,2,February,2,1,0,0
C21252,2024,8,August,1,1,1,0
C21252,2024,10,October,2,2,0,1
C21252,2024,11,November,3,3,0,1
C21252,2025,2,February,4,4,0,1
C21252,2025,3,March,5,5,0,1
C21252,2025,4,April,6,5,0,1
C21253,2024,12,December,1,0,1,0
C21253,2025,5,May,2,1,0,0
C21253,2025,8,August,3,2,0,1
C21253,2025,11,November,4,3,0,1
C21254,2025,3,March,1,1,1,0
C21254,2025,4,April,2,2,0,1
C21254,2025,6,June,3,3,0,1
C21254,2025,8,August,4,5,0,1
C21255,2025,5,May,1,1,1,0
C21255,2025,11,November,2,1,0,0
C21255,2025,12,December,3,2,0,1
C21256,2024,12,December,1,1,1,0
C21256,2025,9,September,2,2,0,1
C21257,2024,12,December,1,1,1,0
C21258,2024,7,July,1,0,1,0
C21258,2025,8,August,2,1,0,0
C21259,2024,10,October,1,0,1,0
C21259,2025,1,January,2,1,0,0
C21259,2025,11,November,3,3,0,1
C21260,2025,3,March,1,1,1,0
C21260,2025,4,April,2,2,0,1
C21260,2025,6,June,3,4,0,1
C21260,2025,7,July,5,5,0,1
C21260,2025,10,October,6,6,0,1
C21261,2024,7,July,1,0,1,0
C21261,2024,10,October,2,1,0,0
C21261,2025,1,January,3,2,0,1
C21261,2025,5,May,4,3,0,1
C21261,2025,8,August,5,5,0,1
C21261,2025,10,October,7,5,0,1
C21261,2025,11,November,8,6,0,1
C21261,2025,12,December,9,6,0,1
C21262,2025,4,April,1,1,1,0
C21262,2025,6,June,2,2,0,1
C21262,2025,10,October,3,3,0,1
C21263,2024,9,September,1,1,1,0
C21263,2024,10,October,3,2,0,1
C21263,2025,2,February,4,2,0,1
C21264,2025,1,January,1,1,1,0
C21264,2025,9,September,2,2,0,1
C21265,2025,3,March,1,1,1,0
C21265,2025,12,December,2,2,0,1
C21266,2024,7,July,1,1,1,0
C21266,2025,11,November,2,2,0,1
C21267,2024,10,October,1,0,1,0
C21268,2024,11,November,1,0,1,0
C21268,2025,1,January,2,0,0,0
C21268,2025,5,May,3,1,0,0
C21269,2024,7,July,1,1,1,0
C21269,2025,1,January,2,2,0,1
C21269,2025,4,April,3,3,0,1
C21270,2024,7,July,1,1,1,0
C21270,2025,9,September,2,2,0,1
C21270,2025,11,November,3,3,0,1
C21271,2024,7,July,1,1,1,0
C21271,2024,8,August,2,2,0,1
C21271,2024,9,September,3,4,0,1
C21271,2024,12,December,5,5,0,1
C21271,2025,4,April,6,6,0,1
C21271,2025,5,May,7,7,0,1
C21272,2024,11,November,1,1,1,0
C21272,2024,12,December,2,3,0,1
C21272,2025,1,January,4,4,0,1
C21272,2025,2,February,5,4,0,1
C21273,2024,8,August,1,1,1,0
C21273,2024,10,October,2,2,0,1
C21273,2025,8,August,3,3,0,1
C21273,2025,9,September,4,4,0,1
C21273,2025,11,November,5,5,0,1
C21274,2025,5,May,1,0,1,0
C21274,2025,7,July,2,1,0,0
C21274,2025,9,September,3,3,0,1
C21275,2024,7,July,1,0,1,0
C21275,2024,12,December,2,0,0,0
C21275,2025,2,February,3,1,0,0
C21276,2024,7,July,1,2,0,1
C21276,2025,8,August,3,3,0,1
C21277,2024,12,December,1,0,1,0
C21277,2025,10,October,2,1,0,0
C21277,2025,11,November,3,2,0,1
C21277,2025,12,December,5,3,0,1
C21278,2024,10,October,1,2,0,1
C21278,2025,8,August,3,3,0,1
C21279,2024,8,August,1,1,1,0
C21279,2024,11,November,2,2,0,1
C21279,2024,12,December,3,3,0,1
C21279,2025,10,October,4,4,0,1
C21279,2025,12,December,5,5,0,1
C21280,2024,9,September,1,1,1,0
C21280,2025,1,January,2,1,0,0
C21280,2025,2,February,3,2,0,1
C21280,2025,8,August,4,2,0,1
C21281,2024,7,July,1,0,1,0
C21281,2024,10,October,2,0,0,0
C21281,2025,2,February,3,0,0,0
C21281,2025,8,August,4,1,0,0
C21281,2025,11,November,5,3,0,1
C21281,2025,12,December,7,4,0,1
C21282,2024,9,September,1,1,1,0
C21282,2024,10,October,2,2,0,1
C21282,2025,9,September,3,3,0,1
C21283,2025,1,January,1,1,1,0
C21283,2025,2,February,2,2,0,1
C21283,2025,7,July,3,3,0,1
C21283,2025,9,September,4,4,0,1
C21283,2025,10,October,5,5,0,1
C21283,2025,12,December,6,6,0,1
C21284,2024,10,October,1,1,1,0
C21284,2025,3,March,3,2,0,1
C21284,2025,8,August,4,4,0,1
C21285,2025,10,October,1,1,1,0
C21286,2025,1,January,1,1,1,0
C21286,2025,3,March,3,2,0,1
C21287,2024,7,July,1,0,1,0
C21287,2024,9,September,2,0,0,0
C21287,2025,1,January,3,1,0,0
C21287,2025,2,February,4,2,0,1
C21287,2025,6,June,6,4,0,1
C21287,2025,9,September,8,5,0,1
C21288,2024,9,September,1,2,0,1
C21288,2025,6,June,3,2,0,1
C21288,2025,10,October,4,3,0,1
C21289,2024,12,December,1,1,1,0
C21289,2025,7,July,2,2,0,1
C21290,2025,9,September,1,0,1,0
C21290,2025,12,December,2,1,0,0
C21291,2025,3,March,1,1,1,0
C21292,2024,7,July,1,1,1,0
C21292,2024,8,August,2,1,0,0
C21292,2025,1,January,3,2,0,1
C21292,2025,3,March,4,3,0,1
C21293,2024,12,December,1,0,1,0
C21293,2025,1,January,2,1,0,0
C21293,2025,3,March,3,2,0,1
C21293,2025,7,July,4,3,0,1
C21293,2025,8,August,5,4,0,1
C21293,2025,9,September,6,4,0,1
C21294,2024,11,November,1,0,1,0
C21294,2025,11,November,2,1,0,0
C21295,2024,9,September,1,1,1,0
C21295,2025,1,January,2,3,0,1
C21295,2025,9,September,4,3,0,1
C21295,2025,12,December,5,4,0,1
C21296,2024,7,July,1,1,1,0
C21296,2024,11,November,2,2,0,1
C21296,2025,2,February,3,3,0,1
C21296,2025,9,September,4,4,0,1
C21298,2024,7,July,1,1,1,0
C21298,2024,8,August,2,2,0,1
C21298,2024,10,October,3,3,0,1
C21298,2024,11,November,4,3,0,1
C21298,2024,12,December,5,5,0,1
C21298,2025,3,March,7,6,0,1
C21298,2025,4,April,8,6,0,1
C21298,2025,6,June,10,7,0,1
C21298,2025,12,December,12,8,0,1
C21299,2024,10,October,1,1,1,0
C21299,2024,12,December,2,2,0,1
C21299,2025,1,January,3,3,0,1
C21299,2025,3,March,4,4,0,1
C21299,2025,9,September,5,5,0,1
C21299,2025,10,October,6,6,0,1
C21301,2024,10,October,1,1,1,0
C21301,2025,6,June,2,2,0,1
C21301,2025,8,August,3,3,0,1
C21302,2024,7,July,1,0,1,0
C21302,2024,8,August,2,1,0,0
C21302,2024,12,December,3,2,0,1
C21302,2025,6,June,4,3,0,1
C21303,2024,9,September,1,1,1,0
C21303,2024,10,October,2,2,0,1
C21303,2025,1,January,3,3,0,1
C21303,2025,3,March,4,4,0,1
C21304,2024,11,November,1,1,1,0
C21304,2025,1,January,2,2,0,1
C21304,2025,6,June,3,2,0,1
C21304,2025,8,August,4,3,0,1
C21304,2025,9,September,5,4,0,1
C21304,2025,10,October,6,5,0,1
C21304,2025,11,November,7,7,0,1
C21304,2025,12,December,9,9,0,1
C21305,2025,4,April,1,0,1,0
C21305,2025,7,July,2,1,0,0
C21306,2024,8,August,1,1,1,0
C21306,2025,10,October,2,2,0,1
C21307,2025,9,September,1,2,0,1
C21308,2025,7,July,1,1,1,0
C21309,2024,11,November,1,1,1,0
C21309,2025,1,January,2,2,0,1
C21310,2024,8,August,1,0,1,0
C21311,2024,11,November,1,1,1,0
C21311,2024,12,December,2,2,0,1
C21311,2025,3,March,4,2,0,1
C21311,2025,8,August,5,3,0,1
C21311,2025,11,November,6,4,0,1
C21311,2025,12,December,7,6,0,1
C21312,2024,10,October,1,1,1,0
C21312,2025,8,August,2,2,0,1
C21314,2024,7,July,1,2,0,1
C21314,2025,2,February,3,3,0,1
C21314,2025,4,April,4,5,0,1
C21316,2025,11,November,1,2,0,1
C21317,2024,7,July,1,2,0,1
C21317,2024,10,October,3,3,0,1
C21317,2024,11,November,4,4,0,1
C21317,2024,12,December,5,4,0,1
C21317,2025,5,May,6,6,0,1
C21317,2025,6,June,8,7,0,1
C21317,2025,7,July,9,9,0,1
C21317,2025,9,September,11,11,0,1
C21317,2025,12,December,13,12,0,1
C21318,2024,11,November,1,1,1,0
C21318,2025,11,November,2,2,0,1
C21320,2024,7,July,1,1,1,0
C21320,2024,8,August,2,2,0,1
C21320,2025,4,April,3,3,0,1
C21321,2025,3,March,1,1,1,0
C21321,2025,4,April,2,2,0,1
C21321,2025,6,June,3,3,0,1
C21321,2025,7,July,4,4,0,1
C21322,2025,2,February,1,1,1,0
C21322,2025,3,March,2,1,0,0
C21322,2025,11,November,3,2,0,1
C21322,2025,12,December,4,3,0,1
C21323,2025,8,August,1,0,1,0
C21324,2024,9,September,1,1,1,0
C21324,2024,10,October,2,2,0,1
C21324,2024,11,November,3,2,0,1
C21324,2025,2,February,4,3,0,1
C21324,2025,3,March,6,5,0,1
C21324,2025,9,September,8,6,0,1
C21324,2025,11,November,9,7,0,1
C21324,2025,12,December,11,8,0,1
C21325,2024,10,October,1,1,1,0
C21325,2025,9,September,2,2,0,1
C21326,2024,11,November,1,1,1,0
C21326,2025,4,April,2,3,0,1
C21326,2025,8,August,4,4,0,1
C21329,2024,8,August,1,1,1,0
C21329,2025,3,March,2,2,0,1
C21329,2025,5,May,3,2,0,1
C21329,2025,7,July,4,3,0,1
C21330,2024,11,November,1,0,1,0
C21330,2025,5,May,2,1,0,0
C21330,2025,9,September,3,2,0,1
C21331,2025,2,February,1,1,1,0
C21331,2025,6,June,2,2,0,1
C21332,2024,10,October,1,2,0,1
C21332,2025,7,July,4,3,0,1
C21332,2025,11,November,5,4,0,1
C21334,2024,9,September,1,1,1,0
C21334,2024,11,November,2,1,0,0
C21334,2024,12,December,3,1,0,0
C21334,2025,6,June,4,2,0,1
C21334,2025,9,September,5,3,0,1
C21334,2025,12,December,6,4,0,1
C21335,2024,10,October,1,1,1,0
C21335,2024,12,December,2,3,0,1
C21335,2025,4,April,4,5,0,1
C21335,2025,6,June,6,6,0,1
C21335,2025,7,July,7,7,0,1
C21335,2025,11,November,8,8,0,1
C21336,2024,10,October,1,0,1,0
C21336,2025,2,February,2,1,0,0
C21336,2025,3,March,3,2,0,1
C21336,2025,7,July,4,3,0,1
C21336,2025,10,October,5,4,0,1
C21337,2024,10,October,1,1,1,0
C21337,2024,11,November,2,2,0,1
C21337,2025,7,July,3,3,0,1
C21337,2025,10,October,5,4,0,1
C21337,2025,11,November,7,4,0,1
C21337,2025,12,December,8,5,0,1
C21338,2025,1,January,1,1,1,0
C21338,2025,4,April,2,2,0,1
C21338,2025,5,May,3,3,0,1
C21338,2025,7,July,4,5,0,1
C21339,2025,9,September,1,0,1,0
C21339,2025,11,November,2,1,0,0
C21340,2025,7,July,1,1,1,0
C21340,2025,10,October,2,2,0,1
C21341,2025,2,February,1,1,1,0
C21341,2025,5,May,2,1,0,0
C21341,2025,7,July,3,2,0,1
C21342,2024,9,September,1,1,1,0
C21342,2024,10,October,2,2,0,1
C21342,2025,3,March,3,2,0,1
C21342,2025,6,June,4,3,0,1
C21342,2025,7,July,5,4,0,1
C21342,2025,9,September,6,5,0,1
C21343,2024,10,October,1,1,1,0
C21343,2025,9,September,2,2,0,1
C21344,2024,7,July,1,1,1,0
C21344,2024,12,December,2,2,0,1
C21344,2025,2,February,3,4,0,1
C21345,2024,9,September,1,2,0,1
C21346,2025,5,May,1,1,1,0
C21347,2024,7,July,1,2,0,1
C21347,2024,8,August,3,2,0,1
C21347,2025,6,June,4,3,0,1
C21348,2024,10,October,1,1,1,0
C21348,2025,2,February,2,1,0,0
C21348,2025,4,April,3,2,0,1
C21348,2025,5,May,4,3,0,1
C21348,2025,7,July,5,4,0,1
C21348,2025,9,September,6,5,0,1
C21348,2025,12,December,7,6,0,1
C21349,2024,12,December,1,1,1,0
C21349,2025,2,February,2,1,0,0
C21349,2025,4,April,3,2,0,1
C21349,2025,7,July,4,3,0,1
C21349,2025,8,August,5,4,0,1
C21349,2025,9,September,6,5,0,1
C21349,2025,12,December,7,7,0,1
C21350,2024,8,August,1,1,1,0
C21350,2024,9,September,2,2,0,1
C21350,2024,12,December,3,2,0,1
C21350,2025,5,May,4,4,0,1
C21351,2024,7,July,1,0,1,0
C21352,2024,10,October,1,0,1,0
C21352,2025,3,March,2,1,0,0
C21353,2024,10,October,1,1,1,0
C21354,2024,8,August,1,1,1,0
C21354,2025,1,January,2,2,0,1
C21354,2025,2,February,3,3,0,1
C21354,2025,4,April,4,4,0,1
C21354,2025,5,May,5,5,0,1
C21354,2025,7,July,6,6,0,1
C21354,2025,10,October,7,7,0,1
C21355,2024,7,July,1,1,1,0
C21355,2024,8,August,2,2,0,1
C21355,2024,11,November,3,3,0,1
C21355,2025,2,February,5,4,0,1
C21355,2025,3,March,7,5,0,1
C21355,2025,5,May,8,7,0,1
C21355,2025,6,June,10,8,0,1
C21355,2025,9,September,11,9,0,1
C21355,2025,10,October,12,9,0,1
C21355,2025,11,November,13,10,0,1
C21355,2025,12,December,14,10,0,1
C21356,2024,7,July,1,1,1,0
C21356,2024,9,September,2,1,0,0
C21356,2024,10,October,3,2,0,1
C21356,2024,11,November,4,3,0,1
C21356,2024,12,December,5,4,0,1
C21356,2025,5,May,6,5,0,1
C21356,2025,11,November,7,6,0,1
C21357,2025,8,August,1,1,1,0
C21358,2024,7,July,1,1,1,0
C21358,2025,4,April,2,2,0,1
C21358,2025,12,December,3,3,0,1
C21359,2025,6,June,1,1,1,0
C21359,2025,10,October,2,1,0,0
C21359,2025,11,November,3,2,0,1
C21359,2025,12,December,4,3,0,1
C21360,2024,7,July,1,1,1,0
C21360,2024,9,September,2,3,0,1
C21360,2024,10,October,5,3,0,1
C21360,2025,4,April,6,4,0,1
C21360,2025,5,May,8,5,0,1
C21360,2025,6,June,9,6,0,1
C21360,2025,8,August,10,8,0,1
C21360,2025,9,September,12,9,0,1
C21361,2024,10,October,1,1,1,0
C21361,2025,6,June,2,2,0,1
C21361,2025,8,August,3,3,0,1
C21361,2025,9,September,4,4,0,1
C21361,2025,11,November,5,5,0,1
C21362,2024,9,September,1,1,1,0
C21362,2025,3,March,2,1,0,0
C21362,2025,7,July,3,2,0,1
C21362,2025,12,December,4,3,0,1
C21363,2024,8,August,1,1,1,0
C21363,2024,12,December,2,3,0,1
C21363,2025,3,March,4,4,0,1
C21363,2025,4,April,5,5,0,1
C21363,2025,5,May,6,6,0,1
C21363,2025,7,July,7,7,0,1
C21363,2025,8,August,8,8,0,1
C21363,2025,9,September,9,10,0,1
C21364,2024,8,August,1,0,1,0
C21364,2024,12,December,2,1,0,0
C21364,2025,3,March,3,2,0,1
C21364,2025,6,June,5,3,0,1
C21364,2025,9,September,6,4,0,1
C21364,2025,10,October,7,4,0,1
C21364,2025,11,November,8,5,0,1
C21364,2025,12,December,9,6,0,1
C21365,2025,8,August,1,1,1,0
C21365,2025,9,September,2,2,0,1
C21366,2024,12,December,1,1,1,0
C21366,2025,4,April,2,2,0,1
C21366,2025,8,August,3,3,0,1
C21366,2025,10,October,4,4,0,1
C21367,2024,11,November,1,1,1,0
C21367,2024,12,December,2,2,0,1
C21367,2025,1,January,3,3,0,1
C21367,2025,10,October,4,4,0,1
C21368,2024,7,July,1,1,1,0
C21368,2024,8,August,2,2,0,1
C21368,2024,9,September,3,3,0,1
C21368,2024,12,December,4,4,0,1
C21368,2025,3,March,5,5,0,1
C21368,2025,6,June,6,7,0,1
C21368,2025,9,September,9,8,0,1
C21368,2025,11,November,10,10,0,1
C21368,2025,12,December,12,11,0,1
C21369,2025,2,February,1,1,1,0
C21369,2025,4,April,2,2,0,1
C21370,2024,10,October,1,1,1,0
C21370,2025,8,August,2,2,0,1
C21371,2024,9,September,1,1,1,0
C21371,2025,12,December,2,2,0,1
C21372,2024,8,August,1,1,1,0
C21372,2025,12,December,2,2,0,1
C21373,2024,12,December,1,1,1,0
C21373,2025,3,March,2,2,0,1
C21373,2025,4,April,3,2,0,1
C21373,2025,9,September,4,3,0,1
C21374,2024,9,September,1,1,1,0
C21374,2025,2,February,2,2,0,1
C21374,2025,12,December,3,3,0,1
C21375,2024,7,July,1,0,1,0
C21375,2024,8,August,2,1,0,0
C21375,2024,9,September,3,2,0,1
C21375,2025,1,January,4,3,0,1
C21375,2025,2,February,6,4,0,1
C21375,2025,5,May,7,5,0,1
C21375,2025,8,August,9,6,0,1
C21376,2024,12,December,1,1,1,0
C21376,2025,6,June,2,2,0,1
C21376,2025,7,July,3,4,0,1
C21377,2024,10,October,1,1,1,0
C21377,2024,11,November,2,2,0,1
C21377,2025,1,January,3,3,0,1
C21377,2025,4,April,4,4,0,1
C21377,2025,5,May,5,5,0,1
C21377,2025,11,November,6,6,0,1
C21378,2025,4,April,1,1,1,0
C21378,2025,7,July,2,2,0,1
C21378,2025,11,November,3,4,0,1
C21379,2024,7,July,1,1,1,0
C21379,2024,9,September,2,2,0,1
C21379,2024,11,November,3,4,0,1
C21379,2025,1,January,5,6,0,1
C21379,2025,5,May,7,8,0,1
C21379,2025,6,June,9,9,0,1
C21379,2025,7,July,10,10,0,1
C21379,2025,9,September,11,12,0,1
C21379,2025,10,October,13,13,0,1
C21379,2025,11,November,14,14,0,1
C21381,2024,7,July,1,1,1,0
C21381,2025,3,March,2,1,0,0
C21381,2025,4,April,3,2,0,1
C21381,2025,5,May,5,2,0,1
C21381,2025,8,August,6,3,0,1
C21381,2025,10,October,7,5,0,1
C21381,2025,12,December,9,6,0,1
C21382,2025,5,May,1,1,1,0
C21382,2025,9,September,2,2,0,1
C21383,2024,8,August,1,1,1,0
C21383,2025,7,July,2,2,0,1
C21383,2025,9,September,3,3,0,1
C21384,2024,8,August,1,2,0,1
C21384,2024,12,December,4,3,0,1
C21384,2025,1,January,5,4,0,1
C21384,2025,2,February,6,5,0,1
C21384,2025,4,April,7,6,0,1
C21384,2025,5,May,8,7,0,1
C21384,2025,6,June,9,8,0,1
C21384,2025,9,September,10,8,0,1
C21384,2025,10,October,11,9,0,1
C21385,2024,7,July,1,1,1,0
C21385,2024,11,November,2,2,0,1
C21385,2024,12,December,4,3,0,1
C21385,2025,5,May,5,4,0,1
C21385,2025,6,June,6,5,0,1
C21385,2025,8,August,7,5,0,1
C21385,2025,9,September,8,6,0,1
C21385,2025,10,October,9,6,0,1
C21386,2024,9,September,1,1,1,0
C21386,2024,10,October,2,2,0,1
C21386,2025,1,January,3,3,0,1
C21386,2025,7,July,4,4,0,1
C21386,2025,10,October,5,5,0,1
C21387,2024,7,July,1,1,1,0
C21387,2024,10,October,2,2,0,1
C21387,2024,12,December,3,3,0,1
C21387,2025,3,March,5,4,0,1
C21387,2025,4,April,7,5,0,1
C21387,2025,5,May,8,6,0,1
C21388,2024,7,July,1,1,1,0
C21388,2024,9,September,3,2,0,1
C21388,2025,6,June,4,3,0,1
C21388,2025,10,October,5,4,0,1
C21389,2024,8,August,1,1,1,0
C21389,2024,9,September,2,3,0,1
C21389,2024,10,October,6,4,0,1
C21389,2024,11,November,7,5,0,1
C21389,2025,3,March,8,7,0,1
C21389,2025,6,June,10,8,0,1
C21389,2025,8,August,11,9,0,1
C21390,2025,2,February,1,1,1,0
C21390,2025,4,April,2,2,0,1
C21390,2025,12,December,3,3,0,1
C21391,2024,8,August,1,1,1,0
C21391,2025,1,January,2,3,0,1
C21391,2025,5,May,4,3,0,1
C21391,2025,10,October,5,4,0,1
C21392,2025,5,May,1,1,1,0
C21392,2025,8,August,2,1,0,0
C21393,2025,2,February,1,1,1,0
C21393,2025,5,May,2,2,0,1
C21393,2025,7,July,3,3,0,1
C21393,2025,9,September,4,3,0,1
C21393,2025,10,October,5,4,0,1
C21393,2025,12,December,9,5,0,1
C21394,2025,4,April,1,1,1,0
C21394,2025,8,August,2,1,0,0
C21394,2025,10,October,3,2,0,1
C21395,2024,7,July,1,1,1,0
C21395,2024,9,September,2,1,0,0
C21395,2024,10,October,3,1,0,0
C21395,2024,11,November,4,2,0,1
C21395,2025,1,January,5,3,0,1
C21395,2025,2,February,7,5,0,1
C21395,2025,3,March,10,5,0,1
C21395,2025,5,May,11,6,0,1
C21395,2025,8,August,12,7,0,1
C21395,2025,11,November,13,8,0,1
C21396,2024,12,December,1,1,1,0
C21396,2025,5,May,2,2,0,1
C21396,2025,9,September,4,3,0,1
C21396,2025,10,October,5,3,0,1
C21397,2025,7,July,1,1,1,0
C21398,2024,8,August,1,0,1,0
C21398,2024,10,October,2,1,0,0
C21398,2025,1,January,3,3,0,1
C21398,2025,10,October,5,4,0,1
C21398,2025,12,December,6,4,0,1
C21399,2024,8,August,1,1,1,0
C21399,2024,10,October,2,3,0,1
C21399,2025,1,January,4,4,0,1
C21400,2024,9,September,1,1,1,0
C21400,2024,10,October,2,2,0,1
C21400,2024,12,December,3,3,0,1
C21400,2025,7,July,4,4,0,1
C21401,2024,7,July,1,1,1,0
C21401,2025,1,January,2,2,0,1
C21401,2025,4,April,3,3,0,1
C21401,2025,8,August,5,4,0,1
C21401,2025,9,September,6,4,0,1
C21401,2025,10,October,7,4,0,1
C21402,2024,7,July,1,0,1,0
C21402,2024,8,August,2,0,0,0
C21402,2025,1,January,3,0,0,0
C21402,2025,2,February,4,1,0,0
C21402,2025,3,March,5,2,0,1
C21402,2025,7,July,6,3,0,1
C21403,2024,10,October,1,1,1,0
C21403,2024,11,November,2,1,0,0
C21403,2025,8,August,3,2,0,1
C21404,2024,12,December,1,1,1,0
C21404,2025,2,February,2,3,0,1
C21404,2025,3,March,4,4,0,1
C21404,2025,5,May,5,5,0,1
C21405,2024,11,November,1,1,1,0
C21405,2025,3,March,2,2,0,1
C21405,2025,4,April,3,3,0,1
C21406,2024,8,August,1,1,1,0
C21406,2024,9,September,2,2,0,1
C21406,2024,11,November,3,3,0,1
C21406,2025,1,January,4,4,0,1
C21406,2025,10,October,5,5,0,1
C21408,2024,11,November,1,1,1,0
C21408,2025,12,December,2,2,0,1
C21409,2025,3,March,1,0,1,0
C21410,2024,11,November,1,1,1,0
C21410,2024,12,December,2,1,0,0
C21410,2025,11,November,3,2,0,1
C21411,2025,3,March,1,1,1,0
C21411,2025,5,May,2,2,0,1
C21411,2025,9,September,3,3,0,1
C21411,2025,10,October,4,4,0,1
C21411,2025,11,November,5,5,0,1
C21411,2025,12,December,6,6,0,1
C21412,2024,11,November,1,1,1,0
C21412,2025,5,May,3,1,0,0
C21412,2025,10,October,4,2,0,1
C21413,2024,7,July,1,1,1,0
C21414,2025,12,December,1,1,1,0
C21415,2024,7,July,1,1,1,0
C21415,2024,8,August,2,2,0,1
C21415,2024,10,October,3,3,0,1
C21415,2024,11,November,4,4,0,1
C21415,2024,12,December,5,6,0,1
C21415,2025,3,March,8,6,0,1
C21415,2025,5,May,9,8,0,1
C21415,2025,7,July,11,10,0,1
C21416,2024,7,July,1,1,1,0
C21416,2024,12,December,2,2,0,1
C21416,2025,2,February,3,3,0,1
C21416,2025,10,October,4,4,0,1
C21416,2025,12,December,5,5,0,1
C21417,2025,6,June,1,1,1,0
C21417,2025,9,September,2,1,0,0
C21418,2024,8,August,1,1,1,0
C21418,2025,3,March,2,2,0,1
C21418,2025,7,July,3,4,0,1
C21418,2025,10,October,5,5,0,1
C21419,2024,8,August,1,2,0,1
C21419,2024,10,October,3,2,0,1
C21419,2025,3,March,4,3,0,1
C21419,2025,6,June,6,4,0,1
C21419,2025,12,December,7,5,0,1
C21420,2025,7,July,1,1,1,0
C21420,2025,11,November,2,2,0,1
C21420,2025,12,December,3,3,0,1
C21421,2024,12,December,1,2,0,1
C21421,2025,11,November,3,3,0,1
C21422,2024,8,August,1,1,1,0
C21422,2025,2,February,2,2,0,1
C21422,2025,12,December,3,2,0,1
C21423,2024,8,August,1,0,1,0
C21423,2024,10,October,2,2,0,1
C21423,2025,8,August,4,3,0,1
C21423,2025,9,September,5,5,0,1
C21423,2025,12,December,7,7,0,1
C21424,2024,8,August,1,1,1,0
C21424,2024,12,December,2,2,0,1
C21424,2025,2,February,4,4,0,1
C21424,2025,6,June,6,4,0,1
C21424,2025,8,August,7,5,0,1
C21424,2025,10,October,9,6,0,1
C21424,2025,12,December,10,7,0,1
C21425,2024,9,September,1,0,1,0
C21425,2025,2,February,2,1,0,0
C21425,2025,12,December,3,1,0,0
C21426,2024,7,July,1,1,1,0
C21426,2024,9,September,2,2,0,1
C21426,2024,11,November,3,3,0,1
C21426,2025,1,January,4,4,0,1
C21426,2025,5,May,5,5,0,1
C21426,2025,7,July,6,6,0,1
C21427,2024,7,July,1,1,1,0
C21427,2024,11,November,2,1,0,0
C21427,2025,4,April,3,2,0,1
C21427,2025,6,June,4,3,0,1
C21427,2025,9,September,5,4,0,1
C21428,2025,1,January,1,1,1,0
C21428,2025,11,November,2,1,0,0
C21428,2025,12,December,3,2,0,1
C21429,2024,9,September,1,1,1,0
C21429,2025,9,September,2,1,0,0
C21430,2024,8,August,1,1,1,0
C21430,2025,3,March,2,2,0,1
C21430,2025,10,October,3,3,0,1
C21431,2024,12,December,1,1,1,0
C21431,2025,8,August,2,2,0,1
C21431,2025,12,December,3,2,0,1
C21432,2024,9,September,1,1,1,0
C21432,2024,12,December,2,2,0,1
C21433,2024,8,August,1,0,1,0
C21433,2024,10,October,2,1,0,0
C21433,2025,1,January,3,2,0,1
C21433,2025,8,August,4,2,0,1
C21433,2025,10,October,5,4,0,1
C21434,2025,1,January,1,1,1,0
C21434,2025,12,December,2,1,0,0
C21435,2024,11,November,1,1,1,0
C21435,2025,4,April,2,2,0,1
C21435,2025,5,May,3,4,0,1
C21435,2025,9,September,5,5,0,1
C21435,2025,10,October,6,6,0,1
C21435,2025,12,December,7,7,0,1
C21436,2025,5,May,1,1,1,0
C21437,2025,4,April,1,1,1,0
C21438,2024,7,July,1,2,0,1
C21438,2024,10,October,3,3,0,1
C21438,2024,11,November,5,4,0,1
C21438,2025,3,March,6,4,0,1
C21438,2025,4,April,7,5,0,1
C21438,2025,5,May,8,6,0,1
C21438,2025,7,July,9,7,0,1
C21438,2025,9,September,10,8,0,1
C21438,2025,12,December,11,9,0,1
C21439,2024,7,July,1,1,1,0
C21439,2024,9,September,2,2,0,1
C21439,2024,11,November,3,3,0,1
C21439,2025,3,March,4,3,0,1
C21439,2025,5,May,5,4,0,1
C21439,2025,6,June,6,5,0,1
C21439,2025,7,July,7,5,0,1
C21440,2024,9,September,1,1,1,0
C21440,2024,11,November,2,2,0,1
C21440,2025,9,September,3,3,0,1
C21440,2025,11,November,4,4,0,1
C21440,2025,12,December,5,4,0,1
C21441,2024,9,September,1,0,1,0
C21441,2025,2,February,2,1,0,0
C21441,2025,12,December,3,2,0,1
C21442,2024,7,July,1,1,1,0
C21442,2024,10,October,3,1,0,0
C21442,2024,11,November,4,2,0,1
C21442,2025,7,July,5,3,0,1
C21442,2025,10,October,6,5,0,1
C21442,2025,12,December,8,6,0,1
C21443,2025,5,May,1,1,1,0
C21443,2025,10,October,2,2,0,1
C21444,2025,7,July,1,1,1,0
C21445,2024,9,September,1,1,1,0
C21445,2024,10,October,2,2,0,1
C21445,2025,8,August,3,3,0,1
C21445,2025,10,October,4,4,0,1
C21446,2024,8,August,1,1,1,0
C21446,2025,2,February,2,2,0,1
C21446,2025,5,May,3,3,0,1
C21447,2025,1,January,1,0,1,0
C21447,2025,2,February,2,1,0,0
C21447,2025,9,September,3,3,0,1
C21448,2024,9,September,1,0,1,0
C21448,2024,11,November,2,1,0,0
C21448,2025,6,June,3,2,0,1
C21448,2025,11,November,4,4,0,1
C21448,2025,12,December,6,4,0,1
C21449,2024,9,September,1,1,1,0
C21449,2024,11,November,2,2,0,1
C21449,2025,7,July,3,3,0,1
C21449,2025,11,November,4,4,0,1
C21450,2024,7,July,1,0,1,0
C21450,2024,8,August,2,1,0,0
C21450,2024,9,September,3,2,0,1
C21450,2024,10,October,5,2,0,1
C21450,2025,8,August,6,4,0,1
C21451,2025,9,September,1,2,0,1
C21452,2025,12,December,1,1,1,0
C21453,2024,10,October,1,1,1,0
C21453,2025,5,May,2,1,0,0
C21453,2025,10,October,3,2,0,1
C21454,2024,9,September,1,1,1,0
C21454,2024,10,October,2,2,0,1
C21454,2024,11,November,4,3,0,1
C21454,2024,12,December,5,5,0,1
C21454,2025,1,January,7,6,0,1
C21454,2025,6,June,8,7,0,1
C21454,2025,7,July,9,9,0,1
C21454,2025,10,October,11,11,0,1
C21454,2025,12,December,13,12,0,1
C21455,2024,7,July,1,1,1,0
C21455,2024,8,August,2,1,0,0
C21455,2024,9,September,3,2,0,1
C21455,2025,6,June,4,3,0,1
C21455,2025,7,July,6,3,0,1
C21455,2025,11,November,7,4,0,1
C21456,2024,9,September,1,1,1,0
C21456,2024,11,November,2,2,0,1
C21456,2025,2,February,3,2,0,1
C21456,2025,6,June,4,2,0,1
C21456,2025,7,July,5,3,0,1
C21456,2025,9,September,6,4,0,1
C21457,2025,3,March,1,1,1,0
C21457,2025,4,April,2,3,0,1
C21457,2025,8,August,4,4,0,1
C21458,2025,3,March,1,1,1,0
C21459,2024,10,October,1,1,1,0
C21459,2024,11,November,2,1,0,0
C21459,2025,2,February,3,2,0,1
C21460,2024,7,July,1,1,1,0
C21461,2025,2,February,1,1,1,0
C21461,2025,9,September,2,2,0,1
C21461,2025,10,October,3,3,0,1
C21461,2025,11,November,4,4,0,1
C21462,2024,12,December,1,1,1,0
C21462,2025,6,June,2,2,0,1
C21462,2025,9,September,3,3,0,1
C21463,2024,10,October,1,1,1,0
C21463,2025,1,January,2,2,0,1
C21463,2025,6,June,3,3,0,1
C21463,2025,10,October,4,4,0,1
C21464,2024,7,July,1,1,1,0
C21464,2024,9,September,2,2,0,1
C21464,2025,5,May,3,2,0,1
C21464,2025,6,June,4,3,0,1
C21464,2025,9,September,5,4,0,1
C21464,2025,11,November,6,5,0,1
C21464,2025,12,December,7,6,0,1
C21465,2025,1,January,1,1,1,0
C21465,2025,4,April,2,2,0,1
C21466,2024,7,July,1,1,1,0
C21466,2024,8,August,2,2,0,1
C21466,2024,9,September,3,2,0,1
C21466,2025,3,March,4,2,0,1
C21466,2025,7,July,5,3,0,1
C21466,2025,8,August,6,3,0,1
C21467,2024,9,September,1,1,1,0
C21467,2024,10,October,2,2,0,1
C21467,2024,12,December,3,3,0,1
C21467,2025,1,January,4,4,0,1
C21467,2025,6,June,5,5,0,1
C21467,2025,8,August,6,7,0,1
C21467,2025,12,December,8,8,0,1
C21469,2025,8,August,1,0,1,0
C21471,2024,8,August,1,1,1,0
C21471,2025,1,January,2,1,0,0
C21471,2025,5,May,3,2,0,1
C21471,2025,7,July,4,2,0,1
C21471,2025,12,December,5,3,0,1
C21472,2025,5,May,1,1,1,0
C21472,2025,8,August,2,2,0,1
C21473,2024,9,September,1,1,1,0
C21474,2024,7,July,1,1,1,0
C21474,2024,8,August,2,2,0,1
C21474,2024,9,September,3,3,0,1
C21474,2025,2,February,4,4,0,1
C21474,2025,3,March,6,4,0,1
C21474,2025,6,June,7,5,0,1
C21474,2025,8,August,8,6,0,1
C21474,2025,9,September,9,7,0,1
C21475,2025,11,November,1,2,0,1
C21476,2024,7,July,1,0,1,0
C21476,2024,8,August,2,1,0,0
C21476,2024,12,December,4,3,0,1
C21476,2025,2,February,6,4,0,1
C21476,2025,3,March,7,4,0,1
C21476,2025,9,September,8,5,0,1
C21477,2024,7,July,1,2,0,1
C21478,2024,8,August,1,0,1,0
C21478,2025,1,January,2,1,0,0
C21478,2025,2,February,3,2,0,1
C21478,2025,10,October,4,3,0,1
C21479,2024,8,August,1,2,0,1
C21479,2024,9,September,3,2,0,1
C21479,2025,1,January,4,3,0,1
C21479,2025,3,March,5,4,0,1
C21480,2025,4,April,1,1,1,0
C21481,2025,2,February,1,1,1,0
C21481,2025,8,August,2,2,0,1
C21481,2025,11,November,3,3,0,1
C21482,2024,8,August,1,1,1,0
C21482,2024,12,December,2,1,0,0
C21482,2025,10,October,3,2,0,1
C21483,2025,7,July,1,0,1,0
C21483,2025,9,September,2,2,0,1
C21484,2024,10,October,1,1,1,0
C21484,2025,2,February,2,2,0,1
C21484,2025,8,August,3,3,0,1
C21484,2025,11,November,4,3,0,1
C21485,2025,3,March,1,1,1,0
C21485,2025,5,May,2,2,0,1
C21485,2025,6,June,3,3,0,1
C21485,2025,11,November,4,4,0,1
C21486,2024,7,July,1,0,1,0
C21486,2024,9,September,2,1,0,0
C21486,2024,10,October,3,2,0,1
C21486,2025,3,March,4,3,0,1
C21486,2025,8,August,5,4,0,1
C21487,2025,1,January,1,1,1,0
C21488,2024,10,October,1,1,1,0
C21488,2025,2,February,2,2,0,1
C21488,2025,5,May,3,3,0,1
C21488,2025,10,October,4,5,0,1
C21488,2025,11,November,6,5,0,1
C21489,2025,12,December,1,0,1,0
C21490,2025,5,May,1,1,1,0
C21491,2024,9,September,1,1,1,0
C21491,2025,7,July,2,2,0,1
C21491,2025,12,December,3,3,0,1
C21492,2024,10,October,1,1,1,0
C21492,2025,3,March,2,2,0,1
C21492,2025,4,April,3,3,0,1
C21492,2025,12,December,4,4,0,1
C21493,2024,8,August,1,1,1,0
C21493,2024,9,September,2,1,0,0
C21493,2025,6,June,3,2,0,1
C21493,2025,7,July,4,3,0,1
C21495,2025,7,July,1,0,1,0
C21495,2025,12,December,2,1,0,0
C21496,2024,11,November,1,1,1,0
C21496,2025,1,January,2,2,0,1
C21496,2025,2,February,3,3,0,1
C21496,2025,4,April,4,4,0,1
C21496,2025,8,August,5,6,0,1
C21496,2025,12,December,7,7,0,1
C21497,2024,11,November,1,1,1,0
C21497,2025,11,November,2,2,0,1
C21498,2025,4,April,1,0,1,0
C21498,2025,6,June,2,1,0,0
C21498,2025,10,October,3,2,0,1
C21499,2024,8,August,1,1,1,0
C21500,2024,7,July,1,1,1,0
C21500,2025,11,November,2,1,0,0
C21501,2025,2,February,1,1,1,0
C21501,2025,5,May,2,3,0,1
C21501,2025,12,December,4,4,0,1
C21502,2025,4,April,1,1,1,0
C21503,2024,10,October,1,1,1,0
C21503,2024,11,November,2,2,0,1
C21504,2025,2,February,1,1,1,0
C21505,2024,10,October,1,2,0,1
C21505,2025,5,May,3,3,0,1
C21505,2025,12,December,4,4,0,1
C21506,2025,7,July,1,1,1,0
C21507,2024,8,August,1,0,1,0
C21507,2024,9,September,2,0,0,0
C21507,2024,10,October,3,1,0,0
C21507,2024,12,December,4,2,0,1
C21507,2025,4,April,5,3,0,1
C21508,2024,8,August,1,1,1,0
C21508,2024,9,September,2,2,0,1
C21508,2024,11,November,3,3,0,1
C21508,2025,9,September,5,4,0,1
C21509,2024,9,September,1,1,1,0
C21509,2024,11,November,2,1,0,0
C21509,2025,1,January,3,2,0,1
C21509,2025,3,March,4,3,0,1
C21509,2025,4,April,5,4,0,1
C21509,2025,5,May,6,5,0,1
C21509,2025,6,June,7,6,0,1
C21509,2025,8,August,8,7,0,1
C21509,2025,9,September,9,8,0,1
C21510,2024,7,July,1,1,1,0
C21510,2025,4,April,2,2,0,1
C21510,2025,8,August,3,3,0,1
C21511,2024,7,July,1,1,1,0
C21511,2025,7,July,2,1,0,0
C21512,2024,11,November,1,1,1,0
C21512,2024,12,December,2,2,0,1
C21512,2025,11,November,3,3,0,1
C21513,2024,10,October,1,1,1,0
C21513,2025,5,May,2,2,0,1
C21513,2025,6,June,3,2,0,1
C21513,2025,9,September,4,3,0,1
C21513,2025,10,October,5,4,0,1
C21514,2025,5,May,1,1,1,0
C21514,2025,6,June,2,2,0,1
C21514,2025,12,December,3,3,0,1
C21515,2024,8,August,1,0,1,0
C21515,2025,9,September,2,2,0,1
C21516,2024,10,October,1,2,0,1
C21516,2025,3,March,3,3,0,1
C21516,2025,4,April,4,4,0,1
C21516,2025,8,August,5,5,0,1
C21516,2025,9,September,6,5,0,1
C21517,2024,7,July,1,1,1,0
C21517,2024,9,September,2,2,0,1
C21517,2025,4,April,3,2,0,1
C21517,2025,5,May,4,4,0,1
C21517,2025,6,June,6,5,0,1
C21517,2025,9,September,7,6,0,1
C21518,2024,7,July,1,0,1,0
C21518,2024,8,August,2,2,0,1
C21518,2024,9,September,4,3,0,1
C21518,2024,10,October,6,5,0,1
C21518,2025,4,April,8,6,0,1
C21518,2025,10,October,9,7,0,1
C21519,2024,9,September,1,1,1,0
C21519,2024,12,December,2,2,0,1
C21519,2025,6,June,3,4,0,1
C21520,2024,10,October,1,1,1,0
C21520,2025,7,July,2,2,0,1
C21521,2024,9,September,1,1,1,0
C21521,2025,3,March,2,2,0,1
C21521,2025,11,November,3,3,0,1
C21522,2024,7,July,1,1,1,0
C21522,2025,10,October,2,2,0,1
C21522,2025,12,December,3,5,0,1
C21523,2025,5,May,1,1,1,0
C21524,2024,7,July,1,1,1,0
C21524,2024,8,August,3,2,0,1
C21524,2024,11,November,4,3,0,1
C21524,2025,2,February,5,4,0,1
C21524,2025,5,May,6,5,0,1
C21524,2025,9,September,7,6,0,1
C21524,2025,11,November,8,7,0,1
C21525,2025,5,May,1,1,1,0
C21526,2024,8,August,1,0,1,0
C21526,2025,6,June,2,0,0,0
C21526,2025,7,July,3,1,0,0
C21526,2025,9,September,4,2,0,1
C21527,2024,12,December,1,1,1,0
C21527,2025,4,April,2,2,0,1
C21527,2025,7,July,3,2,0,1
C21528,2024,11,November,1,1,1,0
C21528,2024,12,December,2,3,0,1
C21528,2025,1,January,4,3,0,1
C21528,2025,5,May,5,4,0,1
C21528,2025,11,November,7,5,0,1
C21528,2025,12,December,8,6,0,1
C21529,2024,8,August,1,1,1,0
C21529,2024,9,September,2,2,0,1
C21529,2024,10,October,3,3,0,1
C21529,2024,11,November,4,4,0,1
C21529,2025,12,December,5,5,0,1
C21531,2025,5,May,1,1,1,0
C21531,2025,9,September,2,2,0,1
C21531,2025,10,October,3,3,0,1
C21532,2025,6,June,1,1,1,0
C21533,2025,6,June,1,1,1,0
C21533,2025,10,October,2,2,0,1
C21533,2025,11,November,3,3,0,1
C21534,2024,10,October,1,0,1,0
C21534,2025,7,July,2,1,0,0
C21535,2024,7,July,1,0,1,0
C21535,2024,8,August,2,0,0,0
C21535,2025,11,November,3,1,0,0
C21536,2024,8,August,1,1,1,0
C21536,2024,11,November,2,2,0,1
C21536,2025,2,February,3,2,0,1
C21536,2025,5,May,4,2,0,1
C21536,2025,6,June,5,4,0,1
C21536,2025,7,July,7,5,0,1
C21537,2024,12,December,1,2,0,1
C21537,2025,4,April,3,3,0,1
C21537,2025,7,July,4,4,0,1
C21537,2025,10,October,5,5,0,1
C21537,2025,11,November,6,6,0,1
C21537,2025,12,December,7,7,0,1
C21538,2024,11,November,1,0,1,0
C21538,2025,7,July,2,0,0,0
C21538,2025,10,October,3,1,0,0
C21538,2025,11,November,4,1,0,0
C21539,2025,11,November,1,1,1,0
C21540,2024,12,December,1,1,1,0
C21540,2025,4,April,2,1,0,0
C21540,2025,11,November,3,2,0,1
C21541,2025,8,August,1,1,1,0
C21543,2024,7,July,1,1,1,0
C21543,2024,9,September,3,2,0,1
C21543,2025,3,March,4,3,0,1
C21543,2025,6,June,5,4,0,1
C21543,2025,12,December,6,5,0,1
C21544,2024,8,August,1,2,0,1
C21544,2024,9,September,3,4,0,1
C21544,2025,3,March,6,5,0,1
C21544,2025,4,April,7,5,0,1
C21544,2025,5,May,8,5,0,1
C21544,2025,6,June,9,6,0,1
C21544,2025,7,July,10,6,0,1
C21544,2025,8,August,11,7,0,1
C21545,2024,11,November,1,1,1,0
C21545,2025,4,April,2,2,0,1
C21545,2025,5,May,4,3,0,1
C21545,2025,7,July,5,3,0,1
C21545,2025,8,August,6,4,0,1
C21545,2025,9,September,7,6,0,1
C21546,2024,10,October,1,1,1,0
C21546,2024,11,November,2,2,0,1
C21546,2025,5,May,3,2,0,1
C21546,2025,12,December,4,3,0,1
C21547,2024,8,August,1,2,0,1
C21547,2024,11,November,3,3,0,1
C21547,2025,1,January,4,4,0,1
C21547,2025,5,May,5,5,0,1
C21548,2024,7,July,1,0,1,0
C21548,2024,8,August,2,0,0,0
C21548,2024,9,September,3,1,0,0
C21548,2024,11,November,4,2,0,1
C21548,2025,4,April,5,3,0,1
C21548,2025,7,July,6,4,0,1
C21548,2025,8,August,7,5,0,1
C21548,2025,12,December,8,6,0,1
C21549,2024,7,July,1,0,1,0
C21549,2025,1,January,2,0,0,0
C21549,2025,5,May,3,0,0,0
C21549,2025,6,June,4,1,0,0
C21549,2025,8,August,5,2,0,1
C21549,2025,12,December,6,3,0,1
C21550,2024,10,October,1,0,1,0
C21551,2024,9,September,1,2,0,1
C21551,2025,12,December,3,3,0,1
C21552,2024,12,December,1,1,1,0
C21552,2025,1,January,2,2,0,1
C21552,2025,2,February,3,2,0,1
C21552,2025,3,March,4,2,0,1
C21552,2025,6,June,5,2,0,1
C21552,2025,7,July,6,3,0,1
C21552,2025,10,October,7,4,0,1
C21552,2025,11,November,8,5,0,1
C21553,2024,9,September,1,1,1,0
C21553,2024,12,December,2,2,0,1
C21553,2025,4,April,4,3,0,1
C21553,2025,9,September,5,4,0,1
C21554,2024,10,October,1,1,1,0
C21555,2024,9,September,1,1,1,0
C21555,2025,5,May,2,2,0,1
C21555,2025,6,June,3,2,0,1
C21555,2025,7,July,4,2,0,1
C21556,2024,11,November,1,1,1,0
C21556,2025,10,October,2,2,0,1
C21557,2025,5,May,1,1,1,0
C21557,2025,6,June,2,3,0,1
C21557,2025,8,August,4,4,0,1
C21558,2024,11,November,1,1,1,0
C21558,2025,6,June,2,1,0,0
C21559,2024,7,July,1,1,1,0
C21559,2024,9,September,2,1,0,0
C21559,2024,10,October,3,1,0,0
C21559,2024,11,November,4,2,0,1
C21559,2025,1,January,5,3,0,1
C21559,2025,2,February,6,4,0,1
C21559,2025,4,April,7,5,0,1
C21559,2025,7,July,8,7,0,1
C21559,2025,9,September,10,8,0,1
C21560,2024,12,December,1,2,0,1
C21560,2025,4,April,3,4,0,1
C21560,2025,7,July,5,5,0,1
C21560,2025,10,October,6,6,0,1
C21560,2025,12,December,7,7,0,1
C21561,2024,8,August,1,1,1,0
C21561,2024,10,October,2,2,0,1
C21561,2024,11,November,3,3,0,1
C21561,2025,6,June,4,3,0,1
C21561,2025,7,July,5,4,0,1
C21561,2025,10,October,6,5,0,1
C21561,2025,12,December,7,6,0,1
C21562,2024,11,November,1,1,1,0
C21563,2025,4,April,1,3,0,1
C21563,2025,8,August,4,4,0,1
C21563,2025,11,November,5,5,0,1
C21564,2025,2,February,1,1,1,0
C21564,2025,5,May,2,2,0,1
C21565,2024,7,July,1,2,0,1
C21565,2024,11,November,3,2,0,1
C21565,2025,5,May,4,3,0,1
C21565,2025,8,August,5,4,0,1
C21567,2025,1,January,1,1,1,0
C21567,2025,5,May,2,2,0,1
C21568,2024,11,November,1,1,1,0
C21568,2025,1,January,2,3,0,1
C21568,2025,3,March,4,4,0,1
C21569,2025,9,September,1,1,1,0
C21570,2025,3,March,1,1,1,0
C21570,2025,9,September,2,2,0,1
C21571,2024,7,July,1,1,1,0
C21571,2025,1,January,2,3,0,1
C21572,2024,7,July,1,0,1,0
C21573,2024,7,July,1,1,1,0
C21573,2024,10,October,2,2,0,1
C21573,2025,4,April,3,3,0,1
C21573,2025,5,May,4,3,0,1
C21574,2024,10,October,1,0,1,0
C21575,2025,5,May,1,1,1,0
C21575,2025,8,August,2,2,0,1
C21575,2025,10,October,3,3,0,1
C21575,2025,12,December,4,4,0,1
C21576,2025,2,February,1,1,1,0
C21576,2025,11,November,2,2,0,1
C21577,2024,7,July,1,1,1,0
C21577,2024,10,October,2,2,0,1
C21577,2024,12,December,3,3,0,1
C21577,2025,3,March,4,4,0,1
C21577,2025,4,April,5,5,0,1
C21577,2025,7,July,6,6,0,1
C21577,2025,8,August,7,7,0,1
C21577,2025,10,October,8,9,0,1
C21577,2025,11,November,10,10,0,1
C21578,2025,1,January,1,1,1,0
C21578,2025,3,March,2,2,0,1
C21578,2025,4,April,3,3,0,1
C21578,2025,9,September,4,3,0,1
C21579,2025,7,July,1,0,1,0
C21580,2024,7,July,1,1,1,0
C21580,2025,1,January,2,2,0,1
C21580,2025,5,May,3,2,0,1
C21581,2025,4,April,1,1,1,0
C21581,2025,5,May,2,3,0,1
C21581,2025,7,July,4,4,0,1
C21582,2025,4,April,1,1,1,0
C21582,2025,7,July,3,2,0,1
C21582,2025,8,August,4,2,0,1
C21582,2025,10,October,5,3,0,1
C21582,2025,11,November,6,4,0,1
C21583,2025,2,February,1,1,1,0
C21583,2025,5,May,2,2,0,1
C21583,2025,6,June,3,3,0,1
C21583,2025,8,August,4,4,0,1
C21583,2025,12,December,5,4,0,1
C21584,2025,1,January,1,1,1,0
C21584,2025,3,March,2,2,0,1
C21584,2025,5,May,3,3,0,1
C21584,2025,7,July,4,3,0,1
C21584,2025,8,August,5,4,0,1
C21584,2025,12,December,6,5,0,1
C21586,2024,8,August,1,1,1,0
C21586,2025,12,December,2,2,0,1
C21587,2024,8,August,1,1,1,0
C21587,2024,11,November,2,2,0,1
C21587,2025,7,July,3,3,0,1
C21587,2025,9,September,4,3,0,1
C21587,2025,10,October,5,4,0,1
C21587,2025,11,November,6,5,0,1
C21588,2024,7,July,1,1,1,0
C21588,2024,12,December,2,2,0,1
C21588,2025,6,June,3,3,0,1
C21588,2025,9,September,4,4,0,1
C21588,2025,10,October,5,5,0,1
C21589,2024,9,September,1,1,1,0
C21589,2025,4,April,3,2,0,1
C21589,2025,9,September,4,3,0,1
C21589,2025,10,October,5,4,0,1
C21590,2024,7,July,1,0,1,0
C21590,2024,9,September,2,1,0,0
C21590,2025,1,January,3,2,0,1
C21590,2025,2,February,4,3,0,1
C21590,2025,4,April,5,4,0,1
C21590,2025,12,December,6,4,0,1
C21591,2024,10,October,1,1,1,0
C21591,2025,3,March,2,2,0,1
C21591,2025,4,April,3,3,0,1
C21591,2025,12,December,4,4,0,1
C21592,2024,12,December,1,1,1,0
C21592,2025,2,February,2,2,0,1
C21592,2025,9,September,3,3,0,1
C21593,2025,2,February,1,1,1,0
C21594,2024,8,August,1,1,1,0
C21594,2024,11,November,2,2,0,1
C21594,2025,4,April,3,3,0,1
C21594,2025,8,August,4,5,0,1
C21595,2025,3,March,1,1,1,0
C21595,2025,4,April,2,2,0,1
C21595,2025,10,October,3,3,0,1
C21597,2024,9,September,1,1,1,0
C21597,2025,1,January,2,2,0,1
C21597,2025,2,February,3,3,0,1
C21598,2025,4,April,1,1,1,0
C21599,2024,10,October,1,1,1,0
C21599,2025,3,March,2,1,0,0
C21599,2025,6,June,3,2,0,1
C21600,2024,8,August,1,1,1,0
C21600,2024,9,September,2,2,0,1
C21600,2024,11,November,3,3,0,1
C21600,2025,1,January,4,3,0,1
C21600,2025,2,February,5,4,0,1
C21600,2025,6,June,6,5,0,1
C21600,2025,8,August,7,6,0,1
C21601,2024,10,October,1,1,1,0
C21601,2025,5,May,2,2,0,1
C21601,2025,10,October,3,3,0,1
C21602,2024,9,September,1,0,1,0
C21602,2025,9,September,2,1,0,0
C21603,2024,8,August,1,1,1,0
C21603,2024,9,September,2,2,0,1
C21603,2024,11,November,3,3,0,1
C21603,2024,12,December,4,4,0,1
C21603,2025,6,June,5,5,0,1
C21604,2025,10,October,1,1,1,0
C21605,2024,8,August,1,1,1,0
C21605,2025,3,March,2,1,0,0
C21605,2025,11,November,3,2,0,1
C21606,2024,12,December,1,2,0,1
C21606,2025,4,April,3,3,0,1
C21606,2025,5,May,4,4,0,1
C21606,2025,9,September,6,6,0,1
C21606,2025,11,November,8,8,0,1
C21607,2025,1,January,1,1,1,0
C21608,2024,10,October,1,1,1,0
C21608,2025,5,May,2,2,0,1
C21608,2025,6,June,3,3,0,1
C21608,2025,7,July,4,4,0,1
C21609,2024,7,July,1,1,1,0
C21609,2024,10,October,2,2,0,1
C21609,2025,5,May,3,3,0,1
C21609,2025,12,December,4,4,0,1
C21610,2024,7,July,1,1,1,0
C21610,2024,11,November,2,2,0,1
C21610,2025,5,May,3,4,0,1
C21610,2025,8,August,5,6,0,1
C21610,2025,10,October,7,7,0,1
C21611,2024,8,August,1,0,1,0
C21611,2024,10,October,2,0,0,0
C21611,2024,11,November,3,2,0,1
C21611,2025,5,May,5,4,0,1
C21612,2024,12,December,1,1,1,0
C21612,2025,4,April,2,3,0,1
C21612,2025,5,May,4,4,0,1
C21612,2025,8,August,5,5,0,1
C21613,2024,12,December,1,1,1,0
C21613,2025,5,May,2,1,0,0
C21613,2025,6,June,3,2,0,1
C21614,2025,2,February,1,1,1,0
C21614,2025,5,May,2,1,0,0
C21614,2025,12,December,3,2,0,1
C21615,2024,7,July,1,0,1,0
C21615,2025,2,February,2,1,0,0
C21615,2025,5,May,3,3,0,1
C21615,2025,8,August,5,4,0,1
C21616,2024,7,July,1,0,1,0
C21616,2025,11,November,2,2,0,1
C21617,2024,7,July,1,1,1,0
C21617,2025,3,March,3,2,0,1
C21617,2025,11,November,4,3,0,1
C21617,2025,12,December,5,3,0,1
C21618,2024,7,July,1,1,1,0
C21618,2024,8,August,2,2,0,1
C21618,2024,9,September,3,2,0,1
C21619,2024,7,July,1,1,1,0
C21620,2024,9,September,1,1,1,0
C21620,2025,3,March,2,2,0,1
C21620,2025,5,May,3,3,0,1
C21620,2025,6,June,4,4,0,1
C21620,2025,8,August,5,4,0,1
C21620,2025,11,November,6,5,0,1
C21621,2024,8,August,1,1,1,0
C21621,2024,10,October,2,2,0,1
C21621,2024,11,November,3,3,0,1
C21621,2025,9,September,4,4,0,1
C21622,2025,1,January,1,1,1,0
C21622,2025,6,June,2,2,0,1
C21622,2025,7,July,3,3,0,1
C21622,2025,8,August,4,4,0,1
C21622,2025,12,December,5,5,0,1
C21623,2024,11,November,1,1,1,0
C21623,2025,1,January,2,2,0,1
C21623,2025,2,February,3,4,0,1
C21623,2025,3,March,5,6,0,1
C21623,2025,4,April,7,6,0,1
C21623,2025,7,July,8,7,0,1
C21623,2025,8,August,9,8,0,1
C21623,2025,11,November,10,9,0,1
C21623,2025,12,December,11,10,0,1
C21624,2024,11,November,1,1,1,0
C21624,2025,4,April,2,1,0,0
C21624,2025,5,May,3,2,0,1
C21624,2025,6,June,4,3,0,1
C21624,2025,8,August,5,3,0,1
C21624,2025,10,October,6,3,0,1
C21624,2025,12,December,7,4,0,1
C21625,2024,9,September,1,1,1,0
C21625,2025,2,February,3,2,0,1
C21625,2025,4,April,4,3,0,1
C21625,2025,7,July,5,4,0,1
C21625,2025,9,September,6,7,0,1
C21625,2025,10,October,9,7,0,1
C21627,2024,7,July,1,1,1,0
C21627,2024,9,September,3,3,0,1
C21627,2024,10,October,5,3,0,1
C21627,2025,2,February,6,4,0,1
C21627,2025,4,April,8,5,0,1
C21627,2025,6,June,9,6,0,1
C21627,2025,7,July,10,6,0,1
C21627,2025,9,September,11,7,0,1
C21628,2024,8,August,1,1,1,0
C21628,2024,9,September,2,2,0,1
C21628,2024,11,November,3,3,0,1
C21628,2025,2,February,4,5,0,1
C21628,2025,4,April,6,6,0,1
C21628,2025,5,May,7,7,0,1
C21628,2025,9,September,8,9,0,1
C21628,2025,12,December,10,10,0,1
C21629,2025,3,March,1,1,1,0
C21629,2025,9,September,2,2,0,1
C21629,2025,11,November,3,3,0,1
C21630,2024,8,August,1,1,1,0
C21632,2024,9,September,1,1,1,0
C21632,2025,11,November,2,2,0,1
C21632,2025,12,December,3,2,0,1
C21633,2025,1,January,1,1,1,0
C21633,2025,3,March,2,2,0,1
C21633,2025,5,May,3,3,0,1
C21633,2025,7,July,5,4,0,1
C21634,2024,12,December,1,1,1,0
C21634,2025,4,April,3,2,0,1
C21634,2025,7,July,4,3,0,1
C21634,2025,11,November,5,4,0,1
C21635,2024,9,September,1,1,1,0
C21635,2024,12,December,2,2,0,1
C21635,2025,1,January,3,3,0,1
C21635,2025,4,April,4,4,0,1
C21635,2025,7,July,5,5,0,1
C21635,2025,10,October,6,6,0,1
C21636,2024,12,December,1,1,1,0
C21636,2025,1,January,2,2,0,1
C21636,2025,3,March,3,3,0,1
C21636,2025,5,May,4,4,0,1
C21636,2025,9,September,5,5,0,1
C21637,2025,5,May,1,1,1,0
C21638,2024,8,August,1,1,1,0
C21638,2025,8,August,2,2,0,1
C21638,2025,10,October,3,2,0,1
C21638,2025,11,November,4,2,0,1
C21639,2024,9,September,1,1,1,0
C21639,2024,12,December,2,3,0,1
C21639,2025,3,March,4,4,0,1
C21639,2025,5,May,5,5,0,1
C21639,2025,6,June,6,5,0,1
C21639,2025,7,July,7,7,0,1
C21639,2025,12,December,9,8,0,1
C21640,2024,10,October,1,1,1,0
C21640,2024,12,December,2,1,0,0
C21640,2025,1,January,3,2,0,1
C21641,2025,3,March,1,2,0,1
C21641,2025,7,July,3,3,0,1
C21641,2025,9,September,4,4,0,1
C21642,2025,2,February,1,0,1,0
C21642,2025,3,March,2,1,0,0
C21642,2025,7,July,3,1,0,0
C21643,2025,4,April,1,1,1,0
C21643,2025,7,July,2,2,0,1
C21643,2025,11,November,3,3,0,1
C21644,2025,1,January,1,1,1,0
C21644,2025,2,February,2,2,0,1
C21644,2025,3,March,3,3,0,1
C21644,2025,12,December,4,4,0,1
C21645,2024,7,July,1,1,1,0
C21645,2024,10,October,2,1,0,0
C21645,2025,1,January,3,2,0,1
C21645,2025,2,February,4,3,0,1
C21645,2025,7,July,5,4,0,1
C21645,2025,8,August,6,5,0,1
C21647,2024,11,November,1,1,1,0
C21647,2025,1,January,2,2,0,1
C21647,2025,3,March,3,3,0,1
C21647,2025,12,December,4,4,0,1
C21648,2024,9,September,1,2,0,1
C21649,2024,7,July,1,1,1,0
C21649,2024,10,October,2,3,0,1
C21649,2025,6,June,4,4,0,1
C21649,2025,9,September,5,5,0,1
C21650,2024,8,August,1,0,1,0
C21650,2024,9,September,2,1,0,0
C21650,2025,1,January,3,2,0,1
C21650,2025,10,October,4,3,0,1
C21650,2025,12,December,5,4,0,1
C21651,2024,7,July,1,1,1,0
C21651,2024,8,August,2,2,0,1
C21651,2025,3,March,3,3,0,1
C21651,2025,9,September,4,4,0,1
C21652,2025,10,October,1,0,1,0
C21652,2025,11,November,2,1,0,0
C21653,2024,9,September,1,2,0,1
C21653,2025,12,December,3,2,0,1
C21654,2024,12,December,1,1,1,0
C21654,2025,3,March,2,2,0,1
C21654,2025,4,April,3,3,0,1
C21654,2025,9,September,4,4,0,1
C21655,2024,9,September,1,1,1,0
C21655,2024,10,October,2,2,0,1
C21655,2025,3,March,3,4,0,1
C21655,2025,4,April,5,5,0,1
C21656,2024,11,November,1,0,1,0
C21656,2024,12,December,2,2,0,1
C21656,2025,2,February,4,3,0,1
C21656,2025,4,April,5,4,0,1
C21657,2024,10,October,1,1,1,0
C21657,2025,2,February,2,2,0,1
C21658,2025,1,January,1,1,1,0
C21658,2025,3,March,2,2,0,1
C21659,2024,7,July,1,1,1,0
C21659,2025,3,March,2,2,0,1
C21659,2025,5,May,3,3,0,1
C21659,2025,7,July,4,3,0,1
C21660,2025,2,February,1,1,1,0
C21660,2025,5,May,2,2,0,1
C21660,2025,10,October,3,3,0,1
C21660,2025,11,November,4,4,0,1
C21661,2025,3,March,1,1,1,0
C21661,2025,11,November,2,2,0,1
C21662,2024,8,August,1,1,1,0
C21662,2025,1,January,2,1,0,0
C21662,2025,6,June,3,2,0,1
C21662,2025,10,October,4,3,0,1
C21664,2025,3,March,1,2,0,1
C21664,2025,10,October,3,3,0,1
C21665,2024,7,July,1,2,0,1
C21665,2024,11,November,3,3,0,1
C21668,2025,1,January,1,1,1,0
C21668,2025,2,February,2,2,0,1
C21668,2025,11,November,3,3,0,1
C21669,2024,7,July,1,1,1,0
C21669,2024,9,September,2,1,0,0
C21669,2024,11,November,3,2,0,1
C21669,2024,12,December,4,4,0,1
C21669,2025,2,February,7,5,0,1
C21669,2025,3,March,8,6,0,1
C21669,2025,5,May,9,7,0,1
C21669,2025,6,June,10,8,0,1
C21669,2025,9,September,11,9,0,1
C21669,2025,10,October,12,12,0,1
C21670,2024,8,August,1,1,1,0
C21670,2024,9,September,2,2,0,1
C21670,2025,3,March,3,3,0,1
C21670,2025,4,April,4,4,0,1
C21670,2025,5,May,5,5,0,1
C21670,2025,7,July,6,7,0,1
C21670,2025,9,September,8,8,0,1
C21670,2025,12,December,9,9,0,1
C21671,2024,10,October,1,1,1,0
C21671,2024,11,November,2,2,0,1
C21671,2025,6,June,3,3,0,1
C21672,2025,6,June,1,1,1,0
C21672,2025,12,December,2,2,0,1
C21673,2025,11,November,1,1,1,0
C21674,2024,8,August,1,1,1,0
C21674,2024,10,October,2,2,0,1
C21674,2025,1,January,3,2,0,1
C21674,2025,2,February,4,3,0,1
C21674,2025,8,August,5,3,0,1
C21674,2025,11,November,6,4,0,1
C21675,2024,9,September,1,2,0,1
C21675,2025,4,April,3,2,0,1
C21675,2025,8,August,4,3,0,1
C21676,2024,11,November,1,1,1,0
C21677,2025,3,March,1,1,1,0
C21677,2025,10,October,2,2,0,1
C21678,2025,9,September,1,1,1,0
C21679,2024,7,July,1,1,1,0
C21679,2025,9,September,2,2,0,1
C21680,2025,8,August,1,1,1,0
C21680,2025,9,September,2,2,0,1
C21680,2025,12,December,3,3,0,1
C21681,2024,9,September,1,0,1,0
C21681,2025,6,June,2,0,0,0
C21681,2025,10,October,3,1,0,0
C21682,2024,7,July,1,0,1,0
C21682,2024,8,August,2,1,0,0
C21682,2024,12,December,3,2,0,1
C21683,2024,8,August,1,0,1,0
C21684,2024,10,October,1,2,0,1
C21684,2025,9,September,3,3,0,1
C21684,2025,11,November,4,4,0,1
C21684,2025,12,December,5,5,0,1
C21685,2024,8,August,1,1,1,0
C21685,2024,9,September,2,2,0,1
C21685,2024,10,October,3,3,0,1
C21685,2025,5,May,4,4,0,1
C21686,2024,8,August,1,1,1,0
C21686,2025,10,October,2,1,0,0
C21687,2024,7,July,1,1,1,0
C21687,2024,9,September,2,2,0,1
C21687,2025,6,June,3,2,0,1
C21687,2025,8,August,4,3,0,1
C21687,2025,11,November,5,4,0,1
C21688,2024,7,July,1,2,0,1
C21688,2024,10,October,3,3,0,1
C21688,2025,1,January,4,3,0,1
C21688,2025,4,April,5,4,0,1
C21688,2025,5,May,6,5,0,1
C21688,2025,6,June,7,5,0,1
C21688,2025,8,August,8,6,0,1
C21688,2025,9,September,9,7,0,1
C21689,2024,7,July,1,2,0,1
C21689,2024,10,October,3,3,0,1
C21689,2025,6,June,4,3,0,1
C21689,2025,8,August,5,3,0,1
C21689,2025,11,November,6,4,0,1
C21689,2025,12,December,7,5,0,1
C21690,2024,8,August,1,2,0,1
C21690,2024,10,October,3,3,0,1
C21690,2024,11,November,4,5,0,1
C21690,2025,1,January,6,6,0,1
C21690,2025,2,February,7,7,0,1
C21690,2025,3,March,9,9,0,1
C21690,2025,5,May,11,10,0,1
C21690,2025,9,September,12,12,0,1
C21690,2025,11,November,15,13,0,1
C21691,2024,7,July,1,1,1,0
C21691,2025,1,January,2,2,0,1
C21691,2025,8,August,3,3,0,1
C21692,2024,9,September,1,0,1,0
C21692,2025,4,April,2,2,0,1
C21692,2025,7,July,4,3,0,1
C21693,2025,12,December,1,2,0,1
C21694,2024,7,July,1,1,1,0
C21694,2025,3,March,2,2,0,1
C21695,2024,10,October,1,1,1,0
C21695,2024,11,November,2,1,0,0
C21695,2025,1,January,3,2,0,1
C21695,2025,2,February,4,3,0,1
C21695,2025,3,March,5,4,0,1
C21696,2024,7,July,1,2,0,1
C21697,2024,12,December,1,1,1,0
C21697,2025,3,March,2,2,0,1
C21697,2025,12,December,3,4,0,1
C21698,2024,10,October,1,1,1,0
C21698,2025,8,August,2,1,0,0
C21699,2024,7,July,1,0,1,0
C21699,2025,7,July,2,1,0,0
C21700,2025,2,February,1,1,1,0
C21700,2025,5,May,2,2,0,1
C21701,2024,10,October,1,1,1,0
C21701,2025,3,March,2,3,0,1
C21702,2024,10,October,1,1,1,0
C21702,2025,12,December,2,2,0,1
C21703,2025,2,February,1,1,1,0
C21704,2024,8,August,1,1,1,0
C21704,2024,11,November,2,2,0,1
C21704,2024,12,December,3,2,0,1
C21704,2025,2,February,4,3,0,1
C21704,2025,8,August,5,4,0,1
C21705,2024,7,July,1,1,1,0
C21705,2024,9,September,2,2,0,1
C21705,2025,5,May,3,3,0,1
C21705,2025,10,October,4,4,0,1
C21705,2025,11,November,5,4,0,1
C21706,2024,9,September,1,1,1,0
C21706,2025,4,April,2,2,0,1
C21707,2024,7,July,1,1,1,0
C21707,2024,8,August,2,2,0,1
C21707,2024,9,September,3,3,0,1
C21707,2024,12,December,5,4,0,1
C21707,2025,2,February,6,5,0,1
C21707,2025,3,March,7,8,0,1
C21707,2025,5,May,10,10,0,1
C21707,2025,7,July,12,11,0,1
C21707,2025,8,August,13,14,0,1
C21707,2025,9,September,16,15,0,1
C21707,2025,11,November,17,16,0,1
C21708,2024,9,September,1,1,1,0
C21708,2024,11,November,2,2,0,1
C21708,2025,1,January,3,3,0,1
C21708,2025,7,July,4,3,0,1
C21709,2025,1,January,1,1,1,0
C21709,2025,9,September,2,2,0,1
C21710,2024,9,September,1,0,1,0
C21710,2025,6,June,2,1,0,0
C21710,2025,11,November,3,2,0,1
C21711,2024,8,August,1,1,1,0
C21711,2025,5,May,2,2,0,1
C21711,2025,9,September,3,3,0,1
C21711,2025,11,November,4,4,0,1
C21711,2025,12,December,5,5,0,1
C21712,2025,1,January,1,1,1,0
C21712,2025,4,April,3,2,0,1
C21713,2024,7,July,1,1,1,0
C21713,2024,9,September,2,3,0,1
C21713,2024,11,November,4,4,0,1
C21713,2025,1,January,5,5,0,1
C21713,2025,3,March,6,7,0,1
C21713,2025,4,April,8,8,0,1
C21713,2025,5,May,9,9,0,1
C21713,2025,7,July,10,11,0,1
C21713,2025,9,September,12,12,0,1
C21713,2025,11,November,13,13,0,1
C21714,2024,7,July,1,2,0,1
C21714,2024,9,September,3,2,0,1
C21714,2024,10,October,4,3,0,1
C21714,2024,11,November,5,4,0,1
C21714,2024,12,December,6,5,0,1
C21714,2025,1,January,7,6,0,1
C21714,2025,2,February,8,7,0,1
C21714,2025,6,June,9,8,0,1
C21714,2025,10,October,10,9,0,1
C21715,2024,7,July,1,1,1,0
C21715,2024,12,December,2,2,0,1
C21715,2025,2,February,3,3,0,1
C21715,2025,5,May,4,5,0,1
C21715,2025,7,July,6,6,0,1
C21715,2025,11,November,7,7,0,1
C21715,2025,12,December,8,7,0,1
C21716,2024,7,July,1,1,1,0
C21716,2024,11,November,3,2,0,1
C21716,2025,12,December,4,3,0,1
C21717,2025,2,February,1,0,1,0
C21717,2025,12,December,2,1,0,0
C21718,2024,7,July,1,1,1,0
C21718,2024,11,November,2,2,0,1
C21718,2025,3,March,3,2,0,1
C21718,2025,4,April,4,3,0,1
C21718,2025,6,June,5,4,0,1
C21718,2025,8,August,6,5,0,1
C21718,2025,10,October,7,6,0,1
C21718,2025,12,December,8,6,0,1
C21719,2024,7,July,1,1,1,0
C21719,2025,3,March,2,2,0,1
C21720,2024,11,November,1,1,1,0
C21720,2024,12,December,2,2,0,1
C21720,2025,1,January,3,2,0,1
C21720,2025,4,April,4,3,0,1
C21720,2025,6,June,5,4,0,1
C21721,2025,6,June,1,1,1,0
C21721,2025,7,July,2,1,0,0
C21722,2024,7,July,1,2,0,1
C21722,2025,9,September,3,2,0,1
C21723,2024,9,September,1,1,1,0
C21723,2024,10,October,3,2,0,1
C21723,2025,5,May,4,3,0,1
C21723,2025,7,July,5,4,0,1
C21723,2025,9,September,6,5,0,1
C21723,2025,11,November,7,7,0,1
C21723,2025,12,December,9,7,0,1
C21724,2024,8,August,1,1,1,0
C21724,2024,10,October,2,2,0,1
C21724,2025,7,July,3,4,0,1
C21724,2025,8,August,5,5,0,1
C21725,2024,7,July,1,2,0,1
C21725,2025,9,September,3,3,0,1
C21725,2025,11,November,4,4,0,1
C21726,2024,7,July,1,0,1,0
C21726,2025,2,February,2,1,0,0
C21726,2025,6,June,3,2,0,1
C21726,2025,8,August,4,3,0,1
C21726,2025,11,November,5,5,0,1
C21727,2024,11,November,1,1,1,0
C21727,2025,1,January,2,2,0,1
C21727,2025,6,June,3,3,0,1
C21727,2025,9,September,4,4,0,1
C21727,2025,10,October,5,4,0,1
C21727,2025,12,December,6,5,0,1
C21728,2024,8,August,1,0,1,0
C21728,2024,9,September,2,1,0,0
C21728,2024,10,October,3,2,0,1
C21728,2024,12,December,4,3,0,1
C21728,2025,1,January,5,4,0,1
C21728,2025,5,May,6,5,0,1
C21729,2024,7,July,1,1,1,0
C21729,2024,8,August,2,3,0,1
C21729,2025,9,September,4,4,0,1
C21729,2025,10,October,5,5,0,1
C21729,2025,12,December,6,6,0,1
C21730,2025,2,February,1,1,1,0
C21730,2025,9,September,2,2,0,1
C21730,2025,11,November,3,3,0,1
C21730,2025,12,December,4,3,0,1
C21732,2025,3,March,1,1,1,0
C21732,2025,7,July,2,2,0,1
C21732,2025,10,October,3,2,0,1
C21733,2025,2,February,1,1,1,0
C21733,2025,5,May,2,3,0,1
C21734,2024,10,October,1,0,1,0
C21734,2024,12,December,2,1,0,0
C21735,2024,12,December,1,1,1,0
C21735,2025,9,September,2,2,0,1
C21736,2024,9,September,1,0,1,0
C21736,2024,10,October,2,0,0,0
C21736,2025,2,February,3,1,0,0
C21736,2025,4,April,4,2,0,1
C21737,2024,12,December,1,1,1,0
C21737,2025,3,March,2,2,0,1
C21737,2025,8,August,3,3,0,1
C21738,2024,11,November,1,1,1,0
C21738,2025,4,April,2,2,0,1
C21740,2024,7,July,1,1,1,0
C21740,2024,8,August,2,2,0,1
C21740,2024,9,September,3,3,0,1
C21740,2024,11,November,4,4,0,1
C21740,2024,12,December,6,4,0,1
C21740,2025,5,May,7,4,0,1
C21740,2025,6,June,8,5,0,1
C21740,2025,7,July,9,6,0,1
C21741,2024,9,September,1,0,1,0
C21741,2025,5,May,2,1,0,0
C21741,2025,11,November,3,1,0,0
C21742,2024,8,August,1,0,1,0
C21742,2024,11,November,2,1,0,0
C21742,2025,1,January,3,2,0,1
C21742,2025,8,August,4,3,0,1
C21743,2025,6,June,1,0,1,0
C21744,2025,1,January,1,1,1,0
C21744,2025,9,September,2,3,0,1
C21744,2025,10,October,4,4,0,1
C21744,2025,12,December,5,4,0,1
C21745,2024,8,August,1,1,1,0
C21745,2024,10,October,2,2,0,1
C21745,2024,11,November,3,3,0,1
C21745,2024,12,December,4,4,0,1
C21745,2025,6,June,5,4,0,1
C21745,2025,7,July,7,5,0,1
C21745,2025,10,October,8,6,0,1
C21745,2025,11,November,9,7,0,1
C21746,2024,7,July,1,0,1,0
C21747,2024,7,July,1,0,1,0
C21747,2024,8,August,2,1,0,0
C21747,2024,11,November,3,2,0,1
C21747,2025,7,July,4,3,0,1
C21747,2025,8,August,5,3,0,1
C21747,2025,9,September,6,5,0,1
C21747,2025,11,November,8,6,0,1
C21748,2025,2,February,1,1,1,0
C21749,2024,10,October,1,1,1,0
C21749,2025,12,December,2,2,0,1
C21750,2024,10,October,1,1,1,0
C21750,2024,11,November,2,3,0,1
C21750,2025,2,February,4,4,0,1
C21750,2025,8,August,5,5,0,1
C21751,2024,8,August,1,1,1,0
C21751,2025,2,February,2,2,0,1
C21751,2025,3,March,3,3,0,1
C21751,2025,4,April,4,3,0,1
C21751,2025,5,May,5,4,0,1
C21751,2025,11,November,6,4,0,1
C21751,2025,12,December,7,5,0,1
C21752,2024,8,August,1,0,1,0
C21753,2025,3,March,1,1,1,0
C21753,2025,8,August,2,2,0,1
C21753,2025,11,November,3,3,0,1
C21754,2024,8,August,1,0,1,0
C21754,2024,10,October,2,1,0,0
C21754,2024,11,November,3,2,0,1
C21754,2025,1,January,4,3,0,1
C21754,2025,2,February,6,3,0,1
C21754,2025,5,May,7,4,0,1
C21754,2025,6,June,8,5,0,1
C21754,2025,10,October,9,6,0,1
C21754,2025,12,December,10,7,0,1
C21755,2024,8,August,1,1,1,0
C21755,2024,9,September,2,2,0,1
C21755,2024,12,December,3,2,0,1
C21755,2025,3,March,4,3,0,1
C21755,2025,7,July,5,3,0,1
C21756,2024,9,September,1,1,1,0
C21756,2024,10,October,2,2,0,1
C21757,2024,9,September,1,1,1,0
C21757,2024,10,October,2,1,0,0
C21758,2025,3,March,1,1,1,0
C21758,2025,9,September,2,2,0,1
C21758,2025,12,December,3,3,0,1
C21759,2025,4,April,1,1,1,0
C21760,2024,12,December,1,1,1,0
C21760,2025,1,January,2,2,0,1
C21760,2025,5,May,4,2,0,1
C21760,2025,10,October,5,3,0,1
C21761,2024,7,July,1,0,1,0
C21761,2024,11,November,2,0,0,0
C21761,2025,3,March,3,1,0,0
C21761,2025,6,June,4,1,0,0
C21761,2025,7,July,5,2,0,1
C21761,2025,11,November,6,3,0,1
C21762,2024,7,July,1,1,1,0
C21762,2024,8,August,2,2,0,1
C21762,2025,10,October,3,3,0,1
C21763,2024,11,November,1,0,1,0
C21763,2025,5,May,2,1,0,0
C21764,2024,8,August,1,1,1,0
C21764,2025,2,February,2,2,0,1
C21764,2025,7,July,3,2,0,1
C21765,2025,1,January,1,1,1,0
C21766,2024,8,August,1,2,0,1
C21766,2025,3,March,3,3,0,1
C21767,2024,7,July,1,1,1,0
C21767,2024,8,August,2,2,0,1
C21767,2024,10,October,3,3,0,1
C21767,2025,5,May,4,5,0,1
C21767,2025,9,September,6,6,0,1
C21767,2025,10,October,7,7,0,1
C21767,2025,11,November,8,7,0,1
C21768,2024,8,August,1,1,1,0
C21768,2024,9,September,2,1,0,0
C21768,2025,9,September,3,2,0,1
C21768,2025,11,November,4,2,0,1
C21768,2025,12,December,6,3,0,1
C21769,2024,10,October,1,1,1,0
C21769,2024,11,November,2,1,0,0
C21770,2024,12,December,1,1,1,0
C21770,2025,2,February,2,2,0,1
C21771,2024,9,September,1,1,1,0
C21771,2025,1,January,2,2,0,1
C21771,2025,6,June,3,3,0,1
C21772,2025,2,February,1,1,1,0
C21772,2025,5,May,2,1,0,0
C21772,2025,8,August,3,2,0,1
C21772,2025,10,October,4,3,0,1
C21773,2024,11,November,1,1,1,0
C21773,2025,9,September,2,2,0,1
C21773,2025,10,October,3,3,0,1
C21774,2025,1,January,1,1,1,0
C21774,2025,10,October,2,1,0,0
C21774,2025,12,December,3,2,0,1
C21775,2024,9,September,1,1,1,0
C21775,2024,11,November,2,2,0,1
C21775,2024,12,December,3,3,0,1
C21775,2025,8,August,4,4,0,1
C21775,2025,12,December,5,6,0,1
C21776,2025,4,April,1,1,1,0
C21776,2025,8,August,2,2,0,1
C21776,2025,10,October,3,3,0,1
C21777,2025,4,April,1,1,1,0
C21777,2025,7,July,2,1,0,0
C21777,2025,10,October,3,2,0,1
C21778,2025,1,January,1,1,1,0
C21778,2025,2,February,2,2,0,1
C21778,2025,4,April,3,3,0,1
C21778,2025,5,May,4,3,0,1
C21778,2025,10,October,5,5,0,1
C21779,2024,9,September,1,1,1,0
C21779,2024,10,October,2,3,0,1
C21779,2024,11,November,4,3,0,1
C21779,2025,1,January,5,4,0,1
C21779,2025,3,March,6,4,0,1
C21779,2025,5,May,7,5,0,1
C21779,2025,11,November,8,6,0,1
C21780,2024,10,October,1,1,1,0
C21780,2024,11,November,2,2,0,1
C21780,2025,4,April,3,3,0,1
C21780,2025,5,May,4,3,0,1
C21781,2025,6,June,1,1,1,0
C21782,2024,7,July,1,0,1,0
C21782,2025,10,October,2,1,0,0
C21783,2024,7,July,1,1,1,0
C21783,2025,3,March,2,2,0,1
C21784,2024,7,July,1,1,1,0
C21784,2024,10,October,2,2,0,1
C21784,2025,4,April,3,3,0,1
C21784,2025,10,October,4,4,0,1
C21785,2024,8,August,1,1,1,0
C21785,2024,9,September,2,2,0,1
C21785,2025,8,August,3,3,0,1
C21785,2025,12,December,4,4,0,1
C21787,2024,8,August,1,1,1,0
C21787,2025,1,January,2,1,0,0
C21787,2025,10,October,3,1,0,0
C21787,2025,12,December,5,2,0,1
C21788,2024,7,July,1,1,1,0
C21788,2024,10,October,2,2,0,1
C21788,2025,3,March,3,3,0,1
C21788,2025,6,June,4,4,0,1
C21788,2025,12,December,5,5,0,1
C21789,2024,7,July,1,1,1,0
C21789,2025,6,June,2,2,0,1
C21789,2025,7,July,3,3,0,1
C21791,2024,10,October,1,0,1,0
C21791,2024,11,November,2,1,0,0
C21791,2024,12,December,3,2,0,1
C21792,2024,7,July,1,1,1,0
C21792,2024,9,September,2,2,0,1
C21792,2025,1,January,3,2,0,1
C21792,2025,3,March,4,3,0,1
C21792,2025,4,April,5,4,0,1
C21792,2025,6,June,6,5,0,1
C21792,2025,9,September,7,6,0,1
C21793,2024,10,October,1,1,1,0
C21793,2025,4,April,2,2,0,1
C21793,2025,10,October,3,3,0,1
C21794,2025,2,February,1,2,0,1
C21794,2025,3,March,3,3,0,1
C21795,2025,1,January,1,1,1,0
C21795,2025,2,February,2,2,0,1
C21795,2025,3,March,3,2,0,1
C21795,2025,7,July,4,3,0,1
C21795,2025,9,September,5,4,0,1
C21795,2025,10,October,6,5,0,1
C21795,2025,11,November,8,6,0,1
C21796,2024,12,December,1,1,1,0
C21797,2024,9,September,1,1,1,0
C21797,2024,10,October,2,1,0,0
C21797,2024,12,December,3,4,0,1
C21797,2025,1,January,6,5,0,1
C21797,2025,3,March,7,5,0,1
C21797,2025,4,April,9,6,0,1
C21797,2025,7,July,10,8,0,1
C21798,2024,7,July,1,1,1,0
C21799,2024,9,September,1,0,1,0
C21800,2025,2,February,1,1,1,0
C21800,2025,7,July,2,2,0,1
C21800,2025,9,September,3,2,0,1
C21801,2024,10,October,1,1,1,0
C21801,2025,11,November,2,2,0,1
C21802,2024,9,September,1,1,1,0
C21802,2025,7,July,2,1,0,0
C21803,2024,9,September,1,1,1,0
C21803,2024,10,October,2,2,0,1
C21803,2024,11,November,3,3,0,1
C21803,2025,2,February,4,5,0,1
C21803,2025,3,March,6,6,0,1
C21803,2025,7,July,7,7,0,1
C21803,2025,8,August,8,7,0,1
C21803,2025,10,October,9,7,0,1
C21803,2025,11,November,11,7,0,1
C21804,2025,3,March,1,1,1,0
C21804,2025,6,June,2,2,0,1
C21804,2025,7,July,3,3,0,1
C21805,2025,8,August,1,0,1,0
C21805,2025,10,October,2,1,0,0
C21806,2024,7,July,1,1,1,0
C21806,2024,10,October,2,2,0,1
C21806,2025,5,May,3,3,0,1
C21807,2024,7,July,1,1,1,0
C21807,2024,9,September,2,2,0,1
C21808,2025,1,January,1,2,0,1
C21808,2025,3,March,3,3,0,1
C21808,2025,4,April,4,4,0,1
C21808,2025,5,May,6,5,0,1
C21808,2025,8,August,7,5,0,1
C21808,2025,12,December,8,6,0,1
C21809,2025,2,February,1,1,1,0
C21809,2025,9,September,3,2,0,1
C21809,2025,12,December,4,2,0,1
C21810,2024,7,July,1,1,1,0
C21810,2024,9,September,2,1,0,0
C21810,2024,10,October,3,2,0,1
C21810,2025,1,January,4,3,0,1
C21810,2025,2,February,5,4,0,1
C21810,2025,3,March,6,5,0,1
C21810,2025,10,October,7,5,0,1
C21811,2025,1,January,1,0,1,0
C21811,2025,2,February,2,1,0,0
C21811,2025,6,June,3,2,0,1
C21812,2024,11,November,1,1,1,0
C21812,2025,1,January,2,2,0,1
C21812,2025,5,May,3,2,0,1
C21812,2025,8,August,4,3,0,1
C21812,2025,9,September,5,4,0,1
C21813,2024,10,October,1,1,1,0
C21813,2024,12,December,2,2,0,1
C21813,2025,5,May,3,3,0,1
C21813,2025,7,July,4,3,0,1
C21814,2024,12,December,1,1,1,0
C21814,2025,7,July,2,2,0,1
C21814,2025,9,September,3,2,0,1
C21815,2025,3,March,1,1,1,0
C21816,2024,10,October,1,1,1,0
C21816,2025,1,January,2,2,0,1
C21816,2025,7,July,3,3,0,1
C21816,2025,12,December,4,3,0,1
C21817,2024,8,August,1,1,1,0
C21817,2024,11,November,2,2,0,1
C21817,2024,12,December,3,3,0,1
C21817,2025,3,March,4,4,0,1
C21818,2024,8,August,1,0,1,0
C21819,2024,8,August,1,1,1,0
C21819,2024,10,October,2,2,0,1
C21819,2024,12,December,3,3,0,1
C21819,2025,3,March,4,4,0,1
C21819,2025,5,May,5,5,0,1
C21820,2024,10,October,1,0,1,0
C21820,2025,6,June,2,1,0,0
C21820,2025,8,August,3,2,0,1
C21820,2025,11,November,4,3,0,1
C21821,2025,2,February,1,1,1,0
C21821,2025,6,June,2,1,0,0
C21821,2025,8,August,3,3,0,1
C21822,2025,1,January,1,1,1,0
C21822,2025,7,July,2,1,0,0
C21822,2025,11,November,3,2,0,1
C21823,2024,8,August,1,1,1,0
C21823,2024,9,September,2,2,0,1
C21823,2024,12,December,3,3,0,1
C21823,2025,1,January,4,3,0,1
C21823,2025,2,February,5,4,0,1
C21823,2025,10,October,6,6,0,1
C21823,2025,11,November,8,6,0,1
C21823,2025,12,December,9,7,0,1
C21824,2025,8,August,1,1,1,0
C21825,2024,10,October,1,1,1,0
C21825,2024,12,December,2,2,0,1
C21825,2025,10,October,3,3,0,1
C21825,2025,12,December,4,4,0,1
C21826,2024,7,July,1,1,1,0
C21826,2024,10,October,2,3,0,1
C21826,2025,1,January,4,4,0,1
C21826,2025,4,April,5,5,0,1
C21826,2025,12,December,6,6,0,1
C21827,2024,7,July,1,1,1,0
C21827,2025,3,March,2,2,0,1
C21827,2025,5,May,3,3,0,1
C21827,2025,11,November,4,4,0,1
C21828,2024,10,October,1,1,1,0
C21828,2025,3,March,2,1,0,0
C21828,2025,6,June,3,3,0,1
C21828,2025,8,August,5,4,0,1
C21828,2025,9,September,6,5,0,1
C21828,2025,11,November,7,6,0,1
C21829,2024,8,August,1,1,1,0
C21830,2025,5,May,1,1,1,0
C21832,2024,7,July,1,1,1,0
C21833,2025,2,February,1,1,1,0
C21833,2025,7,July,2,2,0,1
C21833,2025,12,December,3,3,0,1
C21834,2025,1,January,1,1,1,0
C21834,2025,2,February,2,2,0,1
C21834,2025,3,March,3,3,0,1
C21834,2025,10,October,4,4,0,1
C21835,2024,9,September,1,1,1,0
C21835,2024,10,October,2,2,0,1
C21835,2025,9,September,3,3,0,1
C21836,2024,7,July,1,1,1,0
C21836,2024,9,September,2,3,0,1
C21836,2024,12,December,4,4,0,1
C21836,2025,1,January,5,5,0,1
C21836,2025,5,May,6,6,0,1
C21836,2025,11,November,7,7,0,1
C21836,2025,12,December,8,8,0,1
C21838,2025,3,March,1,0,1,0
C21839,2024,8,August,1,1,1,0
C21840,2025,8,August,1,1,1,0
C21841,2025,3,March,1,1,1,0
C21841,2025,8,August,2,3,0,1
C21841,2025,10,October,4,4,0,1
C21841,2025,11,November,5,5,0,1
C21843,2024,7,July,1,1,1,0
C21843,2024,8,August,2,1,0,0
C21843,2024,9,September,3,2,0,1
C21843,2025,2,February,4,3,0,1
C21843,2025,10,October,5,4,0,1
C21844,2024,12,December,1,1,1,0
C21844,2025,3,March,2,2,0,1
C21844,2025,10,October,3,4,0,1
C21845,2024,12,December,1,1,1,0
C21846,2025,1,January,1,1,1,0
C21847,2025,5,May,1,1,1,0
C21847,2025,8,August,2,2,0,1
C21847,2025,9,September,3,3,0,1
C21847,2025,10,October,4,3,0,1
C21848,2024,7,July,1,1,1,0
C21848,2024,8,August,2,2,0,1
C21848,2024,11,November,3,3,0,1
C21848,2024,12,December,4,5,0,1
C21848,2025,2,February,6,6,0,1
C21848,2025,3,March,7,7,0,1
C21848,2025,8,August,8,7,0,1
C21848,2025,9,September,9,7,0,1
C21848,2025,11,November,10,8,0,1
C21849,2024,10,October,1,1,1,0
C21849,2025,2,February,2,2,0,1
C21850,2025,3,March,1,1,1,0
C21851,2024,12,December,1,0,1,0
C21851,2025,4,April,2,1,0,0
C21852,2025,1,January,1,0,1,0
C21852,2025,2,February,2,1,0,0
C21852,2025,7,July,3,2,0,1
C21852,2025,10,October,4,3,0,1
C21853,2024,8,August,1,0,1,0
C21853,2024,9,September,2,1,0,0
C21854,2025,5,May,1,1,1,0
C21855,2024,10,October,1,2,0,1
C21855,2024,11,November,3,3,0,1
C21855,2025,1,January,4,4,0,1
C21855,2025,10,October,5,5,0,1
C21856,2024,9,September,1,0,1,0
C21856,2024,12,December,2,1,0,0
C21856,2025,5,May,3,2,0,1
C21856,2025,6,June,4,3,0,1
C21856,2025,12,December,5,3,0,1
C21857,2025,7,July,1,1,1,0
C21857,2025,12,December,2,2,0,1
C21859,2024,11,November,1,1,1,0
C21859,2025,3,March,2,1,0,0
C21859,2025,4,April,3,2,0,1
C21859,2025,10,October,4,3,0,1
C21859,2025,11,November,5,4,0,1
C21860,2024,9,September,1,2,0,1
C21860,2024,10,October,3,2,0,1
C21860,2025,3,March,4,3,0,1
C21860,2025,5,May,5,5,0,1
C21860,2025,9,September,8,5,0,1
C21860,2025,11,November,9,6,0,1
C21860,2025,12,December,10,7,0,1
C21861,2024,7,July,1,1,1,0
C21861,2024,10,October,2,2,0,1
C21861,2025,8,August,3,2,0,1
C21861,2025,9,September,4,2,0,1
C21861,2025,11,November,5,3,0,1
C21862,2024,11,November,1,1,1,0
C21862,2025,5,May,2,3,0,1
C21863,2024,7,July,1,0,1,0
C21863,2025,1,January,2,1,0,0
C21863,2025,3,March,3,1,0,0
C21863,2025,5,May,4,2,0,1
C21863,2025,6,June,5,3,0,1
C21863,2025,12,December,6,4,0,1
C21864,2024,9,September,1,1,1,0
C21864,2024,10,October,2,2,0,1
C21864,2025,5,May,3,3,0,1
C21864,2025,8,August,4,4,0,1
C21865,2024,8,August,1,1,1,0
C21865,2024,10,October,2,2,0,1
C21865,2025,1,January,3,3,0,1
C21865,2025,2,February,5,4,0,1
C21865,2025,3,March,6,6,0,1
C21865,2025,4,April,8,7,0,1
C21865,2025,5,May,9,8,0,1
C21865,2025,12,December,10,9,0,1
C21866,2025,2,February,1,1,1,0
C21866,2025,3,March,2,2,0,1
C21867,2024,9,September,1,2,0,1
C21867,2024,11,November,3,3,0,1
C21867,2025,3,March,4,4,0,1
C21867,2025,6,June,5,5,0,1
C21867,2025,8,August,6,6,0,1
C21867,2025,10,October,7,8,0,1
C21868,2024,7,July,1,1,1,0
C21868,2025,3,March,3,2,0,1
C21868,2025,5,May,4,3,0,1
C21868,2025,10,October,5,4,0,1
C21869,2024,12,December,1,1,1,0
C21869,2025,3,March,2,3,0,1
C21869,2025,4,April,4,4,0,1
C21870,2024,12,December,1,1,1,0
C21870,2025,9,September,2,2,0,1
C21870,2025,12,December,3,3,0,1
C21871,2024,8,August,1,2,0,1
C21871,2024,11,November,3,3,0,1
C21872,2024,8,August,1,2,0,1
C21873,2024,10,October,1,1,1,0
C21873,2025,1,January,3,2,0,1
C21873,2025,3,March,4,3,0,1
C21873,2025,4,April,5,3,0,1
C21873,2025,6,June,6,4,0,1
C21873,2025,7,July,7,5,0,1
C21873,2025,9,September,8,6,0,1
C21874,2024,7,July,1,1,1,0
C21874,2024,10,October,2,1,0,0
C21875,2025,4,April,1,0,1,0
C21875,2025,6,June,2,1,0,0
C21876,2024,7,July,1,1,1,0
C21876,2024,9,September,2,2,0,1
C21876,2024,10,October,3,3,0,1
C21876,2024,11,November,4,4,0,1
C21876,2024,12,December,5,6,0,1
C21876,2025,3,March,7,7,0,1
C21876,2025,4,April,8,8,0,1
C21876,2025,6,June,9,9,0,1
C21876,2025,11,November,10,9,0,1
C21877,2025,6,June,1,1,1,0
C21878,2025,6,June,1,1,1,0
C21878,2025,9,September,2,2,0,1
C21878,2025,10,October,3,3,0,1
C21879,2025,7,July,1,1,1,0
C21879,2025,10,October,2,1,0,0
C21880,2025,1,January,1,1,1,0
C21880,2025,5,May,2,3,0,1
C21881,2025,2,February,1,1,1,0
C21881,2025,3,March,2,2,0,1
C21881,2025,4,April,3,4,0,1
C21881,2025,6,June,5,5,0,1
C21881,2025,8,August,6,8,0,1
C21882,2025,3,March,1,0,1,0
C21883,2025,2,February,1,1,1,0
C21883,2025,8,August,2,3,0,1
C21883,2025,10,October,4,4,0,1
C21884,2024,10,October,1,1,1,0
C21884,2025,1,January,2,2,0,1
C21884,2025,8,August,3,3,0,1
C21884,2025,10,October,4,3,0,1
C21885,2024,7,July,1,1,1,0
C21885,2024,12,December,2,1,0,0
C21885,2025,5,May,3,3,0,1
C21885,2025,11,November,5,4,0,1
C21886,2024,7,July,1,0,1,0
C21886,2025,1,January,2,1,0,0
C21886,2025,3,March,3,2,0,1
C21886,2025,12,December,4,3,0,1
C21887,2024,7,July,1,1,1,0
C21887,2024,8,August,3,2,0,1
C21887,2024,9,September,4,4,0,1
C21887,2024,11,November,6,5,0,1
C21887,2024,12,December,7,6,0,1
C21887,2025,1,January,8,6,0,1
C21887,2025,6,June,9,7,0,1
C21887,2025,7,July,10,8,0,1
C21887,2025,9,September,11,9,0,1
C21887,2025,10,October,12,10,0,1
C21887,2025,11,November,13,11,0,1
C21887,2025,12,December,14,14,0,1
C21888,2024,8,August,1,0,1,0
C21888,2025,8,August,2,1,0,0
C21888,2025,10,October,4,2,0,1
C21889,2025,3,March,1,1,1,0
C21889,2025,6,June,2,1,0,0
C21889,2025,7,July,3,2,0,1
C21890,2024,7,July,1,1,1,0
C21890,2024,9,September,3,2,0,1
C21890,2024,10,October,4,3,0,1
C21890,2024,12,December,5,3,0,1
C21890,2025,2,February,6,4,0,1
C21890,2025,3,March,7,5,0,1
C21890,2025,4,April,8,6,0,1
C21890,2025,7,July,9,7,0,1
C21890,2025,10,October,10,8,0,1
C21890,2025,11,November,11,8,0,1
C21891,2025,2,February,1,1,1,0
C21891,2025,4,April,2,2,0,1
C21892,2024,7,July,1,1,1,0
C21892,2024,9,September,2,2,0,1
C21892,2025,9,September,3,3,0,1
C21892,2025,12,December,4,4,0,1
C21893,2025,4,April,1,1,1,0
C21893,2025,5,May,2,2,0,1
C21893,2025,11,November,3,2,0,1
C21894,2025,12,December,1,1,1,0
C21895,2025,2,February,1,1,1,0
C21895,2025,7,July,2,2,0,1
C21896,2025,2,February,1,1,1,0
C21897,2024,12,December,1,1,1,0
C21897,2025,1,January,2,3,0,1
C21897,2025,3,March,4,3,0,1
C21897,2025,8,August,5,4,0,1
C21897,2025,10,October,6,5,0,1
C21898,2024,12,December,1,1,1,0
C21898,2025,1,January,2,2,0,1
C21898,2025,4,April,4,3,0,1
C21898,2025,6,June,5,5,0,1
C21898,2025,7,July,7,6,0,1
C21899,2024,7,July,1,1,1,0
C21899,2025,1,January,2,2,0,1
C21899,2025,10,October,3,2,0,1
C21899,2025,12,December,4,3,0,1
C21901,2025,1,January,1,1,1,0
C21901,2025,4,April,3,2,0,1
C21902,2024,8,August,1,1,1,0
C21902,2024,10,October,2,2,0,1
C21902,2024,12,December,3,3,0,1
C21902,2025,1,January,4,4,0,1
C21902,2025,3,March,5,5,0,1
C21902,2025,5,May,6,6,0,1
C21902,2025,9,September,7,7,0,1
C21902,2025,10,October,9,8,0,1
C21902,2025,12,December,10,9,0,1
C21903,2024,8,August,1,1,1,0
C21903,2024,12,December,2,4,0,1
C21903,2025,1,January,5,6,0,1
C21904,2024,11,November,1,0,1,0
C21904,2025,5,May,2,0,0,0
C21904,2025,6,June,3,1,0,0
C21904,2025,10,October,4,2,0,1
C21905,2024,11,November,1,1,1,0
C21905,2025,3,March,2,2,0,1
C21905,2025,4,April,3,3,0,1
C21905,2025,5,May,4,4,0,1
C21905,2025,9,September,5,5,0,1
C21905,2025,11,November,6,6,0,1
C21906,2024,7,July,1,1,1,0
C21906,2025,4,April,2,2,0,1
C21906,2025,5,May,3,2,0,1
C21906,2025,6,June,4,3,0,1
C21906,2025,8,August,5,3,0,1
C21906,2025,9,September,6,4,0,1
C21906,2025,10,October,7,5,0,1
C21906,2025,12,December,9,6,0,1
C21907,2024,10,October,1,1,1,0
C21907,2025,4,April,2,2,0,1
C21908,2024,8,August,1,3,0,1
C21908,2024,9,September,4,4,0,1
C21908,2025,11,November,5,5,0,1
C21909,2025,5,May,1,1,1,0
C21909,2025,7,July,2,3,0,1
C21910,2024,7,July,1,2,0,1
C21910,2024,9,September,3,3,0,1
C21911,2024,8,August,1,1,1,0
C21911,2024,11,November,2,2,0,1
C21911,2025,5,May,3,2,0,1
C21911,2025,7,July,4,3,0,1
C21911,2025,8,August,5,4,0,1
C21912,2024,11,November,1,1,1,0
C21912,2025,1,January,2,2,0,1
C21912,2025,6,June,3,2,0,1
C21912,2025,7,July,4,3,0,1
C21912,2025,12,December,5,4,0,1
C21913,2024,11,November,1,1,1,0
C21913,2025,11,November,2,2,0,1
C21913,2025,12,December,3,3,0,1
C21914,2025,1,January,1,1,1,0
C21914,2025,5,May,2,2,0,1
C21914,2025,6,June,3,4,0,1
C21914,2025,9,September,5,5,0,1
C21914,2025,10,October,6,6,0,1
C21915,2024,8,August,1,0,1,0
C21915,2024,12,December,2,1,0,0
C21915,2025,2,February,3,2,0,1
C21915,2025,4,April,4,3,0,1
C21915,2025,7,July,5,3,0,1
C21915,2025,8,August,7,4,0,1
C21915,2025,10,October,8,5,0,1
C21915,2025,12,December,9,6,0,1
C21916,2024,7,July,1,0,1,0
C21916,2024,8,August,2,1,0,0
C21916,2024,11,November,3,2,0,1
C21916,2025,8,August,4,2,0,1
C21916,2025,9,September,5,3,0,1
C21916,2025,10,October,6,5,0,1
C21916,2025,12,December,8,6,0,1
C21917,2024,9,September,1,0,1,0
C21917,2025,1,January,2,1,0,0
C21918,2024,10,October,1,1,1,0
C21918,2025,3,March,2,3,0,1
C21918,2025,8,August,4,4,0,1
C21919,2024,7,July,1,0,1,0
C21919,2025,3,March,2,1,0,0
C21919,2025,6,June,3,2,0,1
C21919,2025,7,July,4,3,0,1
C21919,2025,10,October,5,3,0,1
C21920,2024,10,October,1,1,1,0
C21920,2024,11,November,2,2,0,1
C21920,2024,12,December,4,3,0,1
C21920,2025,2,February,5,4,0,1
C21920,2025,7,July,6,6,0,1
C21920,2025,10,October,8,8,0,1
C21921,2024,8,August,1,1,1,0
C21921,2024,9,September,2,2,0,1
C21921,2025,2,February,3,3,0,1
C21921,2025,4,April,4,3,0,1
C21921,2025,6,June,5,4,0,1
C21922,2024,7,July,1,1,1,0
C21922,2024,8,August,2,2,0,1
C21922,2024,10,October,3,3,0,1
C21922,2025,2,February,4,3,0,1
C21922,2025,7,July,5,4,0,1
C21922,2025,8,August,6,5,0,1
C21923,2024,7,July,1,1,1,0
C21923,2024,10,October,2,1,0,0
C21923,2024,12,December,3,2,0,1
C21923,2025,1,January,4,3,0,1
C21923,2025,6,June,5,4,0,1
C21923,2025,11,November,6,5,0,1
C21923,2025,12,December,7,6,0,1
C21924,2024,7,July,1,1,1,0
C21924,2024,8,August,2,1,0,0
C21924,2025,2,February,3,2,0,1
C21924,2025,8,August,4,3,0,1
C21925,2024,7,July,1,1,1,0
C21925,2024,11,November,2,3,0,1
C21925,2025,12,December,4,4,0,1
C21926,2024,10,October,1,1,1,0
C21926,2025,9,September,2,1,0,0
C21927,2024,9,September,1,1,1,0
C21927,2024,12,December,2,2,0,1
C21928,2024,10,October,1,1,1,0
C21928,2024,12,December,2,2,0,1
C21928,2025,1,January,3,5,0,1
C21928,2025,2,February,6,6,0,1
C21928,2025,3,March,7,7,0,1
C21928,2025,5,May,8,8,0,1
C21928,2025,6,June,9,10,0,1
C21928,2025,11,November,11,10,0,1
C21930,2024,11,November,1,1,1,0
C21930,2025,5,May,2,2,0,1
C21930,2025,6,June,3,4,0,1
C21930,2025,7,July,5,5,0,1
C21930,2025,11,November,6,6,0,1
C21931,2024,9,September,1,0,1,0
C21931,2025,1,January,2,1,0,0
C21931,2025,5,May,3,2,0,1
C21931,2025,7,July,4,3,0,1
C21931,2025,9,September,5,4,0,1
C21931,2025,12,December,6,5,0,1
C21932,2024,7,July,1,0,1,0
C21932,2025,7,July,2,1,0,0
C21933,2024,8,August,1,1,1,0
C21933,2025,3,March,2,2,0,1
C21933,2025,4,April,3,2,0,1
C21933,2025,7,July,4,3,0,1
C21933,2025,12,December,5,4,0,1
C21934,2024,12,December,1,1,1,0
C21934,2025,4,April,2,2,0,1
C21935,2025,8,August,1,1,1,0
C21936,2025,4,April,1,1,1,0
C21936,2025,5,May,2,2,0,1
C21936,2025,6,June,3,3,0,1
C21936,2025,9,September,4,3,0,1
C21937,2024,11,November,1,1,1,0
C21937,2025,8,August,2,2,0,1
C21937,2025,12,December,3,2,0,1
C21938,2025,12,December,1,0,1,0
C21939,2024,7,July,1,0,1,0
C21939,2024,8,August,2,1,0,0
C21939,2025,1,January,3,2,0,1
C21940,2024,8,August,1,1,1,0
C21940,2024,12,December,2,2,0,1
C21940,2025,7,July,3,3,0,1
C21940,2025,9,September,4,4,0,1
C21941,2025,3,March,1,1,1,0
C21942,2024,8,August,1,1,1,0
C21942,2025,6,June,2,2,0,1
C21942,2025,8,August,3,3,0,1
C21943,2024,7,July,1,1,1,0
C21943,2025,1,January,2,1,0,0
C21943,2025,8,August,3,2,0,1
C21944,2025,9,September,1,1,1,0
C21944,2025,10,October,2,2,0,1
C21944,2025,11,November,3,3,0,1
C21944,2025,12,December,4,4,0,1
C21945,2024,7,July,1,1,1,0
C21945,2024,11,November,2,2,0,1
C21945,2025,10,October,3,3,0,1
C21945,2025,11,November,4,4,0,1
C21946,2024,7,July,1,2,0,1
C21946,2025,4,April,3,3,0,1
C21946,2025,6,June,4,5,0,1
C21946,2025,12,December,7,6,0,1
C21947,2024,7,July,1,1,1,0
C21947,2024,10,October,2,2,0,1
C21947,2024,11,November,3,2,0,1
C21947,2025,3,March,4,3,0,1
C21947,2025,5,May,5,4,0,1
C21948,2025,2,February,1,1,1,0
C21948,2025,6,June,2,2,0,1
C21949,2024,9,September,1,1,1,0
C21950,2025,9,September,1,1,1,0
C21951,2024,10,October,1,1,1,0
C21951,2025,4,April,2,2,0,1
C21952,2024,10,October,1,1,1,0
C21952,2025,3,March,2,1,0,0
C21953,2024,9,September,1,1,1,0
C21953,2025,3,March,2,2,0,1
C21953,2025,6,June,3,3,0,1
C21953,2025,8,August,4,4,0,1
C21954,2024,12,December,1,0,1,0
C21954,2025,5,May,2,1,0,0
C21954,2025,12,December,3,2,0,1
C21955,2024,10,October,1,2,0,1
C21955,2024,11,November,3,3,0,1
C21955,2024,12,December,4,3,0,1
C21956,2024,7,July,1,1,1,0
C21956,2025,11,November,2,2,0,1
C21957,2025,5,May,1,1,1,0
C21957,2025,10,October,2,2,0,1
C21957,2025,12,December,3,3,0,1
C21958,2024,8,August,1,1,1,0
C21958,2024,10,October,2,1,0,0
C21958,2024,11,November,3,2,0,1
C21959,2024,10,October,1,2,0,1
C21959,2025,10,October,3,3,0,1
C21960,2024,7,July,1,1,1,0
C21960,2025,2,February,2,2,0,1
C21960,2025,5,May,3,4,0,1
C21960,2025,7,July,5,4,0,1
C21960,2025,9,September,6,5,0,1
C21960,2025,10,October,7,6,0,1
C21962,2024,11,November,1,1,1,0
C21962,2024,12,December,2,2,0,1
C21962,2025,4,April,3,3,0,1
C21962,2025,7,July,4,4,0,1
C21962,2025,9,September,5,4,0,1
C21962,2025,12,December,6,5,0,1
C21964,2024,9,September,1,1,1,0
C21964,2025,2,February,2,2,0,1
C21964,2025,5,May,3,3,0,1
C21965,2024,7,July,1,1,1,0
C21965,2024,11,November,2,2,0,1
C21965,2025,1,January,4,3,0,1
C21965,2025,3,March,5,4,0,1
C21965,2025,8,August,6,5,0,1
C21965,2025,9,September,7,6,0,1
C21965,2025,10,October,8,7,0,1
C21965,2025,11,November,9,8,0,1
C21967,2024,8,August,1,0,1,0
C21967,2025,3,March,2,1,0,0
C21967,2025,10,October,3,2,0,1
C21968,2025,3,March,1,1,1,0
C21968,2025,5,May,2,2,0,1
C21968,2025,11,November,3,2,0,1
C21969,2025,6,June,1,1,1,0
C21970,2024,11,November,1,1,1,0
C21970,2024,12,December,2,2,0,1
C21970,2025,2,February,3,3,0,1
C21970,2025,4,April,4,4,0,1
C21971,2024,9,September,1,1,1,0
C21971,2024,10,October,2,2,0,1
C21971,2024,11,November,3,3,0,1
C21971,2025,3,March,4,4,0,1
C21971,2025,5,May,5,5,0,1
C21971,2025,9,September,6,6,0,1
C21972,2024,7,July,1,1,1,0
C21972,2025,3,March,2,2,0,1
C21972,2025,6,June,3,3,0,1
C21972,2025,9,September,4,3,0,1
C21973,2025,2,February,1,1,1,0
C21973,2025,8,August,2,2,0,1
C21974,2024,10,October,1,1,1,0
C21974,2025,2,February,2,2,0,1
C21974,2025,4,April,3,3,0,1
C21974,2025,10,October,4,4,0,1
C21975,2024,9,September,1,0,1,0
C21975,2024,10,October,2,1,0,0
C21975,2025,4,April,3,2,0,1
C21975,2025,6,June,4,3,0,1
C21976,2025,1,January,1,1,1,0
C21976,2025,6,June,2,1,0,0
C21977,2025,3,March,1,1,1,0
C21977,2025,8,August,3,1,0,0
C21977,2025,10,October,4,2,0,1
C21978,2025,3,March,1,1,1,0
C21978,2025,4,April,2,2,0,1
C21978,2025,6,June,3,3,0,1
C21978,2025,10,October,4,4,0,1
C21978,2025,11,November,5,5,0,1
C21979,2024,8,August,1,1,1,0
C21979,2024,9,September,2,2,0,1
C21979,2024,11,November,3,3,0,1
C21979,2025,1,January,4,4,0,1
C21979,2025,5,May,5,5,0,1
C21979,2025,8,August,6,6,0,1
C21979,2025,9,September,7,6,0,1
C21980,2025,5,May,1,2,0,1
C21980,2025,10,October,3,3,0,1
C21981,2024,7,July,1,1,1,0
C21981,2024,11,November,2,2,0,1
C21981,2024,12,December,3,3,0,1
C21981,2025,2,February,4,4,0,1
C21981,2025,3,March,6,5,0,1
C21981,2025,4,April,7,6,0,1
C21981,2025,5,May,8,6,0,1
C21981,2025,6,June,9,7,0,1
C21981,2025,7,July,10,8,0,1
C21982,2024,7,July,1,1,1,0
C21982,2025,3,March,2,2,0,1
C21982,2025,10,October,3,3,0,1
C21983,2024,8,August,1,1,1,0
C21983,2025,2,February,2,1,0,0
C21983,2025,8,August,3,2,0,1
C21984,2024,7,July,1,1,1,0
C21984,2024,8,August,2,4,0,1
C21984,2024,9,September,5,5,0,1
C21984,2024,12,December,6,8,0,1
C21984,2025,2,February,9,9,0,1
C21984,2025,6,June,10,10,0,1
C21984,2025,8,August,11,10,0,1
C21985,2024,7,July,1,2,0,1
C21985,2025,2,February,4,3,0,1
C21985,2025,3,March,5,4,0,1
C21985,2025,5,May,6,5,0,1
C21985,2025,9,September,7,5,0,1
C21985,2025,11,November,8,7,0,1
C21986,2024,11,November,1,1,1,0
C21986,2025,2,February,2,2,0,1
C21986,2025,5,May,3,3,0,1
C21986,2025,8,August,4,4,0,1
C21987,2024,12,December,1,0,1,0
C21987,2025,1,January,2,1,0,0
C21988,2025,4,April,1,1,1,0
C21988,2025,8,August,2,2,0,1
C21989,2025,5,May,1,2,0,1
C21989,2025,7,July,3,3,0,1
C21990,2024,9,September,1,1,1,0
C21990,2025,1,January,2,1,0,0
C21990,2025,12,December,3,1,0,0
C21991,2024,12,December,1,0,1,0
C21991,2025,11,November,2,1,0,0
C21992,2025,3,March,1,1,1,0
C21992,2025,4,April,2,2,0,1
C21992,2025,7,July,3,3,0,1
C21993,2024,9,September,1,0,1,0
C21993,2024,10,October,2,1,0,0
C21993,2025,3,March,3,2,0,1
C21993,2025,4,April,4,2,0,1
C21993,2025,5,May,5,2,0,1
C21993,2025,6,June,6,2,0,1
C21993,2025,12,December,7,3,0,1
C21994,2024,8,August,1,1,1,0
C21994,2024,9,September,3,2,0,1
C21995,2024,12,December,1,1,1,0
C21995,2025,1,January,2,2,0,1
C21995,2025,3,March,3,4,0,1
C21995,2025,4,April,5,5,0,1
C21995,2025,5,May,6,6,0,1
C21995,2025,7,July,7,7,0,1
C21995,2025,9,September,8,8,0,1
C21996,2024,7,July,1,1,1,0
C21996,2024,9,September,2,2,0,1
C21996,2024,10,October,3,3,0,1
C21996,2024,11,November,4,5,0,1
C21996,2025,5,May,6,6,0,1
C21996,2025,6,June,7,6,0,1
C21996,2025,7,July,8,8,0,1
C21997,2024,8,August,1,1,1,0
C21997,2024,11,November,2,1,0,0
C21998,2024,11,November,1,1,1,0
C21999,2024,7,July,1,2,0,1
C21999,2024,9,September,3,3,0,1
C21999,2024,10,October,4,3,0,1
C21999,2025,3,March,5,4,0,1
C21999,2025,8,August,6,5,0,1
C22000,2024,10,October,1,1,1,0
C22000,2025,2,February,2,1,0,0
C22001,2024,7,July,1,2,0,1
C22001,2024,10,October,3,3,0,1
C22001,2025,1,January,5,4,0,1
C22001,2025,2,February,6,5,0,1
C22001,2025,8,August,7,6,0,1
C22002,2024,7,July,1,2,0,1
C22002,2025,3,March,3,3,0,1
C22003,2024,7,July,1,1,1,0
C22003,2024,9,September,2,2,0,1
C22003,2024,10,October,3,4,0,1
C22003,2024,11,November,5,4,0,1
C22003,2024,12,December,7,5,0,1
C22003,2025,1,January,8,6,0,1
C22003,2025,3,March,10,8,0,1
C22003,2025,4,April,12,9,0,1
C22003,2025,8,August,13,10,0,1
C22003,2025,9,September,14,11,0,1
C22003,2025,12,December,16,12,0,1
C22004,2025,2,February,1,1,1,0
C22004,2025,11,November,2,2,0,1
C22005,2024,10,October,1,1,1,0
C22005,2025,4,April,2,2,0,1
C22005,2025,6,June,3,3,0,1
C22005,2025,10,October,4,4,0,1
C22005,2025,12,December,5,5,0,1
C22006,2024,7,July,1,1,1,0
C22006,2024,10,October,2,2,0,1
C22006,2025,2,February,3,3,0,1
C22006,2025,8,August,4,5,0,1
C22006,2025,9,September,6,6,0,1
C22006,2025,12,December,8,7,0,1
C22007,2024,9,September,1,1,1,0
C22007,2024,10,October,2,2,0,1
C22008,2024,8,August,1,1,1,0
C22008,2025,2,February,2,2,0,1
C22008,2025,8,August,3,3,0,1
C22009,2024,12,December,1,0,1,0
C22009,2025,9,September,2,1,0,0
C22009,2025,11,November,3,2,0,1
C22010,2024,8,August,1,0,1,0
C22010,2024,12,December,2,1,0,0
C22010,2025,3,March,3,1,0,0
C22010,2025,4,April,4,1,0,0
C22010,2025,11,November,5,2,0,1
C22011,2024,9,September,1,1,1,0
C22012,2024,7,July,1,1,1,0
C22012,2025,3,March,2,2,0,1
C22012,2025,8,August,3,3,0,1
C22013,2024,12,December,1,1,1,0
C22013,2025,5,May,2,2,0,1
C22013,2025,11,November,3,3,0,1
C22014,2024,10,October,1,0,1,0
C22014,2025,6,June,2,1,0,0
C22014,2025,8,August,4,2,0,1
C22014,2025,10,October,5,3,0,1
C22015,2024,11,November,1,1,1,0
C22015,2025,2,February,2,2,0,1
C22015,2025,3,March,3,2,0,1
C22016,2024,7,July,1,2,0,1
C22016,2024,8,August,3,3,0,1
C22016,2024,9,September,4,4,0,1
C22016,2024,10,October,5,6,0,1
C22016,2024,11,November,7,8,0,1
C22016,2025,1,January,9,9,0,1
C22016,2025,3,March,10,12,0,1
C22016,2025,7,July,13,13,0,1
C22016,2025,11,November,14,14,0,1
C22017,2024,7,July,1,1,1,0
C22017,2024,9,September,2,1,0,0
C22017,2024,10,October,3,2,0,1
C22017,2024,11,November,4,4,0,1
C22017,2024,12,December,6,5,0,1
C22017,2025,1,January,7,6,0,1
C22017,2025,2,February,8,7,0,1
C22017,2025,7,July,9,8,0,1
C22018,2024,7,July,1,1,1,0
C22018,2024,10,October,2,1,0,0
C22018,2024,11,November,3,2,0,1
C22018,2025,2,February,4,3,0,1
C22018,2025,4,April,5,4,0,1
C22018,2025,12,December,6,5,0,1
C22019,2024,12,December,1,0,1,0
C22019,2025,2,February,2,1,0,0
C22019,2025,3,March,3,2,0,1
C22019,2025,5,May,4,3,0,1
C22020,2024,7,July,1,1,1,0
C22020,2024,8,August,2,3,0,1
C22020,2025,4,April,4,5,0,1
C22020,2025,6,June,6,6,0,1
C22020,2025,7,July,7,7,0,1
C22020,2025,10,October,8,7,0,1
C22020,2025,11,November,9,8,0,1
C22020,2025,12,December,10,9,0,1
C22021,2024,8,August,1,0,1,0
C22021,2024,10,October,2,1,0,0
C22021,2025,6,June,3,2,0,1
C22021,2025,9,September,4,3,0,1
C22022,2025,7,July,1,0,1,0
C22023,2024,11,November,1,0,1,0
C22023,2025,5,May,2,1,0,0
C22023,2025,9,September,3,1,0,0
C22024,2024,12,December,1,1,1,0
C22024,2025,5,May,2,2,0,1
C22024,2025,6,June,3,3,0,1
C22025,2024,10,October,1,1,1,0
C22025,2025,1,January,2,1,0,0
C22026,2024,7,July,1,1,1,0
C22026,2024,10,October,2,2,0,1
C22026,2025,1,January,3,3,0,1
C22026,2025,11,November,4,4,0,1
C22026,2025,12,December,5,5,0,1
C22027,2025,5,May,1,0,1,0
C22027,2025,6,June,2,2,0,1
C22028,2025,2,February,1,1,1,0
C22028,2025,9,September,2,2,0,1
C22029,2024,7,July,1,1,1,0
C22029,2024,11,November,2,1,0,0
C22029,2025,12,December,3,2,0,1
C22030,2024,8,August,1,1,1,0
C22030,2024,10,October,2,2,0,1
C22030,2025,7,July,3,3,0,1
C22030,2025,10,October,4,5,0,1
C22030,2025,12,December,6,6,0,1
C22031,2024,11,November,1,0,1,0
C22031,2025,5,May,2,1,0,0
C22031,2025,8,August,3,1,0,0
C22033,2024,12,December,1,1,1,0
C22033,2025,1,January,2,2,0,1
C22034,2024,12,December,1,1,1,0
C22034,2025,8,August,2,2,0,1
C22035,2024,10,October,1,1,1,0
C22035,2025,1,January,2,2,0,1
C22035,2025,3,March,3,3,0,1
C22035,2025,8,August,4,3,0,1
C22036,2025,1,January,1,1,1,0
C22036,2025,7,July,2,2,0,1
C22036,2025,11,November,3,3,0,1
C22037,2024,10,October,1,1,1,0
C22038,2025,11,November,1,1,1,0
C22039,2024,8,August,1,1,1,0
C22039,2024,10,October,2,2,0,1
C22039,2025,4,April,3,3,0,1
C22039,2025,9,September,4,4,0,1
C22040,2024,8,August,1,0,1,0
C22040,2025,4,April,2,1,0,0
C22040,2025,12,December,3,3,0,1
C22041,2025,2,February,1,0,1,0
C22041,2025,6,June,2,1,0,0
C22041,2025,12,December,3,2,0,1
C22042,2024,11,November,1,1,1,0
C22042,2025,1,January,2,1,0,0
C22042,2025,7,July,3,1,0,0
C22043,2024,8,August,1,0,1,0
C22043,2024,9,September,2,1,0,0
C22043,2024,12,December,3,2,0,1
C22043,2025,1,January,4,2,0,1
C22043,2025,4,April,5,3,0,1
C22043,2025,10,October,6,4,0,1
C22044,2024,9,September,1,1,1,0
C22044,2024,10,October,2,2,0,1
C22044,2025,9,September,3,3,0,1
C22045,2024,8,August,1,1,1,0
C22045,2025,1,January,2,3,0,1
C22045,2025,2,February,5,4,0,1
C22045,2025,7,July,6,5,0,1
C22046,2025,4,April,1,0,1,0
C22046,2025,7,July,2,1,0,0
C22047,2024,8,August,1,1,1,0
C22047,2024,9,September,2,2,0,1
C22047,2024,11,November,3,3,0,1
C22047,2025,2,February,4,4,0,1
C22048,2024,7,July,1,1,1,0
C22048,2024,8,August,2,1,0,0
C22048,2024,10,October,3,2,0,1
C22048,2025,1,January,4,3,0,1
C22048,2025,10,October,5,4,0,1
C22049,2024,7,July,1,2,0,1
C22049,2024,10,October,3,3,0,1
C22049,2025,5,May,4,4,0,1
C22049,2025,6,June,5,5,0,1
C22049,2025,11,November,6,6,0,1
C22050,2024,10,October,1,1,1,0
C22050,2025,6,June,2,1,0,0
C22050,2025,12,December,3,1,0,0
C22051,2024,10,October,1,1,1,0
C22051,2024,11,November,2,2,0,1
C22052,2024,10,October,1,1,1,0
C22052,2025,2,February,2,2,0,1
C22053,2025,1,January,1,1,1,0
C22053,2025,10,October,2,2,0,1
C22053,2025,12,December,3,3,0,1
C22054,2024,8,August,1,1,1,0
C22054,2024,10,October,2,2,0,1
C22054,2024,11,November,3,4,0,1
C22054,2025,1,January,5,5,0,1
C22054,2025,3,March,6,6,0,1
C22054,2025,4,April,7,7,0,1
C22054,2025,6,June,8,8,0,1
C22054,2025,12,December,9,9,0,1
C22055,2024,10,October,1,1,1,0
C22055,2025,4,April,2,2,0,1
C22056,2024,11,November,1,1,1,0
C22056,2025,5,May,2,2,0,1
C22058,2024,8,August,1,1,1,0
C22058,2024,10,October,2,2,0,1
C22058,2025,5,May,3,3,0,1
C22058,2025,6,June,4,4,0,1
C22058,2025,7,July,5,5,0,1
C22058,2025,11,November,6,6,0,1
C22059,2024,9,September,1,1,1,0
C22059,2025,10,October,2,2,0,1
C22059,2025,11,November,3,3,0,1
C22060,2025,1,January,1,1,1,0
C22060,2025,2,February,2,2,0,1
C22060,2025,3,March,3,2,0,1
C22060,2025,4,April,4,3,0,1
C22060,2025,6,June,5,4,0,1
C22060,2025,11,November,6,5,0,1
C22061,2025,9,September,1,1,1,0
C22061,2025,10,October,2,2,0,1
C22062,2024,9,September,1,1,1,0
C22062,2025,4,April,2,2,0,1
C22062,2025,5,May,3,3,0,1
C22062,2025,12,December,4,4,0,1
C22063,2024,8,August,1,1,1,0
C22063,2025,10,October,2,2,0,1
C22064,2025,1,January,1,1,1,0
C22064,2025,5,May,2,1,0,0
C22064,2025,10,October,3,2,0,1
C22064,2025,12,December,4,3,0,1
C22065,2024,8,August,1,0,1,0
C22065,2025,12,December,2,1,0,0
C22066,2025,2,February,1,0,1,0
C22066,2025,5,May,2,0,0,0
C22066,2025,6,June,3,1,0,0
C22066,2025,8,August,4,2,0,1
C22067,2024,12,December,1,1,1,0
C22067,2025,1,January,3,1,0,0
C22067,2025,4,April,4,2,0,1
C22067,2025,5,May,5,3,0,1
C22068,2025,4,April,1,1,1,0
C22068,2025,10,October,3,1,0,0
C22069,2024,9,September,1,0,1,0
C22069,2024,10,October,2,1,0,0
C22069,2024,11,November,3,2,0,1
C22069,2025,2,February,4,3,0,1
C22069,2025,4,April,5,3,0,1
C22069,2025,9,September,6,5,0,1
C22070,2024,7,July,1,0,1,0
C22070,2024,10,October,3,1,0,0
C22070,2025,3,March,4,2,0,1
C22070,2025,5,May,5,3,0,1
C22070,2025,7,July,6,4,0,1
C22071,2024,11,November,1,1,1,0
C22071,2025,1,January,2,2,0,1
C22071,2025,3,March,3,2,0,1
C22071,2025,11,November,4,3,0,1
C22072,2024,8,August,1,1,1,0
C22072,2024,9,September,2,2,0,1
C22072,2025,3,March,3,3,0,1
C22072,2025,8,August,4,4,0,1
C22073,2024,12,December,1,1,1,0
C22073,2025,4,April,2,2,0,1
C22073,2025,10,October,3,3,0,1
C22074,2025,1,January,1,1,1,0
C22074,2025,6,June,2,2,0,1
C22074,2025,8,August,3,2,0,1
C22075,2024,8,August,1,1,1,0
C22075,2024,9,September,2,2,0,1
C22075,2025,2,February,3,3,0,1
C22075,2025,3,March,4,4,0,1
C22075,2025,5,May,5,5,0,1
C22075,2025,9,September,6,6,0,1
C22076,2024,7,July,1,1,1,0
C22076,2024,9,September,2,2,0,1
C22076,2024,10,October,3,3,0,1
C22076,2025,4,April,4,4,0,1
C22076,2025,7,July,5,6,0,1
C22076,2025,9,September,7,7,0,1
C22076,2025,10,October,8,7,0,1
C22076,2025,11,November,9,7,0,1
C22076,2025,12,December,10,8,0,1
C22077,2024,11,November,1,1,1,0
C22077,2025,5,May,2,1,0,0
C22078,2024,7,July,1,1,1,0
C22078,2024,11,November,2,2,0,1
C22078,2025,2,February,3,3,0,1
C22078,2025,7,July,4,4,0,1
C22078,2025,8,August,5,5,0,1
C22078,2025,10,October,6,6,0,1
C22079,2024,7,July,1,0,1,0
C22079,2024,9,September,2,1,0,0
C22079,2025,1,January,3,3,0,1
C22079,2025,2,February,5,4,0,1
C22079,2025,5,May,6,4,0,1
C22079,2025,6,June,7,5,0,1
C22079,2025,10,October,8,6,0,1
C22079,2025,12,December,9,7,0,1
C22080,2024,10,October,1,1,1,0
C22080,2025,6,June,2,2,0,1
C22081,2024,8,August,1,0,1,0
C22081,2025,3,March,2,1,0,0
C22081,2025,8,August,3,3,0,1
C22081,2025,11,November,5,4,0,1
C22082,2024,9,September,1,1,1,0
C22082,2024,12,December,2,2,0,1
C22082,2025,2,February,3,3,0,1
C22082,2025,5,May,4,3,0,1
C22082,2025,7,July,5,4,0,1
C22083,2024,8,August,1,1,1,0
C22083,2024,10,October,2,2,0,1
C22083,2024,12,December,3,3,0,1
C22083,2025,3,March,4,4,0,1
C22083,2025,6,June,5,5,0,1
C22083,2025,9,September,6,5,0,1
C22083,2025,12,December,7,6,0,1
C22084,2024,9,September,1,1,1,0
C22084,2024,11,November,2,2,0,1
C22084,2024,12,December,3,3,0,1
C22084,2025,3,March,4,5,0,1
C22084,2025,6,June,6,7,0,1
C22084,2025,10,October,8,9,0,1
C22084,2025,11,November,10,10,0,1
C22085,2024,7,July,1,0,1,0
C22086,2024,8,August,1,1,1,0
C22086,2024,9,September,2,1,0,0
C22086,2024,10,October,3,4,0,1
C22087,2024,10,October,1,1,1,0
C22088,2024,9,September,1,1,1,0
C22088,2024,10,October,2,2,0,1
C22088,2025,3,March,3,3,0,1
C22088,2025,4,April,4,4,0,1
C22088,2025,5,May,5,4,0,1
C22088,2025,8,August,6,5,0,1
C22088,2025,11,November,7,6,0,1
C22090,2024,10,October,1,1,1,0
C22090,2025,3,March,2,1,0,0
C22090,2025,8,August,3,2,0,1
C22091,2024,7,July,1,1,1,0
C22091,2024,9,September,2,2,0,1
C22091,2024,11,November,3,3,0,1
C22091,2025,1,January,4,3,0,1
C22091,2025,2,February,5,3,0,1
C22091,2025,4,April,6,4,0,1
C22091,2025,5,May,7,5,0,1
C22091,2025,7,July,8,6,0,1
C22091,2025,9,September,9,8,0,1
C22091,2025,11,November,11,9,0,1
C22092,2024,7,July,1,1,1,0
C22092,2025,12,December,2,2,0,1
C22093,2024,8,August,1,1,1,0
C22093,2024,9,September,2,1,0,0
C22093,2024,12,December,3,2,0,1
C22093,2025,2,February,4,3,0,1
C22093,2025,12,December,5,4,0,1
C22094,2024,9,September,1,1,1,0
C22094,2024,11,November,2,2,0,1
C22094,2025,3,March,3,3,0,1
C22094,2025,9,September,4,4,0,1
C22094,2025,10,October,5,5,0,1
C22095,2025,2,February,1,1,1,0
C22095,2025,3,March,2,3,0,1
C22095,2025,10,October,4,4,0,1
C22096,2024,9,September,1,0,1,0
C22097,2025,10,October,1,0,1,0
C22098,2024,8,August,1,1,1,0
C22098,2024,11,November,2,2,0,1
C22098,2025,8,August,3,3,0,1
C22098,2025,10,October,4,5,0,1
C22098,2025,12,December,6,7,0,1
C22099,2024,10,October,1,1,1,0
C22099,2025,10,October,2,2,0,1
C22100,2025,3,March,1,1,1,0
C22100,2025,6,June,2,1,0,0
C22100,2025,12,December,3,2,0,1
C22101,2024,8,August,1,2,0,1
C22101,2025,2,February,3,4,0,1
C22101,2025,3,March,5,4,0,1
C22101,2025,4,April,6,5,0,1
C22101,2025,6,June,7,7,0,1
C22101,2025,9,September,9,9,0,1
C22101,2025,10,October,11,10,0,1
C22101,2025,11,November,12,11,0,1
C22101,2025,12,December,13,12,0,1
C22102,2025,4,April,1,0,1,0
C22103,2024,8,August,1,2,0,1
C22103,2025,6,June,3,3,0,1
C22103,2025,7,July,4,4,0,1
C22103,2025,9,September,5,5,0,1
C22103,2025,10,October,6,6,0,1
C22104,2024,9,September,1,2,0,1
C22104,2024,11,November,3,3,0,1
C22104,2025,1,January,4,3,0,1
C22104,2025,2,February,5,3,0,1
C22104,2025,6,June,6,4,0,1
C22104,2025,10,October,7,5,0,1
C22105,2024,12,December,1,1,1,0
C22105,2025,8,August,2,2,0,1
C22105,2025,11,November,3,3,0,1
C22106,2024,7,July,1,1,1,0
C22106,2024,8,August,2,1,0,0
C22106,2025,5,May,3,3,0,1
C22106,2025,6,June,5,4,0,1
C22107,2025,4,April,1,0,1,0
C22107,2025,12,December,2,1,0,0
C22109,2024,11,November,1,1,1,0
C22109,2025,6,June,2,2,0,1
C22110,2024,8,August,1,1,1,0
C22111,2024,8,August,1,0,1,0
C22112,2025,1,January,1,1,1,0
C22112,2025,10,October,2,2,0,1
C22112,2025,11,November,3,3,0,1
C22113,2025,6,June,1,1,1,0
C22113,2025,7,July,2,2,0,1
C22113,2025,11,November,3,3,0,1
C22114,2024,11,November,1,1,1,0
C22114,2025,2,February,2,2,0,1
C22114,2025,3,March,3,3,0,1
C22114,2025,4,April,4,4,0,1
C22114,2025,5,May,5,5,0,1
C22114,2025,9,September,6,7,0,1
C22114,2025,10,October,8,8,0,1
C22114,2025,12,December,9,9,0,1
C22115,2024,10,October,1,2,0,1
C22115,2024,12,December,3,3,0,1
C22115,2025,2,February,4,4,0,1
C22115,2025,5,May,5,5,0,1
C22115,2025,7,July,6,6,0,1
C22115,2025,10,October,7,7,0,1
C22115,2025,11,November,8,8,0,1
C22115,2025,12,December,9,9,0,1
C22116,2024,9,September,1,2,0,1
C22116,2024,10,October,3,3,0,1
C22116,2024,11,November,4,4,0,1
C22116,2025,5,May,5,6,0,1
C22116,2025,7,July,7,7,0,1
C22117,2024,8,August,1,0,1,0
C22117,2024,10,October,2,1,0,0
C22117,2025,2,February,3,2,0,1
C22117,2025,10,October,4,3,0,1
C22117,2025,12,December,5,4,0,1
C22118,2024,7,July,1,1,1,0
C22118,2025,7,July,2,2,0,1
C22118,2025,8,August,3,2,0,1
C22118,2025,9,September,4,4,0,1
C22118,2025,10,October,6,4,0,1
C22118,2025,12,December,7,5,0,1
C22119,2025,1,January,1,0,1,0
C22120,2025,4,April,1,0,1,0
C22120,2025,6,June,2,1,0,0
C22120,2025,9,September,3,2,0,1
C22120,2025,12,December,4,3,0,1
C22122,2024,7,July,1,0,1,0
C22122,2024,12,December,2,1,0,0
C22122,2025,2,February,3,2,0,1
C22122,2025,4,April,4,2,0,1
C22122,2025,6,June,5,2,0,1
C22122,2025,7,July,6,3,0,1
C22122,2025,11,November,7,5,0,1
C22123,2025,6,June,1,1,1,0
C22123,2025,12,December,2,2,0,1
C22124,2024,10,October,1,1,1,0
C22124,2024,11,November,2,2,0,1
C22124,2025,8,August,3,3,0,1
C22125,2024,8,August,1,1,1,0
C22125,2024,11,November,2,2,0,1
C22125,2025,5,May,3,3,0,1
C22126,2025,4,April,1,1,1,0
C22126,2025,7,July,2,2,0,1
C22126,2025,8,August,3,3,0,1
C22126,2025,9,September,4,3,0,1
C22126,2025,10,October,5,4,0,1
C22126,2025,11,November,6,5,0,1
C22127,2024,7,July,1,1,1,0
C22127,2025,4,April,2,2,0,1
C22128,2024,11,November,1,1,1,0
C22128,2024,12,December,2,2,0,1
C22128,2025,1,January,3,3,0,1
C22128,2025,2,February,4,4,0,1
C22128,2025,3,March,5,5,0,1
C22128,2025,5,May,6,6,0,1
C22128,2025,6,June,7,7,0,1
C22128,2025,10,October,8,8,0,1
C22129,2025,2,February,1,1,1,0
C22129,2025,4,April,2,2,0,1
C22129,2025,10,October,3,3,0,1
C22130,2024,7,July,1,2,0,1
C22130,2024,8,August,3,3,0,1
C22130,2024,10,October,4,4,0,1
C22130,2024,11,November,5,6,0,1
C22130,2025,1,January,7,7,0,1
C22130,2025,2,February,8,8,0,1
C22130,2025,7,July,9,9,0,1
C22130,2025,10,October,10,11,0,1
C22130,2025,11,November,12,11,0,1
C22131,2025,10,October,1,1,1,0
C22132,2024,9,September,1,2,0,1
C22132,2025,8,August,3,3,0,1
C22132,2025,9,September,4,4,0,1
C22132,2025,10,October,5,5,0,1
C22132,2025,12,December,6,5,0,1
C22133,2024,8,August,1,2,0,1
C22133,2024,9,September,3,3,0,1
C22133,2024,10,October,4,4,0,1
C22133,2025,3,March,5,6,0,1
C22133,2025,6,June,7,7,0,1
C22133,2025,7,July,8,9,0,1
C22133,2025,8,August,10,10,0,1
C22133,2025,9,September,11,11,0,1
C22134,2025,2,February,1,1,1,0
C22134,2025,7,July,2,2,0,1
C22134,2025,11,November,3,2,0,1
C22135,2024,9,September,1,1,1,0
C22135,2025,1,January,2,2,0,1
C22136,2024,8,August,1,1,1,0
C22136,2025,9,September,2,2,0,1
C22137,2024,7,July,1,1,1,0
C22137,2024,12,December,2,1,0,0
C22137,2025,11,November,3,2,0,1
C22138,2024,12,December,1,1,1,0
C22138,2025,1,January,2,2,0,1
C22138,2025,8,August,3,3,0,1
C22139,2024,12,December,1,1,1,0
C22139,2025,2,February,2,3,0,1
C22139,2025,6,June,4,3,0,1
C22139,2025,8,August,5,4,0,1
C22139,2025,11,November,6,5,0,1
C22140,2025,4,April,1,1,1,0
C22140,2025,5,May,2,3,0,1
C22140,2025,8,August,4,4,0,1
C22141,2024,12,December,1,1,1,0
C22141,2025,2,February,2,2,0,1
C22142,2024,8,August,1,0,1,0
C22142,2024,9,September,2,1,0,0
C22142,2025,6,June,3,2,0,1
C22142,2025,9,September,4,3,0,1
C22142,2025,11,November,5,4,0,1
C22143,2025,3,March,1,1,1,0
C22143,2025,8,August,2,2,0,1
C22143,2025,9,September,3,3,0,1
C22144,2024,8,August,1,0,1,0
C22144,2024,9,September,2,1,0,0
C22144,2025,10,October,3,1,0,0
C22146,2024,12,December,1,1,1,0
C22146,2025,4,April,2,2,0,1
C22146,2025,6,June,3,4,0,1
C22147,2024,7,July,1,0,1,0
C22147,2025,1,January,2,1,0,0
C22147,2025,5,May,3,2,0,1
C22147,2025,7,July,4,4,0,1
C22147,2025,9,September,6,5,0,1
C22148,2024,7,July,1,1,1,0
C22148,2024,10,October,2,2,0,1
C22149,2025,5,May,1,1,1,0
C22149,2025,6,June,2,2,0,1
C22149,2025,7,July,3,3,0,1
C22150,2025,1,January,1,1,1,0
C22150,2025,9,September,2,2,0,1
C22151,2024,7,July,1,2,0,1
C22151,2025,1,January,3,2,0,1
C22151,2025,2,February,4,3,0,1
C22151,2025,3,March,5,4,0,1
C22151,2025,4,April,7,5,0,1
C22151,2025,6,June,8,5,0,1
C22151,2025,9,September,9,6,0,1
C22151,2025,11,November,10,7,0,1
C22151,2025,12,December,11,8,0,1
C22152,2025,3,March,1,1,1,0
C22152,2025,6,June,2,2,0,1
C22152,2025,7,July,3,5,0,1
C22152,2025,10,October,6,6,0,1
C22153,2024,9,September,1,1,1,0
C22153,2025,7,July,2,1,0,0
C22154,2024,9,September,1,2,0,1
C22154,2025,1,January,3,3,0,1
C22155,2025,1,January,1,1,1,0
C22156,2024,11,November,1,1,1,0
C22156,2025,8,August,2,2,0,1
C22157,2024,7,July,1,1,1,0
C22157,2024,9,September,2,2,0,1
C22157,2024,11,November,3,3,0,1
C22157,2024,12,December,4,3,0,1
C22157,2025,1,January,5,6,0,1
C22157,2025,4,April,8,7,0,1
C22157,2025,5,May,9,7,0,1
C22157,2025,9,September,10,7,0,1
C22158,2025,1,January,1,1,1,0
C22158,2025,3,March,2,2,0,1
C22158,2025,7,July,3,3,0,1
C22159,2024,8,August,1,0,1,0
C22159,2025,7,July,2,1,0,0
C22159,2025,10,October,3,2,0,1
C22160,2024,7,July,1,1,1,0
C22160,2024,11,November,2,2,0,1
C22160,2025,5,May,3,3,0,1
C22161,2024,10,October,1,0,1,0
C22161,2024,12,December,2,1,0,0
C22161,2025,3,March,3,2,0,1
C22161,2025,4,April,4,4,0,1
C22161,2025,5,May,6,5,0,1
C22161,2025,7,July,7,5,0,1
C22161,2025,11,November,8,6,0,1
C22162,2025,1,January,1,1,1,0
C22162,2025,6,June,2,1,0,0
C22162,2025,10,October,3,2,0,1
C22162,2025,11,November,5,3,0,1
C22163,2024,11,November,1,1,1,0
C22164,2024,7,July,1,1,1,0
C22164,2024,9,September,2,1,0,0
C22164,2024,12,December,3,2,0,1
C22164,2025,4,April,4,4,0,1
C22164,2025,6,June,6,4,0,1
C22164,2025,10,October,7,5,0,1
C22165,2025,10,October,1,1,1,0
C22166,2024,11,November,1,1,1,0
C22166,2025,2,February,2,3,0,1
C22167,2024,8,August,1,1,1,0
C22167,2024,11,November,2,2,0,1
C22167,2025,10,October,3,3,0,1
C22167,2025,12,December,4,4,0,1
C22168,2025,1,January,1,2,0,1
C22168,2025,3,March,3,3,0,1
C22169,2024,9,September,1,1,1,0
C22169,2025,12,December,2,2,0,1
C22170,2024,10,October,1,0,1,0
C22170,2025,2,February,2,1,0,0
C22171,2024,9,September,1,1,1,0
C22171,2025,1,January,2,2,0,1
C22171,2025,6,June,3,3,0,1
C22171,2025,8,August,4,3,0,1
C22171,2025,9,September,5,4,0,1
C22171,2025,12,December,6,5,0,1
C22172,2025,2,February,1,1,1,0
C22173,2025,5,May,1,2,0,1
C22174,2024,12,December,1,1,1,0
C22174,2025,5,May,2,2,0,1
C22175,2024,8,August,1,1,1,0
C22175,2025,1,January,2,2,0,1
C22175,2025,2,February,3,3,0,1
C22175,2025,11,November,4,5,0,1
C22176,2024,7,July,1,1,1,0
C22176,2024,12,December,2,2,0,1
C22176,2025,2,February,3,3,0,1
C22177,2024,7,July,1,1,1,0
C22177,2024,8,August,2,2,0,1
C22177,2024,11,November,3,3,0,1
C22177,2025,8,August,4,4,0,1
C22178,2024,9,September,1,0,1,0
C22178,2024,10,October,2,0,0,0
C22178,2025,4,April,3,1,0,0
C22179,2024,7,July,1,1,1,0
C22179,2024,12,December,2,2,0,1
C22179,2025,10,October,3,3,0,1
C22180,2024,8,August,1,1,1,0
C22180,2024,9,September,2,1,0,0
C22180,2025,11,November,3,2,0,1
C22181,2024,8,August,1,0,1,0
C22181,2024,9,September,3,1,0,0
C22181,2024,12,December,4,2,0,1
C22181,2025,4,April,5,3,0,1
C22181,2025,7,July,6,5,0,1
C22182,2025,10,October,1,1,1,0
C22183,2024,9,September,1,1,1,0
C22183,2025,8,August,2,3,0,1
C22183,2025,9,September,4,4,0,1
C22183,2025,11,November,5,5,0,1
C22184,2024,8,August,1,1,1,0
C22184,2024,11,November,2,2,0,1
C22184,2025,10,October,3,3,0,1
C22185,2024,7,July,1,1,1,0
C22185,2024,8,August,2,2,0,1
C22185,2025,2,February,3,3,0,1
C22185,2025,9,September,4,4,0,1
C22187,2025,1,January,1,1,1,0
C22187,2025,5,May,2,2,0,1
C22188,2024,7,July,1,0,1,0
C22188,2024,12,December,2,1,0,0
C22188,2025,2,February,3,2,0,1
C22188,2025,3,March,4,4,0,1
C22188,2025,4,April,7,4,0,1
C22188,2025,6,June,8,5,0,1
C22189,2024,8,August,1,1,1,0
C22189,2025,7,July,2,3,0,1
C22189,2025,10,October,4,4,0,1
C22189,2025,11,November,5,5,0,1
C22190,2025,6,June,1,1,1,0
C22190,2025,12,December,2,2,0,1
C22191,2024,7,July,1,1,1,0
C22191,2025,8,August,2,1,0,0
C22192,2024,7,July,1,3,0,1
C22192,2024,8,August,4,4,0,1
C22192,2024,11,November,5,5,0,1
C22192,2025,7,July,6,6,0,1
C22192,2025,8,August,7,7,0,1
C22193,2025,1,January,1,1,1,0
C22194,2024,7,July,1,1,1,0
C22194,2024,9,September,2,2,0,1
C22194,2024,10,October,3,3,0,1
C22194,2024,11,November,4,4,0,1
C22194,2025,9,September,5,5,0,1
C22195,2025,7,July,1,1,1,0
C22196,2024,7,July,1,1,1,0
C22196,2024,8,August,2,2,0,1
C22196,2024,9,September,3,4,0,1
C22196,2024,10,October,5,7,0,1
C22196,2024,11,November,8,7,0,1
C22196,2025,2,February,9,8,0,1
C22197,2024,9,September,1,1,1,0
C22197,2025,10,October,2,2,0,1
C22198,2024,11,November,1,1,1,0
C22198,2025,12,December,2,2,0,1
C22199,2024,12,December,1,1,1,0
C22199,2025,2,February,2,2,0,1
C22199,2025,9,September,3,2,0,1
C22200,2024,9,September,1,1,1,0
C22200,2025,2,February,2,2,0,1
C22200,2025,5,May,4,3,0,1
C22200,2025,10,October,5,5,0,1
C22201,2025,1,January,1,0,1,0
C22202,2025,5,May,1,1,1,0
C22202,2025,7,July,2,2,0,1
C22202,2025,9,September,3,2,0,1
C22203,2024,12,December,1,1,1,0
C22203,2025,2,February,2,2,0,1
C22203,2025,3,March,3,3,0,1
C22204,2024,8,August,1,1,1,0
C22204,2024,10,October,2,2,0,1
C22204,2025,4,April,3,3,0,1
C22204,2025,6,June,5,4,0,1
C22204,2025,10,October,6,5,0,1
C22205,2025,10,October,1,1,1,0
C22206,2025,3,March,1,1,1,0
C22207,2025,3,March,1,1,1,0
C22207,2025,6,June,2,2,0,1
C22207,2025,12,December,4,2,0,1
C22208,2024,9,September,1,1,1,0
C22208,2025,4,April,2,2,0,1
C22208,2025,11,November,3,3,0,1
C22209,2024,7,July,1,1,1,0
C22209,2025,5,May,2,2,0,1
C22209,2025,6,June,3,2,0,1
C22210,2024,11,November,1,1,1,0
C22210,2024,12,December,2,2,0,1
C22210,2025,2,February,3,3,0,1
C22210,2025,4,April,4,4,0,1
C22210,2025,10,October,5,5,0,1
C22210,2025,11,November,6,6,0,1
C22211,2024,9,September,1,0,1,0
C22211,2024,10,October,2,0,0,0
C22211,2024,11,November,3,1,0,0
C22211,2025,2,February,5,2,0,1
C22211,2025,5,May,6,2,0,1
C22211,2025,9,September,7,3,0,1
C22211,2025,12,December,8,4,0,1
C22212,2024,12,December,1,1,1,0
C22212,2025,6,June,2,2,0,1
C22212,2025,8,August,3,3,0,1
C22213,2024,7,July,1,1,1,0
C22213,2024,10,October,2,2,0,1
C22213,2024,11,November,3,3,0,1
C22213,2024,12,December,4,4,0,1
C22214,2024,10,October,1,1,1,0
C22214,2025,2,February,2,2,0,1
C22214,2025,4,April,3,3,0,1
C22214,2025,12,December,4,4,0,1
C22215,2025,1,January,1,0,1,0
C22215,2025,9,September,2,2,0,1
C22215,2025,10,October,4,3,0,1
C22216,2024,7,July,1,1,1,0
C22216,2024,12,December,2,2,0,1
C22216,2025,3,March,3,3,0,1
C22216,2025,6,June,5,4,0,1
C22216,2025,10,October,6,5,0,1
C22217,2025,8,August,1,1,1,0
C22218,2024,10,October,1,1,1,0
C22218,2025,1,January,2,2,0,1
C22218,2025,4,April,3,2,0,1
C22218,2025,8,August,4,2,0,1
C22218,2025,12,December,5,5,0,1
C22220,2024,8,August,1,1,1,0
C22220,2025,5,May,3,1,0,0
C22220,2025,8,August,4,2,0,1
C22220,2025,9,September,5,3,0,1
C22221,2024,9,September,1,1,1,0
C22221,2025,11,November,2,3,0,1
C22222,2024,9,September,1,1,1,0
C22222,2025,1,January,2,3,0,1
C22222,2025,2,February,4,4,0,1
C22222,2025,9,September,5,5,0,1
C22223,2025,5,May,1,0,1,0
C22224,2024,11,November,1,0,1,0
C22224,2024,12,December,2,1,0,0
C22224,2025,9,September,3,1,0,0
C22225,2024,11,November,1,1,1,0
C22225,2025,9,September,2,2,0,1
C22225,2025,12,December,3,3,0,1
C22226,2025,2,February,1,1,1,0
C22226,2025,10,October,2,2,0,1
C22227,2024,7,July,1,1,1,0
C22227,2025,5,May,2,1,0,0
C22228,2024,10,October,1,0,1,0
C22228,2025,3,March,3,1,0,0
C22229,2024,7,July,1,1,1,0
C22229,2024,11,November,2,2,0,1
C22229,2025,4,April,3,4,0,1
C22229,2025,9,September,5,4,0,1
C22229,2025,10,October,6,5,0,1
C22229,2025,12,December,7,7,0,1
C22230,2024,10,October,1,1,1,0
C22230,2025,2,February,2,2,0,1
C22230,2025,3,March,3,3,0,1
C22230,2025,4,April,4,4,0,1
C22230,2025,6,June,5,5,0,1
C22230,2025,10,October,6,6,0,1
C22230,2025,12,December,7,7,0,1
C22231,2024,9,September,1,1,1,0
C22231,2025,2,February,2,2,0,1
C22231,2025,4,April,3,2,0,1
C22232,2024,7,July,1,2,0,1
C22232,2024,9,September,3,3,0,1
C22232,2025,8,August,4,4,0,1
C22232,2025,9,September,5,5,0,1
C22233,2025,4,April,1,1,1,0
C22233,2025,10,October,2,1,0,0
C22234,2025,6,June,1,1,1,0
C22234,2025,8,August,2,2,0,1
C22234,2025,10,October,3,3,0,1
C22234,2025,12,December,4,4,0,1
C22235,2024,7,July,1,1,1,0
C22235,2025,10,October,2,2,0,1
C22236,2024,8,August,1,1,1,0
C22236,2024,11,November,2,2,0,1
C22236,2025,7,July,3,3,0,1
C22236,2025,9,September,4,4,0,1
C22236,2025,11,November,5,5,0,1
C22236,2025,12,December,6,6,0,1
C22237,2024,9,September,1,1,1,0
C22237,2025,5,May,2,2,0,1
C22237,2025,12,December,3,3,0,1
C22238,2024,8,August,1,0,1,0
C22238,2024,9,September,2,1,0,0
C22238,2024,12,December,3,2,0,1
C22238,2025,6,June,4,2,0,1
C22239,2025,9,September,1,1,1,0
C22240,2024,7,July,1,0,1,0
C22240,2024,8,August,2,1,0,0
C22240,2024,10,October,3,2,0,1
C22240,2025,1,January,4,3,0,1
C22240,2025,2,February,5,4,0,1
C22240,2025,5,May,6,4,0,1
C22240,2025,10,October,7,5,0,1
C22242,2024,12,December,1,1,1,0
C22242,2025,6,June,2,1,0,0
C22244,2024,7,July,1,1,1,0
C22244,2024,11,November,2,2,0,1
C22244,2025,8,August,3,3,0,1
C22245,2025,10,October,1,1,1,0
C22246,2025,2,February,1,1,1,0
C22246,2025,4,April,2,1,0,0
C22247,2024,12,December,1,1,1,0
C22247,2025,1,January,2,2,0,1
C22248,2024,7,July,1,1,1,0
C22248,2024,9,September,2,2,0,1
C22248,2025,10,October,3,3,0,1
C22249,2024,7,July,1,1,1,0
C22250,2024,10,October,1,1,1,0
C22250,2025,7,July,2,2,0,1
C22250,2025,9,September,3,3,0,1
C22250,2025,11,November,5,4,0,1
C22251,2024,12,December,1,1,1,0
C22251,2025,2,February,2,2,0,1
C22251,2025,4,April,3,3,0,1
C22251,2025,11,November,4,4,0,1
C22252,2024,7,July,1,1,1,0
C22252,2025,8,August,2,3,0,1
C22253,2024,12,December,1,2,0,1
C22253,2025,4,April,3,3,0,1
C22253,2025,11,November,4,4,0,1
C22254,2024,12,December,1,0,1,0
C22254,2025,6,June,2,1,0,0
C22254,2025,11,November,4,2,0,1
C22254,2025,12,December,5,3,0,1
C22255,2024,7,July,1,1,1,0
C22255,2024,10,October,2,3,0,1
C22255,2024,12,December,4,3,0,1
C22255,2025,2,February,5,4,0,1
C22256,2024,10,October,1,1,1,0
C22256,2024,12,December,2,2,0,1
C22256,2025,2,February,3,2,0,1
C22256,2025,11,November,4,3,0,1
C22257,2024,7,July,1,1,1,0
C22257,2024,12,December,2,2,0,1
C22257,2025,2,February,3,3,0,1
C22258,2024,7,July,1,2,0,1
C22258,2024,10,October,3,3,0,1
C22258,2024,11,November,4,4,0,1
C22258,2025,1,January,5,5,0,1
C22258,2025,4,April,6,7,0,1
C22258,2025,9,September,8,8,0,1
C22259,2024,7,July,1,1,1,0
C22259,2025,3,March,2,2,0,1
C22259,2025,5,May,3,3,0,1
C22259,2025,7,July,4,4,0,1
C22259,2025,10,October,6,4,0,1
C22260,2024,12,December,1,1,1,0
C22260,2025,5,May,2,2,0,1
C22260,2025,7,July,3,3,0,1
C22260,2025,11,November,4,4,0,1
C22261,2024,7,July,1,1,1,0
C22261,2025,1,January,2,2,0,1
C22261,2025,3,March,3,3,0,1
C22261,2025,8,August,4,4,0,1
C22262,2024,7,July,1,1,1,0
C22262,2025,1,January,2,2,0,1
C22262,2025,4,April,3,3,0,1
C22263,2024,8,August,1,1,1,0
C22263,2024,10,October,2,2,0,1
C22263,2025,1,January,3,4,0,1
C22263,2025,4,April,5,5,0,1
C22263,2025,7,July,6,6,0,1
C22263,2025,9,September,7,7,0,1
C22264,2025,2,February,1,1,1,0
C22264,2025,6,June,2,1,0,0
C22264,2025,12,December,3,2,0,1
C22265,2024,9,September,1,1,1,0
C22265,2024,11,November,2,2,0,1
C22265,2025,1,January,3,3,0,1
C22266,2024,7,July,1,0,1,0
C22266,2024,12,December,2,0,0,0
C22266,2025,1,January,3,1,0,0
C22266,2025,7,July,4,2,0,1
C22267,2024,10,October,1,1,1,0
C22267,2025,4,April,2,2,0,1
C22267,2025,9,September,3,2,0,1
C22267,2025,11,November,4,3,0,1
C22268,2024,7,July,1,1,1,0
C22268,2024,9,September,2,1,0,0
C22268,2025,9,September,3,2,0,1
C22269,2024,9,September,1,1,1,0
C22269,2025,4,April,2,2,0,1
C22269,2025,8,August,3,3,0,1
C22270,2024,8,August,1,1,1,0
C22270,2024,11,November,2,2,0,1
C22270,2025,1,January,3,3,0,1
C22270,2025,7,July,4,4,0,1
C22270,2025,8,August,5,5,0,1
C22271,2024,9,September,1,1,1,0
C22271,2024,10,October,2,2,0,1
C22271,2024,12,December,3,3,0,1
C22271,2025,9,September,4,4,0,1
C22271,2025,10,October,5,5,0,1
C22272,2024,12,December,1,1,1,0
C22272,2025,5,May,2,1,0,0
C22273,2024,9,September,1,2,0,1
C22273,2024,11,November,3,3,0,1
C22273,2025,10,October,4,5,0,1
C22273,2025,12,December,6,6,0,1
C22274,2024,7,July,1,1,1,0
C22274,2024,8,August,2,3,0,1
C22274,2025,1,January,4,4,0,1
C22274,2025,3,March,5,5,0,1
C22274,2025,7,July,6,6,0,1
C22275,2025,4,April,1,0,1,0
C22275,2025,6,June,2,0,0,0
C22275,2025,9,September,3,1,0,0
C22275,2025,10,October,5,2,0,1
C22276,2024,7,July,1,1,1,0
C22276,2024,10,October,2,2,0,1
C22276,2024,11,November,3,2,0,1
C22276,2025,2,February,4,3,0,1
C22276,2025,3,March,5,4,0,1
C22276,2025,5,May,6,5,0,1
C22276,2025,9,September,7,7,0,1
C22276,2025,11,November,9,9,0,1
C22277,2024,9,September,1,0,1,0
C22277,2025,4,April,2,1,0,0
C22278,2024,7,July,1,2,0,1
C22278,2024,10,October,3,3,0,1
C22278,2025,2,February,4,5,0,1
C22278,2025,9,September,6,5,0,1
C22278,2025,11,November,7,6,0,1
C22279,2024,7,July,1,1,1,0
C22279,2024,11,November,3,1,0,0
C22279,2025,1,January,4,2,0,1
C22279,2025,3,March,5,3,0,1
C22279,2025,5,May,6,5,0,1
C22279,2025,8,August,8,7,0,1
C22279,2025,12,December,10,9,0,1
C22280,2024,7,July,1,1,1,0
C22280,2025,7,July,2,2,0,1
C22280,2025,9,September,3,3,0,1
C22280,2025,11,November,4,4,0,1
C22281,2025,3,March,1,0,1,0
C22281,2025,10,October,2,1,0,0
C22281,2025,11,November,3,2,0,1
C22282,2024,8,August,1,0,1,0
C22282,2024,12,December,2,1,0,0
C22282,2025,1,January,3,1,0,0
C22282,2025,2,February,4,2,0,1
C22282,2025,7,July,5,3,0,1
C22282,2025,10,October,6,4,0,1
C22283,2024,11,November,1,0,1,0
C22284,2025,4,April,1,1,1,0
C22284,2025,5,May,2,2,0,1
C22284,2025,10,October,3,3,0,1
C22285,2025,8,August,1,1,1,0
C22286,2024,12,December,1,1,1,0
C22286,2025,9,September,2,1,0,0
C22286,2025,11,November,3,2,0,1
C22286,2025,12,December,4,2,0,1
C22287,2024,7,July,1,1,1,0
C22287,2025,3,March,2,1,0,0
C22287,2025,4,April,3,1,0,0
C22287,2025,9,September,4,2,0,1
C22288,2024,10,October,1,0,1,0
C22288,2024,11,November,2,1,0,0
C22288,2025,4,April,3,2,0,1
C22288,2025,8,August,4,3,0,1
C22288,2025,9,September,5,4,0,1
C22289,2024,8,August,1,1,1,0
C22289,2025,6,June,2,2,0,1
C22290,2025,1,January,1,0,1,0
C22290,2025,3,March,2,1,0,0
C22290,2025,5,May,4,1,0,0
C22290,2025,6,June,5,2,0,1
C22290,2025,7,July,6,3,0,1
C22290,2025,11,November,7,4,0,1
C22290,2025,12,December,8,5,0,1
C22291,2025,2,February,1,2,0,1
C22291,2025,11,November,3,3,0,1
C22292,2024,7,July,1,1,1,0
C22292,2024,9,September,2,2,0,1
C22292,2024,10,October,3,4,0,1
C22292,2025,4,April,5,6,0,1
C22292,2025,6,June,7,7,0,1
C22292,2025,7,July,8,10,0,1
C22292,2025,10,October,11,11,0,1
C22292,2025,11,November,12,12,0,1
C22292,2025,12,December,13,13,0,1
C22293,2024,7,July,1,1,1,0
C22293,2024,9,September,2,2,0,1
C22293,2025,2,February,3,3,0,1
C22293,2025,5,May,4,4,0,1
C22294,2024,9,September,1,1,1,0
C22294,2024,10,October,2,2,0,1
C22294,2024,12,December,3,2,0,1
C22294,2025,3,March,4,3,0,1
C22294,2025,8,August,5,3,0,1
C22294,2025,11,November,6,3,0,1
C22295,2025,6,June,1,1,1,0
C22295,2025,9,September,2,2,0,1
C22296,2025,3,March,1,1,1,0
C22296,2025,8,August,2,2,0,1
C22296,2025,9,September,3,2,0,1
C22296,2025,10,October,4,4,0,1
C22297,2024,10,October,1,1,1,0
C22297,2024,12,December,2,1,0,0
C22297,2025,7,July,3,2,0,1
C22297,2025,11,November,4,3,0,1
C22298,2024,7,July,1,1,1,0
C22298,2024,8,August,2,1,0,0
C22298,2024,10,October,3,3,0,1
C22298,2025,6,June,5,5,0,1
C22298,2025,7,July,7,6,0,1
C22299,2024,10,October,1,1,1,0
C22299,2025,11,November,2,2,0,1
C22300,2024,7,July,1,1,1,0
C22300,2024,9,September,2,2,0,1
C22300,2024,10,October,3,3,0,1
C22300,2024,12,December,4,4,0,1
C22300,2025,1,January,5,5,0,1
C22300,2025,10,October,6,6,0,1
C22301,2024,8,August,1,1,1,0
C22301,2024,10,October,2,2,0,1
C22301,2024,11,November,3,3,0,1
C22301,2025,2,February,4,4,0,1
C22301,2025,4,April,5,6,0,1
C22301,2025,5,May,7,7,0,1
C22301,2025,7,July,9,8,0,1
C22301,2025,10,October,10,8,0,1
C22302,2024,7,July,1,1,1,0
C22302,2025,11,November,2,2,0,1
C22303,2024,11,November,1,1,1,0
C22303,2025,2,February,2,2,0,1
C22303,2025,9,September,3,3,0,1
C22304,2024,7,July,1,1,1,0
C22304,2024,9,September,2,2,0,1
C22304,2025,5,May,3,3,0,1
C22304,2025,6,June,4,4,0,1
C22307,2024,8,August,1,2,0,1
C22307,2025,1,January,4,3,0,1
C22307,2025,3,March,5,4,0,1
C22307,2025,10,October,6,6,0,1
C22307,2025,11,November,8,7,0,1
C22308,2024,10,October,1,1,1,0
C22309,2024,10,October,1,1,1,0
C22309,2025,1,January,2,2,0,1
C22309,2025,2,February,3,3,0,1
C22309,2025,4,April,4,4,0,1
C22309,2025,6,June,5,5,0,1
C22309,2025,11,November,6,6,0,1
C22310,2025,3,March,1,1,1,0
C22311,2025,3,March,1,1,1,0
C22311,2025,5,May,2,2,0,1
C22311,2025,6,June,3,2,0,1
C22311,2025,8,August,4,3,0,1
C22312,2024,7,July,1,0,1,0
C22312,2025,6,June,2,2,0,1
C22312,2025,7,July,4,3,0,1
C22313,2025,4,April,1,1,1,0
C22313,2025,7,July,2,2,0,1
C22314,2024,10,October,1,1,1,0
C22314,2025,2,February,2,1,0,0
C22315,2025,6,June,1,1,1,0
C22315,2025,8,August,2,2,0,1
C22315,2025,12,December,3,3,0,1
C22316,2024,11,November,1,1,1,0
C22316,2025,6,June,2,2,0,1
C22316,2025,9,September,3,3,0,1
C22317,2024,7,July,1,1,1,0
C22317,2024,11,November,2,2,0,1
C22317,2025,8,August,3,3,0,1
C22317,2025,9,September,4,4,0,1
C22318,2024,8,August,1,1,1,0
C22318,2024,9,September,2,2,0,1
C22318,2024,11,November,3,3,0,1
C22318,2025,2,February,4,4,0,1
C22318,2025,10,October,6,5,0,1
C22319,2024,8,August,1,1,1,0
C22319,2025,1,January,2,2,0,1
C22319,2025,9,September,3,3,0,1
C22319,2025,10,October,4,4,0,1
C22320,2024,12,December,1,1,1,0
C22320,2025,3,March,2,2,0,1
C22320,2025,5,May,3,3,0,1
C22320,2025,7,July,4,3,0,1
C22320,2025,8,August,5,3,0,1
C22321,2024,8,August,1,1,1,0
C22321,2024,11,November,2,2,0,1
C22321,2025,2,February,3,3,0,1
C22322,2024,10,October,1,1,1,0
C22322,2025,6,June,2,2,0,1
C22322,2025,9,September,3,3,0,1
C22322,2025,10,October,4,4,0,1
C22323,2024,7,July,1,1,1,0
C22323,2024,11,November,2,2,0,1
C22323,2025,1,January,3,3,0,1
C22323,2025,2,February,4,4,0,1
C22324,2024,10,October,1,1,1,0
C22325,2024,8,August,1,1,1,0
C22325,2024,10,October,2,1,0,0
C22325,2024,12,December,3,2,0,1
C22325,2025,1,January,4,3,0,1
C22325,2025,4,April,5,4,0,1
C22325,2025,6,June,6,5,0,1
C22325,2025,8,August,7,7,0,1
C22325,2025,11,November,9,8,0,1
C22325,2025,12,December,10,10,0,1
C22326,2024,7,July,1,1,1,0
C22326,2025,7,July,2,2,0,1
C22326,2025,8,August,3,3,0,1
C22326,2025,9,September,4,4,0,1
C22327,2024,9,September,1,0,1,0
C22327,2024,11,November,2,1,0,0
C22327,2025,1,January,3,2,0,1
C22327,2025,10,October,4,3,0,1
C22327,2025,11,November,6,4,0,1
C22328,2024,9,September,1,1,1,0
C22328,2025,2,February,2,1,0,0
C22328,2025,8,August,3,1,0,0
C22328,2025,10,October,4,2,0,1
C22329,2024,10,October,1,1,1,0
C22329,2024,11,November,2,1,0,0
C22329,2025,8,August,3,2,0,1
C22330,2024,10,October,1,1,1,0
C22330,2024,11,November,2,2,0,1
C22330,2025,10,October,3,3,0,1
C22331,2024,9,September,1,2,0,1
C22331,2024,10,October,3,2,0,1
C22331,2025,2,February,4,3,0,1
C22331,2025,5,May,5,3,0,1
C22331,2025,10,October,6,4,0,1
C22331,2025,11,November,7,5,0,1
C22332,2024,7,July,1,1,1,0
C22332,2024,9,September,2,2,0,1
C22332,2024,11,November,3,3,0,1
C22332,2025,2,February,4,3,0,1
C22332,2025,3,March,5,3,0,1
C22332,2025,4,April,6,4,0,1
C22332,2025,10,October,7,4,0,1
C22332,2025,12,December,8,5,0,1
C22333,2025,6,June,1,1,1,0
C22334,2024,7,July,1,1,1,0
C22334,2024,9,September,2,2,0,1
C22334,2025,4,April,3,3,0,1
C22334,2025,6,June,4,4,0,1
C22334,2025,7,July,5,5,0,1
C22334,2025,8,August,6,6,0,1
C22335,2024,11,November,1,1,1,0
C22335,2025,1,January,2,2,0,1
C22335,2025,6,June,3,3,0,1
C22336,2024,9,September,1,1,1,0
C22336,2025,6,June,2,2,0,1
C22337,2024,7,July,1,1,1,0
C22337,2024,8,August,2,2,0,1
C22337,2024,9,September,3,3,0,1
C22337,2025,1,January,4,4,0,1
C22337,2025,4,April,6,5,0,1
C22337,2025,6,June,7,6,0,1
C22337,2025,8,August,8,7,0,1
C22337,2025,10,October,9,8,0,1
C22337,2025,12,December,10,11,0,1
C22338,2024,8,August,1,0,1,0
C22338,2024,9,September,2,1,0,0
C22338,2024,11,November,3,2,0,1
C22338,2024,12,December,4,4,0,1
C22339,2024,9,September,1,1,1,0
C22339,2025,5,May,2,2,0,1
C22339,2025,6,June,3,3,0,1
C22339,2025,8,August,4,4,0,1
C22341,2024,9,September,1,0,1,0
C22341,2025,5,May,2,1,0,0
C22341,2025,6,June,3,1,0,0
C22341,2025,9,September,4,2,0,1
C22341,2025,12,December,5,2,0,1
C22342,2025,2,February,1,1,1,0
C22342,2025,4,April,2,3,0,1
C22342,2025,6,June,4,4,0,1
C22342,2025,11,November,5,6,0,1
C22343,2024,7,July,1,1,1,0
C22343,2024,10,October,2,2,0,1
C22343,2025,2,February,3,3,0,1
C22343,2025,4,April,4,4,0,1
C22343,2025,8,August,5,5,0,1
C22344,2024,8,August,1,1,1,0
C22345,2024,10,October,1,0,1,0
C22345,2025,11,November,2,1,0,0
C22346,2024,11,November,1,1,1,0
C22346,2025,4,April,2,2,0,1
C22346,2025,8,August,3,3,0,1
C22347,2024,8,August,1,1,1,0
C22347,2025,6,June,2,1,0,0
C22347,2025,9,September,3,2,0,1
C22348,2024,8,August,1,0,1,0
C22348,2024,9,September,2,1,0,0
C22348,2025,1,January,3,2,0,1
C22348,2025,3,March,4,2,0,1
C22349,2024,8,August,1,0,1,0
C22349,2024,9,September,2,2,0,1
C22349,2024,12,December,4,3,0,1
C22349,2025,8,August,5,3,0,1
C22349,2025,10,October,6,4,0,1
C22350,2024,8,August,1,1,1,0
C22350,2024,10,October,2,1,0,0
C22350,2024,12,December,3,2,0,1
C22350,2025,4,April,4,4,0,1
C22350,2025,6,June,6,6,0,1
C22350,2025,12,December,8,7,0,1
C22351,2024,9,September,1,1,1,0
C22351,2025,5,May,2,2,0,1
C22352,2024,8,August,1,1,1,0
C22352,2024,10,October,2,2,0,1
C22352,2024,11,November,3,3,0,1
C22353,2024,7,July,1,1,1,0
C22353,2024,10,October,2,2,0,1
C22354,2024,10,October,1,1,1,0
C22354,2025,1,January,2,1,0,0
C22354,2025,6,June,3,2,0,1
C22354,2025,11,November,4,3,0,1
C22354,2025,12,December,5,4,0,1
C22355,2024,12,December,1,0,1,0
C22355,2025,7,July,2,1,0,0
C22355,2025,8,August,3,2,0,1
C22356,2025,3,March,1,1,1,0
C22356,2025,8,August,2,2,0,1
C22356,2025,10,October,3,3,0,1
C22357,2024,11,November,1,1,1,0
C22357,2024,12,December,2,2,0,1
C22357,2025,4,April,3,3,0,1
C22357,2025,5,May,5,4,0,1
C22357,2025,8,August,6,5,0,1
C22357,2025,10,October,7,6,0,1
C22357,2025,11,November,8,7,0,1
C22358,2024,7,July,1,1,1,0
C22358,2025,1,January,2,3,0,1
C22358,2025,2,February,4,4,0,1
C22358,2025,6,June,5,5,0,1
C22358,2025,7,July,6,6,0,1
C22358,2025,8,August,7,7,0,1
C22358,2025,12,December,8,8,0,1
C22359,2024,8,August,1,1,1,0
C22359,2024,9,September,2,1,0,0
C22359,2024,12,December,3,2,0,1
C22359,2025,3,March,4,3,0,1
C22360,2024,12,December,1,1,1,0
C22361,2024,12,December,1,1,1,0
C22361,2025,4,April,2,2,0,1
C22361,2025,8,August,3,3,0,1
C22363,2024,7,July,1,2,0,1
C22363,2024,8,August,3,3,0,1
C22363,2024,9,September,4,4,0,1
C22363,2025,6,June,5,4,0,1
C22364,2024,12,December,1,1,1,0
C22364,2025,2,February,2,1,0,0
C22364,2025,7,July,3,2,0,1
C22365,2024,7,July,1,2,0,1
C22365,2025,7,July,3,3,0,1
C22366,2024,7,July,1,1,1,0
C22366,2024,9,September,2,2,0,1
C22366,2025,1,January,3,3,0,1
C22366,2025,6,June,4,4,0,1
C22366,2025,11,November,5,4,0,1
C22367,2024,7,July,1,1,1,0
C22367,2025,1,January,2,2,0,1
C22367,2025,2,February,3,3,0,1
C22368,2024,10,October,1,1,1,0
C22368,2024,11,November,2,2,0,1
C22368,2025,2,February,3,4,0,1
C22368,2025,4,April,5,5,0,1
C22368,2025,5,May,6,6,0,1
C22368,2025,7,July,7,7,0,1
C22368,2025,11,November,8,9,0,1
C22369,2025,7,July,1,1,1,0
C22369,2025,9,September,2,2,0,1
C22370,2024,11,November,1,1,1,0
C22370,2024,12,December,3,1,0,0
C22370,2025,2,February,4,2,0,1
C22370,2025,10,October,5,2,0,1
C22371,2024,10,October,1,1,1,0
C22371,2024,11,November,2,2,0,1
C22371,2025,2,February,3,2,0,1
C22371,2025,7,July,4,3,0,1
C22373,2024,7,July,1,1,1,0
C22374,2024,9,September,1,1,1,0
C22374,2025,1,January,2,2,0,1
C22374,2025,3,March,3,2,0,1
C22374,2025,12,December,4,3,0,1
C22375,2024,12,December,1,1,1,0
C22375,2025,11,November,2,2,0,1
C22376,2024,7,July,1,1,1,0
C22376,2024,9,September,2,2,0,1
C22376,2025,11,November,3,3,0,1
C22377,2025,10,October,1,1,1,0
C22378,2024,10,October,1,0,1,0
C22378,2025,3,March,2,1,0,0
C22378,2025,5,May,3,2,0,1
C22378,2025,6,June,4,3,0,1
C22379,2024,7,July,1,1,1,0
C22379,2025,12,December,2,2,0,1
C22380,2024,7,July,1,1,1,0
C22380,2024,10,October,2,2,0,1
C22380,2025,3,March,3,3,0,1
C22380,2025,5,May,4,4,0,1
C22380,2025,8,August,5,5,0,1
C22381,2025,1,January,1,1,1,0
C22381,2025,8,August,2,2,0,1
C22382,2025,2,February,1,1,1,0
C22383,2025,2,February,1,1,1,0
C22385,2024,7,July,1,1,1,0
C22385,2024,8,August,2,2,0,1
C22385,2024,10,October,3,4,0,1
C22385,2025,1,January,5,5,0,1
C22385,2025,5,May,7,7,0,1
C22385,2025,7,July,9,8,0,1
C22385,2025,10,October,10,9,0,1
C22386,2025,1,January,1,1,1,0
C22387,2024,9,September,1,1,1,0
C22387,2024,11,November,2,2,0,1
C22387,2025,9,September,3,3,0,1
C22388,2024,7,July,1,0,1,0
C22388,2024,11,November,2,1,0,0
C22388,2025,8,August,3,2,0,1
C22389,2024,9,September,1,1,1,0
C22389,2025,4,April,2,2,0,1
C22389,2025,7,July,3,3,0,1
C22390,2024,8,August,1,0,1,0
C22391,2024,9,September,1,1,1,0
C22391,2024,10,October,2,1,0,0
C22391,2025,12,December,3,2,0,1
C22392,2024,11,November,1,0,1,0
C22392,2025,8,August,2,1,0,0
C22392,2025,10,October,3,1,0,0
C22393,2024,10,October,1,0,1,0
C22393,2024,12,December,2,1,0,0
C22393,2025,1,January,3,2,0,1
C22393,2025,4,April,4,2,0,1
C22393,2025,8,August,5,3,0,1
C22394,2024,10,October,1,1,1,0
C22394,2024,11,November,2,1,0,0
C22394,2025,1,January,3,2,0,1
C22394,2025,3,March,4,2,0,1
C22394,2025,4,April,5,3,0,1
C22394,2025,8,August,6,4,0,1
C22394,2025,9,September,7,5,0,1
C22395,2024,7,July,1,0,1,0
C22395,2024,11,November,2,1,0,0
C22395,2024,12,December,3,2,0,1
C22395,2025,2,February,4,3,0,1
C22395,2025,3,March,5,4,0,1
C22395,2025,9,September,6,4,0,1
C22395,2025,12,December,7,5,0,1
C22396,2025,2,February,1,1,1,0
C22396,2025,10,October,2,1,0,0
C22396,2025,11,November,3,2,0,1
C22397,2024,7,July,1,1,1,0
C22397,2025,4,April,2,2,0,1
C22397,2025,11,November,3,2,0,1
C22398,2024,8,August,1,0,1,0
C22398,2024,11,November,2,1,0,0
C22398,2025,5,May,3,2,0,1
C22398,2025,7,July,4,2,0,1
C22398,2025,10,October,5,3,0,1
C22399,2024,7,July,1,0,1,0
C22399,2025,6,June,2,1,0,0
C22399,2025,10,October,3,2,0,1
C22400,2024,7,July,1,1,1,0
C22400,2025,1,January,2,3,0,1
C22400,2025,2,February,4,4,0,1
C22400,2025,3,March,7,5,0,1
C22400,2025,7,July,8,6,0,1
C22400,2025,8,August,9,7,0,1
C22400,2025,11,November,10,8,0,1
C22401,2024,12,December,1,1,1,0
C22401,2025,3,March,2,1,0,0
C22401,2025,10,October,3,1,0,0
C22402,2024,8,August,1,1,1,0
C22402,2025,3,March,2,3,0,1
C22402,2025,5,May,4,4,0,1
C22402,2025,7,July,5,4,0,1
C22402,2025,8,August,6,5,0,1
C22402,2025,11,November,7,6,0,1
C22402,2025,12,December,9,8,0,1
C22403,2024,9,September,1,1,1,0
C22403,2024,10,October,2,2,0,1
C22403,2025,2,February,3,3,0,1
C22403,2025,3,March,4,3,0,1
C22403,2025,5,May,5,4,0,1
C22403,2025,10,October,6,5,0,1
C22403,2025,11,November,7,6,0,1
C22404,2025,3,March,1,1,1,0
C22404,2025,6,June,2,2,0,1
C22404,2025,8,August,3,2,0,1
C22406,2024,7,July,1,1,1,0
C22406,2024,9,September,2,2,0,1
C22406,2024,10,October,3,3,0,1
C22406,2024,11,November,4,5,0,1
C22406,2024,12,December,6,6,0,1
C22406,2025,1,January,7,7,0,1
C22406,2025,4,April,8,8,0,1
C22406,2025,6,June,9,8,0,1
C22406,2025,8,August,10,9,0,1
C22407,2024,7,July,1,1,1,0
C22407,2024,8,August,2,2,0,1
C22407,2024,10,October,3,3,0,1
C22407,2025,1,January,4,5,0,1
C22407,2025,4,April,6,6,0,1
C22408,2024,9,September,1,1,1,0
C22408,2025,10,October,2,2,0,1
C22409,2024,12,December,1,1,1,0
C22409,2025,1,January,3,2,0,1
C22409,2025,7,July,4,3,0,1
C22410,2024,8,August,1,1,1,0
C22410,2025,2,February,2,2,0,1
C22410,2025,4,April,3,4,0,1
C22410,2025,6,June,5,4,0,1
C22410,2025,8,August,6,4,0,1
C22410,2025,9,September,7,5,0,1
C22410,2025,12,December,8,6,0,1
C22411,2025,12,December,1,0,1,0
C22412,2024,11,November,1,1,1,0
C22412,2025,1,January,2,2,0,1
C22412,2025,3,March,3,2,0,1
C22412,2025,12,December,4,2,0,1
C22413,2024,9,September,1,1,1,0
C22413,2025,8,August,3,2,0,1
C22413,2025,11,November,4,3,0,1
C22414,2025,4,April,1,1,1,0
C22414,2025,5,May,2,1,0,0
C22414,2025,10,October,3,2,0,1
C22415,2024,7,July,1,1,1,0
C22415,2025,1,January,2,2,0,1
C22416,2025,2,February,1,0,1,0
C22417,2024,7,July,1,1,1,0
C22417,2024,9,September,2,2,0,1
C22417,2025,1,January,3,3,0,1
C22417,2025,5,May,4,4,0,1
C22418,2024,7,July,1,1,1,0
C22418,2024,11,November,2,2,0,1
C22418,2025,1,January,3,3,0,1
C22418,2025,3,March,5,4,0,1
C22418,2025,6,June,6,4,0,1
C22418,2025,8,August,7,5,0,1
C22419,2025,1,January,1,1,1,0
C22419,2025,3,March,2,2,0,1
C22420,2025,4,April,1,1,1,0
C22420,2025,9,September,2,2,0,1
C22421,2024,11,November,1,1,1,0
C22421,2025,2,February,2,2,0,1
C22421,2025,3,March,3,3,0,1
C22421,2025,10,October,4,4,0,1
C22422,2024,7,July,1,1,1,0
C22422,2025,4,April,2,2,0,1
C22422,2025,6,June,3,3,0,1
C22422,2025,8,August,4,4,0,1
C22422,2025,10,October,6,5,0,1
C22422,2025,11,November,7,6,0,1
C22423,2024,9,September,1,1,1,0
C22423,2025,1,January,2,2,0,1
C22423,2025,7,July,3,3,0,1
C22423,2025,10,October,5,3,0,1
C22424,2024,10,October,1,1,1,0
C22424,2025,6,June,2,2,0,1
C22424,2025,8,August,3,3,0,1
C22425,2024,7,July,1,1,1,0
C22425,2024,12,December,2,1,0,0
C22425,2025,2,February,3,2,0,1
C22425,2025,5,May,4,4,0,1
C22425,2025,8,August,6,5,0,1
C22426,2025,3,March,1,1,1,0
C22426,2025,8,August,2,2,0,1
C22427,2024,11,November,1,1,1,0
C22427,2025,2,February,2,2,0,1
C22428,2024,7,July,1,1,1,0
C22428,2024,9,September,2,2,0,1
C22429,2025,8,August,1,1,1,0
C22430,2025,1,January,1,2,0,1
C22430,2025,9,September,3,3,0,1
C22430,2025,11,November,4,4,0,1
C22430,2025,12,December,5,5,0,1
C22431,2024,11,November,1,1,1,0
C22432,2024,8,August,1,2,0,1
C22432,2024,11,November,3,3,0,1
C22432,2024,12,December,4,3,0,1
C22432,2025,3,March,5,3,0,1
C22432,2025,5,May,6,4,0,1
C22432,2025,7,July,7,5,0,1
C22432,2025,10,October,8,6,0,1
C22432,2025,12,December,9,7,0,1
C22433,2025,6,June,1,1,1,0
C22433,2025,11,November,2,1,0,0
C22434,2024,7,July,1,1,1,0
C22434,2024,12,December,2,2,0,1
C22434,2025,2,February,3,3,0,1
C22434,2025,3,March,4,4,0,1
C22435,2024,7,July,1,1,1,0
C22435,2024,10,October,2,2,0,1
C22435,2025,3,March,3,3,0,1
C22435,2025,6,June,4,4,0,1
C22435,2025,10,October,5,5,0,1
C22435,2025,12,December,6,6,0,1
C22436,2024,8,August,1,1,1,0
C22436,2025,3,March,2,2,0,1
C22436,2025,8,August,3,3,0,1
C22436,2025,12,December,4,3,0,1
C22437,2024,7,July,1,0,1,0
C22437,2024,9,September,2,2,0,1
C22437,2025,1,January,4,2,0,1
C22437,2025,2,February,5,3,0,1
C22437,2025,4,April,6,4,0,1
C22437,2025,6,June,7,4,0,1
C22437,2025,7,July,8,5,0,1
C22437,2025,10,October,9,6,0,1
C22438,2025,6,June,1,1,1,0
C22438,2025,9,September,2,3,0,1
C22438,2025,10,October,4,4,0,1
C22439,2025,9,September,1,1,1,0
C22440,2024,7,July,1,1,1,0
C22440,2024,12,December,2,2,0,1
C22440,2025,7,July,3,3,0,1
C22440,2025,8,August,5,4,0,1
C22440,2025,9,September,6,6,0,1
C22441,2024,7,July,1,1,1,0
C22441,2025,6,June,2,2,0,1
C22441,2025,10,October,3,3,0,1
C22442,2024,10,October,1,1,1,0
C22442,2025,2,February,2,2,0,1
C22442,2025,6,June,3,3,0,1
C22442,2025,9,September,4,4,0,1
C22443,2024,12,December,1,0,1,0
C22443,2025,7,July,2,1,0,0
C22443,2025,9,September,3,2,0,1
C22444,2025,9,September,1,1,1,0
C22445,2024,10,October,1,1,1,0
C22445,2024,11,November,2,2,0,1
C22445,2025,2,February,3,3,0,1
C22445,2025,4,April,4,3,0,1
C22445,2025,6,June,5,4,0,1
C22445,2025,9,September,6,4,0,1
C22446,2024,10,October,1,1,1,0
C22446,2025,4,April,2,2,0,1
C22446,2025,7,July,3,3,0,1
C22447,2024,9,September,1,1,1,0
C22447,2025,5,May,2,1,0,0
C22448,2024,12,December,1,1,1,0
C22448,2025,4,April,2,2,0,1
C22449,2024,8,August,1,0,1,0
C22449,2024,9,September,2,1,0,0
C22449,2024,10,October,3,2,0,1
C22449,2024,12,December,4,3,0,1
C22449,2025,1,January,6,3,0,1
C22449,2025,4,April,7,4,0,1
C22449,2025,6,June,8,5,0,1
C22449,2025,8,August,9,7,0,1
C22449,2025,9,September,11,8,0,1
C22450,2024,8,August,1,1,1,0
C22450,2024,9,September,2,2,0,1
C22450,2024,10,October,3,3,0,1
C22450,2024,12,December,5,4,0,1
C22450,2025,1,January,6,5,0,1
C22450,2025,3,March,7,6,0,1
C22450,2025,6,June,8,6,0,1
C22450,2025,7,July,9,7,0,1
C22450,2025,11,November,10,8,0,1
C22450,2025,12,December,11,9,0,1
C22451,2024,7,July,1,1,1,0
C22451,2024,10,October,2,2,0,1
C22451,2024,11,November,3,3,0,1
C22452,2025,3,March,1,1,1,0
C22452,2025,4,April,2,2,0,1
C22452,2025,8,August,3,3,0,1
C22453,2024,8,August,1,0,1,0
C22453,2024,10,October,2,1,0,0
C22453,2025,1,January,3,2,0,1
C22453,2025,7,July,4,3,0,1
C22453,2025,9,September,6,4,0,1
C22454,2024,7,July,1,1,1,0
C22454,2025,2,February,2,2,0,1
C22454,2025,7,July,3,2,0,1
C22455,2025,2,February,1,0,1,0
C22455,2025,3,March,2,0,0,0
C22455,2025,12,December,3,1,0,0
C22456,2024,7,July,1,1,1,0
C22456,2024,11,November,2,2,0,1
C22456,2024,12,December,3,2,0,1
C22456,2025,2,February,4,3,0,1
C22456,2025,3,March,5,4,0,1
C22456,2025,4,April,6,4,0,1
C22456,2025,10,October,7,4,0,1
C22457,2024,12,December,1,1,1,0
C22457,2025,2,February,2,1,0,0
C22457,2025,8,August,3,3,0,1
C22457,2025,12,December,5,4,0,1
C22458,2024,8,August,1,1,1,0
C22459,2024,8,August,1,1,1,0
C22459,2025,4,April,2,2,0,1
C22460,2024,7,July,1,2,0,1
C22460,2024,8,August,3,3,0,1
C22460,2024,10,October,4,4,0,1
C22460,2025,1,January,5,5,0,1
C22460,2025,6,June,6,6,0,1
C22460,2025,10,October,7,7,0,1
C22460,2025,11,November,8,9,0,1
C22460,2025,12,December,10,9,0,1
C22461,2024,9,September,1,0,1,0
C22461,2024,10,October,2,2,0,1
C22461,2025,6,June,4,3,0,1
C22461,2025,11,November,5,4,0,1
C22462,2024,8,August,1,0,1,0
C22462,2025,3,March,2,1,0,0
C22462,2025,4,April,3,2,0,1
C22462,2025,12,December,4,3,0,1
C22463,2024,9,September,1,1,1,0
C22463,2024,11,November,2,1,0,0
C22463,2025,3,March,3,2,0,1
C22463,2025,6,June,4,3,0,1
C22463,2025,8,August,5,3,0,1
C22463,2025,9,September,6,4,0,1
C22463,2025,10,October,7,5,0,1
C22464,2024,9,September,1,1,1,0
C22464,2024,11,November,2,2,0,1
C22464,2025,6,June,3,4,0,1
C22464,2025,7,July,5,5,0,1
C22465,2024,12,December,1,1,1,0
C22465,2025,1,January,2,2,0,1
C22465,2025,5,May,3,3,0,1
C22465,2025,8,August,4,4,0,1
C22465,2025,10,October,5,5,0,1
C22466,2025,6,June,1,1,1,0
C22466,2025,10,October,2,2,0,1
C22466,2025,11,November,3,3,0,1
C22467,2024,11,November,1,1,1,0
C22467,2025,8,August,2,2,0,1
C22468,2025,10,October,1,1,1,0
C22468,2025,11,November,2,2,0,1
C22469,2024,12,December,1,1,1,0
C22469,2025,2,February,2,2,0,1
C22469,2025,5,May,3,3,0,1
C22469,2025,9,September,4,4,0,1
C22470,2024,7,July,1,1,1,0
C22470,2025,9,September,2,3,0,1
C22471,2024,8,August,1,1,1,0
C22471,2024,9,September,2,2,0,1
C22471,2024,10,October,3,3,0,1
C22471,2024,11,November,4,4,0,1
C22471,2024,12,December,5,5,0,1
C22471,2025,4,April,6,6,0,1
C22472,2024,10,October,1,2,0,1
C22472,2025,2,February,3,3,0,1
C22472,2025,7,July,4,3,0,1
C22472,2025,9,September,5,4,0,1
C22473,2024,7,July,1,1,1,0
C22473,2024,10,October,2,2,0,1
C22473,2025,1,January,3,3,0,1
C22473,2025,4,April,4,4,0,1
C22473,2025,12,December,5,5,0,1
C22474,2024,11,November,1,1,1,0
C22474,2025,2,February,2,2,0,1
C22474,2025,8,August,3,3,0,1
C22474,2025,9,September,4,4,0,1
C22475,2024,8,August,1,1,1,0
C22475,2024,12,December,2,2,0,1
C22475,2025,5,May,3,2,0,1
C22475,2025,6,June,4,3,0,1
C22475,2025,7,July,5,4,0,1
C22475,2025,9,September,6,5,0,1
C22476,2024,10,October,1,0,1,0
C22476,2025,2,February,2,1,0,0
C22476,2025,4,April,3,2,0,1
C22476,2025,11,November,4,2,0,1
C22477,2024,7,July,1,1,1,0
C22477,2024,11,November,2,2,0,1
C22477,2025,7,July,3,3,0,1
C22478,2024,12,December,1,1,1,0
C22478,2025,4,April,2,2,0,1
C22478,2025,10,October,3,3,0,1
C22479,2024,7,July,1,1,1,0
C22479,2024,8,August,2,2,0,1
C22479,2024,12,December,3,3,0,1
C22479,2025,1,January,4,4,0,1
C22479,2025,4,April,5,6,0,1
C22479,2025,5,May,7,7,0,1
C22480,2025,11,November,1,1,1,0
C22480,2025,12,December,2,1,0,0
C22481,2025,7,July,1,1,1,0
C22482,2024,12,December,1,1,1,0
C22482,2025,10,October,2,2,0,1
C22482,2025,12,December,3,3,0,1
C22483,2024,8,August,1,1,1,0
C22483,2024,12,December,2,2,0,1
C22484,2024,12,December,1,0,1,0
C22484,2025,1,January,2,1,0,0
C22484,2025,3,March,3,2,0,1
C22484,2025,4,April,4,2,0,1
C22484,2025,9,September,5,3,0,1
C22485,2025,2,February,1,1,1,0
C22485,2025,12,December,2,2,0,1
C22487,2024,7,July,1,1,1,0
C22487,2025,4,April,2,2,0,1
C22487,2025,7,July,3,3,0,1
C22487,2025,10,October,4,4,0,1
C22488,2025,2,February,1,1,1,0
C22488,2025,5,May,2,2,0,1
C22488,2025,9,September,3,3,0,1
C22489,2025,2,February,1,1,1,0
C22489,2025,12,December,2,2,0,1
C22490,2024,10,October,1,1,1,0
C22490,2024,11,November,2,1,0,0
C22490,2025,9,September,3,1,0,0
C22491,2025,1,January,1,1,1,0
C22491,2025,5,May,2,1,0,0
C22492,2025,1,January,1,2,0,1
C22492,2025,2,February,3,3,0,1
C22493,2024,11,November,1,1,1,0
C22493,2025,11,November,2,1,0,0
C22494,2024,10,October,1,1,1,0
C22494,2025,9,September,2,1,0,0
C22494,2025,10,October,3,2,0,1
C22494,2025,11,November,4,3,0,1
C22495,2024,7,July,1,0,1,0
C22495,2024,11,November,2,1,0,0
C22495,2024,12,December,3,2,0,1
C22495,2025,6,June,4,3,0,1
C22495,2025,8,August,5,4,0,1
C22495,2025,9,September,6,6,0,1
C22495,2025,10,October,8,7,0,1
C22495,2025,12,December,9,8,0,1
C22496,2025,2,February,1,1,1,0
C22497,2024,10,October,1,1,1,0
C22497,2024,11,November,2,1,0,0
C22497,2025,2,February,3,2,0,1
C22497,2025,3,March,4,2,0,1
C22497,2025,4,April,5,3,0,1
C22497,2025,5,May,6,4,0,1
C22497,2025,12,December,7,6,0,1
C22498,2024,8,August,1,2,0,1
C22498,2024,9,September,3,2,0,1
C22498,2024,12,December,4,2,0,1
C22498,2025,9,September,5,3,0,1
C22498,2025,10,October,6,4,0,1
C22498,2025,12,December,7,4,0,1
C22499,2025,6,June,1,2,0,1
C22499,2025,7,July,3,3,0,1
C22500,2024,7,July,1,1,1,0
C22500,2024,8,August,2,2,0,1
C22500,2024,9,September,3,3,0,1
C22500,2024,10,October,4,3,0,1
C22501,2024,8,August,1,1,1,0
C22501,2024,11,November,2,2,0,1
C22501,2025,12,December,3,3,0,1
C22502,2024,10,October,1,1,1,0
C22502,2024,12,December,2,2,0,1
C22502,2025,1,January,3,3,0,1
C22502,2025,6,June,4,4,0,1
C22503,2024,9,September,1,1,1,0
C22503,2024,11,November,2,2,0,1
C22503,2025,4,April,3,3,0,1
C22503,2025,8,August,4,4,0,1
C22503,2025,10,October,5,5,0,1
C22504,2024,7,July,1,1,1,0
C22504,2025,6,June,2,1,0,0
C22505,2024,9,September,1,1,1,0
C22505,2024,12,December,2,2,0,1
C22505,2025,2,February,3,3,0,1
C22505,2025,10,October,4,4,0,1
C22506,2024,7,July,1,1,1,0
C22506,2024,8,August,2,2,0,1
C22506,2025,10,October,3,3,0,1
C22507,2024,12,December,1,2,0,1
C22507,2025,3,March,3,3,0,1
C22507,2025,4,April,4,4,0,1
C22507,2025,7,July,5,6,0,1
C22507,2025,8,August,8,7,0,1
C22507,2025,11,November,9,8,0,1
C22508,2024,7,July,1,1,1,0
C22509,2024,7,July,1,1,1,0
C22509,2024,9,September,2,2,0,1
C22509,2025,2,February,3,3,0,1
C22509,2025,3,March,4,4,0,1
C22509,2025,5,May,5,4,0,1
C22509,2025,6,June,6,4,0,1
C22509,2025,7,July,8,5,0,1
C22509,2025,12,December,9,5,0,1
C22511,2025,8,August,1,1,1,0
C22512,2024,8,August,1,1,1,0
C22512,2024,11,November,2,2,0,1
C22512,2025,1,January,3,3,0,1
C22512,2025,4,April,4,4,0,1
C22512,2025,6,June,5,5,0,1
C22512,2025,8,August,6,5,0,1
C22512,2025,9,September,7,6,0,1
C22512,2025,11,November,8,7,0,1
C22513,2024,9,September,1,1,1,0
C22513,2024,10,October,2,3,0,1
C22513,2025,4,April,4,4,0,1
C22513,2025,8,August,5,5,0,1
C22514,2024,11,November,1,1,1,0
C22514,2025,1,January,2,2,0,1
C22514,2025,2,February,3,3,0,1
C22514,2025,8,August,4,3,0,1
C22514,2025,11,November,5,4,0,1
C22515,2025,3,March,1,1,1,0
C22515,2025,9,September,2,2,0,1
C22516,2024,8,August,1,1,1,0
C22516,2024,11,November,2,2,0,1
C22516,2025,5,May,3,3,0,1
C22516,2025,6,June,4,5,0,1
C22516,2025,7,July,6,6,0,1
C22517,2024,8,August,1,1,1,0
C22517,2024,12,December,2,2,0,1
C22517,2025,5,May,3,2,0,1
C22517,2025,7,July,4,3,0,1
C22518,2024,7,July,1,1,1,0
C22518,2024,10,October,2,2,0,1
C22518,2025,3,March,3,3,0,1
C22519,2024,9,September,1,1,1,0
C22519,2024,12,December,2,2,0,1
C22520,2024,11,November,1,0,1,0
C22520,2025,2,February,2,1,0,0
C22520,2025,6,June,3,3,0,1
C22520,2025,7,July,5,4,0,1
C22520,2025,8,August,6,6,0,1
C22520,2025,11,November,8,7,0,1
C22521,2024,8,August,1,1,1,0
C22521,2024,10,October,2,2,0,1
C22521,2024,11,November,3,3,0,1
C22521,2024,12,December,4,4,0,1
C22521,2025,1,January,5,5,0,1
C22521,2025,4,April,6,5,0,1
C22521,2025,5,May,7,6,0,1
C22521,2025,8,August,8,7,0,1
C22521,2025,11,November,9,8,0,1
C22521,2025,12,December,10,9,0,1
C22522,2025,6,June,1,0,1,0
C22522,2025,8,August,2,1,0,0
C22523,2024,7,July,1,3,0,1
C22523,2024,11,November,4,3,0,1
C22523,2024,12,December,5,4,0,1
C22523,2025,2,February,6,6,0,1
C22523,2025,5,May,8,7,0,1
C22523,2025,9,September,9,7,0,1
C22523,2025,12,December,10,9,0,1
C22524,2025,4,April,1,1,1,0
C22525,2024,7,July,1,1,1,0
C22525,2025,2,February,2,2,0,1
C22525,2025,5,May,3,3,0,1
C22525,2025,8,August,4,3,0,1
C22525,2025,12,December,5,3,0,1
C22526,2025,1,January,1,0,1,0
C22527,2025,11,November,1,1,1,0
C22528,2025,5,May,1,1,1,0
C22528,2025,7,July,2,2,0,1
C22528,2025,12,December,3,3,0,1
C22529,2024,11,November,1,1,1,0
C22529,2025,12,December,2,3,0,1
C22530,2025,3,March,1,1,1,0
C22530,2025,5,May,2,2,0,1
C22531,2025,2,February,1,0,1,0
C22531,2025,4,April,2,2,0,1
C22531,2025,6,June,4,3,0,1
C22531,2025,8,August,5,4,0,1
C22531,2025,10,October,6,5,0,1
C22532,2024,7,July,1,1,1,0
C22532,2024,8,August,2,2,0,1
C22532,2024,9,September,3,3,0,1
C22532,2025,2,February,4,5,0,1
C22532,2025,3,March,6,7,0,1
C22532,2025,5,May,8,7,0,1
C22532,2025,7,July,9,8,0,1
C22532,2025,11,November,10,8,0,1
C22532,2025,12,December,11,9,0,1
C22534,2024,11,November,1,1,1,0
C22534,2025,2,February,2,2,0,1
C22534,2025,9,September,3,3,0,1
C22535,2025,2,February,1,1,1,0
C22535,2025,4,April,2,2,0,1
C22535,2025,6,June,3,3,0,1
C22536,2024,7,July,1,0,1,0
C22536,2024,9,September,2,1,0,0
C22536,2024,10,October,3,1,0,0
C22536,2024,11,November,4,2,0,1
C22536,2025,3,March,5,3,0,1
C22536,2025,4,April,6,3,0,1
C22537,2024,9,September,1,1,1,0
C22537,2025,3,March,2,1,0,0
C22537,2025,5,May,3,2,0,1
C22538,2025,2,February,1,1,1,0
C22538,2025,9,September,2,2,0,1
C22539,2024,9,September,1,1,1,0
C22539,2024,12,December,2,2,0,1
C22539,2025,7,July,4,3,0,1
C22540,2024,7,July,1,1,1,0
C22540,2025,1,January,2,2,0,1
C22540,2025,4,April,3,3,0,1
C22540,2025,6,June,4,4,0,1
C22540,2025,7,July,5,4,0,1
C22540,2025,8,August,6,6,0,1
C22541,2025,4,April,1,1,1,0
C22541,2025,5,May,2,2,0,1
C22541,2025,8,August,3,3,0,1
C22541,2025,10,October,4,3,0,1
C22542,2024,9,September,1,1,1,0
C22542,2025,2,February,2,2,0,1
C22542,2025,8,August,3,3,0,1
C22542,2025,11,November,4,4,0,1
C22543,2024,8,August,1,1,1,0
C22543,2025,1,January,2,2,0,1
C22543,2025,4,April,3,3,0,1
C22543,2025,9,September,4,4,0,1
C22544,2025,10,October,1,1,1,0
C22545,2024,9,September,1,1,1,0
C22545,2025,8,August,2,2,0,1
C22545,2025,10,October,3,3,0,1
C22546,2024,7,July,1,0,1,0
C22546,2024,9,September,2,1,0,0
C22546,2024,11,November,3,3,0,1
C22546,2024,12,December,5,4,0,1
C22546,2025,7,July,6,5,0,1
C22546,2025,11,November,7,5,0,1
C22546,2025,12,December,8,6,0,1
C22547,2024,8,August,1,1,1,0
C22547,2025,9,September,3,2,0,1
C22548,2024,7,July,1,1,1,0
C22548,2024,9,September,2,2,0,1
C22548,2025,10,October,3,2,0,1
C22548,2025,11,November,4,2,0,1
C22548,2025,12,December,5,3,0,1
C22549,2024,10,October,1,1,1,0
C22549,2025,3,March,2,2,0,1
C22549,2025,12,December,3,3,0,1
C22550,2024,12,December,1,1,1,0
C22550,2025,8,August,3,2,0,1
C22551,2024,10,October,1,1,1,0
C22551,2024,11,November,2,1,0,0
C22551,2024,12,December,3,2,0,1
C22551,2025,1,January,4,3,0,1
C22551,2025,4,April,5,4,0,1
C22551,2025,10,October,6,4,0,1
C22552,2024,8,August,1,1,1,0
C22552,2024,9,September,2,2,0,1
C22552,2024,10,October,3,3,0,1
C22552,2025,2,February,4,5,0,1
C22552,2025,3,March,6,6,0,1
C22552,2025,6,June,7,7,0,1
C22552,2025,12,December,8,8,0,1
C22553,2024,8,August,1,1,1,0
C22553,2025,4,April,2,2,0,1
C22553,2025,6,June,5,3,0,1
C22553,2025,9,September,6,4,0,1
C22553,2025,11,November,7,4,0,1
C22554,2024,8,August,1,1,1,0
C22555,2025,1,January,1,1,1,0
C22555,2025,3,March,2,2,0,1
C22556,2025,3,March,1,1,1,0
C22557,2025,2,February,1,1,1,0
C22557,2025,3,March,2,2,0,1
C22557,2025,6,June,3,2,0,1
C22557,2025,8,August,4,3,0,1
C22557,2025,10,October,5,4,0,1
C22559,2024,9,September,1,1,1,0
C22559,2024,10,October,2,3,0,1
C22559,2025,4,April,4,5,0,1
C22559,2025,5,May,6,5,0,1
C22559,2025,8,August,7,6,0,1
C22559,2025,11,November,8,7,0,1
C22559,2025,12,December,9,8,0,1
C22561,2024,9,September,1,0,1,0
C22561,2024,12,December,2,1,0,0
C22561,2025,3,March,3,3,0,1
C22561,2025,10,October,5,4,0,1
C22562,2025,1,January,1,1,1,0
C22562,2025,4,April,2,2,0,1
C22562,2025,5,May,3,3,0,1
C22562,2025,8,August,4,4,0,1
C22562,2025,9,September,5,5,0,1
C22562,2025,10,October,6,6,0,1
C22562,2025,11,November,7,7,0,1
C22562,2025,12,December,8,8,0,1
C22563,2025,6,June,1,1,1,0
C22563,2025,9,September,2,1,0,0
C22564,2024,9,September,1,1,1,0
C22564,2025,5,May,2,2,0,1
C22564,2025,6,June,3,3,0,1
C22565,2024,11,November,1,1,1,0
C22565,2025,1,January,2,2,0,1
C22566,2024,7,July,1,1,1,0
C22566,2024,8,August,2,2,0,1
C22566,2024,10,October,3,3,0,1
C22566,2024,11,November,4,4,0,1
C22566,2024,12,December,5,4,0,1
C22566,2025,2,February,6,5,0,1
C22566,2025,8,August,7,6,0,1
C22566,2025,9,September,8,6,0,1
C22566,2025,10,October,9,7,0,1
C22566,2025,11,November,10,8,0,1
C22567,2025,2,February,1,0,1,0
C22567,2025,3,March,2,1,0,0
C22567,2025,10,October,3,2,0,1
C22568,2024,12,December,1,1,1,0
C22568,2025,1,January,2,2,0,1
C22569,2024,10,October,1,1,1,0
C22569,2025,11,November,2,2,0,1
C22570,2025,4,April,1,1,1,0
C22570,2025,11,November,2,2,0,1
C22571,2024,10,October,1,3,0,1
C22571,2024,11,November,4,4,0,1
C22571,2025,3,March,6,5,0,1
C22571,2025,4,April,7,6,0,1
C22571,2025,5,May,8,7,0,1
C22571,2025,7,July,9,7,0,1
C22572,2024,7,July,1,0,1,0
C22572,2025,1,January,2,1,0,0
C22572,2025,4,April,3,2,0,1
C22572,2025,5,May,4,3,0,1
C22572,2025,8,August,5,4,0,1
C22572,2025,10,October,6,5,0,1
C22573,2024,12,December,1,1,1,0
C22573,2025,2,February,2,2,0,1
C22573,2025,4,April,4,3,0,1
C22573,2025,9,September,5,4,0,1
C22573,2025,10,October,6,5,0,1
C22573,2025,12,December,7,6,0,1
C22574,2024,8,August,1,0,1,0
C22574,2025,5,May,2,1,0,0
C22575,2024,7,July,1,2,0,1
C22575,2025,5,May,3,3,0,1
C22576,2024,9,September,1,1,1,0
C22576,2025,4,April,2,1,0,0
C22576,2025,9,September,3,2,0,1
C22577,2025,4,April,1,1,1,0
C22578,2024,7,July,1,1,1,0
C22578,2024,8,August,2,2,0,1
C22579,2025,7,July,1,1,1,0
C22579,2025,9,September,2,1,0,0
C22579,2025,10,October,3,1,0,0
C22580,2024,8,August,1,1,1,0
C22580,2025,4,April,2,1,0,0
C22580,2025,5,May,3,1,0,0
C22580,2025,7,July,4,2,0,1
C22581,2024,11,November,1,1,1,0
C22581,2025,11,November,3,2,0,1
C22582,2025,6,June,1,1,1,0
C22583,2025,7,July,1,1,1,0
C22583,2025,12,December,2,2,0,1
C22584,2025,2,February,1,1,1,0
C22584,2025,12,December,2,2,0,1
C22585,2024,7,July,1,1,1,0
C22585,2025,1,January,2,2,0,1
C22586,2024,7,July,1,2,0,1
C22586,2024,12,December,3,3,0,1
C22586,2025,3,March,4,4,0,1
C22587,2025,1,January,1,1,1,0
C22587,2025,5,May,2,2,0,1
C22587,2025,6,June,3,2,0,1
C22588,2025,12,December,1,1,1,0
C22589,2024,10,October,1,0,1,0
C22590,2024,8,August,1,0,1,0
C22590,2025,2,February,2,1,0,0
C22590,2025,3,March,3,2,0,1
C22590,2025,4,April,4,3,0,1
C22591,2024,7,July,1,1,1,0
C22591,2024,10,October,2,3,0,1
C22591,2024,11,November,4,4,0,1
C22591,2024,12,December,5,6,0,1
C22591,2025,3,March,7,7,0,1
C22591,2025,4,April,8,9,0,1
C22591,2025,7,July,10,9,0,1
C22591,2025,8,August,11,11,0,1
C22591,2025,11,November,13,12,0,1
C22592,2024,12,December,1,1,1,0
C22593,2024,7,July,1,0,1,0
C22593,2025,1,January,2,1,0,0
C22593,2025,8,August,3,1,0,0
C22593,2025,11,November,4,2,0,1
C22594,2025,8,August,1,0,1,0
C22594,2025,12,December,2,1,0,0
C22595,2024,7,July,1,0,1,0
C22595,2024,9,September,2,0,0,0
C22595,2025,1,January,3,0,0,0
C22595,2025,2,February,4,0,0,0
C22595,2025,3,March,5,1,0,0
C22595,2025,8,August,6,2,0,1
C22595,2025,10,October,7,3,0,1
C22596,2025,4,April,1,1,1,0
C22597,2024,7,July,1,1,1,0
C22597,2024,10,October,2,2,0,1
C22597,2024,12,December,3,2,0,1
C22597,2025,6,June,4,3,0,1
C22597,2025,8,August,5,4,0,1
C22597,2025,9,September,7,5,0,1
C22598,2025,10,October,1,1,1,0
C22598,2025,12,December,2,2,0,1
C22599,2024,8,August,1,1,1,0
C22599,2025,1,January,2,2,0,1
C22599,2025,2,February,3,3,0,1
C22599,2025,3,March,4,4,0,1
C22599,2025,12,December,5,5,0,1
C22600,2025,2,February,1,0,1,0
C22601,2024,11,November,1,1,1,0
C22601,2025,8,August,2,3,0,1
C22602,2024,7,July,1,1,1,0
C22602,2024,8,August,3,1,0,0
C22602,2024,9,September,4,2,0,1
C22602,2024,10,October,5,3,0,1
C22602,2024,12,December,6,5,0,1
C22602,2025,2,February,8,5,0,1
C22602,2025,7,July,9,7,0,1
C22602,2025,12,December,11,8,0,1
C22603,2025,4,April,1,1,1,0
C22604,2024,10,October,1,1,1,0
C22604,2025,2,February,2,2,0,1
C22604,2025,10,October,3,4,0,1
C22604,2025,11,November,5,6,0,1
C22605,2024,12,December,1,0,1,0
C22605,2025,5,May,2,0,0,0
C22605,2025,10,October,3,1,0,0
C22606,2024,10,October,1,1,1,0
C22606,2024,12,December,2,2,0,1
C22607,2025,4,April,1,1,1,0
C22607,2025,6,June,2,2,0,1
C22607,2025,7,July,3,3,0,1
C22607,2025,11,November,4,4,0,1
C22608,2024,7,July,1,0,1,0
C22608,2024,11,November,2,1,0,0
C22608,2025,1,January,3,2,0,1
C22608,2025,6,June,4,3,0,1
C22609,2024,12,December,1,1,1,0
C22609,2025,3,March,2,2,0,1
C22609,2025,10,October,3,3,0,1
C22609,2025,12,December,4,3,0,1
C22610,2024,7,July,1,0,1,0
C22610,2025,1,January,2,1,0,0
C22610,2025,10,October,3,2,0,1
C22610,2025,11,November,4,3,0,1
C22611,2024,8,August,1,0,1,0
C22611,2024,11,November,2,1,0,0
C22611,2025,11,November,3,2,0,1
C22612,2024,7,July,1,2,0,1
C22612,2025,7,July,3,3,0,1
C22612,2025,8,August,4,5,0,1
C22612,2025,10,October,6,6,0,1
C22612,2025,12,December,7,7,0,1
C22613,2024,7,July,1,0,1,0
C22613,2024,10,October,2,1,0,0
C22613,2024,12,December,3,2,0,1
C22613,2025,3,March,4,3,0,1
C22613,2025,6,June,5,5,0,1
C22613,2025,7,July,7,6,0,1
C22613,2025,8,August,8,7,0,1
C22613,2025,11,November,9,8,0,1
C22614,2024,8,August,1,1,1,0
C22614,2025,5,May,2,2,0,1
C22614,2025,10,October,3,3,0,1
C22615,2025,3,March,1,1,1,0
C22615,2025,9,September,2,2,0,1
C22616,2024,8,August,1,1,1,0
C22617,2024,9,September,1,1,1,0
C22617,2024,11,November,3,2,0,1
C22617,2025,4,April,4,3,0,1
C22617,2025,6,June,5,4,0,1
C22617,2025,7,July,7,5,0,1
C22617,2025,9,September,8,6,0,1
C22617,2025,10,October,9,7,0,1
C22618,2024,10,October,1,0,1,0
C22618,2024,11,November,2,1,0,0
C22618,2025,3,March,3,2,0,1
C22618,2025,4,April,4,3,0,1
C22618,2025,5,May,5,4,0,1
C22618,2025,6,June,6,5,0,1
C22618,2025,8,August,7,5,0,1
C22619,2024,7,July,1,1,1,0
C22619,2025,4,April,2,2,0,1
C22619,2025,5,May,4,3,0,1
C22619,2025,9,September,5,4,0,1
C22620,2024,8,August,1,1,1,0
C22620,2024,11,November,2,2,0,1
C22620,2024,12,December,3,3,0,1
C22620,2025,2,February,4,3,0,1
C22620,2025,4,April,5,4,0,1
C22620,2025,8,August,6,5,0,1
C22620,2025,9,September,7,6,0,1
C22620,2025,11,November,8,7,0,1
C22621,2024,7,July,1,1,1,0
C22621,2024,10,October,2,4,0,1
C22623,2025,2,February,1,0,1,0
C22623,2025,5,May,2,1,0,0
C22623,2025,8,August,3,2,0,1
C22624,2024,8,August,1,1,1,0
C22624,2024,11,November,2,2,0,1
C22624,2025,1,January,3,3,0,1
C22624,2025,8,August,4,4,0,1
C22625,2024,7,July,1,1,1,0
C22625,2025,12,December,2,2,0,1
C22626,2024,7,July,1,0,1,0
C22626,2024,10,October,3,1,0,0
C22626,2025,9,September,4,1,0,0
C22627,2024,7,July,1,1,1,0
C22627,2024,10,October,3,2,0,1
C22627,2025,5,May,4,3,0,1
C22627,2025,9,September,5,4,0,1
C22628,2024,7,July,1,2,0,1
C22628,2025,6,June,3,3,0,1
C22629,2024,7,July,1,0,1,0
C22629,2025,7,July,2,1,0,0
C22629,2025,8,August,3,2,0,1
C22629,2025,10,October,4,3,0,1
C22630,2024,10,October,1,1,1,0
C22631,2024,8,August,1,1,1,0
C22631,2024,10,October,2,2,0,1
C22631,2024,11,November,4,3,0,1
C22631,2025,2,February,5,4,0,1
C22631,2025,3,March,7,5,0,1
C22631,2025,4,April,9,6,0,1
C22631,2025,6,June,10,7,0,1
C22631,2025,8,August,11,8,0,1
C22631,2025,10,October,12,9,0,1
C22631,2025,12,December,13,11,0,1
C22632,2024,11,November,1,2,0,1
C22632,2025,4,April,3,3,0,1
C22632,2025,6,June,4,5,0,1
C22632,2025,10,October,6,6,0,1
C22632,2025,12,December,7,7,0,1
C22633,2024,11,November,1,1,1,0
C22634,2024,10,October,1,0,1,0
C22634,2025,2,February,2,1,0,0
C22634,2025,3,March,3,2,0,1
C22634,2025,5,May,4,3,0,1
C22634,2025,6,June,5,4,0,1
C22634,2025,8,August,6,5,0,1
C22634,2025,9,September,7,6,0,1
C22635,2025,1,January,1,0,1,0
C22635,2025,4,April,3,1,0,0
C22636,2025,5,May,1,1,1,0
C22637,2024,7,July,1,0,1,0
C22637,2025,3,March,2,1,0,0
C22637,2025,7,July,3,2,0,1
C22638,2024,9,September,1,2,0,1
C22638,2025,10,October,3,3,0,1
C22639,2025,5,May,1,0,1,0
C22642,2025,2,February,1,1,1,0
C22642,2025,4,April,2,2,0,1
C22643,2025,10,October,1,2,0,1
C22644,2024,7,July,1,2,0,1
C22644,2024,8,August,3,3,0,1
C22644,2024,12,December,4,4,0,1
C22644,2025,1,January,6,5,0,1
C22644,2025,8,August,7,6,0,1
C22644,2025,11,November,8,6,0,1
C22644,2025,12,December,9,7,0,1
C22645,2024,10,October,1,1,1,0
C22645,2025,8,August,2,2,0,1
C22646,2024,8,August,1,1,1,0
C22646,2025,6,June,2,2,0,1
C22647,2025,3,March,1,1,1,0
C22647,2025,12,December,2,2,0,1
C22648,2024,9,September,1,0,1,0
C22648,2025,6,June,2,2,0,1
C22648,2025,11,November,4,2,0,1
C22649,2025,2,February,1,1,1,0
C22649,2025,4,April,2,2,0,1
C22649,2025,10,October,3,4,0,1
C22650,2024,8,August,1,1,1,0
C22650,2025,9,September,3,2,0,1
C22651,2025,1,January,1,0,1,0
C22651,2025,6,June,2,1,0,0
C22652,2024,10,October,1,2,0,1
C22652,2024,12,December,3,3,0,1
C22653,2024,7,July,1,1,1,0
C22653,2025,8,August,2,2,0,1
C22653,2025,10,October,3,3,0,1
C22654,2024,7,July,1,1,1,0
C22654,2025,10,October,2,2,0,1
C22655,2025,3,March,1,1,1,0
C22655,2025,12,December,2,2,0,1
C22657,2025,5,May,1,2,0,1
C22657,2025,8,August,3,3,0,1
C22658,2025,9,September,1,1,1,0
C22659,2024,7,July,1,1,1,0
C22660,2025,2,February,1,1,1,0
C22660,2025,4,April,2,1,0,0
C22660,2025,10,October,3,2,0,1
C22661,2025,12,December,1,1,1,0
C22662,2024,11,November,1,1,1,0
C22662,2025,3,March,2,2,0,1
C22662,2025,11,November,3,3,0,1
C22663,2024,10,October,1,1,1,0
C22663,2025,1,January,2,2,0,1
C22663,2025,4,April,3,3,0,1
C22663,2025,5,May,4,4,0,1
C22663,2025,10,October,5,5,0,1
C22664,2025,1,January,1,1,1,0
C22664,2025,4,April,3,2,0,1
C22664,2025,12,December,4,3,0,1
C22665,2024,7,July,1,1,1,0
C22665,2024,10,October,2,2,0,1
C22665,2025,4,April,3,3,0,1
C22665,2025,11,November,4,4,0,1
C22666,2024,11,November,1,1,1,0
C22666,2025,11,November,2,2,0,1
C22667,2024,7,July,1,0,1,0
C22667,2025,4,April,2,1,0,0
C22667,2025,10,October,3,2,0,1
C22668,2024,10,October,1,1,1,0
C22668,2025,4,April,2,2,0,1
C22668,2025,7,July,3,3,0,1
C22668,2025,12,December,4,4,0,1
C22669,2024,7,July,1,1,1,0
C22669,2024,9,September,2,2,0,1
C22669,2024,12,December,3,3,0,1
C22669,2025,2,February,4,3,0,1
C22669,2025,3,March,5,4,0,1
C22669,2025,7,July,6,5,0,1
C22669,2025,8,August,7,6,0,1
C22669,2025,11,November,8,7,0,1
C22670,2024,11,November,1,1,1,0
C22670,2025,4,April,2,1,0,0
C22670,2025,8,August,3,2,0,1
C22670,2025,11,November,4,3,0,1
C22671,2025,3,March,1,1,1,0
C22671,2025,6,June,2,2,0,1
C22671,2025,8,August,3,2,0,1
C22671,2025,9,September,4,4,0,1
C22671,2025,10,October,6,5,0,1
C22672,2024,9,September,1,1,1,0
C22672,2025,9,September,2,2,0,1
C22673,2024,8,August,1,1,1,0
C22673,2025,5,May,2,2,0,1
C22673,2025,6,June,3,3,0,1
C22673,2025,7,July,4,4,0,1
C22673,2025,11,November,5,5,0,1
C22674,2025,1,January,1,1,1,0
C22675,2024,11,November,1,0,1,0
C22675,2024,12,December,3,0,0,0
C22675,2025,6,June,4,1,0,0
C22676,2025,2,February,1,1,1,0
C22676,2025,10,October,2,2,0,1
C22677,2025,2,February,1,1,1,0
C22677,2025,4,April,2,1,0,0
C22677,2025,10,October,3,2,0,1
C22678,2025,7,July,1,1,1,0
C22678,2025,12,December,2,2,0,1
C22679,2025,2,February,1,1,1,0
C22679,2025,4,April,2,2,0,1
C22679,2025,8,August,3,3,0,1
C22680,2024,7,July,1,2,0,1
C22680,2024,10,October,3,2,0,1
C22680,2025,7,July,4,3,0,1
C22680,2025,10,October,5,4,0,1
C22681,2025,3,March,1,1,1,0
C22681,2025,8,August,2,2,0,1
C22682,2024,9,September,1,1,1,0
C22682,2025,3,March,2,1,0,0
C22682,2025,5,May,3,2,0,1
C22682,2025,7,July,5,4,0,1
C22682,2025,8,August,7,5,0,1
C22682,2025,9,September,8,6,0,1
C22682,2025,11,November,9,7,0,1
C22682,2025,12,December,10,8,0,1
C22683,2024,8,August,1,1,1,0
C22683,2024,12,December,2,2,0,1
C22683,2025,7,July,3,3,0,1
C22683,2025,11,November,4,4,0,1
C22684,2024,12,December,1,1,1,0
C22685,2025,3,March,1,0,1,0
C22685,2025,4,April,2,1,0,0
C22685,2025,10,October,3,2,0,1
C22686,2024,12,December,1,1,1,0
C22686,2025,5,May,2,2,0,1
C22686,2025,7,July,3,3,0,1
C22686,2025,10,October,4,4,0,1
C22686,2025,11,November,5,6,0,1
C22687,2024,10,October,1,1,1,0
C22687,2024,11,November,2,1,0,0
C22687,2024,12,December,3,2,0,1
C22687,2025,2,February,4,2,0,1
C22687,2025,6,June,5,3,0,1
C22687,2025,7,July,6,4,0,1
C22687,2025,9,September,7,4,0,1
C22687,2025,10,October,8,4,0,1
C22687,2025,11,November,9,5,0,1
C22687,2025,12,December,10,6,0,1
C22688,2024,9,September,1,0,1,0
C22688,2025,3,March,2,1,0,0
C22688,2025,10,October,3,2,0,1
C22689,2024,10,October,1,1,1,0
C22689,2024,12,December,2,2,0,1
C22689,2025,11,November,3,3,0,1
C22691,2024,7,July,1,1,1,0
C22691,2024,8,August,2,2,0,1
C22691,2024,11,November,3,3,0,1
C22691,2025,1,January,4,5,0,1
C22691,2025,3,March,7,6,0,1
C22691,2025,6,June,8,7,0,1
C22691,2025,8,August,9,8,0,1
C22691,2025,10,October,10,9,0,1
C22691,2025,11,November,11,11,0,1
C22691,2025,12,December,13,12,0,1
C22692,2024,9,September,1,1,1,0
C22692,2025,2,February,2,2,0,1
C22692,2025,4,April,3,3,0,1
C22692,2025,12,December,4,4,0,1
C22693,2024,7,July,1,1,1,0
C22693,2024,9,September,2,2,0,1
C22694,2024,9,September,1,1,1,0
C22694,2024,10,October,2,2,0,1
C22694,2024,12,December,3,3,0,1
C22694,2025,6,June,4,4,0,1
C22694,2025,8,August,5,5,0,1
C22694,2025,9,September,6,7,0,1
C22694,2025,11,November,8,7,0,1
C22694,2025,12,December,9,8,0,1
C22695,2024,8,August,1,2,0,1
C22695,2025,4,April,3,2,0,1
C22697,2024,9,September,1,0,1,0
C22697,2025,3,March,2,1,0,0
C22697,2025,5,May,3,2,0,1
C22698,2024,8,August,1,1,1,0
C22698,2025,3,March,2,2,0,1
C22699,2024,7,July,1,1,1,0
C22699,2024,9,September,2,2,0,1
C22699,2024,11,November,3,3,0,1
C22699,2024,12,December,4,4,0,1
C22699,2025,1,January,5,4,0,1
C22699,2025,5,May,6,5,0,1
C22699,2025,7,July,8,6,0,1
C22699,2025,10,October,9,7,0,1
C22699,2025,12,December,10,8,0,1
C22700,2025,8,August,1,1,1,0
C22701,2024,10,October,1,1,1,0
C22701,2025,1,January,2,3,0,1
C22701,2025,2,February,4,4,0,1
C22701,2025,3,March,6,4,0,1
C22701,2025,5,May,7,5,0,1
C22701,2025,7,July,8,6,0,1
C22701,2025,8,August,9,7,0,1
C22702,2024,11,November,1,0,1,0
C22702,2025,3,March,2,1,0,0
C22702,2025,4,April,3,2,0,1
C22702,2025,5,May,4,4,0,1
C22702,2025,7,July,6,6,0,1
C22702,2025,11,November,8,7,0,1
C22702,2025,12,December,9,9,0,1
C22703,2025,2,February,1,1,1,0
C22703,2025,3,March,2,2,0,1
C22703,2025,4,April,3,3,0,1
C22703,2025,5,May,4,4,0,1
C22704,2025,2,February,1,1,1,0
C22704,2025,5,May,2,3,0,1
C22705,2024,10,October,1,1,1,0
C22705,2025,1,January,2,2,0,1
C22705,2025,7,July,3,3,0,1
C22705,2025,9,September,6,4,0,1
C22706,2025,3,March,1,1,1,0
C22706,2025,11,November,2,2,0,1
C22707,2024,9,September,1,1,1,0
C22707,2024,11,November,2,2,0,1
C22707,2025,1,January,3,3,0,1
C22707,2025,3,March,4,4,0,1
C22707,2025,4,April,5,6,0,1
C22707,2025,5,May,7,6,0,1
C22707,2025,8,August,8,7,0,1
C22707,2025,10,October,9,7,0,1
C22708,2024,7,July,1,1,1,0
C22708,2024,9,September,2,1,0,0
C22708,2025,11,November,3,2,0,1
C22709,2024,10,October,1,1,1,0
C22709,2025,1,January,2,2,0,1
C22709,2025,2,February,3,3,0,1
C22709,2025,5,May,4,4,0,1
C22709,2025,7,July,5,4,0,1
C22709,2025,8,August,6,5,0,1
C22709,2025,10,October,7,6,0,1
C22710,2024,9,September,1,1,1,0
C22710,2024,11,November,2,2,0,1
C22710,2025,3,March,3,3,0,1
C22710,2025,4,April,4,4,0,1
C22710,2025,6,June,5,4,0,1
C22710,2025,8,August,6,5,0,1
C22710,2025,9,September,7,5,0,1
C22710,2025,12,December,8,6,0,1
C22711,2024,9,September,1,1,1,0
C22711,2024,10,October,2,2,0,1
C22711,2024,11,November,3,3,0,1
C22711,2025,1,January,4,4,0,1
C22711,2025,2,February,5,6,0,1
C22711,2025,3,March,7,7,0,1
C22711,2025,7,July,8,9,0,1
C22711,2025,8,August,10,10,0,1
C22711,2025,10,October,11,11,0,1
C22711,2025,12,December,12,14,0,1
C22712,2024,12,December,1,1,1,0
C22712,2025,10,October,2,2,0,1
C22712,2025,11,November,3,3,0,1
C22713,2025,5,May,1,1,1,0
C22713,2025,7,July,2,1,0,0
C22713,2025,8,August,3,2,0,1
C22713,2025,11,November,4,2,0,1
C22714,2024,10,October,1,0,1,0
C22714,2025,9,September,2,1,0,0
C22714,2025,10,October,3,2,0,1
C22715,2025,5,May,1,1,1,0
C22715,2025,6,June,2,2,0,1
C22715,2025,8,August,3,3,0,1
C22715,2025,12,December,4,4,0,1
C22716,2024,10,October,1,1,1,0
C22716,2025,8,August,2,2,0,1
C22717,2025,3,March,1,0,1,0
C22717,2025,4,April,2,1,0,0
C22717,2025,6,June,3,2,0,1
C22717,2025,7,July,4,4,0,1
C22718,2024,11,November,1,1,1,0
C22718,2025,9,September,2,2,0,1
C22719,2025,3,March,1,1,1,0
C22719,2025,9,September,2,1,0,0
C22719,2025,10,October,3,2,0,1
C22720,2024,10,October,1,1,1,0
C22720,2024,12,December,2,2,0,1
C22720,2025,1,January,3,3,0,1
C22720,2025,6,June,4,4,0,1
C22721,2024,7,July,1,1,1,0
C22721,2024,12,December,2,2,0,1
C22721,2025,3,March,3,2,0,1
C22721,2025,6,June,4,2,0,1
C22721,2025,12,December,5,3,0,1
C22722,2024,11,November,1,1,1,0
C22722,2025,1,January,2,2,0,1
C22722,2025,2,February,3,3,0,1
C22722,2025,3,March,4,4,0,1
C22722,2025,8,August,5,7,0,1
C22722,2025,9,September,8,8,0,1
C22722,2025,10,October,9,9,0,1
C22722,2025,11,November,10,10,0,1
C22723,2024,7,July,1,1,1,0
C22723,2024,8,August,2,1,0,0
C22723,2024,9,September,4,2,0,1
C22723,2024,12,December,5,3,0,1
C22723,2025,2,February,6,4,0,1
C22723,2025,4,April,7,7,0,1
C22723,2025,12,December,10,8,0,1
C22724,2025,5,May,1,1,1,0
C22725,2025,8,August,1,1,1,0
C22725,2025,9,September,2,2,0,1
C22725,2025,10,October,3,2,0,1
C22726,2024,8,August,1,2,0,1
C22726,2024,11,November,3,3,0,1
C22726,2024,12,December,4,5,0,1
C22726,2025,3,March,6,5,0,1
C22726,2025,5,May,7,6,0,1
C22726,2025,6,June,8,7,0,1
C22726,2025,7,July,9,9,0,1
C22726,2025,8,August,11,10,0,1
C22726,2025,10,October,12,11,0,1
C22726,2025,12,December,13,12,0,1
C22728,2024,7,July,1,1,1,0
C22728,2024,11,November,2,1,0,0
C22728,2025,3,March,3,2,0,1
C22728,2025,9,September,4,2,0,1
C22729,2024,7,July,1,1,1,0
C22729,2025,1,January,3,2,0,1
C22729,2025,2,February,4,3,0,1
C22729,2025,3,March,5,4,0,1
C22729,2025,7,July,6,5,0,1
C22729,2025,9,September,7,6,0,1
C22729,2025,10,October,8,7,0,1
C22729,2025,12,December,9,8,0,1
C22730,2025,3,March,1,1,1,0
C22730,2025,7,July,2,2,0,1
C22731,2024,8,August,1,1,1,0
C22731,2024,11,November,2,2,0,1
C22731,2025,5,May,3,3,0,1
C22731,2025,6,June,4,4,0,1
C22732,2025,3,March,1,1,1,0
C22732,2025,4,April,2,2,0,1
C22733,2024,11,November,1,1,1,0
C22733,2024,12,December,2,2,0,1
C22733,2025,3,March,3,3,0,1
C22733,2025,11,November,4,4,0,1
C22734,2024,12,December,1,1,1,0
C22734,2025,10,October,2,2,0,1
C22735,2024,12,December,1,1,1,0
C22735,2025,3,March,2,2,0,1
C22735,2025,4,April,3,2,0,1
C22735,2025,6,June,4,3,0,1
C22735,2025,10,October,5,5,0,1
C22736,2024,8,August,1,1,1,0
C22736,2025,3,March,2,2,0,1
C22736,2025,5,May,3,3,0,1
C22736,2025,7,July,4,4,0,1
C22736,2025,12,December,5,5,0,1
C22737,2024,9,September,1,0,1,0
C22737,2025,1,January,2,1,0,0
C22737,2025,3,March,3,2,0,1
C22737,2025,5,May,4,3,0,1
C22737,2025,8,August,5,5,0,1
C22737,2025,9,September,7,7,0,1
C22737,2025,11,November,10,8,0,1
C22738,2024,8,August,1,2,0,1
C22738,2024,9,September,3,3,0,1
C22738,2025,4,April,4,3,0,1
C22739,2024,10,October,1,1,1,0
C22739,2025,2,February,2,2,0,1
C22740,2024,11,November,1,1,1,0
C22740,2024,12,December,2,3,0,1
C22740,2025,1,January,4,4,0,1
C22740,2025,3,March,5,5,0,1
C22740,2025,5,May,6,6,0,1
C22740,2025,6,June,7,6,0,1
C22740,2025,7,July,8,7,0,1
C22740,2025,10,October,9,7,0,1
C22740,2025,11,November,10,8,0,1
C22740,2025,12,December,11,9,0,1
C22741,2024,12,December,1,1,1,0
C22741,2025,1,January,2,2,0,1
C22742,2024,12,December,1,0,1,0
C22742,2025,7,July,2,1,0,0
C22742,2025,10,October,4,2,0,1
C22743,2025,3,March,1,1,1,0
C22744,2024,11,November,1,0,1,0
C22744,2025,7,July,2,1,0,0
C22744,2025,8,August,3,2,0,1
C22745,2024,11,November,1,0,1,0
C22745,2025,9,September,2,1,0,0
C22745,2025,12,December,3,2,0,1
C22746,2025,2,February,1,1,1,0
C22746,2025,4,April,2,2,0,1
C22746,2025,10,October,3,3,0,1
C22747,2024,11,November,1,0,1,0
C22747,2024,12,December,2,1,0,0
C22747,2025,7,July,3,1,0,0
C22747,2025,9,September,4,2,0,1
C22748,2024,12,December,1,0,1,0
C22748,2025,8,August,2,1,0,0
C22748,2025,9,September,3,1,0,0
C22749,2024,7,July,1,1,1,0
C22749,2025,7,July,2,2,0,1
C22749,2025,8,August,3,4,0,1
C22749,2025,10,October,5,5,0,1
C22750,2024,10,October,1,1,1,0
C22750,2024,11,November,2,2,0,1
C22750,2024,12,December,3,3,0,1
C22750,2025,7,July,4,3,0,1
C22751,2024,10,October,1,1,1,0
C22751,2024,12,December,2,2,0,1
C22751,2025,3,March,3,2,0,1
C22751,2025,5,May,4,3,0,1
C22751,2025,6,June,5,4,0,1
C22751,2025,7,July,6,5,0,1
C22751,2025,10,October,7,6,0,1
C22751,2025,11,November,8,6,0,1
C22752,2024,8,August,1,1,1,0
C22752,2025,1,January,2,2,0,1
C22752,2025,7,July,3,2,0,1
C22752,2025,9,September,4,3,0,1
C22752,2025,11,November,5,4,0,1
C22752,2025,12,December,6,4,0,1
C22753,2024,7,July,1,1,1,0
C22753,2024,8,August,3,2,0,1
C22753,2024,9,September,4,3,0,1
C22753,2024,10,October,5,4,0,1
C22753,2024,11,November,6,5,0,1
C22753,2025,2,February,7,6,0,1
C22753,2025,4,April,8,6,0,1
C22753,2025,6,June,9,7,0,1
C22753,2025,11,November,10,8,0,1
C22754,2024,7,July,1,1,1,0
C22754,2024,11,November,2,3,0,1
C22754,2025,4,April,4,4,0,1
C22754,2025,5,May,5,5,0,1
C22755,2024,11,November,1,1,1,0
C22755,2025,2,February,2,1,0,0
C22755,2025,3,March,3,1,0,0
C22755,2025,5,May,4,2,0,1
C22755,2025,9,September,5,3,0,1
C22756,2024,7,July,1,1,1,0
C22756,2024,10,October,2,2,0,1
C22756,2025,7,July,3,3,0,1
C22757,2025,6,June,1,1,1,0
C22757,2025,11,November,2,1,0,0
C22758,2024,8,August,1,1,1,0
C22758,2025,1,January,2,2,0,1
C22758,2025,2,February,3,2,0,1
C22758,2025,6,June,4,3,0,1
C22758,2025,10,October,5,6,0,1
C22759,2025,9,September,1,1,1,0
C22760,2024,7,July,1,0,1,0
C22760,2025,11,November,2,1,0,0
C22761,2024,9,September,1,0,1,0
C22761,2024,10,October,2,1,0,0
C22761,2024,12,December,3,2,0,1
C22761,2025,2,February,4,3,0,1
C22761,2025,4,April,5,4,0,1
C22761,2025,5,May,6,5,0,1
C22761,2025,6,June,8,5,0,1
C22762,2024,12,December,1,1,1,0
C22762,2025,4,April,2,2,0,1
C22762,2025,9,September,3,3,0,1
C22763,2025,1,January,1,1,1,0
C22764,2024,9,September,1,0,1,0
C22764,2025,12,December,2,1,0,0
C22765,2024,7,July,1,1,1,0
C22765,2024,9,September,2,3,0,1
C22765,2024,12,December,4,3,0,1
C22765,2025,11,November,5,4,0,1
C22765,2025,12,December,6,5,0,1
C22766,2024,8,August,1,0,1,0
C22766,2025,3,March,2,1,0,0
C22766,2025,6,June,3,2,0,1
C22766,2025,10,October,4,3,0,1
C22766,2025,11,November,5,4,0,1
C22767,2024,7,July,1,1,1,0
C22767,2024,11,November,2,2,0,1
C22767,2025,1,January,3,3,0,1
C22767,2025,6,June,4,3,0,1
C22768,2025,2,February,1,1,1,0
C22768,2025,6,June,2,2,0,1
C22768,2025,7,July,3,2,0,1
C22769,2024,11,November,1,1,1,0
C22769,2025,5,May,2,2,0,1
C22769,2025,6,June,4,3,0,1
C22769,2025,9,September,5,4,0,1
C22770,2024,8,August,1,1,1,0
C22770,2024,10,October,2,2,0,1
C22770,2025,5,May,3,2,0,1
C22770,2025,9,September,4,3,0,1
C22770,2025,12,December,5,4,0,1
C22771,2024,7,July,1,1,1,0
C22771,2024,8,August,2,2,0,1
C22771,2024,11,November,3,3,0,1
C22771,2025,2,February,4,3,0,1
C22771,2025,3,March,5,4,0,1
C22771,2025,8,August,7,6,0,1
C22771,2025,9,September,9,6,0,1
C22771,2025,11,November,10,7,0,1
C22772,2025,10,October,1,2,0,1
C22773,2024,10,October,1,1,1,0
C22773,2025,12,December,2,2,0,1
C22774,2025,4,April,1,1,1,0
C22774,2025,12,December,2,2,0,1
C22775,2024,9,September,1,1,1,0
C22775,2025,1,January,2,2,0,1
C22775,2025,2,February,3,3,0,1
C22775,2025,6,June,4,4,0,1
C22775,2025,10,October,5,4,0,1
C22776,2024,7,July,1,1,1,0
C22776,2025,6,June,2,2,0,1
C22776,2025,9,September,3,3,0,1
C22776,2025,12,December,4,4,0,1
C22777,2024,7,July,1,0,1,0
C22777,2025,4,April,2,0,0,0
C22777,2025,5,May,3,0,0,0
C22777,2025,10,October,4,1,0,0
C22778,2024,7,July,1,1,1,0
C22778,2024,12,December,2,2,0,1
C22778,2025,1,January,3,3,0,1
C22778,2025,3,March,4,4,0,1
C22778,2025,4,April,5,5,0,1
C22778,2025,6,June,6,5,0,1
C22778,2025,7,July,7,6,0,1
C22778,2025,8,August,8,7,0,1
C22778,2025,9,September,9,8,0,1
C22778,2025,12,December,10,10,0,1
C22779,2025,3,March,1,1,1,0
C22779,2025,11,November,2,1,0,0
C22780,2024,7,July,1,0,1,0
C22780,2024,9,September,2,1,0,0
C22780,2024,12,December,3,2,0,1
C22780,2025,2,February,4,4,0,1
C22780,2025,6,June,6,5,0,1
C22780,2025,8,August,7,6,0,1
C22780,2025,12,December,8,7,0,1
C22781,2024,7,July,1,1,1,0
C22781,2024,8,August,2,2,0,1
C22781,2025,1,January,3,2,0,1
C22781,2025,5,May,4,3,0,1
C22781,2025,7,July,5,4,0,1
C22781,2025,8,August,6,4,0,1
C22781,2025,11,November,7,4,0,1
C22782,2024,7,July,1,1,1,0
C22782,2024,8,August,2,2,0,1
C22782,2024,11,November,3,2,0,1
C22782,2024,12,December,4,3,0,1
C22782,2025,3,March,5,4,0,1
C22782,2025,4,April,6,5,0,1
C22782,2025,5,May,7,6,0,1
C22782,2025,6,June,8,8,0,1
C22782,2025,7,July,11,9,0,1
C22782,2025,9,September,12,10,0,1
C22782,2025,10,October,13,11,0,1
C22782,2025,12,December,14,13,0,1
C22783,2024,11,November,1,1,1,0
C22783,2024,12,December,2,2,0,1
C22783,2025,1,January,3,2,0,1
C22783,2025,5,May,4,3,0,1
C22783,2025,6,June,5,4,0,1
C22783,2025,7,July,6,6,0,1
C22784,2024,8,August,1,1,1,0
C22784,2025,7,July,3,2,0,1
C22785,2025,1,January,1,1,1,0
C22785,2025,7,July,2,2,0,1
C22786,2024,12,December,1,0,1,0
C22786,2025,5,May,2,1,0,0
C22787,2024,8,August,1,1,1,0
C22787,2024,11,November,2,2,0,1
C22787,2024,12,December,3,4,0,1
C22787,2025,1,January,6,5,0,1
C22787,2025,5,May,7,6,0,1
C22787,2025,6,June,8,7,0,1
C22787,2025,8,August,9,8,0,1
C22788,2024,7,July,1,0,1,0
C22788,2024,11,November,2,1,0,0
C22788,2025,2,February,3,1,0,0
C22788,2025,3,March,4,2,0,1
C22788,2025,6,June,5,4,0,1
C22788,2025,7,July,7,4,0,1
C22788,2025,9,September,9,5,0,1
C22789,2024,9,September,1,1,1,0
C22789,2025,8,August,2,2,0,1
C22790,2025,7,July,1,1,1,0
C22791,2024,9,September,1,0,1,0
C22791,2025,12,December,2,0,0,0
C22792,2025,1,January,1,0,1,0
C22792,2025,3,March,2,1,0,0
C22792,2025,4,April,3,2,0,1
C22792,2025,6,June,4,3,0,1
C22792,2025,11,November,5,4,0,1
C22793,2025,2,February,1,1,1,0
C22794,2024,10,October,1,1,1,0
C22794,2025,2,February,2,2,0,1
C22795,2025,3,March,1,1,1,0
C22795,2025,8,August,2,1,0,0
C22795,2025,9,September,3,2,0,1
C22796,2024,7,July,1,0,1,0
C22796,2024,9,September,2,0,0,0
C22796,2025,11,November,3,1,0,0
C22797,2024,7,July,1,1,1,0
C22797,2024,11,November,2,2,0,1
C22797,2024,12,December,3,3,0,1
C22797,2025,1,January,4,3,0,1
C22797,2025,3,March,5,4,0,1
C22797,2025,5,May,6,5,0,1
C22798,2024,11,November,1,1,1,0
C22798,2024,12,December,3,1,0,0
C22798,2025,4,April,4,2,0,1
C22798,2025,6,June,5,3,0,1
C22798,2025,8,August,7,4,0,1
C22799,2024,10,October,1,1,1,0
C22799,2025,1,January,2,2,0,1
C22799,2025,5,May,3,3,0,1
C22799,2025,10,October,4,4,0,1
C22800,2024,7,July,1,1,1,0
C22800,2025,12,December,2,2,0,1
C22801,2024,7,July,1,1,1,0
C22801,2025,4,April,2,2,0,1
C22801,2025,10,October,3,2,0,1
C22802,2024,9,September,1,1,1,0
C22802,2025,4,April,2,2,0,1
C22803,2024,9,September,1,0,1,0
C22803,2024,11,November,2,1,0,0
C22803,2024,12,December,3,4,0,1
C22803,2025,3,March,6,6,0,1
C22803,2025,5,May,9,7,0,1
C22803,2025,6,June,10,8,0,1
C22803,2025,11,November,11,9,0,1
C22804,2025,2,February,1,0,1,0
C22804,2025,3,March,2,2,0,1
C22804,2025,9,September,4,2,0,1
C22805,2025,2,February,1,1,1,0
C22805,2025,5,May,2,2,0,1
C22805,2025,10,October,3,3,0,1
C22805,2025,11,November,4,4,0,1
C22806,2024,9,September,1,0,1,0
C22806,2025,3,March,2,1,0,0
C22807,2024,12,December,1,1,1,0
C22807,2025,5,May,2,1,0,0
C22808,2025,1,January,1,1,1,0
C22808,2025,2,February,2,2,0,1
C22808,2025,11,November,3,4,0,1
C22809,2025,4,April,1,1,1,0
C22809,2025,7,July,2,2,0,1
C22810,2024,9,September,1,1,1,0
C22810,2025,2,February,2,1,0,0
C22810,2025,3,March,3,1,0,0
C22810,2025,5,May,4,2,0,1
C22810,2025,6,June,5,3,0,1
C22810,2025,7,July,6,4,0,1
C22810,2025,9,September,7,5,0,1
C22811,2024,8,August,1,1,1,0
C22811,2025,2,February,2,3,0,1
C22811,2025,9,September,4,4,0,1
C22812,2024,7,July,1,1,1,0
C22812,2024,8,August,2,2,0,1
C22812,2024,11,November,3,3,0,1
C22813,2024,9,September,1,1,1,0
C22813,2025,3,March,2,2,0,1
C22813,2025,11,November,3,3,0,1
C22814,2024,8,August,1,1,1,0
C22814,2024,10,October,2,2,0,1
C22814,2025,5,May,3,2,0,1
C22814,2025,6,June,4,2,0,1
C22814,2025,7,July,5,3,0,1
C22814,2025,8,August,6,4,0,1
C22814,2025,11,November,7,5,0,1
C22814,2025,12,December,8,6,0,1
C22815,2024,9,September,1,1,1,0
C22815,2024,10,October,2,2,0,1
C22815,2024,12,December,3,3,0,1
C22815,2025,1,January,4,5,0,1
C22815,2025,5,May,6,6,0,1
C22815,2025,12,December,7,7,0,1
C22816,2025,7,July,1,1,1,0
C22816,2025,11,November,2,2,0,1
C22817,2024,8,August,1,1,1,0
C22817,2025,3,March,2,1,0,0
C22817,2025,4,April,3,1,0,0
C22817,2025,7,July,4,2,0,1
C22817,2025,11,November,5,4,0,1
C22818,2024,11,November,1,1,1,0
C22818,2025,1,January,2,2,0,1
C22818,2025,5,May,3,3,0,1
C22819,2024,11,November,1,1,1,0
C22819,2025,5,May,2,2,0,1
C22819,2025,12,December,3,3,0,1
C22820,2024,7,July,1,1,1,0
C22820,2025,1,January,2,4,0,1
C22820,2025,3,March,5,5,0,1
C22820,2025,7,July,6,5,0,1
C22820,2025,12,December,7,7,0,1
C22821,2025,6,June,1,2,0,1
C22821,2025,7,July,3,3,0,1
C22821,2025,11,November,4,3,0,1
C22822,2024,8,August,1,1,1,0
C22822,2024,11,November,2,2,0,1
C22822,2025,1,January,3,3,0,1
C22822,2025,6,June,4,3,0,1
C22822,2025,7,July,5,4,0,1
C22822,2025,8,August,6,4,0,1
C22822,2025,9,September,7,4,0,1
C22822,2025,10,October,8,5,0,1
C22823,2024,7,July,1,1,1,0
C22823,2024,8,August,2,2,0,1
C22823,2024,10,October,3,3,0,1
C22823,2025,1,January,4,4,0,1
C22823,2025,6,June,5,5,0,1
C22823,2025,12,December,6,6,0,1
C22824,2025,2,February,1,1,1,0
C22825,2024,9,September,1,1,1,0
C22825,2024,10,October,2,2,0,1
C22825,2025,9,September,3,3,0,1
C22826,2024,7,July,1,1,1,0
C22826,2024,9,September,2,2,0,1
C22826,2024,10,October,3,3,0,1
C22826,2024,11,November,5,4,0,1
C22826,2025,3,March,6,5,0,1
C22826,2025,7,July,8,7,0,1
C22826,2025,8,August,10,7,0,1
C22826,2025,10,October,11,8,0,1
C22826,2025,11,November,12,9,0,1
C22827,2024,8,August,1,1,1,0
C22827,2025,11,November,2,2,0,1
C22828,2024,9,September,1,1,1,0
C22829,2024,11,November,1,1,1,0
C22830,2024,8,August,1,1,1,0
C22831,2024,7,July,1,2,0,1
C22831,2024,8,August,3,3,0,1
C22831,2025,3,March,4,5,0,1
C22831,2025,5,May,6,5,0,1
C22831,2025,8,August,7,6,0,1
C22831,2025,10,October,8,6,0,1
C22831,2025,11,November,9,7,0,1
C22831,2025,12,December,10,8,0,1
C22832,2024,8,August,1,2,0,1
C22832,2025,1,January,3,3,0,1
C22832,2025,6,June,4,3,0,1
C22832,2025,11,November,5,4,0,1
C22832,2025,12,December,6,4,0,1
C22833,2025,12,December,1,1,1,0
C22834,2024,9,September,1,1,1,0
C22834,2025,2,February,2,2,0,1
C22834,2025,3,March,3,2,0,1
C22835,2024,7,July,1,2,0,1
C22835,2024,8,August,3,3,0,1
C22835,2025,1,January,4,4,0,1
C22835,2025,9,September,5,5,0,1
C22836,2024,8,August,1,1,1,0
C22836,2024,9,September,2,2,0,1
C22836,2025,6,June,3,3,0,1
C22836,2025,11,November,4,3,0,1
C22836,2025,12,December,5,5,0,1
C22837,2024,8,August,1,1,1,0
C22837,2024,10,October,2,2,0,1
C22837,2025,7,July,3,2,0,1
C22838,2025,3,March,1,1,1,0
C22838,2025,5,May,2,2,0,1
C22839,2025,4,April,1,1,1,0
C22839,2025,9,September,3,3,0,1
C22840,2024,9,September,1,1,1,0
C22840,2024,11,November,2,2,0,1
C22840,2024,12,December,3,3,0,1
C22840,2025,5,May,4,4,0,1
C22840,2025,6,June,5,5,0,1
C22840,2025,8,August,6,6,0,1
C22840,2025,11,November,7,7,0,1
C22841,2024,9,September,1,2,0,1
C22841,2024,11,November,3,3,0,1
C22841,2025,2,February,4,4,0,1
C22841,2025,4,April,6,4,0,1
C22841,2025,8,August,7,5,0,1
C22841,2025,10,October,8,7,0,1
C22841,2025,11,November,10,8,0,1
C22841,2025,12,December,11,9,0,1
C22842,2024,8,August,1,2,0,1
C22842,2024,10,October,3,3,0,1
C22842,2025,2,February,4,4,0,1
C22842,2025,7,July,5,5,0,1
C22842,2025,8,August,6,6,0,1
C22842,2025,9,September,7,7,0,1
C22843,2024,7,July,1,1,1,0
C22843,2024,8,August,2,2,0,1
C22843,2024,11,November,3,3,0,1
C22843,2025,3,March,4,4,0,1
C22843,2025,4,April,5,5,0,1
C22843,2025,6,June,6,7,0,1
C22843,2025,9,September,8,8,0,1
C22844,2024,8,August,1,1,1,0
C22844,2024,9,September,2,3,0,1
C22844,2024,12,December,5,3,0,1
C22844,2025,11,November,6,4,0,1
C22844,2025,12,December,7,5,0,1
C22845,2024,10,October,1,1,1,0
C22845,2024,12,December,2,1,0,0
C22845,2025,2,February,3,2,0,1
C22845,2025,6,June,4,3,0,1
C22845,2025,7,July,5,3,0,1
C22845,2025,10,October,6,4,0,1
C22845,2025,12,December,7,5,0,1
C22846,2025,8,August,1,1,1,0
C22846,2025,9,September,2,2,0,1
C22846,2025,11,November,3,3,0,1
C22847,2025,5,May,1,1,1,0
C22848,2024,11,November,1,0,1,0
C22848,2025,1,January,2,2,0,1
C22848,2025,6,June,4,3,0,1
C22848,2025,9,September,5,4,0,1
C22848,2025,12,December,6,5,0,1
C22849,2025,4,April,1,1,1,0
C22850,2024,8,August,1,0,1,0
C22850,2024,12,December,2,2,0,1
C22850,2025,4,April,4,3,0,1
C22850,2025,10,October,5,4,0,1
C22851,2024,10,October,1,1,1,0
C22851,2025,1,January,2,2,0,1
C22851,2025,4,April,3,2,0,1
C22851,2025,8,August,4,3,0,1
C22852,2025,11,November,1,1,1,0
C22853,2025,8,August,1,1,1,0
C22853,2025,9,September,2,3,0,1
C22855,2024,7,July,1,1,1,0
C22855,2024,8,August,2,2,0,1
C22855,2024,11,November,3,3,0,1
C22855,2025,10,October,5,4,0,1
C22856,2025,6,June,1,0,1,0
C22857,2024,8,August,1,0,1,0
C22857,2024,10,October,2,1,0,0
C22857,2025,3,March,4,2,0,1
C22857,2025,10,October,5,3,0,1
C22858,2025,6,June,1,1,1,0
C22858,2025,7,July,2,1,0,0
C22858,2025,10,October,3,2,0,1
C22858,2025,11,November,4,3,0,1
C22859,2025,1,January,1,0,1,0
C22859,2025,8,August,2,1,0,0
C22859,2025,10,October,3,2,0,1
C22860,2024,9,September,1,1,1,0
C22860,2025,7,July,2,2,0,1
C22860,2025,10,October,3,3,0,1
C22861,2025,10,October,1,1,1,0
C22862,2025,6,June,1,1,1,0
C22863,2024,7,July,1,1,1,0
C22863,2025,3,March,2,1,0,0
C22863,2025,9,September,3,1,0,0
C22863,2025,10,October,4,1,0,0
C22863,2025,12,December,5,2,0,1
C22864,2024,8,August,1,1,1,0
C22864,2025,3,March,2,1,0,0
C22864,2025,6,June,3,2,0,1
C22864,2025,9,September,4,3,0,1
C22864,2025,11,November,5,4,0,1
C22864,2025,12,December,6,5,0,1
C22865,2025,8,August,1,1,1,0
C22865,2025,11,November,2,2,0,1
C22866,2024,7,July,1,1,1,0
C22866,2024,8,August,2,2,0,1
C22866,2024,10,October,3,3,0,1
C22866,2025,4,April,4,6,0,1
C22866,2025,7,July,7,7,0,1
C22866,2025,8,August,8,8,0,1
C22866,2025,10,October,9,9,0,1
C22867,2024,10,October,1,0,1,0
C22867,2024,12,December,2,1,0,0
C22867,2025,8,August,3,2,0,1
C22867,2025,11,November,4,3,0,1
C22867,2025,12,December,5,3,0,1
C22868,2024,9,September,1,1,1,0
C22868,2025,4,April,2,3,0,1
C22868,2025,5,May,4,4,0,1
C22868,2025,7,July,5,5,0,1
C22868,2025,11,November,6,5,0,1
C22869,2024,8,August,1,1,1,0
C22869,2025,2,February,2,2,0,1
C22869,2025,3,March,3,3,0,1
C22869,2025,4,April,4,4,0,1
C22869,2025,5,May,5,6,0,1
C22869,2025,7,July,7,7,0,1
C22869,2025,8,August,8,8,0,1
C22869,2025,11,November,9,8,0,1
C22870,2024,7,July,1,1,1,0
C22870,2024,8,August,2,2,0,1
C22870,2024,9,September,3,2,0,1
C22870,2024,10,October,4,3,0,1
C22870,2024,12,December,5,4,0,1
C22870,2025,2,February,6,5,0,1
C22870,2025,5,May,7,6,0,1
C22870,2025,12,December,8,7,0,1
C22871,2024,8,August,1,1,1,0
C22871,2025,1,January,2,2,0,1
C22871,2025,4,April,3,2,0,1
C22871,2025,7,July,4,2,0,1
C22872,2024,7,July,1,1,1,0
C22873,2024,7,July,1,1,1,0
C22873,2025,7,July,2,3,0,1
C22874,2025,8,August,1,1,1,0
C22874,2025,9,September,2,2,0,1
C22875,2024,7,July,1,1,1,0
C22875,2024,10,October,2,1,0,0
C22875,2024,11,November,3,1,0,0
C22875,2025,9,September,4,3,0,1
C22875,2025,10,October,6,4,0,1
C22876,2024,12,December,1,1,1,0
C22876,2025,8,August,2,1,0,0
C22877,2024,11,November,1,1,1,0
C22877,2025,9,September,2,2,0,1
C22878,2024,8,August,1,1,1,0
C22878,2024,11,November,2,3,0,1
C22878,2025,5,May,4,3,0,1
C22878,2025,10,October,5,4,0,1
C22880,2024,10,October,1,1,1,0
C22880,2025,7,July,2,1,0,0
C22880,2025,11,November,3,2,0,1
C22881,2024,12,December,1,1,1,0
C22881,2025,4,April,2,2,0,1
C22881,2025,5,May,3,3,0,1
C22881,2025,9,September,4,4,0,1
C22882,2024,7,July,1,1,1,0
C22882,2024,8,August,2,2,0,1
C22883,2024,11,November,1,1,1,0
C22883,2025,1,January,2,2,0,1
C22883,2025,9,September,3,3,0,1
C22883,2025,10,October,4,4,0,1
C22884,2024,9,September,1,1,1,0
C22884,2024,10,October,3,2,0,1
C22884,2025,1,January,4,3,0,1
C22884,2025,5,May,5,4,0,1
C22884,2025,6,June,6,5,0,1
C22884,2025,8,August,7,6,0,1
C22884,2025,9,September,8,6,0,1
C22884,2025,10,October,9,7,0,1
C22884,2025,11,November,10,8,0,1
C22885,2025,2,February,1,1,1,0
C22886,2024,7,July,1,0,1,0
C22886,2024,11,November,2,1,0,0
C22886,2025,4,April,3,2,0,1
C22886,2025,5,May,4,3,0,1
C22886,2025,8,August,5,4,0,1
C22886,2025,12,December,6,6,0,1
C22887,2024,8,August,1,1,1,0
C22887,2024,9,September,2,2,0,1
C22887,2025,4,April,3,4,0,1
C22888,2024,7,July,1,0,1,0
C22888,2024,11,November,2,2,0,1
C22888,2024,12,December,5,3,0,1
C22888,2025,2,February,6,4,0,1
C22888,2025,3,March,7,6,0,1
C22888,2025,8,August,9,7,0,1
C22888,2025,9,September,10,8,0,1
C22889,2025,1,January,1,1,1,0
C22889,2025,6,June,2,2,0,1
C22889,2025,9,September,3,3,0,1
C22890,2024,8,August,1,1,1,0
C22890,2024,9,September,2,2,0,1
C22890,2024,11,November,3,4,0,1
C22890,2025,1,January,5,5,0,1
C22890,2025,9,September,6,7,0,1
C22891,2025,8,August,1,1,1,0
C22892,2025,10,October,1,1,1,0
C22893,2024,8,August,1,1,1,0
C22893,2025,4,April,2,1,0,0
C22894,2025,6,June,1,1,1,0
C22894,2025,9,September,2,2,0,1
C22894,2025,10,October,3,3,0,1
C22895,2024,11,November,1,1,1,0
C22895,2024,12,December,2,2,0,1
C22895,2025,4,April,3,3,0,1
C22895,2025,8,August,4,4,0,1
C22895,2025,12,December,5,5,0,1
C22896,2024,9,September,1,1,1,0
C22896,2024,10,October,2,3,0,1
C22896,2025,5,May,4,4,0,1
C22897,2025,7,July,1,1,1,0
C22897,2025,11,November,2,2,0,1
C22898,2024,9,September,1,0,1,0
C22898,2024,12,December,2,1,0,0
C22898,2025,5,May,3,2,0,1
C22898,2025,8,August,4,3,0,1
C22898,2025,10,October,5,4,0,1
C22899,2024,9,September,1,1,1,0
C22899,2024,10,October,2,2,0,1
C22899,2025,5,May,3,3,0,1
C22899,2025,8,August,4,4,0,1
C22899,2025,10,October,5,5,0,1
C22900,2025,2,February,1,1,1,0
C22900,2025,7,July,2,1,0,0
C22901,2024,11,November,1,1,1,0
C22901,2025,1,January,2,1,0,0
C22901,2025,4,April,3,2,0,1
C22901,2025,7,July,5,3,0,1
C22901,2025,10,October,6,4,0,1
C22901,2025,11,November,7,4,0,1
C22902,2024,8,August,1,1,1,0
C22902,2024,10,October,2,1,0,0
C22902,2025,10,October,3,2,0,1
C22903,2024,7,July,1,1,1,0
C22903,2024,9,September,2,2,0,1
C22903,2024,11,November,3,3,0,1
C22903,2025,12,December,4,4,0,1
C22904,2024,8,August,1,1,1,0
C22904,2025,4,April,2,2,0,1
C22905,2025,5,May,1,1,1,0
C22905,2025,12,December,2,2,0,1
C22906,2025,11,November,1,1,1,0
C22907,2025,7,July,1,1,1,0
C22907,2025,10,October,2,2,0,1
C22908,2025,3,March,1,1,1,0
C22909,2024,9,September,1,1,1,0
C22909,2025,6,June,2,2,0,1
C22909,2025,8,August,3,3,0,1
C22910,2024,8,August,1,1,1,0
C22910,2025,1,January,2,2,0,1
C22910,2025,5,May,3,2,0,1
C22910,2025,12,December,4,3,0,1
C22911,2024,11,November,1,1,1,0
C22911,2025,12,December,2,1,0,0
C22912,2024,9,September,1,1,1,0
C22912,2024,12,December,2,2,0,1
C22912,2025,4,April,3,3,0,1
C22913,2025,6,June,1,0,1,0
C22913,2025,10,October,2,1,0,0
C22915,2024,7,July,1,1,1,0
C22915,2024,8,August,2,2,0,1
C22915,2025,3,March,3,3,0,1
C22915,2025,7,July,4,4,0,1
C22916,2024,8,August,1,0,1,0
C22916,2025,8,August,2,1,0,0
C22917,2024,8,August,1,1,1,0
C22917,2024,11,November,2,2,0,1
C22917,2025,2,February,3,3,0,1
C22917,2025,4,April,4,4,0,1
C22918,2024,9,September,1,1,1,0
C22918,2025,1,January,2,1,0,0
C22918,2025,4,April,3,2,0,1
C22918,2025,7,July,4,3,0,1
C22918,2025,10,October,6,5,0,1
C22919,2024,7,July,1,1,1,0
C22919,2025,5,May,2,2,0,1
C22919,2025,7,July,3,3,0,1
C22919,2025,9,September,4,4,0,1
C22919,2025,10,October,5,5,0,1
C22919,2025,12,December,6,6,0,1
C22920,2024,10,October,1,1,1,0
C22920,2025,7,July,2,2,0,1
C22921,2024,10,October,1,1,1,0
C22921,2025,8,August,2,2,0,1
C22922,2024,7,July,1,2,0,1
C22923,2025,12,December,1,1,1,0
C22924,2025,7,July,1,1,1,0
C22924,2025,10,October,2,2,0,1
C22926,2024,7,July,1,1,1,0
C22926,2024,8,August,2,2,0,1
C22926,2024,9,September,3,3,0,1
C22926,2024,10,October,4,4,0,1
C22926,2024,11,November,5,4,0,1
C22926,2024,12,December,6,5,0,1
C22926,2025,5,May,7,7,0,1
C22926,2025,6,June,9,8,0,1
C22926,2025,7,July,10,9,0,1
C22926,2025,11,November,11,9,0,1
C22926,2025,12,December,12,10,0,1
C22927,2024,8,August,1,1,1,0
C22927,2024,11,November,2,1,0,0
C22927,2025,2,February,3,2,0,1
C22927,2025,3,March,4,3,0,1
C22927,2025,5,May,5,4,0,1
C22927,2025,6,June,6,5,0,1
C22927,2025,10,October,7,6,0,1
C22928,2025,1,January,1,1,1,0
C22928,2025,4,April,2,3,0,1
C22928,2025,10,October,6,4,0,1
C22929,2025,1,January,1,1,1,0
C22929,2025,8,August,2,2,0,1
C22930,2024,7,July,1,0,1,0
C22930,2024,12,December,2,1,0,0
C22930,2025,2,February,3,1,0,0
C22930,2025,5,May,4,3,0,1
C22930,2025,6,June,6,4,0,1
C22930,2025,7,July,7,6,0,1
C22930,2025,9,September,10,7,0,1
C22930,2025,11,November,11,8,0,1
C22931,2025,6,June,1,1,1,0
C22931,2025,7,July,2,2,0,1
C22932,2024,8,August,1,1,1,0
C22932,2025,7,July,2,2,0,1
C22934,2024,9,September,1,1,1,0
C22934,2024,10,October,2,2,0,1
C22934,2024,12,December,3,2,0,1
C22934,2025,4,April,4,2,0,1
C22934,2025,5,May,5,2,0,1
C22935,2024,7,July,1,1,1,0
C22935,2025,2,February,2,2,0,1
C22935,2025,7,July,3,3,0,1
C22936,2024,11,November,1,1,1,0
C22936,2025,5,May,2,2,0,1
C22937,2024,7,July,1,2,0,1
C22937,2025,6,June,3,3,0,1
C22937,2025,8,August,4,3,0,1
C22937,2025,11,November,5,4,0,1
C22938,2024,8,August,1,1,1,0
C22938,2024,10,October,2,2,0,1
C22938,2024,12,December,3,3,0,1
C22938,2025,4,April,4,4,0,1
C22938,2025,8,August,5,4,0,1
C22938,2025,9,September,7,5,0,1
C22938,2025,12,December,9,6,0,1
C22939,2024,7,July,1,1,1,0
C22939,2025,6,June,2,1,0,0
C22939,2025,10,October,3,2,0,1
C22939,2025,12,December,4,2,0,1
C22940,2024,10,October,1,1,1,0
C22940,2025,12,December,2,2,0,1
C22941,2024,9,September,1,0,1,0
C22941,2025,2,February,2,1,0,0
C22941,2025,3,March,3,1,0,0
C22941,2025,9,September,4,2,0,1
C22941,2025,11,November,5,3,0,1
C22942,2025,12,December,1,1,1,0
C22943,2024,11,November,1,1,1,0
C22943,2024,12,December,2,2,0,1
C22944,2025,7,July,1,1,1,0
C22944,2025,9,September,2,2,0,1
C22944,2025,10,October,3,3,0,1
C22945,2024,8,August,1,1,1,0
C22945,2024,10,October,2,2,0,1
C22945,2025,1,January,3,3,0,1
C22945,2025,2,February,4,3,0,1
C22945,2025,7,July,5,4,0,1
C22945,2025,12,December,6,5,0,1
C22946,2024,8,August,1,1,1,0
C22946,2024,10,October,2,2,0,1
C22946,2025,8,August,3,3,0,1
C22946,2025,10,October,4,4,0,1
C22946,2025,11,November,5,4,0,1
C22947,2024,7,July,1,1,1,0
C22947,2024,8,August,2,2,0,1
C22947,2025,1,January,3,3,0,1
C22947,2025,2,February,4,4,0,1
C22947,2025,4,April,5,5,0,1
C22947,2025,9,September,6,6,0,1
C22947,2025,10,October,7,7,0,1
C22947,2025,11,November,8,8,0,1
C22948,2024,9,September,1,1,1,0
C22948,2024,11,November,2,2,0,1
C22949,2024,8,August,1,1,1,0
C22949,2025,3,March,2,2,0,1
C22950,2025,1,January,1,1,1,0
C22950,2025,3,March,3,2,0,1
C22950,2025,4,April,4,3,0,1
C22950,2025,7,July,5,4,0,1
C22950,2025,12,December,6,5,0,1
C22951,2024,10,October,1,1,1,0
C22951,2025,1,January,2,2,0,1
C22951,2025,9,September,4,3,0,1
C22951,2025,10,October,5,4,0,1
C22952,2024,7,July,1,1,1,0
C22952,2024,8,August,2,2,0,1
C22952,2024,9,September,4,3,0,1
C22952,2024,10,October,5,4,0,1
C22952,2025,3,March,6,5,0,1
C22952,2025,4,April,7,6,0,1
C22952,2025,8,August,9,6,0,1
C22952,2025,10,October,10,7,0,1
C22953,2024,10,October,1,1,1,0
C22953,2024,11,November,2,2,0,1
C22953,2024,12,December,4,3,0,1
C22953,2025,4,April,5,4,0,1
C22953,2025,5,May,6,5,0,1
C22954,2024,7,July,1,1,1,0
C22954,2024,8,August,2,2,0,1
C22954,2025,1,January,3,2,0,1
C22954,2025,4,April,4,3,0,1
C22954,2025,6,June,5,3,0,1
C22955,2024,12,December,1,0,1,0
C22955,2025,1,January,2,0,0,0
C22955,2025,8,August,3,1,0,0
C22956,2024,8,August,1,1,1,0
C22956,2025,4,April,2,2,0,1
C22956,2025,5,May,3,3,0,1
C22957,2025,1,January,1,1,1,0
C22957,2025,2,February,2,2,0,1
C22957,2025,8,August,3,3,0,1
C22957,2025,11,November,4,4,0,1
C22958,2024,8,August,1,1,1,0
C22958,2025,1,January,2,2,0,1
C22958,2025,5,May,3,3,0,1
C22958,2025,10,October,4,4,0,1
C22959,2024,7,July,1,1,1,0
C22959,2024,8,August,2,2,0,1
C22959,2025,5,May,3,3,0,1
C22960,2025,4,April,1,3,0,1
C22961,2024,12,December,1,0,1,0
C22961,2025,5,May,2,1,0,0
C22961,2025,12,December,3,2,0,1
C22963,2025,7,July,1,1,1,0
C22964,2024,7,July,1,1,1,0
C22964,2024,8,August,2,2,0,1
C22964,2024,9,September,3,3,0,1
C22964,2025,4,April,4,3,0,1
C22964,2025,5,May,5,4,0,1
C22964,2025,8,August,6,5,0,1
C22964,2025,9,September,7,6,0,1
C22965,2024,8,August,1,2,0,1
C22965,2024,10,October,3,4,0,1
C22965,2025,2,February,5,6,0,1
C22965,2025,7,July,7,6,0,1
C22965,2025,9,September,9,7,0,1
C22966,2024,8,August,1,1,1,0
C22966,2025,5,May,2,2,0,1
C22967,2024,9,September,1,1,1,0
C22967,2025,4,April,2,2,0,1
C22967,2025,8,August,3,3,0,1
C22967,2025,12,December,4,4,0,1
C22968,2024,10,October,1,1,1,0
C22968,2025,7,July,2,2,0,1
C22968,2025,9,September,3,3,0,1
C22969,2024,9,September,1,1,1,0
C22969,2024,10,October,2,2,0,1
C22969,2025,12,December,3,3,0,1
C22970,2024,7,July,1,1,1,0
C22971,2024,8,August,1,1,1,0
C22971,2025,1,January,2,2,0,1
C22971,2025,5,May,3,3,0,1
C22971,2025,12,December,4,4,0,1
C22972,2024,8,August,1,1,1,0
C22972,2025,2,February,2,2,0,1
C22973,2025,2,February,1,0,1,0
C22973,2025,3,March,2,0,0,0
C22974,2024,12,December,1,1,1,0
C22974,2025,9,September,2,2,0,1
C22974,2025,10,October,3,3,0,1
C22974,2025,11,November,4,4,0,1
C22975,2024,8,August,1,1,1,0
C22975,2024,10,October,2,2,0,1
C22975,2024,11,November,3,3,0,1
C22975,2024,12,December,4,4,0,1
C22976,2024,9,September,1,1,1,0
C22976,2025,1,January,2,2,0,1
C22976,2025,4,April,3,4,0,1
C22977,2024,9,September,1,1,1,0
C22977,2024,11,November,2,2,0,1
C22977,2025,2,February,3,3,0,1
C22977,2025,7,July,4,4,0,1
C22977,2025,8,August,5,5,0,1
C22977,2025,11,November,6,6,0,1
C22978,2024,8,August,1,1,1,0
C22978,2024,11,November,2,1,0,0
C22978,2025,5,May,3,2,0,1
C22978,2025,7,July,5,3,0,1
C22978,2025,8,August,6,4,0,1
C22979,2024,11,November,1,1,1,0
C22979,2025,1,January,2,1,0,0
C22979,2025,2,February,3,2,0,1
C22979,2025,3,March,5,4,0,1
C22979,2025,4,April,7,5,0,1
C22979,2025,8,August,8,7,0,1
C22979,2025,9,September,10,8,0,1
C22979,2025,11,November,11,9,0,1
C22980,2025,12,December,1,1,1,0
C22981,2024,10,October,1,1,1,0
C22981,2024,12,December,2,2,0,1
C22981,2025,8,August,3,3,0,1
C22982,2024,11,November,1,1,1,0
C22983,2024,11,November,1,1,1,0
C22984,2025,2,February,1,1,1,0
C22984,2025,3,March,2,1,0,0
C22984,2025,9,September,3,2,0,1
C22984,2025,10,October,4,3,0,1
C22985,2025,2,February,1,1,1,0
C22985,2025,3,March,2,2,0,1
C22985,2025,9,September,3,3,0,1
C22986,2025,6,June,1,1,1,0
C22987,2025,7,July,1,1,1,0
C22987,2025,10,October,2,2,0,1
C22988,2024,8,August,1,1,1,0
C22988,2024,11,November,2,2,0,1
C22988,2025,5,May,3,3,0,1
C22988,2025,9,September,4,3,0,1
C22989,2024,12,December,1,1,1,0
C22989,2025,2,February,2,1,0,0
C22989,2025,4,April,3,2,0,1
C22990,2025,10,October,1,0,1,0
C22990,2025,11,November,2,1,0,0
C22991,2024,8,August,1,0,1,0
C22991,2025,1,January,2,1,0,0
C22991,2025,7,July,3,2,0,1
C22992,2024,9,September,1,0,1,0
C22992,2024,12,December,2,1,0,0
C22992,2025,2,February,3,2,0,1
C22992,2025,4,April,4,3,0,1
C22992,2025,11,November,5,3,0,1
C22992,2025,12,December,6,4,0,1
C22993,2025,3,March,1,1,1,0
C22993,2025,10,October,2,2,0,1
C22994,2024,8,August,1,1,1,0
C22994,2025,1,January,3,2,0,1
C22994,2025,6,June,5,3,0,1
C22994,2025,11,November,6,4,0,1
C22996,2024,9,September,1,1,1,0
C22996,2025,2,February,2,2,0,1
C22996,2025,12,December,3,2,0,1
C22997,2025,3,March,1,1,1,0
C22997,2025,8,August,2,1,0,0
C22998,2025,11,November,1,1,1,0
C22999,2024,11,November,1,1,1,0
C22999,2025,1,January,2,2,0,1
C22999,2025,6,June,3,3,0,1
C22999,2025,11,November,4,4,0,1
C23001,2024,9,September,1,1,1,0
C23001,2025,1,January,2,2,0,1
C23001,2025,7,July,3,3,0,1
C23002,2024,12,December,1,1,1,0
C23002,2025,6,June,2,2,0,1
C23002,2025,8,August,3,3,0,1
C23003,2025,6,June,1,1,1,0
C23003,2025,7,July,2,2,0,1
C23004,2024,12,December,1,1,1,0
C23004,2025,2,February,2,2,0,1
C23004,2025,12,December,3,3,0,1
C23005,2024,10,October,1,0,1,0
C23005,2025,2,February,2,1,0,0
C23005,2025,3,March,3,2,0,1
C23005,2025,7,July,4,3,0,1
C23005,2025,8,August,5,4,0,1
C23006,2024,7,July,1,1,1,0
C23006,2024,11,November,3,2,0,1
C23007,2024,10,October,1,1,1,0
C23008,2024,9,September,1,1,1,0
C23008,2025,3,March,2,2,0,1
C23009,2024,10,October,1,1,1,0
C23009,2025,3,March,2,1,0,0
C23009,2025,5,May,3,2,0,1
C23009,2025,7,July,4,3,0,1
C23009,2025,8,August,5,4,0,1
C23009,2025,11,November,6,5,0,1
C23010,2025,1,January,1,0,1,0
C23011,2024,7,July,1,0,1,0
C23011,2024,8,August,2,1,0,0
C23011,2025,4,April,3,2,0,1
C23011,2025,10,October,4,3,0,1
C23012,2024,8,August,1,1,1,0
C23012,2025,1,January,2,4,0,1
C23012,2025,3,March,5,5,0,1
C23012,2025,4,April,6,6,0,1
C23012,2025,5,May,7,6,0,1
C23012,2025,9,September,8,7,0,1
C23012,2025,11,November,9,8,0,1
C23013,2024,8,August,1,0,1,0
C23013,2024,11,November,2,1,0,0
C23013,2025,1,January,3,1,0,0
C23013,2025,3,March,4,2,0,1
C23013,2025,4,April,5,3,0,1
C23013,2025,12,December,6,3,0,1
C23014,2025,3,March,1,1,1,0
C23014,2025,5,May,2,2,0,1
C23014,2025,9,September,3,3,0,1
C23015,2024,8,August,1,1,1,0
C23015,2025,12,December,2,2,0,1
C23016,2024,7,July,1,1,1,0
C23016,2024,11,November,2,2,0,1
C23016,2025,1,January,3,3,0,1
C23017,2025,2,February,1,3,0,1
C23017,2025,10,October,4,4,0,1
C23020,2024,9,September,1,1,1,0
C23020,2025,8,August,2,2,0,1
C23021,2025,1,January,1,1,1,0
C23021,2025,11,November,2,2,0,1
C23022,2024,9,September,1,0,1,0
C23022,2024,10,October,2,1,0,0
C23022,2025,6,June,4,2,0,1
C23022,2025,11,November,5,4,0,1
C23023,2025,2,February,1,1,1,0
C23023,2025,6,June,2,2,0,1
C23023,2025,9,September,3,3,0,1
C23023,2025,10,October,4,3,0,1
C23024,2024,10,October,1,0,1,0
C23024,2025,9,September,2,0,0,0
C23025,2024,10,October,1,1,1,0
C23025,2025,2,February,2,2,0,1
C23025,2025,8,August,3,3,0,1
C23026,2024,11,November,1,1,1,0
C23026,2025,1,January,2,2,0,1
C23026,2025,6,June,3,3,0,1
C23027,2024,8,August,1,1,1,0
C23027,2025,1,January,2,2,0,1
C23027,2025,3,March,3,2,0,1
C23027,2025,4,April,4,2,0,1
C23027,2025,5,May,5,3,0,1
C23027,2025,9,September,6,4,0,1
C23027,2025,10,October,7,5,0,1
C23028,2024,10,October,1,1,1,0
C23028,2024,11,November,2,2,0,1
C23028,2025,4,April,3,3,0,1
C23028,2025,7,July,4,4,0,1
C23029,2024,10,October,1,1,1,0
C23029,2024,11,November,3,2,0,1
C23029,2025,5,May,4,3,0,1
C23029,2025,6,June,5,4,0,1
C23029,2025,7,July,6,5,0,1
C23029,2025,10,October,7,6,0,1
C23029,2025,11,November,8,8,0,1
C23030,2025,11,November,1,1,1,0
C23032,2024,11,November,1,1,1,0
C23032,2025,1,January,2,2,0,1
C23033,2024,10,October,1,1,1,0
C23033,2025,3,March,2,2,0,1
C23034,2024,12,December,1,1,1,0
C23034,2025,3,March,2,2,0,1
C23034,2025,4,April,3,3,0,1
C23034,2025,6,June,4,3,0,1
C23034,2025,7,July,5,3,0,1
C23034,2025,9,September,7,4,0,1
C23034,2025,11,November,8,5,0,1
C23035,2024,10,October,1,1,1,0
C23035,2024,11,November,2,2,0,1
C23035,2024,12,December,3,2,0,1
C23035,2025,1,January,4,3,0,1
C23035,2025,8,August,5,4,0,1
C23035,2025,11,November,6,5,0,1
C23035,2025,12,December,7,5,0,1
C23036,2024,7,July,1,0,1,0
C23036,2024,11,November,2,1,0,0
C23036,2025,4,April,3,2,0,1
C23036,2025,5,May,4,3,0,1
C23036,2025,8,August,5,4,0,1
C23037,2024,7,July,1,1,1,0
C23037,2025,12,December,2,1,0,0
C23038,2024,7,July,1,1,1,0
C23038,2025,3,March,2,1,0,0
C23038,2025,5,May,3,3,0,1
C23038,2025,6,June,5,4,0,1
C23038,2025,7,July,6,5,0,1
C23039,2025,9,September,1,1,1,0
C23039,2025,10,October,2,1,0,0
C23040,2024,7,July,1,0,1,0
C23040,2024,11,November,2,0,0,0
C23040,2025,5,May,3,1,0,0
C23040,2025,6,June,4,2,0,1
C23040,2025,7,July,5,2,0,1
C23040,2025,8,August,6,3,0,1
C23040,2025,9,September,7,4,0,1
C23041,2024,10,October,1,1,1,0
C23041,2024,12,December,2,2,0,1
C23042,2024,10,October,1,1,1,0
C23042,2025,3,March,2,1,0,0
C23043,2025,2,February,1,1,1,0
C23043,2025,10,October,2,2,0,1
C23043,2025,12,December,3,3,0,1
C23044,2024,9,September,1,1,1,0
C23044,2025,6,June,2,2,0,1
C23045,2024,8,August,1,1,1,0
C23045,2024,9,September,2,2,0,1
C23045,2024,10,October,3,3,0,1
C23045,2024,11,November,4,4,0,1
C23045,2024,12,December,5,4,0,1
C23045,2025,5,May,6,4,0,1
C23046,2025,3,March,1,1,1,0
C23047,2024,10,October,1,3,0,1
C23047,2025,3,March,4,4,0,1
C23047,2025,4,April,5,5,0,1
C23047,2025,7,July,6,6,0,1
C23047,2025,8,August,7,8,0,1
C23047,2025,10,October,9,10,0,1
C23047,2025,12,December,11,11,0,1
C23048,2024,9,September,1,1,1,0
C23048,2024,12,December,2,2,0,1
C23048,2025,2,February,3,2,0,1
C23048,2025,3,March,4,3,0,1
C23048,2025,12,December,5,4,0,1
C23049,2024,8,August,1,2,0,1
C23049,2024,12,December,3,3,0,1
C23049,2025,5,May,4,5,0,1
C23050,2024,8,August,1,1,1,0
C23050,2025,1,January,2,3,0,1
C23050,2025,6,June,4,4,0,1
C23050,2025,10,October,5,5,0,1
C23051,2024,8,August,1,1,1,0
C23051,2024,11,November,2,2,0,1
C23051,2025,4,April,3,3,0,1
C23051,2025,11,November,4,4,0,1
C23051,2025,12,December,5,4,0,1
C23052,2025,5,May,1,0,1,0
C23052,2025,8,August,2,1,0,0
C23052,2025,10,October,3,2,0,1
C23053,2025,5,May,1,1,1,0
C23053,2025,6,June,2,2,0,1
C23053,2025,8,August,3,3,0,1
C23053,2025,11,November,4,4,0,1
C23054,2024,7,July,1,1,1,0
C23054,2024,10,October,2,2,0,1
C23054,2024,12,December,3,3,0,1
C23054,2025,5,May,4,3,0,1
C23054,2025,7,July,6,4,0,1
C23054,2025,9,September,7,5,0,1
C23055,2024,7,July,1,1,1,0
C23055,2024,10,October,2,1,0,0
C23055,2025,2,February,3,2,0,1
C23055,2025,5,May,4,2,0,1
C23055,2025,6,June,5,3,0,1
C23056,2025,1,January,1,1,1,0
C23056,2025,9,September,2,2,0,1
C23057,2024,9,September,1,1,1,0
C23057,2025,5,May,2,2,0,1
C23058,2024,8,August,1,1,1,0
C23058,2024,9,September,2,2,0,1
C23058,2025,1,January,3,2,0,1
C23058,2025,2,February,4,2,0,1
C23058,2025,4,April,5,3,0,1
C23058,2025,6,June,6,4,0,1
C23058,2025,8,August,7,5,0,1
C23058,2025,9,September,8,5,0,1
C23058,2025,11,November,9,6,0,1
C23059,2025,7,July,1,1,1,0
C23059,2025,8,August,2,3,0,1
C23060,2024,10,October,1,1,1,0
C23060,2025,2,February,2,2,0,1
C23060,2025,6,June,3,3,0,1
C23060,2025,7,July,4,4,0,1
C23061,2024,7,July,1,1,1,0
C23061,2024,8,August,2,2,0,1
C23061,2024,10,October,4,2,0,1
C23061,2025,3,March,5,3,0,1
C23061,2025,4,April,6,4,0,1
C23061,2025,9,September,7,4,0,1
C23062,2025,7,July,1,1,1,0
C23064,2024,7,July,1,1,1,0
C23064,2025,4,April,2,1,0,0
C23064,2025,5,May,3,2,0,1
C23065,2025,1,January,1,1,1,0
C23065,2025,8,August,2,1,0,0
C23065,2025,11,November,3,2,0,1
C23066,2025,2,February,1,1,1,0
C23066,2025,3,March,2,2,0,1
C23066,2025,5,May,3,3,0,1
C23067,2024,7,July,1,2,0,1
C23067,2024,8,August,3,3,0,1
C23067,2024,9,September,4,3,0,1
C23067,2024,12,December,5,5,0,1
C23067,2025,1,January,7,6,0,1
C23067,2025,2,February,8,7,0,1
C23067,2025,6,June,9,8,0,1
C23067,2025,10,October,10,9,0,1
C23067,2025,11,November,11,10,0,1
C23067,2025,12,December,12,10,0,1
C23068,2025,4,April,1,1,1,0
C23068,2025,7,July,2,2,0,1
C23068,2025,12,December,3,4,0,1
C23069,2024,12,December,1,1,1,0
C23069,2025,6,June,2,2,0,1
C23070,2024,7,July,1,0,1,0
C23070,2024,8,August,2,1,0,0
C23070,2024,11,November,3,3,0,1
C23070,2024,12,December,5,4,0,1
C23070,2025,12,December,6,5,0,1
C23071,2024,9,September,1,0,1,0
C23071,2025,2,February,2,0,0,0
C23071,2025,5,May,3,2,0,1
C23071,2025,7,July,5,3,0,1
C23071,2025,8,August,6,3,0,1
C23071,2025,12,December,7,4,0,1
C23072,2025,8,August,1,1,1,0
C23073,2024,7,July,1,1,1,0
C23073,2025,3,March,2,2,0,1
C23073,2025,6,June,3,3,0,1
C23074,2024,8,August,1,1,1,0
C23074,2025,8,August,2,2,0,1
C23075,2024,8,August,1,1,1,0
C23075,2024,12,December,2,2,0,1
C23075,2025,8,August,3,3,0,1
C23075,2025,10,October,4,4,0,1
C23075,2025,12,December,5,4,0,1
C23076,2024,12,December,1,1,1,0
C23076,2025,3,March,2,2,0,1
C23076,2025,7,July,3,3,0,1
C23077,2024,11,November,1,1,1,0
C23077,2025,1,January,2,2,0,1
C23077,2025,2,February,3,3,0,1
C23077,2025,3,March,4,4,0,1
C23077,2025,8,August,5,5,0,1
C23077,2025,9,September,6,6,0,1
C23077,2025,10,October,7,7,0,1
C23078,2025,1,January,1,1,1,0
C23078,2025,8,August,2,2,0,1
C23079,2024,11,November,1,1,1,0
C23079,2025,3,March,2,2,0,1
C23079,2025,7,July,3,4,0,1
C23079,2025,9,September,5,5,0,1
C23080,2024,7,July,1,1,1,0
C23080,2024,9,September,2,1,0,0
C23080,2025,10,October,3,1,0,0
C23081,2024,9,September,1,1,1,0
C23081,2024,10,October,2,2,0,1
C23081,2024,11,November,3,3,0,1
C23081,2025,2,February,4,5,0,1
C23081,2025,4,April,6,7,0,1
C23081,2025,7,July,8,8,0,1
C23081,2025,10,October,9,9,0,1
C23082,2024,7,July,1,1,1,0
C23083,2024,7,July,1,1,1,0
C23083,2024,12,December,2,2,0,1
C23083,2025,6,June,3,3,0,1
C23083,2025,8,August,4,4,0,1
C23083,2025,10,October,5,4,0,1
C23084,2024,7,July,1,1,1,0
C23084,2024,10,October,2,2,0,1
C23084,2025,7,July,3,3,0,1
C23084,2025,10,October,5,3,0,1
C23085,2024,9,September,1,1,1,0
C23085,2025,1,January,2,2,0,1
C23086,2024,8,August,1,1,1,0
C23086,2025,2,February,2,2,0,1
C23086,2025,10,October,3,4,0,1
C23087,2024,8,August,1,1,1,0
C23087,2025,1,January,2,2,0,1
C23087,2025,4,April,3,3,0,1
C23088,2024,9,September,1,0,1,0
C23089,2024,11,November,1,0,1,0
C23089,2024,12,December,2,1,0,0
C23089,2025,3,March,4,2,0,1
C23089,2025,5,May,5,4,0,1
C23089,2025,6,June,7,5,0,1
C23089,2025,7,July,8,5,0,1
C23089,2025,8,August,9,6,0,1
C23089,2025,9,September,10,7,0,1
C23089,2025,12,December,11,8,0,1
C23090,2025,5,May,1,1,1,0
C23091,2025,9,September,1,1,1,0
C23091,2025,10,October,2,2,0,1
C23092,2024,9,September,1,1,1,0
C23092,2025,2,February,2,2,0,1
C23092,2025,4,April,3,3,0,1
C23092,2025,7,July,4,4,0,1
C23092,2025,8,August,5,5,0,1
C23092,2025,11,November,6,6,0,1
C23092,2025,12,December,7,7,0,1
C23093,2025,8,August,1,1,1,0
C23094,2024,8,August,1,1,1,0
C23094,2024,10,October,2,2,0,1
C23094,2025,3,March,3,3,0,1
C23094,2025,6,June,4,4,0,1
C23095,2024,9,September,1,1,1,0
C23095,2025,4,April,2,2,0,1
C23095,2025,9,September,3,2,0,1
C23095,2025,12,December,4,3,0,1
C23096,2024,7,July,1,1,1,0
C23096,2024,8,August,2,2,0,1
C23096,2024,9,September,3,3,0,1
C23096,2024,10,October,5,5,0,1
C23096,2024,12,December,7,6,0,1
C23096,2025,6,June,8,6,0,1
C23096,2025,11,November,9,7,0,1
C23097,2024,8,August,1,0,1,0
C23097,2024,11,November,2,1,0,0
C23097,2024,12,December,3,2,0,1
C23097,2025,1,January,4,3,0,1
C23097,2025,7,July,5,4,0,1
C23097,2025,9,September,6,6,0,1
C23097,2025,11,November,8,7,0,1
C23097,2025,12,December,9,8,0,1
C23098,2024,9,September,1,1,1,0
C23098,2025,9,September,2,2,0,1
C23099,2024,12,December,1,1,1,0
C23100,2024,7,July,1,1,1,0
C23100,2024,9,September,3,3,0,1
C23100,2024,12,December,5,4,0,1
C23100,2025,4,April,6,5,0,1
C23100,2025,6,June,7,6,0,1
C23100,2025,12,December,8,7,0,1
C23101,2024,10,October,1,2,0,1
C23101,2025,1,January,3,3,0,1
C23101,2025,3,March,4,4,0,1
C23101,2025,6,June,5,5,0,1
C23101,2025,12,December,6,6,0,1
C23102,2024,9,September,1,1,1,0
C23102,2024,12,December,2,1,0,0
C23102,2025,2,February,3,2,0,1
C23102,2025,8,August,4,3,0,1
C23103,2024,8,August,1,1,1,0
C23104,2024,9,September,1,1,1,0
C23104,2025,1,January,2,1,0,0
C23104,2025,3,March,3,2,0,1
C23104,2025,10,October,4,3,0,1
C23104,2025,11,November,5,4,0,1
C23105,2024,8,August,1,1,1,0
C23105,2024,9,September,2,2,0,1
C23105,2024,10,October,3,3,0,1
C23105,2025,4,April,4,3,0,1
C23105,2025,9,September,5,4,0,1
C23105,2025,11,November,6,5,0,1
C23106,2024,8,August,1,2,0,1
C23106,2025,3,March,4,3,0,1
C23106,2025,5,May,5,4,0,1
C23106,2025,12,December,6,5,0,1
C23107,2024,8,August,1,1,1,0
C23107,2024,9,September,2,2,0,1
C23107,2025,3,March,3,3,0,1
C23107,2025,7,July,4,3,0,1
C23108,2024,9,September,1,2,0,1
C23108,2024,11,November,3,3,0,1
C23108,2025,2,February,4,4,0,1
C23108,2025,11,November,5,5,0,1
C23110,2024,12,December,1,1,1,0
C23110,2025,12,December,2,2,0,1
C23111,2024,7,July,1,1,1,0
C23111,2025,2,February,2,3,0,1
C23111,2025,3,March,4,4,0,1
C23111,2025,4,April,5,5,0,1
C23112,2025,3,March,1,1,1,0
C23112,2025,12,December,2,2,0,1
C23113,2025,2,February,1,0,1,0
C23113,2025,12,December,2,1,0,0
C23114,2024,8,August,1,1,1,0
C23114,2024,9,September,2,2,0,1
C23114,2024,10,October,3,3,0,1
C23114,2024,11,November,4,5,0,1
C23114,2025,6,June,6,6,0,1
C23114,2025,9,September,7,7,0,1
C23115,2025,5,May,1,1,1,0
C23115,2025,6,June,2,2,0,1
C23115,2025,11,November,3,2,0,1
C23116,2024,7,July,1,1,1,0
C23116,2024,10,October,2,2,0,1
C23116,2025,4,April,3,3,0,1
C23116,2025,10,October,4,4,0,1
C23117,2024,11,November,1,0,1,0
C23117,2025,7,July,2,1,0,0
C23117,2025,11,November,3,2,0,1
C23118,2024,9,September,1,1,1,0
C23118,2025,4,April,2,2,0,1
C23118,2025,6,June,3,3,0,1
C23118,2025,8,August,4,4,0,1
C23118,2025,10,October,5,5,0,1
C23119,2024,10,October,1,0,1,0
C23119,2025,2,February,2,1,0,0
C23119,2025,11,November,3,1,0,0
C23120,2024,12,December,1,1,1,0
C23120,2025,1,January,2,2,0,1
C23120,2025,10,October,3,2,0,1
C23121,2024,10,October,1,1,1,0
C23121,2024,11,November,2,2,0,1
C23121,2025,2,February,3,3,0,1
C23121,2025,3,March,4,4,0,1
C23121,2025,4,April,5,5,0,1
C23121,2025,6,June,6,6,0,1
C23121,2025,12,December,7,7,0,1
C23122,2025,3,March,1,1,1,0
C23122,2025,6,June,2,2,0,1
C23122,2025,7,July,3,3,0,1
C23122,2025,10,October,4,3,0,1
C23123,2024,8,August,1,0,1,0
C23123,2024,12,December,2,1,0,0
C23123,2025,2,February,3,2,0,1
C23123,2025,9,September,4,2,0,1
C23124,2024,12,December,1,1,1,0
C23125,2024,7,July,1,0,1,0
C23125,2024,10,October,2,2,0,1
C23125,2025,3,March,4,3,0,1
C23125,2025,10,October,5,4,0,1
C23125,2025,11,November,6,5,0,1
C23126,2024,10,October,1,1,1,0
C23126,2024,12,December,2,2,0,1
C23126,2025,5,May,3,2,0,1
C23126,2025,10,October,4,2,0,1
C23127,2024,10,October,1,1,1,0
C23127,2025,11,November,2,2,0,1
C23128,2024,7,July,1,1,1,0
C23128,2024,9,September,2,2,0,1
C23128,2025,5,May,3,3,0,1
C23128,2025,8,August,4,3,0,1
C23128,2025,11,November,5,4,0,1
C23129,2024,12,December,1,1,1,0
C23129,2025,1,January,2,2,0,1
C23129,2025,4,April,3,2,0,1
C23129,2025,6,June,4,3,0,1
C23129,2025,7,July,5,5,0,1
C23129,2025,10,October,7,6,0,1
C23130,2024,8,August,1,1,1,0
C23130,2025,2,February,2,1,0,0
C23130,2025,4,April,3,2,0,1
C23130,2025,6,June,4,3,0,1
C23131,2025,4,April,1,1,1,0
C23132,2025,3,March,1,1,1,0
C23132,2025,4,April,2,2,0,1
C23132,2025,5,May,3,2,0,1
C23132,2025,9,September,4,3,0,1
C23132,2025,10,October,5,4,0,1
C23132,2025,12,December,6,5,0,1
C23133,2024,10,October,1,1,1,0
C23133,2025,9,September,2,1,0,0
C23133,2025,10,October,3,3,0,1
C23134,2024,9,September,1,1,1,0
C23134,2024,11,November,2,2,0,1
C23134,2025,2,February,3,3,0,1
C23134,2025,9,September,4,3,0,1
C23135,2024,7,July,1,1,1,0
C23135,2024,9,September,2,2,0,1
C23135,2024,12,December,3,3,0,1
C23136,2025,11,November,1,1,1,0
C23139,2024,7,July,1,1,1,0
C23139,2025,12,December,2,2,0,1
C23140,2025,3,March,1,1,1,0
C23140,2025,8,August,2,2,0,1
C23140,2025,10,October,4,2,0,1
C23141,2024,10,October,1,1,1,0
C23142,2024,11,November,1,1,1,0
C23142,2025,4,April,2,2,0,1
C23143,2024,10,October,1,1,1,0
C23143,2024,12,December,2,3,0,1
C23143,2025,3,March,4,4,0,1
C23143,2025,4,April,5,4,0,1
C23143,2025,6,June,6,5,0,1
C23143,2025,12,December,7,6,0,1
C23144,2024,9,September,1,1,1,0
C23144,2025,9,September,2,2,0,1
C23144,2025,11,November,3,3,0,1
C23145,2025,7,July,1,1,1,0
C23146,2024,9,September,1,1,1,0
C23146,2024,10,October,2,1,0,0
C23146,2024,11,November,3,2,0,1
C23147,2024,12,December,1,1,1,0
C23147,2025,5,May,2,2,0,1
C23147,2025,8,August,3,3,0,1
C23147,2025,12,December,4,4,0,1
C23148,2024,7,July,1,1,1,0
C23148,2024,9,September,2,2,0,1
C23148,2024,11,November,3,3,0,1
C23148,2024,12,December,4,3,0,1
C23148,2025,2,February,6,5,0,1
C23148,2025,4,April,8,5,0,1
C23148,2025,5,May,9,6,0,1
C23148,2025,7,July,10,6,0,1
C23148,2025,10,October,12,8,0,1
C23148,2025,11,November,14,9,0,1
C23149,2025,6,June,1,1,1,0
C23149,2025,7,July,2,1,0,0
C23149,2025,8,August,3,2,0,1
C23150,2024,7,July,1,0,1,0
C23150,2024,9,September,2,0,0,0
C23150,2024,10,October,3,1,0,0
C23150,2024,11,November,4,3,0,1
C23150,2025,5,May,6,4,0,1
C23150,2025,10,October,7,5,0,1
C23150,2025,12,December,8,6,0,1
C23151,2024,8,August,1,1,1,0
C23151,2024,10,October,2,2,0,1
C23151,2025,2,February,3,3,0,1
C23151,2025,8,August,4,4,0,1
C23152,2024,7,July,1,0,1,0
C23152,2024,9,September,2,0,0,0
C23152,2024,10,October,3,0,0,0
C23152,2025,3,March,4,1,0,0
C23152,2025,4,April,5,2,0,1
C23153,2024,9,September,1,1,1,0
C23153,2025,4,April,2,2,0,1
C23153,2025,5,May,3,2,0,1
C23153,2025,8,August,4,3,0,1
C23153,2025,12,December,5,4,0,1
C23154,2024,7,July,1,1,1,0
C23154,2024,9,September,2,2,0,1
C23154,2024,11,November,3,4,0,1
C23155,2025,2,February,1,1,1,0
C23155,2025,10,October,2,2,0,1
C23156,2025,8,August,1,1,1,0
C23156,2025,9,September,2,2,0,1
C23157,2024,9,September,1,1,1,0
C23157,2025,10,October,2,1,0,0
C23158,2024,8,August,1,1,1,0
C23158,2025,6,June,2,2,0,1
C23159,2025,6,June,1,1,1,0
C23160,2024,7,July,1,1,1,0
C23160,2024,9,September,2,1,0,0
C23161,2024,9,September,1,1,1,0
C23161,2024,10,October,2,2,0,1
C23161,2025,3,March,3,3,0,1
C23161,2025,5,May,5,4,0,1
C23161,2025,7,July,6,5,0,1
C23161,2025,8,August,7,6,0,1
C23161,2025,10,October,8,7,0,1
C23161,2025,11,November,9,8,0,1
C23162,2024,12,December,1,1,1,0
C23162,2025,2,February,2,2,0,1
C23162,2025,3,March,3,3,0,1
C23162,2025,11,November,4,4,0,1
C23163,2024,7,July,1,1,1,0
C23163,2025,1,January,2,2,0,1
C23164,2025,1,January,1,1,1,0
C23164,2025,10,October,2,2,0,1
C23164,2025,12,December,3,3,0,1
C23165,2025,3,March,1,0,1,0
C23165,2025,10,October,2,1,0,0
C23165,2025,11,November,4,2,0,1
C23166,2024,7,July,1,1,1,0
C23166,2024,11,November,2,3,0,1
C23166,2025,2,February,4,4,0,1
C23166,2025,6,June,5,5,0,1
C23166,2025,8,August,6,8,0,1
C23166,2025,9,September,9,9,0,1
C23167,2024,12,December,1,2,0,1
C23167,2025,2,February,3,3,0,1
C23168,2024,7,July,1,1,1,0
C23168,2024,9,September,2,2,0,1
C23168,2024,11,November,3,2,0,1
C23168,2024,12,December,4,3,0,1
C23168,2025,1,January,5,4,0,1
C23168,2025,7,July,6,4,0,1
C23168,2025,9,September,7,5,0,1
C23168,2025,10,October,8,6,0,1
C23169,2025,1,January,1,1,1,0
C23169,2025,10,October,2,2,0,1
C23170,2024,10,October,1,1,1,0
C23170,2025,4,April,2,2,0,1
C23170,2025,7,July,3,2,0,1
C23170,2025,8,August,4,3,0,1
C23170,2025,11,November,5,4,0,1
C23171,2024,7,July,1,1,1,0
C23171,2025,1,January,2,2,0,1
C23171,2025,6,June,3,3,0,1
C23171,2025,8,August,4,3,0,1
C23171,2025,11,November,5,3,0,1
C23172,2024,9,September,1,1,1,0
C23172,2025,2,February,2,2,0,1
C23172,2025,10,October,3,3,0,1
C23173,2024,7,July,1,1,1,0
C23173,2025,1,January,2,1,0,0
C23173,2025,3,March,3,2,0,1
C23173,2025,5,May,4,3,0,1
C23174,2024,10,October,1,1,1,0
C23174,2025,5,May,2,2,0,1
C23174,2025,11,November,3,3,0,1
C23176,2024,7,July,1,1,1,0
C23176,2024,12,December,2,2,0,1
C23176,2025,1,January,3,3,0,1
C23176,2025,2,February,4,4,0,1
C23176,2025,5,May,5,5,0,1
C23176,2025,8,August,6,6,0,1
C23176,2025,11,November,7,7,0,1
C23177,2024,9,September,1,1,1,0
C23177,2024,10,October,2,2,0,1
C23178,2024,11,November,1,2,0,1
C23178,2025,9,September,3,3,0,1
C23179,2024,11,November,1,1,1,0
C23179,2025,4,April,2,2,0,1
C23179,2025,9,September,3,3,0,1
C23179,2025,12,December,4,4,0,1
C23180,2024,9,September,1,2,0,1
C23180,2025,2,February,3,3,0,1
C23181,2024,12,December,1,1,1,0
C23181,2025,2,February,2,2,0,1
C23181,2025,8,August,3,3,0,1
C23181,2025,9,September,4,3,0,1
C23181,2025,10,October,5,4,0,1
C23182,2024,7,July,1,1,1,0
C23182,2024,8,August,2,2,0,1
C23182,2024,9,September,3,3,0,1
C23182,2024,12,December,4,4,0,1
C23182,2025,1,January,5,4,0,1
C23182,2025,4,April,6,5,0,1
C23182,2025,9,September,7,7,0,1
C23183,2024,8,August,1,1,1,0
C23183,2024,9,September,2,1,0,0
C23183,2024,11,November,4,4,0,1
C23183,2024,12,December,7,4,0,1
C23183,2025,1,January,8,5,0,1
C23183,2025,4,April,9,6,0,1
C23183,2025,7,July,10,7,0,1
C23183,2025,10,October,11,8,0,1
C23183,2025,11,November,12,9,0,1
C23184,2025,3,March,1,1,1,0
C23184,2025,12,December,2,2,0,1
C23185,2025,1,January,1,1,1,0
C23185,2025,9,September,2,2,0,1
C23186,2024,11,November,1,1,1,0
C23186,2024,12,December,2,2,0,1
C23186,2025,5,May,3,2,0,1
C23186,2025,7,July,4,2,0,1
C23187,2024,7,July,1,0,1,0
C23187,2024,8,August,2,1,0,0
C23187,2024,10,October,3,2,0,1
C23187,2025,2,February,4,3,0,1
C23187,2025,9,September,5,4,0,1
C23188,2025,7,July,1,1,1,0
C23188,2025,8,August,2,2,0,1
C23189,2024,9,September,1,1,1,0
C23189,2025,6,June,2,3,0,1
C23190,2025,8,August,1,1,1,0
C23191,2024,7,July,1,1,1,0
C23191,2024,12,December,2,2,0,1
C23191,2025,1,January,3,3,0,1
C23191,2025,5,May,5,3,0,1
C23191,2025,10,October,6,3,0,1
C23192,2024,8,August,1,1,1,0
C23192,2025,3,March,2,2,0,1
C23192,2025,11,November,3,4,0,1
C23193,2024,7,July,1,1,1,0
C23193,2025,1,January,2,2,0,1
C23193,2025,5,May,3,4,0,1
C23193,2025,6,June,5,5,0,1
C23193,2025,7,July,6,7,0,1
C23193,2025,8,August,8,7,0,1
C23193,2025,12,December,9,7,0,1
C23194,2024,8,August,1,1,1,0
C23194,2024,12,December,2,2,0,1
C23194,2025,5,May,3,3,0,1
C23194,2025,11,November,4,4,0,1
C23195,2025,7,July,1,1,1,0
C23195,2025,11,November,2,2,0,1
C23196,2025,2,February,1,0,1,0
C23196,2025,6,June,2,1,0,0
C23196,2025,8,August,3,2,0,1
C23196,2025,9,September,4,3,0,1
C23197,2024,7,July,1,1,1,0
C23197,2024,9,September,2,1,0,0
C23197,2025,9,September,3,2,0,1
C23197,2025,10,October,4,2,0,1
C23197,2025,11,November,5,3,0,1
C23198,2024,8,August,1,1,1,0
C23198,2024,11,November,2,2,0,1
C23198,2025,1,January,3,3,0,1
C23198,2025,8,August,4,4,0,1
C23198,2025,12,December,5,5,0,1
C23199,2024,7,July,1,1,1,0
C23199,2025,1,January,2,1,0,0
C23199,2025,4,April,3,1,0,0
C23199,2025,6,June,4,2,0,1
C23200,2024,11,November,1,1,1,0
C23200,2025,4,April,2,2,0,1
C23200,2025,7,July,3,3,0,1
C23200,2025,8,August,4,3,0,1
C23201,2024,7,July,1,1,1,0
C23201,2025,7,July,3,2,0,1
C23201,2025,9,September,4,3,0,1
C23201,2025,10,October,5,5,0,1
C23202,2025,1,January,1,1,1,0
C23202,2025,7,July,2,2,0,1
C23202,2025,9,September,4,3,0,1
C23203,2024,8,August,1,0,1,0
C23203,2024,9,September,2,1,0,0
C23203,2024,11,November,3,2,0,1
C23203,2025,2,February,4,3,0,1
C23203,2025,6,June,5,6,0,1
C23204,2024,7,July,1,1,1,0
C23204,2025,1,January,2,2,0,1
C23204,2025,6,June,3,3,0,1
C23204,2025,11,November,4,4,0,1
C23205,2024,12,December,1,1,1,0
C23205,2025,1,January,2,2,0,1
C23205,2025,8,August,3,3,0,1
C23206,2024,7,July,1,1,1,0
C23206,2024,12,December,2,1,0,0
C23206,2025,2,February,3,2,0,1
C23206,2025,3,March,4,3,0,1
C23206,2025,8,August,5,4,0,1
C23206,2025,9,September,6,4,0,1
C23206,2025,11,November,7,4,0,1
C23207,2025,1,January,1,2,0,1
C23207,2025,2,February,3,3,0,1
C23207,2025,7,July,4,3,0,1
C23207,2025,9,September,5,4,0,1
C23207,2025,12,December,6,5,0,1
C23208,2024,10,October,1,1,1,0
C23208,2024,11,November,2,2,0,1
C23208,2025,6,June,3,2,0,1
C23208,2025,10,October,4,3,0,1
C23209,2024,7,July,1,1,1,0
C23209,2025,6,June,3,3,0,1
C23210,2024,9,September,1,2,0,1
C23210,2025,4,April,3,3,0,1
C23210,2025,6,June,4,4,0,1
C23210,2025,9,September,5,5,0,1
C23211,2025,3,March,1,0,1,0
C23211,2025,4,April,2,1,0,0
C23211,2025,5,May,3,2,0,1
C23211,2025,6,June,4,3,0,1
C23211,2025,8,August,5,4,0,1
C23212,2024,10,October,1,1,1,0
C23212,2025,1,January,3,2,0,1
C23213,2024,7,July,1,0,1,0
C23213,2024,11,November,2,1,0,0
C23214,2025,1,January,1,1,1,0
C23214,2025,5,May,2,2,0,1
C23215,2024,8,August,1,1,1,0
C23215,2024,10,October,2,2,0,1
C23216,2024,12,December,1,0,1,0
C23216,2025,4,April,2,1,0,0
C23216,2025,8,August,3,2,0,1
C23217,2024,10,October,1,1,1,0
C23217,2025,1,January,2,2,0,1
C23218,2024,10,October,1,1,1,0
C23218,2024,11,November,2,2,0,1
C23218,2024,12,December,3,3,0,1
C23218,2025,1,January,4,4,0,1
C23218,2025,2,February,5,5,0,1
C23218,2025,4,April,6,5,0,1
C23219,2024,12,December,1,0,1,0
C23219,2025,2,February,2,1,0,0
C23219,2025,3,March,3,2,0,1
C23219,2025,5,May,4,2,0,1
C23219,2025,6,June,5,3,0,1
C23220,2024,8,August,1,1,1,0
C23220,2024,9,September,2,2,0,1
C23220,2024,10,October,3,2,0,1
C23220,2025,1,January,4,3,0,1
C23220,2025,2,February,5,5,0,1
C23221,2024,8,August,1,1,1,0
C23221,2024,9,September,2,2,0,1
C23221,2024,12,December,3,3,0,1
C23221,2025,1,January,4,5,0,1
C23221,2025,4,April,6,6,0,1
C23221,2025,12,December,7,7,0,1
C23222,2024,9,September,1,1,1,0
C23223,2024,8,August,1,1,1,0
C23223,2025,9,September,2,2,0,1
C23224,2025,1,January,1,1,1,0
C23224,2025,6,June,2,2,0,1
C23224,2025,10,October,3,3,0,1
C23225,2024,12,December,1,0,1,0
C23225,2025,4,April,2,0,0,0
C23225,2025,9,September,3,1,0,0
C23226,2024,7,July,1,1,1,0
C23226,2025,1,January,2,2,0,1
C23226,2025,4,April,3,3,0,1
C23226,2025,5,May,4,4,0,1
C23226,2025,6,June,5,5,0,1
C23227,2024,12,December,1,1,1,0
C23227,2025,7,July,2,3,0,1
C23227,2025,8,August,4,4,0,1
C23228,2024,7,July,1,1,1,0
C23228,2024,9,September,2,1,0,0
C23228,2024,10,October,3,2,0,1
C23228,2025,4,April,4,3,0,1
C23228,2025,7,July,5,5,0,1
C23229,2025,1,January,1,1,1,0
C23230,2024,7,July,1,1,1,0
C23230,2024,9,September,2,2,0,1
C23230,2024,11,November,3,3,0,1
C23230,2025,10,October,4,4,0,1
C23231,2025,1,January,1,1,1,0
C23231,2025,4,April,2,2,0,1
C23231,2025,7,July,3,3,0,1
C23231,2025,8,August,4,4,0,1
C23232,2024,7,July,1,1,1,0
C23232,2025,6,June,2,2,0,1
C23233,2025,1,January,1,0,1,0
C23234,2024,9,September,1,2,0,1
C23234,2025,1,January,3,4,0,1
C23234,2025,2,February,5,5,0,1
C23234,2025,4,April,6,6,0,1
C23234,2025,7,July,7,7,0,1
C23234,2025,9,September,8,8,0,1
C23235,2024,8,August,1,0,1,0
C23236,2024,10,October,1,1,1,0
C23236,2024,11,November,3,2,0,1
C23236,2025,6,June,4,3,0,1
C23236,2025,9,September,5,4,0,1
C23236,2025,12,December,6,5,0,1
C23237,2024,7,July,1,0,1,0
C23237,2025,1,January,3,1,0,0
C23237,2025,6,June,4,1,0,0
C23237,2025,8,August,5,2,0,1
C23238,2024,10,October,1,0,1,0
C23238,2025,1,January,2,1,0,0
C23238,2025,8,August,3,2,0,1
C23238,2025,10,October,4,3,0,1
C23240,2024,12,December,1,0,1,0
C23240,2025,9,September,2,1,0,0
C23240,2025,12,December,3,2,0,1
C23241,2024,12,December,1,1,1,0
C23241,2025,7,July,2,2,0,1
C23241,2025,8,August,3,3,0,1
C23241,2025,10,October,4,4,0,1
C23241,2025,12,December,5,6,0,1
C23242,2024,12,December,1,1,1,0
C23242,2025,12,December,2,2,0,1
C23243,2024,10,October,1,1,1,0
C23243,2025,8,August,2,2,0,1
C23243,2025,12,December,3,2,0,1
C23244,2025,7,July,1,0,1,0
C23245,2025,5,May,1,0,1,0
C23246,2025,7,July,1,1,1,0
C23246,2025,12,December,2,3,0,1
C23247,2024,12,December,1,1,1,0
C23247,2025,3,March,2,1,0,0
C23247,2025,5,May,3,2,0,1
C23247,2025,8,August,4,3,0,1
C23248,2024,8,August,1,1,1,0
C23248,2024,10,October,2,2,0,1
C23249,2024,10,October,1,1,1,0
C23249,2024,11,November,2,2,0,1
C23249,2024,12,December,3,3,0,1
C23249,2025,2,February,4,4,0,1
C23249,2025,5,May,5,5,0,1
C23249,2025,8,August,6,5,0,1
C23250,2024,8,August,1,1,1,0
C23250,2024,11,November,2,1,0,0
C23251,2024,9,September,1,1,1,0
C23251,2024,11,November,2,2,0,1
C23251,2025,1,January,3,3,0,1
C23251,2025,3,March,4,4,0,1
C23251,2025,10,October,5,5,0,1
C23251,2025,12,December,6,6,0,1
C23252,2024,12,December,1,1,1,0
C23252,2025,2,February,2,2,0,1
C23253,2024,9,September,1,1,1,0
C23253,2024,11,November,2,2,0,1
C23253,2025,1,January,3,3,0,1
C23254,2024,7,July,1,1,1,0
C23254,2024,12,December,2,2,0,1
C23254,2025,4,April,3,3,0,1
C23255,2025,12,December,1,2,0,1
C23256,2024,7,July,1,1,1,0
C23256,2024,9,September,2,2,0,1
C23256,2024,10,October,3,3,0,1
C23256,2025,5,May,4,3,0,1
C23256,2025,6,June,6,4,0,1
C23256,2025,8,August,7,5,0,1
C23256,2025,11,November,8,7,0,1
C23257,2024,12,December,1,1,1,0
C23257,2025,1,January,2,2,0,1
C23257,2025,12,December,3,3,0,1
C23258,2025,2,February,1,1,1,0
C23258,2025,6,June,2,2,0,1
C23259,2024,12,December,1,1,1,0
C23259,2025,10,October,3,3,0,1
C23260,2024,9,September,1,1,1,0
C23260,2025,4,April,2,2,0,1
C23261,2024,9,September,1,1,1,0
C23261,2024,10,October,2,2,0,1
C23261,2025,8,August,3,2,0,1
C23262,2025,7,July,1,1,1,0
C23262,2025,8,August,2,2,0,1
C23263,2024,8,August,1,0,1,0
C23263,2024,9,September,2,1,0,0
C23263,2024,10,October,3,2,0,1
C23264,2024,11,November,1,1,1,0
C23264,2024,12,December,2,2,0,1
C23264,2025,10,October,3,3,0,1
C23265,2024,8,August,1,1,1,0
C23265,2024,10,October,2,2,0,1
C23265,2024,11,November,3,2,0,1
C23265,2025,4,April,4,3,0,1
C23265,2025,6,June,5,4,0,1
C23265,2025,9,September,6,6,0,1
C23266,2024,10,October,1,1,1,0
C23266,2025,8,August,2,2,0,1
C23266,2025,11,November,3,2,0,1
C23266,2025,12,December,4,2,0,1
C23267,2024,7,July,1,1,1,0
C23267,2024,8,August,2,2,0,1
C23267,2025,4,April,3,3,0,1
C23267,2025,5,May,4,4,0,1
C23267,2025,6,June,5,5,0,1
C23267,2025,9,September,6,6,0,1
C23267,2025,11,November,7,6,0,1
C23268,2024,12,December,1,1,1,0
C23268,2025,3,March,2,2,0,1
C23268,2025,6,June,3,4,0,1
C23268,2025,9,September,5,5,0,1
C23269,2024,10,October,1,1,1,0
C23269,2025,6,June,2,1,0,0
C23269,2025,9,September,3,2,0,1
C23269,2025,10,October,4,3,0,1
C23270,2024,9,September,1,1,1,0
C23270,2024,12,December,2,2,0,1
C23270,2025,3,March,4,3,0,1
C23270,2025,8,August,5,4,0,1
C23270,2025,9,September,6,5,0,1
C23270,2025,10,October,7,5,0,1
C23270,2025,11,November,8,5,0,1
C23271,2025,6,June,1,1,1,0
C23271,2025,9,September,2,2,0,1
C23271,2025,10,October,3,3,0,1
C23272,2024,12,December,1,1,1,0
C23272,2025,7,July,2,2,0,1
C23272,2025,11,November,3,3,0,1
C23273,2024,10,October,1,1,1,0
C23274,2025,5,May,1,0,1,0
C23274,2025,11,November,2,1,0,0
C23275,2024,12,December,1,2,0,1
C23276,2025,3,March,1,1,1,0
C23276,2025,9,September,2,2,0,1
C23276,2025,10,October,3,4,0,1
C23276,2025,12,December,5,4,0,1
C23277,2024,8,August,1,2,0,1
C23277,2024,11,November,3,2,0,1
C23277,2024,12,December,4,3,0,1
C23277,2025,5,May,5,4,0,1
C23277,2025,7,July,6,5,0,1
C23278,2024,7,July,1,1,1,0
C23278,2024,9,September,2,1,0,0
C23279,2024,11,November,1,1,1,0
C23279,2025,3,March,3,2,0,1
C23279,2025,10,October,4,3,0,1
C23280,2025,4,April,1,1,1,0
C23280,2025,5,May,2,2,0,1
C23280,2025,9,September,3,3,0,1
C23280,2025,12,December,4,4,0,1
C23281,2024,10,October,1,1,1,0
C23282,2025,3,March,1,1,1,0
C23282,2025,4,April,2,2,0,1
C23282,2025,7,July,3,5,0,1
C23282,2025,9,September,6,6,0,1
C23283,2024,10,October,1,1,1,0
C23283,2025,1,January,2,2,0,1
C23283,2025,3,March,3,3,0,1
C23283,2025,6,June,4,4,0,1
C23283,2025,10,October,5,5,0,1
C23284,2024,8,August,1,1,1,0
C23284,2024,9,September,2,2,0,1
C23284,2024,11,November,3,3,0,1
C23284,2025,7,July,4,4,0,1
C23284,2025,8,August,5,4,0,1
C23284,2025,11,November,6,5,0,1
C23285,2024,8,August,1,1,1,0
C23285,2024,10,October,2,2,0,1
C23285,2025,5,May,3,3,0,1
C23285,2025,7,July,4,5,0,1
C23286,2024,8,August,1,1,1,0
C23286,2025,4,April,2,2,0,1
C23286,2025,11,November,3,3,0,1
C23287,2024,11,November,1,1,1,0
C23287,2025,4,April,2,2,0,1
C23287,2025,11,November,3,4,0,1
C23288,2024,11,November,1,1,1,0
C23288,2025,2,February,2,3,0,1
C23288,2025,4,April,4,4,0,1
C23288,2025,5,May,5,6,0,1
C23288,2025,8,August,7,7,0,1
C23288,2025,9,September,9,8,0,1
C23288,2025,10,October,10,8,0,1
C23288,2025,12,December,11,8,0,1
C23289,2024,10,October,1,0,1,0
C23289,2024,11,November,2,1,0,0
C23289,2025,4,April,3,1,0,0
C23289,2025,7,July,4,2,0,1
C23289,2025,8,August,5,3,0,1
C23290,2024,11,November,1,1,1,0
C23290,2025,3,March,2,2,0,1
C23291,2025,10,October,1,0,1,0
C23292,2025,9,September,1,1,1,0
C23293,2024,8,August,1,1,1,0
C23294,2024,10,October,1,1,1,0
C23296,2024,9,September,1,1,1,0
C23296,2024,11,November,2,2,0,1
C23296,2025,9,September,3,2,0,1
C23296,2025,10,October,4,3,0,1
C23297,2024,9,September,1,0,1,0
C23297,2024,11,November,2,0,0,0
C23297,2025,12,December,3,1,0,0
C23298,2025,1,January,1,1,1,0
C23298,2025,3,March,2,2,0,1
C23298,2025,10,October,3,3,0,1
C23298,2025,11,November,4,5,0,1
C23300,2025,4,April,1,1,1,0
C23300,2025,7,July,2,2,0,1
C23300,2025,11,November,3,3,0,1
C23300,2025,12,December,4,4,0,1
C23301,2024,11,November,1,0,1,0
C23302,2025,12,December,1,1,1,0
C23303,2025,11,November,1,1,1,0
C23303,2025,12,December,2,2,0,1
C23304,2024,8,August,1,0,1,0
C23304,2024,9,September,2,0,0,0
C23304,2025,1,January,3,1,0,0
C23304,2025,10,October,4,2,0,1
C23305,2025,2,February,1,1,1,0
C23306,2025,8,August,1,1,1,0
C23307,2024,11,November,1,1,1,0
C23307,2025,2,February,2,2,0,1
C23307,2025,4,April,3,3,0,1
C23307,2025,11,November,4,4,0,1
C23307,2025,12,December,5,5,0,1
C23308,2025,1,January,1,1,1,0
C23308,2025,2,February,2,2,0,1
C23308,2025,5,May,3,3,0,1
C23308,2025,6,June,4,4,0,1
C23309,2025,4,April,1,1,1,0
C23310,2024,9,September,1,0,1,0
C23310,2024,11,November,2,1,0,0
C23310,2025,2,February,4,2,0,1
C23310,2025,5,May,5,2,0,1
C23310,2025,8,August,6,3,0,1
C23310,2025,10,October,7,3,0,1
C23311,2024,9,September,1,1,1,0
C23311,2025,2,February,2,2,0,1
C23311,2025,3,March,3,3,0,1
C23311,2025,6,June,4,4,0,1
C23311,2025,9,September,5,4,0,1
C23313,2024,7,July,1,1,1,0
C23313,2024,9,September,2,2,0,1
C23313,2025,3,March,3,3,0,1
C23313,2025,7,July,4,4,0,1
C23313,2025,9,September,5,5,0,1
C23314,2025,1,January,1,1,1,0
C23314,2025,11,November,2,1,0,0
C23315,2024,8,August,1,0,1,0
C23315,2024,9,September,2,1,0,0
C23315,2024,10,October,3,1,0,0
C23315,2025,1,January,4,2,0,1
C23315,2025,6,June,5,3,0,1
C23315,2025,11,November,6,4,0,1
C23315,2025,12,December,7,5,0,1
C23316,2024,7,July,1,0,1,0
C23316,2025,2,February,2,1,0,0
C23316,2025,7,July,3,2,0,1
C23317,2024,8,August,1,1,1,0
C23317,2024,10,October,2,2,0,1
C23317,2025,1,January,3,3,0,1
C23317,2025,2,February,5,4,0,1
C23317,2025,3,March,7,5,0,1
C23317,2025,4,April,8,6,0,1
C23317,2025,8,August,9,7,0,1
C23317,2025,10,October,10,8,0,1
C23318,2024,8,August,1,1,1,0
C23318,2025,1,January,2,2,0,1
C23318,2025,12,December,3,3,0,1
C23319,2024,9,September,1,1,1,0
C23319,2025,9,September,2,2,0,1
C23320,2024,8,August,1,1,1,0
C23320,2025,5,May,2,2,0,1
C23320,2025,6,June,3,3,0,1
C23320,2025,8,August,4,5,0,1
C23320,2025,11,November,7,5,0,1
C23321,2025,8,August,1,1,1,0
C23321,2025,9,September,2,2,0,1
C23321,2025,10,October,3,3,0,1
C23322,2025,2,February,1,1,1,0
C23322,2025,10,October,2,2,0,1
C23322,2025,12,December,3,3,0,1
C23324,2025,6,June,1,1,1,0
C23324,2025,7,July,2,2,0,1
C23324,2025,8,August,3,3,0,1
C23325,2025,2,February,1,1,1,0
C23325,2025,6,June,2,2,0,1
C23325,2025,8,August,3,3,0,1
C23325,2025,12,December,4,4,0,1
C23326,2024,7,July,1,0,1,0
C23326,2025,1,January,2,0,0,0
C23327,2025,2,February,1,1,1,0
C23327,2025,4,April,2,2,0,1
C23328,2024,8,August,1,2,0,1
C23328,2024,10,October,4,3,0,1
C23328,2025,1,January,5,4,0,1
C23328,2025,7,July,6,5,0,1
C23328,2025,8,August,7,6,0,1
C23328,2025,12,December,8,7,0,1
C23329,2024,8,August,1,0,1,0
C23329,2025,1,January,2,1,0,0
C23329,2025,3,March,3,2,0,1
C23329,2025,4,April,4,2,0,1
C23329,2025,7,July,5,3,0,1
C23330,2024,11,November,1,1,1,0
C23330,2024,12,December,2,1,0,0
C23330,2025,3,March,3,2,0,1
C23331,2024,10,October,1,0,1,0
C23332,2024,7,July,1,1,1,0
C23332,2025,1,January,2,2,0,1
C23332,2025,4,April,3,3,0,1
C23332,2025,6,June,4,5,0,1
C23332,2025,8,August,6,6,0,1
C23332,2025,10,October,7,8,0,1
C23333,2024,7,July,1,1,1,0
C23333,2024,10,October,2,2,0,1
C23333,2025,3,March,3,2,0,1
C23333,2025,6,June,4,2,0,1
C23334,2025,3,March,1,0,1,0
C23334,2025,12,December,2,1,0,0
C23335,2024,8,August,1,1,1,0
C23335,2025,5,May,2,1,0,0
C23335,2025,8,August,3,1,0,0
C23335,2025,10,October,4,3,0,1
C23335,2025,12,December,6,4,0,1
C23336,2025,2,February,1,1,1,0
C23337,2024,9,September,1,1,1,0
C23337,2024,10,October,2,2,0,1
C23337,2025,9,September,3,3,0,1
C23337,2025,12,December,4,4,0,1
C23338,2025,9,September,1,1,1,0
C23338,2025,12,December,2,2,0,1
C23339,2024,10,October,1,0,1,0
C23340,2024,9,September,1,1,1,0
C23340,2025,7,July,2,2,0,1
C23340,2025,8,August,3,3,0,1
C23341,2024,8,August,1,1,1,0
C23341,2025,3,March,2,2,0,1
C23341,2025,6,June,3,3,0,1
C23341,2025,8,August,4,4,0,1
C23341,2025,9,September,5,5,0,1
C23341,2025,11,November,6,6,0,1
C23342,2024,8,August,1,1,1,0
C23342,2025,8,August,2,2,0,1
C23342,2025,12,December,3,3,0,1
C23343,2024,11,November,1,1,1,0
C23343,2025,5,May,2,2,0,1
C23343,2025,6,June,3,3,0,1
C23344,2025,1,January,1,1,1,0
C23344,2025,7,July,2,2,0,1
C23344,2025,10,October,3,3,0,1
C23345,2024,10,October,1,1,1,0
C23345,2025,5,May,2,2,0,1
C23345,2025,8,August,3,3,0,1
C23345,2025,11,November,4,4,0,1
C23346,2025,4,April,1,1,1,0
C23346,2025,10,October,2,3,0,1
C23347,2025,1,January,1,0,1,0
C23347,2025,6,June,2,0,0,0
C23347,2025,8,August,3,1,0,0
C23348,2025,3,March,1,1,1,0
C23348,2025,4,April,2,2,0,1
C23351,2025,5,May,1,0,1,0
C23351,2025,8,August,2,0,0,0
C23351,2025,9,September,3,1,0,0
C23351,2025,10,October,4,2,0,1
C23352,2025,7,July,1,1,1,0
C23352,2025,8,August,2,2,0,1
C23353,2024,9,September,1,0,1,0
C23353,2024,10,October,2,0,0,0
C23353,2025,1,January,3,0,0,0
C23353,2025,4,April,4,1,0,0
C23353,2025,7,July,5,2,0,1
C23354,2024,9,September,1,1,1,0
C23354,2024,11,November,2,2,0,1
C23354,2025,1,January,3,3,0,1
C23354,2025,12,December,4,4,0,1
C23355,2024,7,July,1,0,1,0
C23355,2024,10,October,2,1,0,0
C23355,2024,11,November,3,2,0,1
C23355,2025,3,March,4,2,0,1
C23355,2025,4,April,5,4,0,1
C23355,2025,6,June,7,5,0,1
C23355,2025,7,July,8,6,0,1
C23355,2025,10,October,9,8,0,1
C23356,2024,7,July,1,1,1,0
C23356,2024,8,August,2,2,0,1
C23356,2024,12,December,3,3,0,1
C23356,2025,11,November,4,4,0,1
C23357,2024,10,October,1,1,1,0
C23357,2024,11,November,2,2,0,1
C23357,2025,2,February,3,3,0,1
C23357,2025,5,May,4,4,0,1
C23357,2025,9,September,5,5,0,1
C23358,2024,10,October,1,1,1,0
C23358,2025,8,August,2,4,0,1
C23359,2024,7,July,1,1,1,0
C23359,2025,1,January,2,2,0,1
C23359,2025,11,November,3,3,0,1
C23360,2024,7,July,1,0,1,0
C23361,2024,8,August,1,1,1,0
C23361,2025,8,August,2,2,0,1
C23361,2025,9,September,4,4,0,1
C23362,2024,10,October,1,1,1,0
C23363,2024,8,August,1,1,1,0
C23363,2024,10,October,2,2,0,1
C23363,2024,12,December,3,3,0,1
C23363,2025,3,March,4,3,0,1
C23364,2024,8,August,1,0,1,0
C23364,2025,4,April,2,1,0,0
C23364,2025,10,October,3,2,0,1
C23365,2025,4,April,1,2,0,1
C23365,2025,5,May,3,3,0,1
C23365,2025,6,June,4,4,0,1
C23365,2025,8,August,5,6,0,1
C23365,2025,9,September,7,7,0,1
C23365,2025,10,October,9,8,0,1
C23365,2025,12,December,10,9,0,1
C23366,2024,8,August,1,1,1,0
C23366,2024,9,September,2,2,0,1
C23366,2024,10,October,3,3,0,1
C23366,2024,11,November,4,4,0,1
C23366,2024,12,December,5,5,0,1
C23366,2025,6,June,6,6,0,1
C23366,2025,12,December,7,7,0,1
C23367,2024,12,December,1,2,0,1
C23367,2025,3,March,3,3,0,1
C23367,2025,7,July,4,4,0,1
C23369,2024,9,September,1,1,1,0
C23369,2024,11,November,2,1,0,0
C23369,2024,12,December,3,2,0,1
C23370,2024,10,October,1,1,1,0
C23370,2025,3,March,2,2,0,1
C23370,2025,6,June,3,4,0,1
C23370,2025,9,September,5,5,0,1
C23370,2025,11,November,6,6,0,1
C23371,2024,10,October,1,1,1,0
C23371,2025,12,December,2,2,0,1
C23373,2025,9,September,1,0,1,0
C23373,2025,10,October,2,1,0,0
C23374,2024,9,September,1,1,1,0
C23375,2024,7,July,1,1,1,0
C23375,2024,8,August,2,2,0,1
C23375,2024,9,September,3,2,0,1
C23375,2025,2,February,4,3,0,1
C23375,2025,3,March,5,4,0,1
C23376,2024,8,August,1,0,1,0
C23376,2024,12,December,2,0,0,0
C23376,2025,4,April,3,1,0,0
C23376,2025,9,September,4,1,0,0
C23376,2025,11,November,5,2,0,1
C23377,2024,11,November,1,1,1,0
C23377,2024,12,December,2,2,0,1
C23377,2025,5,May,3,3,0,1
C23378,2025,1,January,1,1,1,0
C23379,2024,7,July,1,1,1,0
C23379,2025,1,January,2,3,0,1
C23379,2025,5,May,4,4,0,1
C23379,2025,8,August,5,4,0,1
C23379,2025,10,October,6,6,0,1
C23379,2025,12,December,8,7,0,1
C23380,2024,8,August,1,1,1,0
C23381,2024,7,July,1,0,1,0
C23381,2025,2,February,2,1,0,0
C23381,2025,6,June,3,2,0,1
C23382,2024,8,August,1,1,1,0
C23382,2024,9,September,2,3,0,1
C23382,2025,1,January,4,5,0,1
C23382,2025,2,February,6,6,0,1
C23382,2025,7,July,7,7,0,1
C23382,2025,8,August,8,8,0,1
C23383,2025,4,April,1,0,1,0
C23383,2025,12,December,2,0,0,0
C23384,2025,2,February,1,1,1,0
C23385,2024,11,November,1,2,0,1
C23385,2025,1,January,3,3,0,1
C23385,2025,4,April,4,4,0,1
C23385,2025,5,May,5,4,0,1
C23385,2025,6,June,6,5,0,1
C23385,2025,9,September,7,5,0,1
C23386,2025,7,July,1,1,1,0
C23386,2025,9,September,2,2,0,1
C23387,2025,3,March,1,2,0,1
C23387,2025,12,December,3,3,0,1
C23388,2024,9,September,1,1,1,0
C23388,2024,11,November,2,3,0,1
C23388,2025,1,January,4,4,0,1
C23388,2025,3,March,5,5,0,1
C23389,2025,4,April,1,0,1,0
C23390,2024,9,September,1,1,1,0
C23390,2024,10,October,2,2,0,1
C23390,2024,11,November,3,5,0,1
C23390,2025,3,March,6,7,0,1
C23390,2025,5,May,8,8,0,1
C23390,2025,6,June,9,9,0,1
C23390,2025,8,August,10,10,0,1
C23390,2025,10,October,12,11,0,1
C23391,2025,2,February,1,1,1,0
C23391,2025,5,May,2,2,0,1
C23392,2024,7,July,1,1,1,0
C23392,2025,3,March,2,1,0,0
C23392,2025,10,October,3,2,0,1
C23393,2024,8,August,1,1,1,0
C23393,2024,9,September,2,2,0,1
C23393,2025,4,April,3,3,0,1
C23393,2025,7,July,4,3,0,1
C23394,2024,8,August,1,1,1,0
C23394,2024,9,September,2,2,0,1
C23394,2024,10,October,3,2,0,1
C23394,2025,11,November,4,3,0,1
C23394,2025,12,December,5,4,0,1
C23395,2025,1,January,1,1,1,0
C23395,2025,10,October,2,2,0,1
C23395,2025,12,December,3,3,0,1
C23396,2024,7,July,1,1,1,0
C23396,2025,2,February,3,2,0,1
C23396,2025,4,April,4,3,0,1
C23396,2025,6,June,5,4,0,1
C23397,2024,12,December,1,2,0,1
C23397,2025,1,January,3,5,0,1
C23397,2025,3,March,6,5,0,1
C23397,2025,5,May,7,7,0,1
C23397,2025,6,June,9,7,0,1
C23397,2025,11,November,10,8,0,1
C23398,2024,9,September,1,1,1,0
C23398,2025,8,August,2,2,0,1
C23398,2025,9,September,3,3,0,1
C23399,2024,11,November,1,1,1,0
C23399,2025,3,March,2,1,0,0
C23399,2025,5,May,3,2,0,1
C23399,2025,12,December,4,3,0,1
C23400,2025,6,June,1,1,1,0
C23400,2025,11,November,2,2,0,1
C23401,2024,10,October,1,1,1,0
C23401,2024,12,December,2,2,0,1
C23401,2025,6,June,3,3,0,1
C23401,2025,8,August,4,4,0,1
C23402,2025,7,July,1,1,1,0
C23403,2024,8,August,1,2,0,1
C23403,2024,12,December,3,3,0,1
C23404,2025,3,March,1,1,1,0
C23404,2025,4,April,2,2,0,1
C23405,2024,9,September,1,1,1,0
C23406,2024,9,September,1,1,1,0
C23406,2025,3,March,2,1,0,0
C23406,2025,5,May,3,2,0,1
C23406,2025,8,August,4,2,0,1
C23407,2024,9,September,1,1,1,0
C23407,2024,10,October,2,3,0,1
C23407,2024,12,December,4,4,0,1
C23407,2025,1,January,5,5,0,1
C23407,2025,2,February,6,7,0,1
C23408,2025,4,April,1,1,1,0
C23408,2025,9,September,2,2,0,1
C23408,2025,12,December,3,3,0,1
C23409,2024,11,November,1,2,0,1
C23409,2025,8,August,3,2,0,1
C23409,2025,9,September,4,3,0,1
C23410,2025,3,March,1,1,1,0
C23410,2025,7,July,2,2,0,1
C23410,2025,8,August,3,3,0,1
C23410,2025,9,September,4,4,0,1
C23410,2025,12,December,5,5,0,1
C23411,2024,7,July,1,1,1,0
C23411,2024,10,October,2,2,0,1
C23411,2024,11,November,3,3,0,1
C23411,2025,3,March,4,4,0,1
C23411,2025,4,April,5,5,0,1
C23411,2025,6,June,6,6,0,1
C23411,2025,8,August,7,7,0,1
C23411,2025,9,September,8,8,0,1
C23411,2025,10,October,9,9,0,1
C23411,2025,11,November,10,10,0,1
C23412,2024,8,August,1,0,1,0
C23412,2025,8,August,2,1,0,0
C23413,2024,10,October,1,1,1,0
C23413,2024,12,December,2,1,0,0
C23413,2025,2,February,3,2,0,1
C23413,2025,5,May,4,3,0,1
C23413,2025,6,June,6,4,0,1
C23413,2025,10,October,7,5,0,1
C23415,2024,9,September,1,1,1,0
C23415,2024,11,November,2,2,0,1
C23415,2025,2,February,3,2,0,1
C23415,2025,6,June,4,3,0,1
C23415,2025,9,September,5,3,0,1
C23416,2024,7,July,1,1,1,0
C23416,2025,3,March,2,2,0,1
C23416,2025,12,December,3,3,0,1
C23417,2025,2,February,1,1,1,0
C23417,2025,9,September,2,2,0,1
C23418,2025,3,March,1,1,1,0
C23419,2025,4,April,1,1,1,0
C23420,2025,11,November,1,0,1,0
C23421,2024,7,July,1,1,1,0
C23421,2024,9,September,2,2,0,1
C23421,2024,11,November,3,3,0,1
C23421,2024,12,December,4,4,0,1
C23422,2024,8,August,1,1,1,0
C23422,2024,10,October,2,2,0,1
C23423,2025,5,May,1,1,1,0
C23423,2025,10,October,2,2,0,1
C23424,2025,3,March,1,1,1,0
C23425,2024,10,October,1,1,1,0
C23425,2025,5,May,2,2,0,1
C23425,2025,6,June,3,4,0,1
C23425,2025,9,September,5,5,0,1
C23426,2025,2,February,1,1,1,0
C23426,2025,3,March,2,2,0,1
C23427,2024,10,October,1,0,1,0
C23427,2025,6,June,2,1,0,0
C23427,2025,7,July,3,2,0,1
C23428,2024,7,July,1,1,1,0
C23428,2024,12,December,2,3,0,1
C23428,2025,2,February,5,5,0,1
C23428,2025,4,April,7,6,0,1
C23428,2025,5,May,8,7,0,1
C23428,2025,6,June,9,9,0,1
C23428,2025,7,July,11,10,0,1
C23428,2025,9,September,13,10,0,1
C23429,2024,11,November,1,1,1,0
C23429,2025,2,February,3,3,0,1
C23429,2025,5,May,5,4,0,1
C23429,2025,6,June,6,6,0,1
C23429,2025,11,November,8,7,0,1
C23430,2024,11,November,1,1,1,0
C23430,2025,1,January,2,2,0,1
C23430,2025,5,May,3,4,0,1
C23430,2025,6,June,5,5,0,1
C23430,2025,10,October,6,6,0,1
C23431,2024,12,December,1,0,1,0
C23431,2025,7,July,2,0,0,0
C23431,2025,12,December,3,1,0,0
C23432,2024,7,July,1,1,1,0
C23432,2024,9,September,2,1,0,0
C23432,2024,11,November,3,3,0,1
C23433,2024,8,August,1,1,1,0
C23433,2024,10,October,2,2,0,1
C23433,2025,2,February,3,4,0,1
C23433,2025,3,March,5,5,0,1
C23433,2025,9,September,6,6,0,1
C23434,2024,10,October,1,1,1,0
C23434,2025,1,January,2,2,0,1
C23434,2025,3,March,3,3,0,1
C23434,2025,4,April,4,4,0,1
C23435,2024,7,July,1,1,1,0
C23435,2025,2,February,2,1,0,0
C23435,2025,3,March,3,1,0,0
C23435,2025,8,August,4,2,0,1
C23435,2025,9,September,5,3,0,1
C23435,2025,10,October,6,4,0,1
C23436,2024,7,July,1,1,1,0
C23436,2024,10,October,2,2,0,1
C23436,2024,11,November,3,4,0,1
C23436,2025,7,July,5,6,0,1
C23436,2025,11,November,7,7,0,1
C23437,2024,7,July,1,1,1,0
C23437,2024,10,October,2,2,0,1
C23437,2025,6,June,3,3,0,1
C23437,2025,8,August,4,4,0,1
C23437,2025,11,November,5,5,0,1
C23438,2024,7,July,1,1,1,0
C23438,2024,8,August,3,2,0,1
C23438,2024,10,October,4,3,0,1
C23438,2024,12,December,5,3,0,1
C23438,2025,1,January,6,4,0,1
C23438,2025,7,July,7,5,0,1
C23438,2025,9,September,8,7,0,1
C23438,2025,10,October,10,8,0,1
C23439,2025,6,June,1,0,1,0
C23439,2025,8,August,2,1,0,0
C23439,2025,12,December,3,1,0,0
C23440,2024,8,August,1,0,1,0
C23440,2024,9,September,2,1,0,0
C23440,2025,7,July,3,2,0,1
C23441,2024,7,July,1,1,1,0
C23441,2024,8,August,2,2,0,1
C23441,2024,11,November,3,3,0,1
C23441,2024,12,December,5,5,0,1
C23441,2025,1,January,7,6,0,1
C23441,2025,2,February,8,7,0,1
C23441,2025,5,May,9,8,0,1
C23441,2025,6,June,10,9,0,1
C23441,2025,7,July,11,9,0,1
C23441,2025,8,August,12,11,0,1
C23441,2025,11,November,14,12,0,1
C23441,2025,12,December,15,12,0,1
C23442,2024,12,December,1,1,1,0
C23442,2025,1,January,2,2,0,1
C23443,2024,7,July,1,1,1,0
C23443,2024,9,September,2,2,0,1
C23443,2024,10,October,3,3,0,1
C23443,2024,11,November,4,4,0,1
C23443,2024,12,December,5,5,0,1
C23443,2025,6,June,6,6,0,1
C23443,2025,8,August,7,8,0,1
C23443,2025,11,November,9,9,0,1
C23444,2025,5,May,1,1,1,0
C23444,2025,6,June,2,2,0,1
C23444,2025,8,August,3,3,0,1
C23444,2025,10,October,4,4,0,1
C23445,2024,11,November,1,1,1,0
C23445,2024,12,December,2,2,0,1
C23445,2025,2,February,3,3,0,1
C23446,2025,9,September,1,1,1,0
C23446,2025,11,November,2,2,0,1
C23447,2024,7,July,1,1,1,0
C23447,2025,11,November,2,2,0,1
C23448,2024,7,July,1,1,1,0
C23448,2024,9,September,2,2,0,1
C23449,2024,9,September,1,1,1,0
C23449,2024,10,October,2,2,0,1
C23449,2025,2,February,3,2,0,1
C23449,2025,6,June,4,3,0,1
C23449,2025,7,July,5,4,0,1
C23450,2024,8,August,1,1,1,0
C23450,2024,9,September,2,1,0,0
C23450,2025,8,August,3,2,0,1
C23450,2025,12,December,4,4,0,1
C23451,2024,11,November,1,1,1,0
C23451,2024,12,December,2,2,0,1
C23451,2025,3,March,3,3,0,1
C23451,2025,5,May,4,4,0,1
C23451,2025,7,July,5,5,0,1
C23451,2025,8,August,6,6,0,1
C23451,2025,9,September,7,7,0,1
C23451,2025,12,December,8,8,0,1
C23452,2024,8,August,1,0,1,0
C23452,2024,10,October,2,1,0,0
C23452,2025,10,October,3,2,0,1
C23453,2025,1,January,1,1,1,0
C23454,2024,7,July,1,1,1,0
C23454,2024,9,September,2,2,0,1
C23454,2024,12,December,3,3,0,1
C23454,2025,2,February,4,3,0,1
C23454,2025,8,August,5,4,0,1
C23454,2025,9,September,6,6,0,1
C23454,2025,10,October,8,7,0,1
C23454,2025,12,December,9,8,0,1
C23455,2025,6,June,1,1,1,0
C23456,2024,9,September,1,1,1,0
C23456,2024,10,October,2,2,0,1
C23456,2024,12,December,3,3,0,1
C23456,2025,10,October,4,5,0,1
C23456,2025,11,November,6,6,0,1
C23457,2025,4,April,1,1,1,0
C23457,2025,7,July,2,2,0,1
C23457,2025,8,August,3,3,0,1
C23457,2025,10,October,4,4,0,1
C23458,2024,8,August,1,0,1,0
C23458,2024,9,September,2,1,0,0
C23458,2024,12,December,3,1,0,0
C23458,2025,2,February,4,2,0,1
C23458,2025,10,October,5,3,0,1
C23458,2025,11,November,6,4,0,1
C23458,2025,12,December,7,5,0,1
C23459,2024,9,September,1,1,1,0
C23459,2025,3,March,2,2,0,1
C23460,2024,8,August,1,1,1,0
C23460,2024,9,September,2,2,0,1
C23461,2024,7,July,1,1,1,0
C23461,2024,11,November,2,3,0,1
C23461,2025,7,July,4,4,0,1
C23461,2025,12,December,5,4,0,1
C23462,2024,9,September,1,1,1,0
C23462,2025,8,August,2,2,0,1
C23462,2025,9,September,3,3,0,1
C23463,2024,7,July,1,0,1,0
C23463,2024,8,August,2,1,0,0
C23463,2024,9,September,3,2,0,1
C23463,2024,12,December,4,4,0,1
C23463,2025,2,February,7,5,0,1
C23463,2025,3,March,8,6,0,1
C23463,2025,7,July,9,7,0,1
C23463,2025,10,October,10,7,0,1
C23463,2025,12,December,11,8,0,1
C23464,2024,10,October,1,1,1,0
C23464,2024,11,November,2,2,0,1
C23464,2024,12,December,3,3,0,1
C23464,2025,4,April,4,4,0,1
C23464,2025,9,September,5,5,0,1
C23465,2025,9,September,1,1,1,0
C23465,2025,12,December,2,2,0,1
C23466,2024,7,July,1,1,1,0
C23466,2024,9,September,2,2,0,1
C23466,2024,10,October,3,4,0,1
C23466,2024,11,November,5,5,0,1
C23467,2024,9,September,1,0,1,0
C23467,2024,11,November,2,1,0,0
C23467,2025,1,January,3,1,0,0
C23468,2024,12,December,1,0,1,0
C23468,2025,3,March,2,1,0,0
C23468,2025,6,June,3,1,0,0
C23469,2024,8,August,1,1,1,0
C23469,2024,9,September,2,2,0,1
C23469,2025,9,September,3,3,0,1
C23470,2024,8,August,1,1,1,0
C23470,2025,4,April,2,2,0,1
C23471,2024,11,November,1,1,1,0
C23471,2025,2,February,2,1,0,0
C23471,2025,5,May,3,2,0,1
C23471,2025,6,June,4,3,0,1
C23471,2025,7,July,5,5,0,1
C23471,2025,12,December,7,6,0,1
C23472,2024,7,July,1,1,1,0
C23472,2025,3,March,2,1,0,0
C23473,2024,10,October,1,1,1,0
C23473,2025,2,February,2,2,0,1
C23473,2025,8,August,3,2,0,1
C23474,2024,7,July,1,1,1,0
C23474,2024,8,August,2,2,0,1
C23474,2024,11,November,3,3,0,1
C23474,2025,2,February,4,4,0,1
C23474,2025,9,September,5,5,0,1
C23475,2024,7,July,1,1,1,0
C23475,2024,10,October,2,2,0,1
C23475,2025,2,February,3,3,0,1
C23475,2025,5,May,4,3,0,1
C23476,2024,7,July,1,1,1,0
C23476,2024,8,August,2,2,0,1
C23476,2024,12,December,3,2,0,1
C23476,2025,6,June,4,3,0,1
C23476,2025,8,August,5,4,0,1
C23477,2024,8,August,1,1,1,0
C23477,2024,12,December,2,3,0,1
C23477,2025,8,August,4,4,0,1
C23477,2025,9,September,5,5,0,1
C23477,2025,11,November,6,6,0,1
C23478,2024,10,October,1,1,1,0
C23478,2024,11,November,2,2,0,1
C23478,2025,1,January,3,4,0,1
C23479,2024,7,July,1,1,1,0
C23479,2024,9,September,2,1,0,0
C23479,2025,3,March,3,2,0,1
C23479,2025,11,November,4,4,0,1
C23480,2024,11,November,1,1,1,0
C23480,2025,11,November,2,2,0,1
C23481,2025,6,June,1,1,1,0
C23481,2025,10,October,3,2,0,1
C23482,2024,9,September,1,1,1,0
C23482,2024,11,November,2,2,0,1
C23482,2025,1,January,3,2,0,1
C23482,2025,3,March,4,3,0,1
C23482,2025,5,May,5,4,0,1
C23482,2025,6,June,6,4,0,1
C23482,2025,10,October,7,5,0,1
C23482,2025,12,December,8,7,0,1
C23483,2024,8,August,1,1,1,0
C23483,2024,10,October,2,1,0,0
C23483,2025,1,January,3,2,0,1
C23483,2025,3,March,4,3,0,1
C23483,2025,5,May,5,5,0,1
C23483,2025,7,July,7,6,0,1
C23483,2025,10,October,9,7,0,1
C23483,2025,12,December,10,8,0,1
C23484,2025,6,June,1,1,1,0
C23484,2025,10,October,2,2,0,1
C23484,2025,11,November,3,3,0,1
C23485,2024,11,November,1,1,1,0
C23485,2025,5,May,2,3,0,1
C23485,2025,8,August,4,4,0,1
C23485,2025,10,October,5,5,0,1
C23485,2025,12,December,6,6,0,1
C23486,2024,11,November,1,1,1,0
C23486,2025,12,December,2,2,0,1
C23487,2024,7,July,1,1,1,0
C23487,2024,8,August,2,2,0,1
C23487,2024,12,December,3,2,0,1
C23488,2024,12,December,1,1,1,0
C23489,2024,7,July,1,1,1,0
C23489,2025,4,April,2,2,0,1
C23489,2025,11,November,3,3,0,1
C23490,2024,8,August,1,1,1,0
C23490,2025,9,September,2,3,0,1
C23491,2025,4,April,1,1,1,0
C23492,2024,9,September,1,1,1,0
C23492,2025,1,January,2,2,0,1
C23492,2025,2,February,3,2,0,1
C23492,2025,8,August,4,3,0,1
C23493,2025,3,March,1,1,1,0
C23494,2024,9,September,1,1,1,0
C23494,2024,11,November,2,2,0,1
C23494,2025,3,March,3,3,0,1
C23494,2025,12,December,4,5,0,1
C23495,2025,1,January,1,1,1,0
C23495,2025,7,July,2,1,0,0
C23495,2025,8,August,3,2,0,1
C23495,2025,9,September,4,3,0,1
C23496,2024,10,October,1,1,1,0
C23496,2024,11,November,2,3,0,1
C23496,2025,1,January,4,4,0,1
C23496,2025,3,March,5,6,0,1
C23496,2025,4,April,7,6,0,1
C23496,2025,6,June,8,7,0,1
C23496,2025,12,December,9,8,0,1
C23497,2025,4,April,1,1,1,0
C23497,2025,12,December,2,1,0,0
C23498,2024,8,August,1,1,1,0
C23498,2025,8,August,2,2,0,1
C23498,2025,9,September,3,3,0,1
C23499,2024,7,July,1,1,1,0
C23499,2024,10,October,2,2,0,1
C23499,2025,1,January,4,4,0,1
C23499,2025,2,February,6,6,0,1
C23499,2025,4,April,8,7,0,1
C23499,2025,9,September,9,8,0,1
C23499,2025,11,November,10,8,0,1
C23499,2025,12,December,11,10,0,1
C23500,2024,9,September,1,1,1,0
C23500,2024,10,October,2,2,0,1
C23500,2025,6,June,3,3,0,1
C23500,2025,8,August,4,4,0,1
C23501,2025,5,May,1,1,1,0
C23502,2025,3,March,1,1,1,0
C23502,2025,10,October,2,1,0,0
C23503,2024,10,October,1,1,1,0
C23503,2025,6,June,2,2,0,1
C23503,2025,12,December,3,4,0,1
C23504,2024,10,October,1,1,1,0
C23504,2025,1,January,2,2,0,1
C23504,2025,4,April,3,3,0,1
C23504,2025,7,July,4,4,0,1
C23505,2024,10,October,1,1,1,0
C23505,2025,2,February,2,3,0,1
C23505,2025,4,April,4,3,0,1
C23505,2025,5,May,5,3,0,1
C23505,2025,10,October,6,4,0,1
C23506,2024,8,August,1,1,1,0
C23506,2025,1,January,2,2,0,1
C23506,2025,2,February,3,3,0,1
C23506,2025,4,April,4,3,0,1
C23506,2025,8,August,5,3,0,1
C23507,2025,1,January,1,1,1,0
C23507,2025,7,July,2,2,0,1
C23508,2024,7,July,1,1,1,0
C23508,2025,7,July,2,3,0,1
C23508,2025,8,August,4,4,0,1
C23509,2024,8,August,1,1,1,0
C23509,2024,12,December,2,2,0,1
C23509,2025,4,April,3,3,0,1
C23509,2025,5,May,4,4,0,1
C23510,2024,8,August,1,1,1,0
C23510,2025,1,January,2,2,0,1
C23510,2025,2,February,3,3,0,1
C23510,2025,7,July,4,4,0,1
C23510,2025,9,September,5,4,0,1
C23510,2025,10,October,6,5,0,1
C23510,2025,11,November,7,6,0,1
C23510,2025,12,December,8,7,0,1
C23511,2025,4,April,1,1,1,0
C23511,2025,11,November,2,2,0,1
C23511,2025,12,December,3,3,0,1
C23512,2024,8,August,1,1,1,0
C23512,2025,6,June,4,2,0,1
C23512,2025,7,July,5,3,0,1
C23513,2024,7,July,1,1,1,0
C23513,2024,11,November,2,2,0,1
C23514,2024,7,July,1,2,0,1
C23514,2024,9,September,3,3,0,1
C23514,2024,10,October,4,4,0,1
C23514,2025,2,February,5,4,0,1
C23514,2025,4,April,6,5,0,1
C23514,2025,6,June,7,6,0,1
C23514,2025,11,November,8,7,0,1
C23515,2024,8,August,1,1,1,0
C23515,2024,9,September,2,3,0,1
C23515,2025,5,May,4,4,0,1
C23515,2025,10,October,5,5,0,1
C23516,2024,7,July,1,1,1,0
C23516,2024,10,October,2,2,0,1
C23516,2024,11,November,3,3,0,1
C23516,2025,5,May,4,3,0,1
C23517,2024,8,August,1,1,1,0
C23517,2024,9,September,2,1,0,0
C23517,2024,10,October,3,2,0,1
C23517,2025,3,March,4,3,0,1
C23517,2025,8,August,5,4,0,1
C23519,2024,8,August,1,0,1,0
C23519,2025,5,May,2,1,0,0
C23519,2025,11,November,3,2,0,1
C23520,2024,11,November,1,1,1,0
C23520,2024,12,December,3,2,0,1
C23520,2025,1,January,4,3,0,1
C23520,2025,9,September,5,4,0,1
C23520,2025,11,November,6,5,0,1
C23521,2024,7,July,1,1,1,0
C23521,2024,12,December,2,1,0,0
C23521,2025,1,January,3,2,0,1
C23521,2025,3,March,4,3,0,1
C23521,2025,7,July,5,4,0,1
C23521,2025,10,October,6,5,0,1
C23522,2025,12,December,1,0,1,0
C23523,2024,7,July,1,1,1,0
C23524,2024,7,July,1,1,1,0
C23524,2024,12,December,2,2,0,1
C23524,2025,12,December,3,3,0,1
C23525,2024,9,September,1,1,1,0
C23525,2025,8,August,2,2,0,1
C23526,2024,9,September,1,2,0,1
C23526,2024,12,December,3,3,0,1
C23526,2025,8,August,4,4,0,1
C23527,2025,4,April,1,1,1,0
C23527,2025,9,September,2,2,0,1
C23528,2024,10,October,1,1,1,0
C23528,2024,11,November,2,2,0,1
C23528,2025,2,February,3,3,0,1
C23528,2025,8,August,4,4,0,1
C23529,2024,11,November,1,1,1,0
C23529,2025,1,January,2,2,0,1
C23529,2025,9,September,3,3,0,1
C23530,2024,9,September,1,1,1,0
C23530,2025,4,April,2,3,0,1
C23530,2025,6,June,4,4,0,1
C23530,2025,10,October,5,5,0,1
C23531,2024,8,August,1,1,1,0
C23531,2025,12,December,2,2,0,1
C23532,2025,12,December,1,1,1,0
C23533,2025,6,June,1,1,1,0
C23533,2025,8,August,2,2,0,1
C23534,2025,1,January,1,1,1,0
C23534,2025,6,June,2,2,0,1
C23535,2024,7,July,1,1,1,0
C23535,2024,8,August,2,2,0,1
C23535,2024,10,October,3,4,0,1
C23535,2024,11,November,5,5,0,1
C23535,2025,2,February,6,6,0,1
C23535,2025,4,April,7,7,0,1
C23535,2025,5,May,8,8,0,1
C23535,2025,11,November,9,9,0,1
C23537,2024,7,July,1,1,1,0
C23537,2024,10,October,2,3,0,1
C23537,2025,3,March,4,4,0,1
C23537,2025,7,July,5,5,0,1
C23537,2025,12,December,6,6,0,1
C23538,2024,10,October,1,1,1,0
C23538,2024,12,December,2,2,0,1
C23538,2025,1,January,3,3,0,1
C23538,2025,3,March,4,4,0,1
C23538,2025,11,November,5,5,0,1
C23538,2025,12,December,6,6,0,1
C23539,2024,9,September,1,1,1,0
C23539,2024,12,December,2,2,0,1
C23539,2025,2,February,3,3,0,1
C23539,2025,5,May,4,3,0,1
C23540,2024,10,October,1,1,1,0
C23540,2025,4,April,2,2,0,1
C23540,2025,5,May,3,2,0,1
C23540,2025,9,September,4,3,0,1
C23540,2025,10,October,5,4,0,1
C23541,2024,8,August,1,1,1,0
C23541,2024,10,October,2,2,0,1
C23541,2025,2,February,3,3,0,1
C23541,2025,4,April,4,4,0,1
C23541,2025,12,December,5,5,0,1
C23542,2024,8,August,1,0,1,0
C23542,2025,7,July,2,0,0,0
C23542,2025,8,August,3,1,0,0
C23542,2025,9,September,4,2,0,1
C23543,2024,7,July,1,0,1,0
C23543,2024,11,November,2,1,0,0
C23543,2025,1,January,3,2,0,1
C23543,2025,3,March,4,2,0,1
C23543,2025,8,August,5,2,0,1
C23543,2025,9,September,6,3,0,1
C23544,2024,7,July,1,2,0,1
C23544,2024,11,November,3,2,0,1
C23544,2025,3,March,4,3,0,1
C23544,2025,4,April,5,4,0,1
C23544,2025,5,May,6,5,0,1
C23544,2025,8,August,7,6,0,1
C23545,2024,9,September,1,1,1,0
C23545,2025,1,January,2,2,0,1
C23545,2025,2,February,3,4,0,1
C23545,2025,3,March,5,5,0,1
C23545,2025,5,May,6,6,0,1
C23545,2025,11,November,7,7,0,1
C23546,2024,11,November,1,2,0,1
C23546,2025,6,June,3,3,0,1
C23547,2024,8,August,1,3,0,1
C23547,2025,2,February,4,4,0,1
C23547,2025,4,April,6,5,0,1
C23548,2025,1,January,1,1,1,0
C23548,2025,2,February,2,2,0,1
C23549,2024,11,November,1,1,1,0
C23549,2025,2,February,2,2,0,1
C23550,2025,2,February,1,1,1,0
C23551,2024,7,July,1,1,1,0
C23551,2025,7,July,2,2,0,1
C23552,2024,9,September,1,0,1,0
C23552,2024,10,October,2,1,0,0
C23552,2024,12,December,3,2,0,1
C23552,2025,2,February,4,3,0,1
C23552,2025,3,March,5,4,0,1
C23552,2025,4,April,6,5,0,1
C23552,2025,6,June,7,6,0,1
C23552,2025,7,July,8,7,0,1
C23553,2024,7,July,1,1,1,0
C23553,2024,11,November,2,2,0,1
C23553,2025,4,April,3,3,0,1
C23553,2025,10,October,4,4,0,1
C23554,2024,7,July,1,1,1,0
C23554,2024,8,August,2,2,0,1
C23554,2024,11,November,3,3,0,1
C23554,2025,11,November,4,6,0,1
C23554,2025,12,December,7,7,0,1
C23555,2024,8,August,1,1,1,0
C23555,2024,11,November,2,2,0,1
C23555,2025,1,January,3,4,0,1
C23555,2025,8,August,5,5,0,1
C23555,2025,11,November,6,6,0,1
C23556,2025,4,April,1,1,1,0
C23556,2025,6,June,2,2,0,1
C23556,2025,7,July,3,3,0,1
C23556,2025,10,October,4,4,0,1
C23557,2024,7,July,1,0,1,0
C23557,2025,8,August,2,0,0,0
C23558,2024,9,September,1,1,1,0
C23558,2025,7,July,2,2,0,1
C23558,2025,8,August,3,3,0,1
C23558,2025,12,December,4,4,0,1
C23559,2024,8,August,1,2,0,1
C23559,2025,1,January,3,3,0,1
C23559,2025,3,March,4,5,0,1
C23559,2025,10,October,6,7,0,1
C23560,2024,9,September,1,1,1,0
C23560,2024,10,October,2,1,0,0
C23560,2024,11,November,3,2,0,1
C23560,2025,2,February,4,3,0,1
C23560,2025,11,November,5,3,0,1
C23561,2025,2,February,1,1,1,0
C23561,2025,11,November,2,2,0,1
C23562,2024,12,December,1,1,1,0
C23562,2025,3,March,2,2,0,1
C23562,2025,8,August,3,3,0,1
C23563,2025,3,March,1,1,1,0
C23564,2024,7,July,1,1,1,0
C23564,2024,11,November,2,3,0,1
C23564,2025,12,December,4,4,0,1
C23565,2024,7,July,1,1,1,0
C23565,2024,11,November,2,2,0,1
C23565,2025,6,June,3,4,0,1
C23565,2025,9,September,5,4,0,1
C23565,2025,12,December,6,5,0,1
C23566,2025,5,May,1,1,1,0
C23566,2025,10,October,2,2,0,1
C23567,2024,9,September,1,1,1,0
C23567,2025,4,April,2,2,0,1
C23568,2024,9,September,1,1,1,0
C23568,2024,12,December,2,2,0,1
C23568,2025,9,September,3,3,0,1
C23569,2025,2,February,1,0,1,0
C23569,2025,4,April,2,1,0,0
C23570,2025,4,April,1,1,1,0
C23571,2024,7,July,1,1,1,0
C23571,2024,8,August,2,2,0,1
C23571,2025,12,December,3,2,0,1
C23572,2025,11,November,1,2,0,1
C23573,2024,7,July,1,1,1,0
C23573,2025,2,February,2,2,0,1
C23573,2025,12,December,4,3,0,1
C23574,2024,7,July,1,1,1,0
C23575,2024,11,November,1,0,1,0
C23575,2025,3,March,2,1,0,0
C23575,2025,12,December,3,2,0,1
C23576,2024,10,October,1,0,1,0
C23576,2025,8,August,2,0,0,0
C23576,2025,11,November,3,1,0,0
C23577,2024,11,November,1,0,1,0
C23577,2025,3,March,2,1,0,0
C23577,2025,11,November,3,2,0,1
C23578,2024,7,July,1,1,1,0
C23578,2025,2,February,2,2,0,1
C23578,2025,5,May,3,3,0,1
C23578,2025,6,June,5,4,0,1
C23578,2025,10,October,6,4,0,1
C23578,2025,11,November,7,6,0,1
C23579,2025,9,September,1,1,1,0
C23579,2025,10,October,2,2,0,1
C23580,2024,7,July,1,2,0,1
C23580,2024,11,November,3,3,0,1
C23580,2025,3,March,4,4,0,1
C23581,2025,4,April,1,0,1,0
C23582,2024,11,November,1,0,1,0
C23582,2025,3,March,2,1,0,0
C23582,2025,12,December,3,2,0,1
C23583,2025,9,September,1,1,1,0
C23583,2025,11,November,2,2,0,1
C23584,2024,7,July,1,1,1,0
C23584,2024,10,October,2,1,0,0
C23584,2025,3,March,4,3,0,1
C23584,2025,12,December,6,4,0,1
C23585,2025,1,January,1,1,1,0
C23585,2025,3,March,2,1,0,0
C23586,2024,10,October,1,1,1,0
C23586,2025,9,September,2,1,0,0
C23586,2025,10,October,3,2,0,1
C23586,2025,11,November,4,3,0,1
C23587,2024,7,July,1,1,1,0
C23587,2024,9,September,2,2,0,1
C23587,2024,12,December,3,3,0,1
C23587,2025,3,March,5,4,0,1
C23587,2025,8,August,6,5,0,1
C23587,2025,10,October,7,6,0,1
C23587,2025,11,November,8,6,0,1
C23587,2025,12,December,9,7,0,1
C23588,2024,7,July,1,1,1,0
C23588,2024,11,November,2,2,0,1
C23588,2025,1,January,3,3,0,1
C23588,2025,9,September,4,4,0,1
C23588,2025,11,November,5,5,0,1
C23589,2024,10,October,1,1,1,0
C23589,2025,4,April,2,2,0,1
C23589,2025,5,May,4,3,0,1
C23589,2025,7,July,5,5,0,1
C23589,2025,11,November,7,6,0,1
C23589,2025,12,December,8,8,0,1
C23590,2024,12,December,1,1,1,0
C23590,2025,1,January,2,2,0,1
C23590,2025,2,February,3,3,0,1
C23590,2025,9,September,4,4,0,1
C23590,2025,10,October,5,5,0,1
C23590,2025,11,November,6,6,0,1
C23591,2025,2,February,1,1,1,0
C23591,2025,9,September,2,2,0,1
C23592,2024,12,December,1,1,1,0
C23592,2025,6,June,2,2,0,1
C23592,2025,9,September,3,3,0,1
C23592,2025,12,December,4,4,0,1
C23593,2024,8,August,1,0,1,0
C23593,2024,11,November,2,1,0,0
C23593,2025,3,March,3,2,0,1
C23593,2025,6,June,4,3,0,1
C23593,2025,12,December,5,4,0,1
C23594,2024,8,August,1,1,1,0
C23594,2024,11,November,2,2,0,1
C23594,2025,7,July,3,3,0,1
C23595,2024,8,August,1,1,1,0
C23595,2024,10,October,2,2,0,1
C23595,2024,11,November,3,3,0,1
C23596,2024,10,October,1,0,1,0
C23596,2025,6,June,2,1,0,0
C23597,2024,7,July,1,1,1,0
C23597,2025,1,January,2,2,0,1
C23597,2025,2,February,3,3,0,1
C23597,2025,3,March,4,5,0,1
C23597,2025,7,July,6,6,0,1
C23598,2024,8,August,1,1,1,0
C23598,2025,2,February,2,2,0,1
C23598,2025,4,April,3,3,0,1
C23598,2025,9,September,4,4,0,1
C23598,2025,11,November,5,4,0,1
C23599,2024,7,July,1,0,1,0
C23599,2024,11,November,2,1,0,0
C23599,2025,9,September,3,2,0,1
C23599,2025,11,November,5,3,0,1
C23599,2025,12,December,6,4,0,1
C23600,2024,8,August,1,1,1,0
C23600,2025,2,February,2,2,0,1
C23600,2025,5,May,3,3,0,1
C23601,2025,1,January,1,1,1,0
C23601,2025,7,July,2,2,0,1
C23601,2025,8,August,4,3,0,1
C23601,2025,10,October,5,6,0,1
C23602,2025,5,May,1,2,0,1
C23602,2025,10,October,3,3,0,1
C23603,2024,8,August,1,1,1,0
C23603,2025,8,August,2,2,0,1
C23604,2025,9,September,1,1,1,0
C23605,2024,7,July,1,0,1,0
C23605,2024,9,September,2,1,0,0
C23605,2025,7,July,4,2,0,1
C23605,2025,8,August,5,2,0,1
C23606,2024,9,September,1,1,1,0
C23606,2025,7,July,2,2,0,1
C23606,2025,9,September,3,2,0,1
C23607,2025,6,June,1,1,1,0
C23607,2025,10,October,2,2,0,1
C23607,2025,12,December,3,2,0,1
C23608,2025,10,October,1,1,1,0
C23609,2024,10,October,1,0,1,0
C23609,2025,3,March,2,2,0,1
C23610,2024,9,September,1,2,0,1
C23610,2024,10,October,3,2,0,1
C23610,2024,11,November,4,2,0,1
C23610,2024,12,December,5,3,0,1
C23610,2025,2,February,6,5,0,1
C23610,2025,3,March,8,6,0,1
C23610,2025,6,June,9,7,0,1
C23610,2025,8,August,10,8,0,1
C23611,2024,12,December,1,1,1,0
C23611,2025,4,April,2,1,0,0
C23611,2025,10,October,3,2,0,1
C23612,2025,8,August,1,0,1,0
C23613,2024,12,December,1,1,1,0
C23613,2025,1,January,2,2,0,1
C23613,2025,5,May,3,3,0,1
C23613,2025,7,July,4,4,0,1
C23613,2025,9,September,5,4,0,1
C23613,2025,11,November,6,4,0,1
C23613,2025,12,December,7,6,0,1
C23614,2024,7,July,1,0,1,0
C23614,2024,8,August,2,1,0,0
C23614,2024,9,September,3,2,0,1
C23614,2024,12,December,4,4,0,1
C23614,2025,9,September,6,5,0,1
C23615,2024,7,July,1,1,1,0
C23616,2024,9,September,1,1,1,0
C23616,2024,11,November,2,2,0,1
C23616,2025,2,February,3,3,0,1
C23616,2025,9,September,4,4,0,1
C23617,2024,12,December,1,0,1,0
C23617,2025,2,February,2,1,0,0
C23617,2025,3,March,3,2,0,1
C23617,2025,4,April,4,3,0,1
C23617,2025,5,May,5,6,0,1
C23617,2025,6,June,8,7,0,1
C23617,2025,7,July,9,8,0,1
C23617,2025,8,August,10,9,0,1
C23617,2025,9,September,11,10,0,1
C23617,2025,11,November,12,11,0,1
C23618,2024,10,October,1,0,1,0
C23618,2024,11,November,2,1,0,0
C23618,2025,5,May,3,1,0,0
C23618,2025,8,August,4,1,0,0
C23619,2024,8,August,1,1,1,0
C23619,2024,10,October,2,1,0,0
C23619,2025,3,March,3,2,0,1
C23619,2025,6,June,4,3,0,1
C23619,2025,9,September,5,4,0,1
C23619,2025,12,December,7,5,0,1
C23620,2024,7,July,1,1,1,0
C23620,2024,9,September,2,1,0,0
C23620,2024,10,October,3,2,0,1
C23620,2025,4,April,4,3,0,1
C23620,2025,6,June,5,3,0,1
C23620,2025,7,July,6,4,0,1
C23620,2025,9,September,7,5,0,1
C23622,2024,12,December,1,1,1,0
C23622,2025,11,November,3,2,0,1
C23623,2024,8,August,1,1,1,0
C23623,2025,1,January,2,2,0,1
C23623,2025,9,September,3,3,0,1
C23623,2025,11,November,4,4,0,1
C23624,2024,7,July,1,2,0,1
C23624,2025,8,August,3,2,0,1
C23625,2025,3,March,1,1,1,0
C23625,2025,7,July,2,2,0,1
C23625,2025,8,August,3,4,0,1
C23627,2025,7,July,1,1,1,0
C23627,2025,10,October,2,2,0,1
C23628,2025,2,February,1,1,1,0
C23629,2025,1,January,1,1,1,0
C23629,2025,3,March,2,2,0,1
C23630,2024,11,November,1,1,1,0
C23630,2024,12,December,2,2,0,1
C23630,2025,1,January,3,3,0,1
C23630,2025,11,November,4,4,0,1
C23632,2024,7,July,1,1,1,0
C23632,2024,8,August,2,2,0,1
C23633,2024,7,July,1,1,1,0
C23633,2024,9,September,2,2,0,1
C23633,2024,11,November,3,3,0,1
C23633,2024,12,December,4,5,0,1
C23633,2025,3,March,6,6,0,1
C23633,2025,6,June,7,7,0,1
C23633,2025,7,July,8,8,0,1
C23633,2025,8,August,9,9,0,1
C23633,2025,9,September,10,10,0,1
C23634,2024,9,September,1,1,1,0
C23634,2025,7,July,2,2,0,1
C23634,2025,8,August,3,3,0,1
C23635,2024,7,July,1,1,1,0
C23635,2024,9,September,2,2,0,1
C23635,2024,11,November,3,3,0,1
C23635,2025,3,March,4,3,0,1
C23635,2025,8,August,5,4,0,1
C23635,2025,10,October,6,5,0,1
C23636,2024,8,August,1,1,1,0
C23636,2025,2,February,2,2,0,1
C23637,2024,7,July,1,1,1,0
C23637,2024,11,November,2,1,0,0
C23637,2025,1,January,3,3,0,1
C23637,2025,3,March,5,5,0,1
C23637,2025,6,June,7,6,0,1
C23637,2025,8,August,8,7,0,1
C23637,2025,11,November,9,8,0,1
C23637,2025,12,December,10,8,0,1
C23638,2024,8,August,1,2,0,1
C23638,2025,1,January,3,3,0,1
C23638,2025,3,March,4,5,0,1
C23638,2025,10,October,6,6,0,1
C23639,2024,7,July,1,0,1,0
C23639,2024,10,October,2,3,0,1
C23639,2024,12,December,5,4,0,1
C23639,2025,7,July,6,5,0,1
C23640,2024,12,December,1,1,1,0
C23640,2025,1,January,2,2,0,1
C23640,2025,3,March,3,3,0,1
C23640,2025,4,April,4,4,0,1
C23640,2025,9,September,5,4,0,1
C23641,2025,5,May,1,1,1,0
C23641,2025,9,September,2,1,0,0
C23642,2025,1,January,1,1,1,0
C23642,2025,6,June,2,1,0,0
C23642,2025,8,August,3,2,0,1
C23642,2025,9,September,5,2,0,1
C23642,2025,11,November,6,3,0,1
C23643,2024,8,August,1,1,1,0
C23643,2024,12,December,2,2,0,1
C23643,2025,2,February,3,4,0,1
C23643,2025,7,July,5,5,0,1
C23643,2025,10,October,6,5,0,1
C23643,2025,11,November,7,6,0,1
C23644,2025,7,July,1,1,1,0
C23644,2025,10,October,2,2,0,1
C23644,2025,11,November,3,3,0,1
C23645,2024,7,July,1,1,1,0
C23645,2025,1,January,2,2,0,1
C23646,2025,7,July,1,1,1,0
C23646,2025,11,November,2,1,0,0
C23647,2024,12,December,1,1,1,0
C23647,2025,1,January,3,1,0,0
C23647,2025,4,April,4,2,0,1
C23647,2025,12,December,5,3,0,1
C23648,2025,4,April,1,1,1,0
C23648,2025,7,July,2,2,0,1
C23648,2025,10,October,4,3,0,1
C23648,2025,11,November,5,4,0,1
C23649,2024,7,July,1,1,1,0
C23649,2024,10,October,2,1,0,0
C23649,2025,2,February,3,2,0,1
C23649,2025,12,December,4,4,0,1
C23650,2024,7,July,1,1,1,0
C23650,2025,9,September,2,1,0,0
C23651,2024,9,September,1,1,1,0
C23651,2025,9,September,2,2,0,1
C23651,2025,10,October,3,2,0,1
C23652,2024,10,October,1,1,1,0
C23652,2024,11,November,2,2,0,1
C23653,2025,1,January,1,0,1,0
C23653,2025,3,March,2,1,0,0
C23653,2025,9,September,3,2,0,1
C23653,2025,11,November,4,3,0,1
C23654,2024,8,August,1,1,1,0
C23654,2024,11,November,2,2,0,1
C23654,2024,12,December,3,2,0,1
C23654,2025,2,February,4,3,0,1
C23654,2025,3,March,5,4,0,1
C23654,2025,6,June,6,5,0,1
C23654,2025,8,August,7,6,0,1
C23654,2025,10,October,8,7,0,1
C23654,2025,11,November,9,8,0,1
C23654,2025,12,December,10,9,0,1
C23655,2024,8,August,1,1,1,0
C23655,2024,11,November,2,6,0,1
C23655,2024,12,December,7,7,0,1
C23655,2025,8,August,8,8,0,1
C23656,2025,1,January,1,0,1,0
C23656,2025,8,August,2,1,0,0
C23657,2024,8,August,1,1,1,0
C23657,2024,11,November,2,2,0,1
C23657,2024,12,December,3,3,0,1
C23657,2025,1,January,4,4,0,1
C23658,2025,3,March,1,1,1,0
C23658,2025,8,August,2,2,0,1
C23659,2024,7,July,1,1,1,0
C23659,2025,5,May,2,3,0,1
C23659,2025,6,June,4,3,0,1
C23659,2025,7,July,5,3,0,1
C23660,2024,7,July,1,1,1,0
C23660,2024,10,October,3,2,0,1
C23660,2025,1,January,4,5,0,1
C23660,2025,3,March,7,6,0,1
C23660,2025,4,April,8,7,0,1
C23660,2025,8,August,9,8,0,1
C23660,2025,11,November,10,8,0,1
C23661,2024,12,December,1,1,1,0
C23661,2025,1,January,2,2,0,1
C23661,2025,2,February,3,2,0,1
C23661,2025,8,August,4,4,0,1
C23662,2024,12,December,1,0,1,0
C23662,2025,7,July,2,2,0,1
C23662,2025,10,October,4,3,0,1
C23663,2025,1,January,1,1,1,0
C23663,2025,3,March,2,2,0,1
C23664,2024,10,October,1,0,1,0
C23664,2025,1,January,2,1,0,0
C23664,2025,5,May,3,2,0,1
C23665,2024,9,September,1,1,1,0
C23666,2024,9,September,1,1,1,0
C23666,2024,12,December,2,2,0,1
C23667,2024,8,August,1,1,1,0
C23667,2024,10,October,2,2,0,1
C23667,2025,10,October,3,3,0,1
C23668,2024,7,July,1,2,0,1
C23668,2024,8,August,3,2,0,1
C23668,2025,12,December,4,3,0,1
C23669,2024,11,November,1,1,1,0
C23669,2024,12,December,2,2,0,1
C23669,2025,1,January,3,3,0,1
C23669,2025,5,May,4,4,0,1
C23669,2025,9,September,5,5,0,1
C23669,2025,10,October,6,6,0,1
C23670,2025,5,May,1,1,1,0
C23670,2025,7,July,2,2,0,1
C23670,2025,10,October,3,3,0,1
C23670,2025,11,November,4,3,0,1
C23671,2024,7,July,1,1,1,0
C23671,2024,8,August,2,2,0,1
C23671,2024,12,December,3,3,0,1
C23671,2025,2,February,4,5,0,1
C23671,2025,3,March,6,5,0,1
C23671,2025,7,July,7,6,0,1
C23672,2025,2,February,1,2,0,1
C23672,2025,3,March,3,3,0,1
C23672,2025,9,September,4,4,0,1
C23672,2025,10,October,5,5,0,1
C23672,2025,11,November,6,6,0,1
C23673,2024,7,July,1,1,1,0
C23673,2025,3,March,2,2,0,1
C23673,2025,12,December,3,3,0,1
C23674,2025,5,May,1,1,1,0
C23674,2025,6,June,2,2,0,1
C23674,2025,12,December,3,3,0,1
C23676,2025,2,February,1,1,1,0
C23676,2025,3,March,2,2,0,1
C23676,2025,9,September,3,3,0,1
C23677,2024,9,September,1,2,0,1
C23677,2025,1,January,3,3,0,1
C23677,2025,3,March,4,4,0,1
C23677,2025,4,April,5,5,0,1
C23678,2024,8,August,1,0,1,0
C23678,2024,9,September,2,2,0,1
C23678,2024,10,October,4,3,0,1
C23678,2024,12,December,5,4,0,1
C23678,2025,9,September,6,5,0,1
C23679,2024,7,July,1,1,1,0
C23679,2025,3,March,2,2,0,1
C23679,2025,8,August,3,3,0,1
C23679,2025,10,October,4,4,0,1
C23680,2024,12,December,1,1,1,0
C23680,2025,2,February,2,2,0,1
C23680,2025,5,May,3,3,0,1
C23682,2024,8,August,1,1,1,0
C23682,2024,10,October,2,2,0,1
C23682,2025,1,January,3,3,0,1
C23682,2025,4,April,4,4,0,1
C23683,2024,10,October,1,2,0,1
C23683,2025,3,March,3,3,0,1
C23683,2025,10,October,4,4,0,1
C23684,2024,7,July,1,3,0,1
C23684,2024,8,August,4,4,0,1
C23684,2024,9,September,5,5,0,1
C23684,2025,1,January,7,6,0,1
C23684,2025,2,February,8,7,0,1
C23684,2025,6,June,9,9,0,1
C23684,2025,10,October,11,10,0,1
C23685,2024,7,July,1,1,1,0
C23685,2024,11,November,2,1,0,0
C23685,2025,3,March,3,1,0,0
C23685,2025,6,June,4,2,0,1
C23686,2024,12,December,1,1,1,0
C23686,2025,1,January,2,2,0,1
C23686,2025,3,March,3,3,0,1
C23686,2025,4,April,4,4,0,1
C23686,2025,8,August,5,5,0,1
C23686,2025,10,October,6,6,0,1
C23687,2025,4,April,1,1,1,0
C23687,2025,7,July,2,2,0,1
C23688,2024,7,July,1,1,1,0
C23688,2024,12,December,2,2,0,1
C23688,2025,7,July,3,3,0,1
C23688,2025,11,November,5,4,0,1
C23689,2024,7,July,1,2,0,1
C23689,2025,2,February,3,3,0,1
C23689,2025,4,April,4,4,0,1
C23689,2025,10,October,5,5,0,1
C23690,2025,1,January,1,1,1,0
C23690,2025,5,May,2,2,0,1
C23691,2024,7,July,1,1,1,0
C23691,2025,2,February,2,2,0,1
C23691,2025,9,September,3,2,0,1
C23692,2025,4,April,1,1,1,0
C23692,2025,8,August,2,2,0,1
C23693,2025,1,January,1,1,1,0
C23693,2025,3,March,2,1,0,0
C23693,2025,4,April,3,2,0,1
C23693,2025,6,June,4,3,0,1
C23693,2025,8,August,5,4,0,1
C23693,2025,10,October,6,5,0,1
C23694,2024,7,July,1,1,1,0
C23694,2025,1,January,2,2,0,1
C23694,2025,4,April,3,3,0,1
C23694,2025,7,July,4,5,0,1
C23694,2025,8,August,6,6,0,1
C23694,2025,12,December,7,7,0,1
C23695,2024,10,October,1,2,0,1
C23695,2024,11,November,3,3,0,1
C23695,2025,2,February,4,4,0,1
C23695,2025,4,April,5,5,0,1
C23695,2025,11,November,6,7,0,1
C23696,2024,8,August,1,1,1,0
C23696,2024,9,September,3,2,0,1
C23696,2025,5,May,4,3,0,1
C23696,2025,6,June,5,4,0,1
C23696,2025,12,December,6,5,0,1
C23697,2024,9,September,1,1,1,0
C23697,2024,11,November,2,1,0,0
C23697,2025,12,December,3,1,0,0
C23698,2024,10,October,1,1,1,0
C23698,2025,9,September,2,2,0,1
C23698,2025,10,October,3,4,0,1
C23699,2024,11,November,1,2,0,1
C23699,2025,2,February,3,3,0,1
C23699,2025,3,March,5,4,0,1
C23699,2025,4,April,6,5,0,1
C23699,2025,6,June,8,6,0,1
C23699,2025,9,September,9,7,0,1
C23699,2025,10,October,11,8,0,1
C23700,2025,4,April,1,1,1,0
C23700,2025,5,May,3,1,0,0
C23700,2025,9,September,4,1,0,0
C23701,2024,9,September,1,1,1,0
C23701,2024,10,October,2,1,0,0
C23701,2025,6,June,3,1,0,0
C23702,2024,7,July,1,1,1,0
C23702,2024,9,September,2,2,0,1
C23702,2025,1,January,3,3,0,1
C23702,2025,4,April,4,4,0,1
C23702,2025,12,December,5,5,0,1
C23703,2024,9,September,1,1,1,0
C23703,2024,11,November,3,2,0,1
C23703,2025,5,May,4,3,0,1
C23704,2025,9,September,1,1,1,0
C23705,2024,7,July,1,1,1,0
C23705,2025,6,June,2,2,0,1
C23706,2025,1,January,1,2,0,1
C23706,2025,3,March,3,3,0,1
C23707,2025,1,January,1,1,1,0
C23707,2025,5,May,2,2,0,1
C23707,2025,11,November,3,3,0,1
C23708,2024,8,August,1,1,1,0
C23708,2025,1,January,2,2,0,1
C23708,2025,3,March,3,3,0,1
C23708,2025,4,April,4,4,0,1
C23708,2025,12,December,5,5,0,1
C23709,2024,7,July,1,2,0,1
C23709,2024,8,August,3,3,0,1
C23709,2024,11,November,4,4,0,1
C23709,2025,1,January,5,7,0,1
C23709,2025,4,April,8,8,0,1
C23709,2025,7,July,9,9,0,1
C23709,2025,12,December,10,10,0,1
C23710,2025,1,January,1,1,1,0
C23710,2025,2,February,2,2,0,1
C23710,2025,7,July,3,2,0,1
C23711,2025,1,January,1,1,1,0
C23711,2025,3,March,2,2,0,1
C23711,2025,5,May,3,3,0,1
C23712,2024,8,August,1,1,1,0
C23712,2024,12,December,2,3,0,1
C23713,2025,5,May,1,1,1,0
C23714,2024,7,July,1,1,1,0
C23714,2024,9,September,2,2,0,1
C23714,2025,5,May,3,3,0,1
C23714,2025,7,July,4,3,0,1
C23714,2025,11,November,5,3,0,1
C23715,2025,2,February,1,1,1,0
C23715,2025,8,August,2,2,0,1
C23715,2025,11,November,3,3,0,1
C23716,2024,12,December,1,1,1,0
C23716,2025,1,January,2,1,0,0
C23716,2025,2,February,3,2,0,1
C23716,2025,3,March,4,3,0,1
C23716,2025,6,June,5,5,0,1
C23716,2025,7,July,7,6,0,1
C23716,2025,8,August,8,7,0,1
C23716,2025,9,September,9,9,0,1
C23717,2024,7,July,1,2,0,1
C23717,2024,9,September,3,3,0,1
C23717,2024,11,November,4,5,0,1
C23717,2025,2,February,6,6,0,1
C23717,2025,3,March,7,7,0,1
C23717,2025,5,May,8,8,0,1
C23717,2025,6,June,9,9,0,1
C23717,2025,8,August,10,10,0,1
C23717,2025,9,September,11,13,0,1
C23717,2025,10,October,14,14,0,1
C23717,2025,11,November,15,14,0,1
C23718,2025,4,April,1,1,1,0
C23719,2024,10,October,1,1,1,0
C23719,2025,1,January,2,2,0,1
C23719,2025,11,November,3,2,0,1
C23720,2024,7,July,1,1,1,0
C23720,2025,9,September,2,2,0,1
C23721,2024,8,August,1,1,1,0
C23721,2024,9,September,2,2,0,1
C23722,2024,7,July,1,1,1,0
C23722,2024,9,September,2,2,0,1
C23722,2024,10,October,3,3,0,1
C23722,2025,5,May,4,3,0,1
C23722,2025,9,September,5,4,0,1
C23722,2025,11,November,6,5,0,1
C23723,2024,12,December,1,1,1,0
C23723,2025,1,January,2,2,0,1
C23723,2025,4,April,3,3,0,1
C23723,2025,6,June,4,4,0,1
C23723,2025,9,September,5,5,0,1
C23724,2025,6,June,1,1,1,0
C23726,2024,11,November,1,1,1,0
C23726,2025,4,April,2,1,0,0
C23726,2025,5,May,3,1,0,0
C23726,2025,8,August,4,2,0,1
C23726,2025,10,October,5,3,0,1
C23727,2024,7,July,1,1,1,0
C23727,2024,8,August,2,2,0,1
C23727,2024,10,October,3,2,0,1
C23727,2024,11,November,4,3,0,1
C23727,2025,9,September,5,3,0,1
C23727,2025,12,December,6,4,0,1
C23728,2024,9,September,1,2,0,1
C23728,2025,7,July,3,3,0,1
C23728,2025,11,November,4,4,0,1
C23729,2024,11,November,1,2,0,1
C23729,2024,12,December,3,3,0,1
C23729,2025,3,March,4,4,0,1
C23729,2025,6,June,5,5,0,1
C23729,2025,9,September,6,5,0,1
C23729,2025,10,October,7,7,0,1
C23730,2024,10,October,1,1,1,0
C23730,2025,4,April,2,1,0,0
C23730,2025,6,June,3,3,0,1
C23730,2025,8,August,5,4,0,1
C23730,2025,12,December,6,5,0,1
C23731,2024,7,July,1,1,1,0
C23731,2024,10,October,2,3,0,1
C23731,2025,1,January,4,4,0,1
C23731,2025,3,March,5,5,0,1
C23731,2025,11,November,6,6,0,1
C23732,2024,12,December,1,1,1,0
C23732,2025,3,March,2,3,0,1
C23732,2025,6,June,4,4,0,1
C23732,2025,7,July,5,5,0,1
C23732,2025,8,August,7,6,0,1
C23732,2025,12,December,8,7,0,1
C23733,2024,11,November,1,2,0,1
C23733,2025,1,January,3,3,0,1
C23733,2025,5,May,4,4,0,1
C23734,2024,7,July,1,1,1,0
C23734,2025,2,February,2,1,0,0
C23734,2025,10,October,3,2,0,1
C23735,2024,12,December,1,1,1,0
C23735,2025,2,February,2,2,0,1
C23735,2025,9,September,3,3,0,1
C23736,2024,7,July,1,0,1,0
C23736,2024,9,September,2,1,0,0
C23736,2024,11,November,3,3,0,1
C23736,2024,12,December,5,4,0,1
C23736,2025,5,May,6,5,0,1
C23736,2025,10,October,7,6,0,1
C23737,2024,10,October,1,2,0,1
C23737,2025,2,February,4,2,0,1
C23737,2025,3,March,5,3,0,1
C23737,2025,4,April,6,4,0,1
C23737,2025,7,July,7,5,0,1
C23737,2025,11,November,8,6,0,1
C23737,2025,12,December,9,7,0,1
C23738,2024,8,August,1,1,1,0
C23738,2025,1,January,2,3,0,1
C23739,2024,12,December,1,0,1,0
C23739,2025,1,January,2,1,0,0
C23739,2025,7,July,3,2,0,1
C23739,2025,10,October,4,3,0,1
C23739,2025,11,November,5,4,0,1
C23740,2024,8,August,1,0,1,0
C23740,2025,7,July,2,0,0,0
C23740,2025,8,August,3,1,0,0
C23740,2025,12,December,4,3,0,1
C23741,2024,11,November,1,0,1,0
C23741,2024,12,December,2,1,0,0
C23741,2025,8,August,3,2,0,1
C23741,2025,11,November,4,3,0,1
C23742,2025,1,January,1,1,1,0
C23742,2025,2,February,2,2,0,1
C23743,2025,1,January,1,0,1,0
C23743,2025,3,March,2,0,0,0
C23743,2025,12,December,3,0,0,0
C23744,2024,8,August,1,1,1,0
C23744,2024,10,October,2,2,0,1
C23744,2025,10,October,3,3,0,1
C23745,2024,7,July,1,0,1,0
C23745,2024,10,October,2,2,0,1
C23745,2025,3,March,4,3,0,1
C23746,2025,4,April,1,1,1,0
C23747,2025,3,March,1,1,1,0
C23747,2025,5,May,2,2,0,1
C23747,2025,6,June,3,3,0,1
C23747,2025,11,November,4,4,0,1
C23748,2024,9,September,1,1,1,0
C23748,2024,10,October,2,2,0,1
C23748,2024,12,December,3,3,0,1
C23749,2025,3,March,1,1,1,0
C23749,2025,5,May,2,2,0,1
C23749,2025,8,August,3,3,0,1
C23750,2024,10,October,1,0,1,0
C23750,2025,1,January,3,1,0,0
C23750,2025,2,February,5,3,0,1
C23750,2025,6,June,7,4,0,1
C23750,2025,10,October,9,5,0,1
C23750,2025,12,December,10,6,0,1
C23751,2025,3,March,1,1,1,0
C23751,2025,7,July,2,1,0,0
C23751,2025,10,October,3,2,0,1
C23751,2025,11,November,5,3,0,1
C23752,2024,11,November,1,0,1,0
C23752,2025,4,April,2,1,0,0
C23752,2025,8,August,3,1,0,0
C23753,2024,12,December,1,1,1,0
C23753,2025,7,July,2,1,0,0
C23754,2024,11,November,1,1,1,0
C23754,2024,12,December,2,1,0,0
C23754,2025,1,January,3,2,0,1
C23754,2025,3,March,5,3,0,1
C23754,2025,7,July,6,4,0,1
C23754,2025,10,October,7,5,0,1
C23755,2024,11,November,1,1,1,0
C23755,2025,7,July,2,2,0,1
C23756,2025,2,February,1,1,1,0
C23756,2025,3,March,2,2,0,1
C23756,2025,5,May,3,3,0,1
C23756,2025,6,June,4,4,0,1
C23756,2025,12,December,5,4,0,1
C23757,2024,8,August,1,1,1,0
C23757,2024,12,December,2,2,0,1
C23757,2025,5,May,3,3,0,1
C23757,2025,8,August,4,4,0,1
C23757,2025,12,December,5,5,0,1
C23758,2024,12,December,1,1,1,0
C23758,2025,8,August,2,2,0,1
C23758,2025,9,September,3,3,0,1
C23759,2024,9,September,1,1,1,0
C23759,2024,10,October,2,1,0,0
C23759,2024,12,December,3,2,0,1
C23759,2025,3,March,5,3,0,1
C23759,2025,4,April,6,4,0,1
C23759,2025,7,July,7,5,0,1
C23760,2025,1,January,1,1,1,0
C23760,2025,8,August,2,2,0,1
C23761,2025,7,July,1,1,1,0
C23761,2025,12,December,2,2,0,1
C23762,2024,8,August,1,1,1,0
C23762,2024,9,September,2,3,0,1
C23762,2025,3,March,4,4,0,1
C23762,2025,11,November,5,6,0,1
C23763,2025,4,April,1,1,1,0
C23763,2025,12,December,2,2,0,1
C23764,2025,5,May,1,0,1,0
C23764,2025,11,November,2,1,0,0
C23765,2024,8,August,1,0,1,0
C23765,2024,9,September,2,2,0,1
C23765,2024,12,December,4,3,0,1
C23765,2025,2,February,5,6,0,1
C23765,2025,4,April,8,7,0,1
C23765,2025,8,August,9,8,0,1
C23765,2025,10,October,10,9,0,1
C23766,2024,8,August,1,1,1,0
C23766,2024,12,December,2,2,0,1
C23766,2025,8,August,3,4,0,1
C23766,2025,10,October,5,5,0,1
C23767,2024,7,July,1,1,1,0
C23767,2024,10,October,2,2,0,1
C23767,2025,3,March,3,3,0,1
C23767,2025,4,April,4,4,0,1
C23767,2025,7,July,5,4,0,1
C23767,2025,9,September,6,5,0,1
C23768,2024,9,September,1,1,1,0
C23768,2025,9,September,2,2,0,1
C23768,2025,10,October,3,3,0,1
C23769,2024,7,July,1,1,1,0
C23769,2025,11,November,2,2,0,1
C23769,2025,12,December,3,2,0,1
C23770,2024,7,July,1,1,1,0
C23770,2024,11,November,2,2,0,1
C23770,2025,1,January,3,4,0,1
C23770,2025,6,June,5,5,0,1
C23770,2025,7,July,6,6,0,1
C23770,2025,8,August,7,7,0,1
C23770,2025,9,September,8,7,0,1
C23770,2025,10,October,9,8,0,1
C23772,2025,10,October,1,1,1,0
C23772,2025,12,December,2,2,0,1
C23773,2025,1,January,1,1,1,0
C23773,2025,9,September,2,2,0,1
C23774,2024,7,July,1,1,1,0
C23774,2024,9,September,2,3,0,1
C23774,2025,1,January,4,4,0,1
C23774,2025,2,February,6,5,0,1
C23774,2025,5,May,7,6,0,1
C23774,2025,10,October,8,7,0,1
C23775,2024,7,July,1,2,0,1
C23775,2024,9,September,3,3,0,1
C23775,2025,2,February,5,4,0,1
C23775,2025,10,October,6,4,0,1
C23776,2024,8,August,1,1,1,0
C23776,2024,9,September,2,2,0,1
C23776,2025,1,January,3,2,0,1
C23776,2025,7,July,4,3,0,1
C23776,2025,9,September,5,5,0,1
C23777,2024,7,July,1,1,1,0
C23777,2025,2,February,2,1,0,0
C23777,2025,3,March,3,2,0,1
C23777,2025,4,April,4,5,0,1
C23777,2025,6,June,7,6,0,1
C23777,2025,8,August,8,7,0,1
C23777,2025,9,September,9,8,0,1
C23777,2025,11,November,10,9,0,1
C23777,2025,12,December,11,10,0,1
C23778,2024,11,November,1,1,1,0
C23778,2024,12,December,2,1,0,0
C23778,2025,3,March,3,2,0,1
C23778,2025,4,April,4,3,0,1
C23778,2025,7,July,5,3,0,1
C23779,2024,12,December,1,0,1,0
C23779,2025,1,January,2,1,0,0
C23779,2025,11,November,3,2,0,1
C23780,2025,2,February,1,1,1,0
C23780,2025,7,July,2,1,0,0
C23781,2024,12,December,1,1,1,0
C23782,2024,8,August,1,1,1,0
C23782,2024,11,November,2,3,0,1
C23782,2025,1,January,4,4,0,1
C23782,2025,6,June,5,5,0,1
C23782,2025,11,November,7,6,0,1
C23783,2024,9,September,1,2,0,1
C23783,2025,2,February,3,3,0,1
C23783,2025,3,March,4,4,0,1
C23784,2024,8,August,1,0,1,0
C23784,2025,2,February,2,1,0,0
C23784,2025,3,March,3,2,0,1
C23784,2025,7,July,4,3,0,1
C23785,2024,7,July,1,1,1,0
C23785,2024,10,October,2,2,0,1
C23785,2025,5,May,3,3,0,1
C23785,2025,6,June,4,4,0,1
C23786,2024,7,July,1,1,1,0
C23786,2024,10,October,2,2,0,1
C23786,2025,6,June,3,2,0,1
C23786,2025,9,September,4,3,0,1
C23787,2025,2,February,1,0,1,0
C23787,2025,7,July,2,1,0,0
C23787,2025,10,October,3,1,0,0
C23788,2025,2,February,1,1,1,0
C23788,2025,7,July,3,1,0,0
C23788,2025,11,November,4,2,0,1
C23789,2024,9,September,1,1,1,0
C23789,2024,12,December,2,1,0,0
C23789,2025,9,September,3,1,0,0
C23789,2025,11,November,4,1,0,0
C23790,2024,8,August,1,1,1,0
C23790,2024,9,September,2,2,0,1
C23790,2024,10,October,3,2,0,1
C23791,2024,7,July,1,1,1,0
C23791,2024,11,November,2,2,0,1
C23791,2025,1,January,3,3,0,1
C23791,2025,3,March,4,4,0,1
C23791,2025,5,May,5,5,0,1
C23791,2025,9,September,6,6,0,1
C23791,2025,12,December,7,6,0,1
C23792,2024,8,August,1,1,1,0
C23792,2024,11,November,2,2,0,1
C23792,2024,12,December,3,3,0,1
C23792,2025,4,April,4,5,0,1
C23792,2025,11,November,6,6,0,1
C23793,2024,11,November,1,1,1,0
C23793,2024,12,December,2,2,0,1
C23793,2025,3,March,3,2,0,1
C23793,2025,4,April,4,3,0,1
C23793,2025,6,June,5,4,0,1
C23793,2025,7,July,6,5,0,1
C23794,2024,8,August,1,1,1,0
C23794,2024,10,October,2,1,0,0
C23794,2025,3,March,3,2,0,1
C23794,2025,11,November,4,3,0,1
C23795,2024,9,September,1,0,1,0
C23795,2024,11,November,2,1,0,0
C23795,2024,12,December,3,2,0,1
C23795,2025,9,September,4,3,0,1
C23796,2024,9,September,1,0,1,0
C23796,2025,4,April,2,1,0,0
C23796,2025,6,June,3,2,0,1
C23796,2025,8,August,4,3,0,1
C23797,2024,9,September,1,1,1,0
C23797,2025,5,May,2,2,0,1
C23797,2025,7,July,3,3,0,1
C23797,2025,8,August,4,4,0,1
C23797,2025,10,October,6,5,0,1
C23798,2025,4,April,1,1,1,0
C23798,2025,5,May,2,2,0,1
C23799,2024,9,September,1,1,1,0
C23799,2025,8,August,3,2,0,1
C23799,2025,9,September,4,3,0,1
C23800,2024,9,September,1,1,1,0
C23800,2024,12,December,2,2,0,1
C23800,2025,4,April,3,3,0,1
C23801,2025,7,July,1,0,1,0
C23801,2025,10,October,2,0,0,0
C23803,2024,12,December,1,0,1,0
C23803,2025,7,July,2,1,0,0
C23803,2025,11,November,3,2,0,1
C23804,2024,12,December,1,1,1,0
C23804,2025,2,February,2,2,0,1
C23804,2025,10,October,4,3,0,1
C23805,2024,9,September,1,1,1,0
C23805,2025,4,April,2,2,0,1
C23805,2025,7,July,3,3,0,1
C23805,2025,10,October,4,4,0,1
C23807,2024,8,August,1,1,1,0
C23807,2024,9,September,2,2,0,1
C23807,2024,10,October,3,3,0,1
C23807,2024,11,November,4,5,0,1
C23807,2024,12,December,6,6,0,1
C23807,2025,7,July,7,7,0,1
C23807,2025,9,September,8,8,0,1
C23807,2025,10,October,9,9,0,1
C23807,2025,11,November,10,11,0,1
C23807,2025,12,December,13,12,0,1
C23808,2024,7,July,1,1,1,0
C23808,2024,8,August,2,2,0,1
C23808,2024,12,December,3,3,0,1
C23808,2025,7,July,4,4,0,1
C23808,2025,11,November,5,5,0,1
C23809,2024,7,July,1,1,1,0
C23809,2024,8,August,2,2,0,1
C23809,2024,9,September,3,3,0,1
C23809,2025,9,September,4,4,0,1
C23809,2025,11,November,5,5,0,1
C23810,2024,8,August,1,1,1,0
C23810,2024,11,November,2,2,0,1
C23810,2025,3,March,3,3,0,1
C23810,2025,5,May,4,4,0,1
C23810,2025,12,December,5,5,0,1
C23811,2024,8,August,1,0,1,0
C23811,2025,9,September,2,1,0,0
C23812,2024,11,November,1,1,1,0
C23812,2025,8,August,2,2,0,1
C23813,2024,10,October,1,1,1,0
C23813,2025,3,March,2,2,0,1
C23813,2025,4,April,3,3,0,1
C23813,2025,7,July,4,4,0,1
C23814,2024,11,November,1,1,1,0
C23814,2025,1,January,3,2,0,1
C23814,2025,8,August,4,3,0,1
C23814,2025,10,October,5,4,0,1
C23814,2025,12,December,6,5,0,1
C23815,2025,3,March,1,1,1,0
C23815,2025,9,September,2,2,0,1
C23816,2024,7,July,1,1,1,0
C23816,2024,8,August,2,2,0,1
C23816,2024,9,September,3,3,0,1
C23816,2025,4,April,4,4,0,1
C23816,2025,7,July,6,5,0,1
C23817,2024,9,September,1,1,1,0
C23817,2025,2,February,2,2,0,1
C23817,2025,8,August,3,3,0,1
C23817,2025,11,November,4,4,0,1
C23818,2024,7,July,1,1,1,0
C23818,2025,5,May,2,2,0,1
C23818,2025,6,June,3,2,0,1
C23818,2025,7,July,4,3,0,1
C23818,2025,12,December,5,4,0,1
C23819,2024,7,July,1,3,0,1
C23819,2024,11,November,4,4,0,1
C23819,2024,12,December,5,6,0,1
C23819,2025,2,February,7,8,0,1
C23819,2025,7,July,9,8,0,1
C23819,2025,9,September,10,9,0,1
C23819,2025,11,November,11,10,0,1
C23820,2025,9,September,1,1,1,0
C23822,2024,11,November,1,1,1,0
C23822,2025,6,June,2,3,0,1
C23823,2024,10,October,1,1,1,0
C23824,2025,11,November,1,2,0,1
C23825,2024,10,October,1,0,1,0
C23825,2025,11,November,2,1,0,0
C23825,2025,12,December,3,2,0,1
C23826,2025,2,February,1,0,1,0
C23827,2024,8,August,1,1,1,0
C23827,2025,5,May,2,2,0,1
C23827,2025,8,August,3,3,0,1
C23827,2025,10,October,4,3,0,1
C23827,2025,11,November,5,4,0,1
C23828,2024,8,August,1,0,1,0
C23828,2024,10,October,2,1,0,0
C23828,2024,11,November,3,2,0,1
C23828,2025,4,April,4,3,0,1
C23828,2025,10,October,5,4,0,1
C23829,2025,2,February,1,1,1,0
C23829,2025,4,April,3,2,0,1
C23829,2025,9,September,4,3,0,1
C23830,2024,8,August,1,1,1,0
C23830,2025,2,February,2,2,0,1
C23830,2025,9,September,3,3,0,1
C23830,2025,12,December,4,5,0,1
C23831,2024,11,November,1,0,1,0
C23831,2025,1,January,2,1,0,0
C23831,2025,4,April,3,2,0,1
C23831,2025,10,October,4,3,0,1
C23831,2025,12,December,5,5,0,1
C23832,2024,11,November,1,1,1,0
C23832,2025,2,February,2,2,0,1
C23832,2025,3,March,3,3,0,1
C23832,2025,4,April,4,4,0,1
C23832,2025,9,September,5,6,0,1
C23833,2025,3,March,1,1,1,0
C23833,2025,12,December,2,2,0,1
C23834,2024,7,July,1,1,1,0
C23834,2024,9,September,2,2,0,1
C23834,2024,12,December,3,2,0,1
C23835,2024,12,December,1,1,1,0
C23835,2025,6,June,2,2,0,1
C23836,2024,12,December,1,1,1,0
C23836,2025,3,March,2,1,0,0
C23836,2025,8,August,3,2,0,1
C23837,2024,10,October,1,1,1,0
C23837,2025,2,February,2,2,0,1
C23837,2025,4,April,3,3,0,1
C23837,2025,7,July,4,4,0,1
C23837,2025,10,October,5,5,0,1
C23838,2024,8,August,1,1,1,0
C23838,2025,1,January,2,1,0,0
C23838,2025,4,April,3,1,0,0
C23838,2025,6,June,5,2,0,1
C23838,2025,8,August,7,3,0,1
C23839,2024,7,July,1,1,1,0
C23840,2025,2,February,1,1,1,0
C23840,2025,5,May,2,2,0,1
C23842,2024,8,August,1,1,1,0
C23842,2024,12,December,2,2,0,1
C23842,2025,7,July,3,3,0,1
C23843,2024,7,July,1,1,1,0
C23843,2025,6,June,2,2,0,1
C23844,2024,9,September,1,0,1,0
C23844,2025,3,March,2,2,0,1
C23844,2025,11,November,4,2,0,1
C23845,2025,2,February,1,1,1,0
C23846,2024,8,August,1,1,1,0
C23846,2025,2,February,2,2,0,1
C23846,2025,6,June,3,2,0,1
C23846,2025,11,November,4,3,0,1
C23847,2024,12,December,1,0,1,0
C23848,2025,2,February,1,1,1,0
C23849,2024,10,October,1,0,1,0
C23850,2024,10,October,1,1,1,0
C23850,2024,11,November,2,2,0,1
C23850,2024,12,December,3,2,0,1
C23850,2025,3,March,4,3,0,1
C23850,2025,7,July,5,4,0,1
C23851,2025,2,February,1,1,1,0
C23851,2025,4,April,2,2,0,1
C23851,2025,6,June,3,3,0,1
C23851,2025,10,October,4,4,0,1
C23851,2025,11,November,5,4,0,1
C23852,2025,6,June,1,1,1,0
C23852,2025,8,August,2,1,0,0
C23852,2025,9,September,3,2,0,1
C23852,2025,10,October,4,3,0,1
C23853,2025,3,March,1,1,1,0
C23853,2025,7,July,2,1,0,0
C23853,2025,8,August,3,2,0,1
C23853,2025,11,November,4,3,0,1
C23854,2024,12,December,1,1,1,0
C23854,2025,10,October,2,1,0,0
C23855,2024,9,September,1,1,1,0
C23855,2025,1,January,2,2,0,1
C23856,2024,7,July,1,0,1,0
C23856,2025,9,September,2,1,0,0
C23857,2024,9,September,1,1,1,0
C23857,2025,8,August,2,1,0,0
C23858,2024,7,July,1,0,1,0
C23858,2024,10,October,2,1,0,0
C23858,2025,1,January,3,2,0,1
C23858,2025,2,February,4,3,0,1
C23859,2024,7,July,1,1,1,0
C23859,2024,10,October,2,2,0,1
C23859,2024,11,November,3,3,0,1
C23859,2025,3,March,4,3,0,1
C23859,2025,4,April,5,4,0,1
C23859,2025,11,November,6,5,0,1
C23861,2025,4,April,1,1,1,0
C23862,2024,11,November,1,1,1,0
C23862,2025,5,May,2,2,0,1
C23863,2025,9,September,1,2,0,1
C23864,2024,7,July,1,1,1,0
C23864,2024,9,September,2,2,0,1
C23864,2025,2,February,3,3,0,1
C23864,2025,5,May,4,4,0,1
C23864,2025,11,November,5,5,0,1
C23865,2024,12,December,1,1,1,0
C23865,2025,4,April,2,1,0,0
C23865,2025,5,May,3,2,0,1
C23866,2025,3,March,1,1,1,0
C23867,2024,9,September,1,1,1,0
C23867,2024,10,October,2,2,0,1
C23867,2025,4,April,3,3,0,1
C23867,2025,6,June,4,3,0,1
C23867,2025,9,September,5,4,0,1
C23867,2025,12,December,6,5,0,1
C23868,2025,9,September,1,1,1,0
C23869,2024,7,July,1,1,1,0
C23870,2024,11,November,1,1,1,0
C23870,2025,5,May,2,2,0,1
C23870,2025,8,August,3,4,0,1
C23871,2024,7,July,1,1,1,0
C23872,2024,7,July,1,1,1,0
C23872,2024,11,November,2,2,0,1
C23872,2025,1,January,3,3,0,1
C23872,2025,3,March,4,4,0,1
C23872,2025,5,May,5,5,0,1
C23872,2025,6,June,6,6,0,1
C23872,2025,7,July,7,8,0,1
C23872,2025,9,September,9,8,0,1
C23872,2025,10,October,10,8,0,1
C23872,2025,11,November,11,9,0,1
C23872,2025,12,December,12,10,0,1
C23873,2024,10,October,1,1,1,0
C23873,2025,3,March,2,2,0,1
C23873,2025,5,May,3,3,0,1
C23874,2024,8,August,1,0,1,0
C23875,2025,3,March,1,1,1,0
C23875,2025,7,July,2,2,0,1
C23875,2025,10,October,3,3,0,1
C23875,2025,11,November,4,4,0,1
C23876,2024,11,November,1,2,0,1
C23876,2025,7,July,3,2,0,1
C23877,2024,8,August,1,1,1,0
C23877,2024,9,September,2,2,0,1
C23877,2024,12,December,3,4,0,1
C23877,2025,8,August,5,6,0,1
C23878,2024,9,September,1,1,1,0
C23878,2025,1,January,2,2,0,1
C23878,2025,3,March,3,3,0,1
C23878,2025,4,April,4,5,0,1
C23878,2025,8,August,6,6,0,1
C23878,2025,12,December,7,6,0,1
C23879,2025,7,July,1,1,1,0
C23880,2024,8,August,1,1,1,0
C23880,2024,9,September,2,1,0,0
C23880,2024,12,December,3,2,0,1
C23880,2025,7,July,4,3,0,1
C23881,2025,2,February,1,1,1,0
C23881,2025,3,March,2,2,0,1
C23881,2025,4,April,3,3,0,1
C23881,2025,10,October,4,4,0,1
C23882,2024,8,August,1,1,1,0
C23882,2025,3,March,2,2,0,1
C23882,2025,12,December,3,2,0,1
C23883,2024,9,September,1,1,1,0
C23883,2024,10,October,2,2,0,1
C23883,2025,2,February,3,3,0,1
C23883,2025,3,March,4,3,0,1
C23883,2025,4,April,5,4,0,1
C23883,2025,10,October,6,5,0,1
C23884,2024,7,July,1,0,1,0
C23884,2024,8,August,2,1,0,0
C23884,2025,2,February,3,2,0,1
C23884,2025,4,April,4,3,0,1
C23885,2024,9,September,1,1,1,0
C23885,2025,3,March,2,2,0,1
C23886,2025,5,May,1,0,1,0
C23887,2024,9,September,1,1,1,0
C23887,2025,3,March,2,2,0,1
C23887,2025,10,October,3,2,0,1
C23888,2025,2,February,1,1,1,0
C23889,2024,7,July,1,1,1,0
C23890,2025,8,August,1,1,1,0
C23891,2024,7,July,1,1,1,0
C23891,2024,8,August,2,2,0,1
C23891,2024,10,October,3,2,0,1
C23891,2024,12,December,4,3,0,1
C23891,2025,3,March,5,4,0,1
C23891,2025,5,May,6,5,0,1
C23891,2025,8,August,7,6,0,1
C23891,2025,10,October,8,7,0,1
C23891,2025,12,December,9,8,0,1
C23892,2025,3,March,1,1,1,0
C23892,2025,5,May,2,2,0,1
C23892,2025,10,October,3,3,0,1
C23893,2024,8,August,1,1,1,0
C23893,2024,10,October,2,1,0,0
C23893,2025,4,April,3,2,0,1
C23894,2024,10,October,1,1,1,0
C23894,2025,4,April,2,2,0,1
C23894,2025,8,August,3,3,0,1
C23894,2025,12,December,4,4,0,1
C23895,2025,5,May,1,1,1,0
C23895,2025,11,November,2,2,0,1
C23895,2025,12,December,3,3,0,1
C23896,2024,7,July,1,1,1,0
C23896,2025,4,April,2,2,0,1
C23896,2025,9,September,3,2,0,1
C23898,2025,4,April,1,1,1,0
C23899,2024,8,August,1,1,1,0
C23899,2024,11,November,2,1,0,0
C23899,2025,3,March,3,2,0,1
C23899,2025,10,October,4,3,0,1
C23900,2025,8,August,1,1,1,0
C23901,2025,6,June,1,0,1,0
C23901,2025,9,September,2,1,0,0
C23902,2024,12,December,1,1,1,0
C23902,2025,5,May,2,2,0,1
C23902,2025,9,September,3,3,0,1
C23902,2025,10,October,4,4,0,1
C23903,2024,7,July,1,1,1,0
C23903,2024,11,November,2,2,0,1
C23903,2025,5,May,3,3,0,1
C23904,2024,11,November,1,1,1,0
C23904,2025,1,January,2,2,0,1
C23904,2025,4,April,3,3,0,1
C23904,2025,6,June,5,4,0,1
C23904,2025,8,August,6,5,0,1
C23905,2024,9,September,1,0,1,0
C23905,2025,6,June,2,0,0,0
C23905,2025,7,July,3,1,0,0
C23906,2024,12,December,1,1,1,0
C23906,2025,9,September,2,2,0,1
C23906,2025,11,November,3,3,0,1
C23907,2024,7,July,1,1,1,0
C23907,2024,10,October,2,2,0,1
C23907,2025,3,March,3,3,0,1
C23907,2025,12,December,4,4,0,1
C23908,2024,8,August,1,2,0,1
C23908,2024,9,September,3,2,0,1
C23908,2024,10,October,4,3,0,1
C23908,2025,2,February,5,4,0,1
C23908,2025,5,May,6,4,0,1
C23908,2025,6,June,7,5,0,1
C23908,2025,7,July,8,6,0,1
C23909,2024,8,August,1,2,0,1
C23909,2024,9,September,3,5,0,1
C23909,2024,12,December,6,6,0,1
C23910,2024,7,July,1,2,0,1
C23910,2024,12,December,3,2,0,1
C23910,2025,5,May,4,3,0,1
C23910,2025,8,August,5,4,0,1
C23911,2024,8,August,1,1,1,0
C23912,2024,8,August,1,1,1,0
C23912,2024,12,December,2,2,0,1
C23912,2025,2,February,3,3,0,1
C23912,2025,5,May,4,3,0,1
C23912,2025,6,June,5,4,0,1
C23912,2025,8,August,6,5,0,1
C23913,2025,5,May,1,1,1,0
C23913,2025,8,August,3,2,0,1
C23913,2025,10,October,4,3,0,1
C23914,2024,8,August,1,0,1,0
C23914,2024,10,October,2,1,0,0
C23914,2025,3,March,3,2,0,1
C23914,2025,7,July,4,3,0,1
C23914,2025,8,August,5,4,0,1
C23914,2025,12,December,6,5,0,1
C23915,2024,7,July,1,1,1,0
C23915,2025,2,February,2,1,0,0
C23916,2024,8,August,1,1,1,0
C23916,2024,11,November,2,3,0,1
C23916,2024,12,December,4,3,0,1
C23916,2025,3,March,5,4,0,1
C23916,2025,5,May,6,5,0,1
C23916,2025,6,June,7,7,0,1
C23916,2025,11,November,9,8,0,1
C23917,2024,7,July,1,1,1,0
C23917,2024,11,November,2,2,0,1
C23917,2025,1,January,3,3,0,1
C23918,2024,11,November,1,1,1,0
C23918,2025,12,December,2,1,0,0
C23920,2024,10,October,1,1,1,0
C23920,2025,7,July,2,2,0,1
C23921,2024,7,July,1,1,1,0
C23921,2024,8,August,2,1,0,0
C23921,2024,10,October,3,2,0,1
C23921,2025,6,June,4,3,0,1
C23922,2024,8,August,1,0,1,0
C23922,2025,7,July,2,1,0,0
C23923,2024,12,December,1,1,1,0
C23923,2025,1,January,2,2,0,1
C23923,2025,6,June,3,3,0,1
C23923,2025,8,August,4,3,0,1
C23924,2025,4,April,1,1,1,0
C23924,2025,9,September,2,2,0,1
C23925,2024,8,August,1,1,1,0
C23926,2024,8,August,1,1,1,0
C23926,2025,1,January,2,2,0,1
C23927,2024,12,December,1,3,0,1
C23927,2025,7,July,4,4,0,1
C23927,2025,10,October,5,5,0,1
C23928,2024,8,August,1,1,1,0
C23928,2025,7,July,2,1,0,0
C23928,2025,9,September,3,2,0,1
C23929,2024,8,August,1,2,0,1
C23929,2024,9,September,3,2,0,1
C23929,2024,11,November,4,2,0,1
C23929,2025,1,January,6,3,0,1
C23929,2025,4,April,7,4,0,1
C23930,2025,3,March,1,1,1,0
C23930,2025,5,May,2,2,0,1
C23930,2025,6,June,3,2,0,1
C23930,2025,11,November,4,3,0,1
C23930,2025,12,December,5,5,0,1
C23931,2024,11,November,1,1,1,0
C23931,2025,10,October,2,2,0,1
C23932,2024,7,July,1,1,1,0
C23932,2024,10,October,2,3,0,1
C23932,2025,4,April,4,4,0,1
C23932,2025,7,July,5,5,0,1
C23932,2025,8,August,6,6,0,1
C23932,2025,11,November,7,7,0,1
C23933,2024,8,August,1,0,1,0
C23933,2025,1,January,2,1,0,0
C23933,2025,11,November,3,2,0,1
C23934,2024,9,September,1,0,1,0
C23934,2025,8,August,2,1,0,0
C23935,2025,1,January,1,1,1,0
C23935,2025,2,February,2,2,0,1
C23936,2024,11,November,1,0,1,0
C23936,2025,2,February,2,1,0,0
C23936,2025,8,August,3,1,0,0
C23937,2025,9,September,1,1,1,0
C23937,2025,10,October,2,2,0,1
C23939,2024,9,September,1,1,1,0
C23939,2025,2,February,2,2,0,1
C23939,2025,3,March,3,3,0,1
C23939,2025,5,May,4,4,0,1
C23939,2025,8,August,5,6,0,1
C23939,2025,10,October,7,6,0,1
C23940,2025,10,October,1,1,1,0
C23941,2024,7,July,1,1,1,0
C23941,2025,2,February,2,2,0,1
C23941,2025,6,June,3,3,0,1
C23941,2025,7,July,4,3,0,1
C23941,2025,11,November,5,4,0,1
C23942,2024,7,July,1,1,1,0
C23942,2025,1,January,2,2,0,1
C23942,2025,9,September,3,2,0,1
C23943,2024,10,October,1,1,1,0
C23944,2025,7,July,1,1,1,0
C23944,2025,8,August,2,2,0,1
C23944,2025,9,September,3,3,0,1
C23944,2025,11,November,4,4,0,1
C23945,2024,9,September,1,2,0,1
C23945,2024,10,October,3,3,0,1
C23945,2024,11,November,4,4,0,1
C23945,2025,2,February,5,6,0,1
C23945,2025,4,April,7,7,0,1
C23945,2025,7,July,8,9,0,1
C23945,2025,8,August,10,10,0,1
C23945,2025,9,September,11,10,0,1
C23945,2025,10,October,12,10,0,1
C23945,2025,11,November,14,11,0,1
C23945,2025,12,December,15,12,0,1
C23946,2024,7,July,1,1,1,0
C23946,2024,8,August,2,2,0,1
C23946,2025,6,June,3,3,0,1
C23946,2025,7,July,4,5,0,1
C23946,2025,10,October,6,6,0,1
C23946,2025,12,December,7,8,0,1
C23947,2024,12,December,1,1,1,0
C23947,2025,5,May,2,2,0,1
C23948,2024,9,September,1,1,1,0
C23948,2024,11,November,2,1,0,0
C23948,2025,9,September,3,1,0,0
C23949,2024,11,November,1,2,0,1
C23950,2025,2,February,1,1,1,0
C23951,2024,8,August,1,1,1,0
C23951,2024,10,October,2,2,0,1
C23951,2024,12,December,3,3,0,1
C23951,2025,6,June,4,4,0,1
C23951,2025,10,October,5,5,0,1
C23952,2024,7,July,1,2,0,1
C23952,2025,1,January,3,4,0,1
C23952,2025,7,July,5,5,0,1
C23952,2025,11,November,6,7,0,1
C23952,2025,12,December,8,10,0,1
C23953,2024,8,August,1,0,1,0
C23953,2024,12,December,2,0,0,0
C23954,2024,7,July,1,0,1,0
C23954,2024,10,October,2,0,0,0
C23954,2025,7,July,3,1,0,0
C23954,2025,11,November,4,2,0,1
C23954,2025,12,December,5,3,0,1
C23955,2024,8,August,1,0,1,0
C23955,2024,10,October,2,1,0,0
C23955,2024,11,November,3,1,0,0
C23956,2024,8,August,1,1,1,0
C23956,2025,4,April,2,1,0,0
C23956,2025,10,October,3,2,0,1
C23957,2024,9,September,1,1,1,0
C23957,2024,12,December,3,2,0,1
C23957,2025,11,November,4,3,0,1
C23958,2025,1,January,1,1,1,0
C23958,2025,3,March,2,2,0,1
C23959,2024,8,August,1,1,1,0
C23959,2025,12,December,2,2,0,1
C23960,2024,9,September,1,2,0,1
C23960,2025,4,April,3,2,0,1
C23960,2025,7,July,4,3,0,1
C23960,2025,10,October,5,3,0,1
C23961,2025,4,April,1,0,1,0
C23961,2025,5,May,2,1,0,0
C23963,2024,7,July,1,0,1,0
C23963,2024,8,August,2,1,0,0
C23963,2024,11,November,3,2,0,1
C23963,2025,1,January,4,3,0,1
C23963,2025,2,February,5,4,0,1
C23963,2025,3,March,6,5,0,1
C23963,2025,4,April,8,6,0,1
C23964,2024,10,October,1,2,0,1
C23964,2025,8,August,3,3,0,1
C23964,2025,9,September,4,3,0,1
C23964,2025,12,December,5,3,0,1
C23965,2024,10,October,1,1,1,0
C23965,2025,10,October,2,2,0,1
C23966,2025,6,June,1,0,1,0
C23966,2025,10,October,2,1,0,0
C23967,2024,7,July,1,1,1,0
C23967,2024,9,September,2,2,0,1
C23967,2024,11,November,4,3,0,1
C23967,2024,12,December,5,3,0,1
C23967,2025,4,April,6,4,0,1
C23967,2025,10,October,7,6,0,1
C23968,2024,11,November,1,1,1,0
C23968,2025,1,January,2,2,0,1
C23968,2025,2,February,3,2,0,1
C23968,2025,9,September,4,3,0,1
C23968,2025,10,October,5,3,0,1
C23970,2025,2,February,1,1,1,0
C23971,2024,12,December,1,0,1,0
C23971,2025,6,June,2,1,0,0
C23971,2025,12,December,3,2,0,1
C23972,2024,7,July,1,0,1,0
C23972,2024,12,December,2,1,0,0
C23972,2025,2,February,3,2,0,1
C23972,2025,4,April,4,3,0,1
C23972,2025,7,July,5,4,0,1
C23973,2025,2,February,1,2,0,1
C23973,2025,9,September,3,3,0,1
C23973,2025,10,October,4,5,0,1
C23974,2024,10,October,1,1,1,0
C23974,2025,5,May,2,2,0,1
C23974,2025,10,October,3,3,0,1
C23975,2025,2,February,1,1,1,0
C23976,2024,8,August,1,0,1,0
C23976,2025,2,February,2,1,0,0
C23976,2025,8,August,3,2,0,1
C23976,2025,11,November,4,3,0,1
C23977,2024,7,July,1,1,1,0
C23977,2024,11,November,2,1,0,0
C23977,2025,6,June,3,1,0,0
C23978,2024,8,August,1,1,1,0
C23978,2024,12,December,2,2,0,1
C23978,2025,3,March,3,2,0,1
C23978,2025,4,April,4,3,0,1
C23978,2025,6,June,5,4,0,1
C23979,2024,10,October,1,0,1,0
C23979,2024,11,November,2,1,0,0
C23979,2025,2,February,3,2,0,1
C23979,2025,7,July,5,3,0,1
C23979,2025,10,October,6,4,0,1
C23980,2024,7,July,1,2,0,1
C23980,2025,2,February,3,3,0,1
C23980,2025,8,August,4,4,0,1
C23980,2025,12,December,5,5,0,1
C23981,2024,7,July,1,1,1,0
C23981,2025,1,January,2,3,0,1
C23981,2025,6,June,4,4,0,1
C23981,2025,7,July,5,5,0,1
C23981,2025,8,August,6,6,0,1
C23981,2025,9,September,7,8,0,1
C23981,2025,11,November,9,9,0,1
C23981,2025,12,December,10,9,0,1
C23982,2024,9,September,1,1,1,0
C23982,2025,5,May,2,2,0,1
C23982,2025,11,November,3,2,0,1
C23983,2025,2,February,1,1,1,0
C23983,2025,11,November,2,2,0,1
C23984,2025,5,May,1,1,1,0
C23984,2025,7,July,2,3,0,1
C23984,2025,9,September,4,3,0,1
C23985,2025,6,June,1,0,1,0
C23986,2024,10,October,1,1,1,0
C23986,2024,12,December,2,2,0,1
C23987,2024,8,August,1,1,1,0
C23987,2024,9,September,2,3,0,1
C23987,2024,12,December,4,5,0,1
C23987,2025,1,January,6,6,0,1
C23987,2025,3,March,7,7,0,1
C23987,2025,6,June,8,8,0,1
C23987,2025,7,July,9,9,0,1
C23987,2025,8,August,12,10,0,1
C23987,2025,10,October,13,11,0,1
C23987,2025,12,December,14,12,0,1
C23988,2025,12,December,1,0,1,0
C23989,2024,7,July,1,1,1,0
C23989,2024,10,October,2,3,0,1
C23989,2024,11,November,4,4,0,1
C23989,2025,5,May,5,5,0,1
C23989,2025,6,June,6,7,0,1
C23989,2025,12,December,8,7,0,1
C23990,2024,10,October,1,0,1,0
C23990,2024,12,December,2,1,0,0
C23990,2025,2,February,3,3,0,1
C23991,2024,7,July,1,1,1,0
C23991,2024,12,December,2,2,0,1
C23991,2025,5,May,3,3,0,1
C23992,2025,5,May,1,0,1,0
C23992,2025,7,July,2,1,0,0
C23992,2025,10,October,3,2,0,1
C23993,2024,8,August,1,1,1,0
C23993,2024,10,October,2,2,0,1
C23993,2025,6,June,3,3,0,1
C23993,2025,9,September,4,4,0,1
C23993,2025,12,December,5,6,0,1
C23994,2024,7,July,1,1,1,0
C23994,2024,8,August,2,2,0,1
C23994,2024,9,September,3,3,0,1
C23994,2024,12,December,4,4,0,1
C23994,2025,6,June,5,5,0,1
C23994,2025,8,August,6,6,0,1
C23995,2025,1,January,1,1,1,0
C23995,2025,7,July,2,2,0,1
C23995,2025,8,August,3,3,0,1
C23995,2025,9,September,4,4,0,1
C23995,2025,10,October,5,5,0,1
C23995,2025,12,December,6,6,0,1
C23996,2024,7,July,1,0,1,0
C23996,2025,6,June,2,1,0,0
C23996,2025,7,July,3,2,0,1
C23996,2025,9,September,4,3,0,1
C23997,2024,11,November,1,1,1,0
C23997,2024,12,December,2,2,0,1
C23997,2025,1,January,3,3,0,1
C23997,2025,2,February,4,4,0,1
C23997,2025,4,April,5,5,0,1
C23997,2025,5,May,7,6,0,1
C23997,2025,10,October,9,7,0,1
C23999,2024,9,September,1,1,1,0
C23999,2024,10,October,2,2,0,1
C23999,2025,5,May,3,2,0,1
C23999,2025,10,October,4,3,0,1
C24000,2024,12,December,1,2,0,1
C24000,2025,3,March,4,3,0,1
C24000,2025,9,September,5,5,0,1
C24000,2025,11,November,7,6,0,1
C24001,2024,7,July,1,0,1,0
C24001,2024,8,August,2,1,0,0
C24001,2024,12,December,3,2,0,1
C24001,2025,4,April,4,3,0,1
C24001,2025,8,August,5,5,0,1
C24002,2024,11,November,1,1,1,0
C24002,2024,12,December,3,2,0,1
C24002,2025,6,June,4,2,0,1
C24002,2025,8,August,5,2,0,1
C24002,2025,11,November,6,4,0,1
C24002,2025,12,December,8,5,0,1
C24004,2024,9,September,1,2,0,1
C24004,2025,1,January,3,3,0,1
C24004,2025,7,July,4,5,0,1
C24004,2025,8,August,6,6,0,1
C24004,2025,11,November,7,7,0,1
C24005,2024,9,September,1,1,1,0
C24005,2025,3,March,2,2,0,1
C24005,2025,6,June,3,4,0,1
C24005,2025,8,August,6,5,0,1
C24005,2025,11,November,7,5,0,1
C24006,2024,11,November,1,1,1,0
C24006,2025,9,September,2,1,0,0
C24006,2025,12,December,3,2,0,1
C24007,2025,11,November,1,1,1,0
C24008,2024,8,August,1,1,1,0
C24008,2024,9,September,2,2,0,1
C24008,2025,5,May,3,3,0,1
C24008,2025,12,December,4,4,0,1
C24009,2024,9,September,1,0,1,0
C24009,2024,11,November,2,1,0,0
C24009,2025,1,January,3,1,0,0
C24009,2025,3,March,4,2,0,1
C24009,2025,5,May,5,3,0,1
C24009,2025,7,July,6,4,0,1
C24009,2025,8,August,7,5,0,1
C24010,2024,11,November,1,1,1,0
C24010,2025,6,June,2,2,0,1
C24010,2025,10,October,3,4,0,1
C24010,2025,12,December,5,5,0,1
C24011,2024,10,October,1,1,1,0
C24011,2025,2,February,2,2,0,1
C24012,2024,7,July,1,0,1,0
C24012,2025,5,May,2,1,0,0
C24012,2025,8,August,3,2,0,1
C24013,2024,7,July,1,1,1,0
C24013,2024,9,September,3,3,0,1
C24013,2024,10,October,5,4,0,1
C24013,2025,1,January,6,4,0,1
C24013,2025,9,September,7,5,0,1
C24014,2024,7,July,1,2,0,1
C24014,2025,2,February,3,3,0,1
C24015,2024,9,September,1,1,1,0
C24015,2025,4,April,2,2,0,1
C24015,2025,7,July,3,3,0,1
C24016,2024,12,December,1,1,1,0
C24016,2025,7,July,2,1,0,0
C24017,2024,7,July,1,1,1,0
C24017,2025,2,February,2,2,0,1
C24017,2025,3,March,3,2,0,1
C24017,2025,4,April,4,2,0,1
C24017,2025,8,August,5,3,0,1
C24018,2024,7,July,1,0,1,0
C24018,2024,8,August,2,1,0,0
C24018,2024,9,September,3,2,0,1
C24018,2024,10,October,4,5,0,1
C24018,2025,1,January,7,6,0,1
C24018,2025,5,May,8,7,0,1
C24018,2025,7,July,9,8,0,1
C24018,2025,8,August,10,10,0,1
C24019,2024,11,November,1,1,1,0
C24019,2025,1,January,2,2,0,1
C24019,2025,5,May,3,3,0,1
C24020,2024,8,August,1,1,1,0
C24020,2024,9,September,2,2,0,1
C24020,2024,11,November,3,4,0,1
C24020,2025,3,March,5,5,0,1
C24020,2025,5,May,6,6,0,1
C24020,2025,6,June,7,6,0,1
C24020,2025,10,October,8,7,0,1
C24020,2025,11,November,9,8,0,1
C24021,2024,12,December,1,1,1,0
C24021,2025,1,January,2,1,0,0
C24021,2025,3,March,3,1,0,0
C24021,2025,9,September,4,2,0,1
C24021,2025,11,November,5,3,0,1
C24022,2024,8,August,1,1,1,0
C24023,2025,6,June,1,1,1,0
C24023,2025,10,October,3,2,0,1
C24024,2024,8,August,1,0,1,0
C24024,2024,9,September,2,1,0,0
C24024,2025,3,March,3,2,0,1
C24024,2025,5,May,4,3,0,1
C24024,2025,8,August,5,5,0,1
C24024,2025,9,September,7,6,0,1
C24024,2025,11,November,9,7,0,1
C24025,2024,8,August,1,1,1,0
C24025,2024,9,September,2,2,0,1
C24025,2024,12,December,3,2,0,1
C24025,2025,4,April,4,2,0,1
C24025,2025,7,July,5,2,0,1
C24027,2024,11,November,1,1,1,0
C24027,2025,2,February,2,2,0,1
C24027,2025,6,June,3,3,0,1
C24028,2024,7,July,1,1,1,0
C24028,2024,9,September,2,2,0,1
C24028,2024,10,October,3,3,0,1
C24028,2024,12,December,4,4,0,1
C24028,2025,2,February,5,6,0,1
C24028,2025,3,March,7,7,0,1
C24028,2025,4,April,8,8,0,1
C24028,2025,6,June,9,9,0,1
C24028,2025,8,August,10,10,0,1
C24028,2025,11,November,11,11,0,1
C24028,2025,12,December,12,12,0,1
C24029,2024,7,July,1,1,1,0
C24029,2024,8,August,2,2,0,1
C24029,2024,10,October,3,2,0,1
C24029,2024,11,November,4,3,0,1
C24029,2024,12,December,5,4,0,1
C24029,2025,1,January,6,5,0,1
C24029,2025,5,May,7,6,0,1
C24029,2025,9,September,8,7,0,1
C24029,2025,10,October,9,8,0,1
C24029,2025,11,November,10,8,0,1
C24030,2025,1,January,1,1,1,0
C24030,2025,6,June,2,2,0,1
C24031,2024,8,August,1,1,1,0
C24031,2024,11,November,2,2,0,1
C24031,2025,2,February,3,3,0,1
C24031,2025,6,June,4,4,0,1
C24031,2025,8,August,5,6,0,1
C24032,2025,4,April,1,1,1,0
C24032,2025,8,August,2,2,0,1
C24032,2025,9,September,3,3,0,1
C24033,2025,1,January,1,1,1,0
C24033,2025,10,October,2,3,0,1
C24033,2025,11,November,4,4,0,1
C24034,2024,8,August,1,1,1,0
C24034,2024,10,October,2,1,0,0
C24034,2024,12,December,3,2,0,1
C24034,2025,8,August,4,3,0,1
C24034,2025,11,November,5,4,0,1
C24035,2025,3,March,1,1,1,0
C24035,2025,4,April,2,2,0,1
C24035,2025,9,September,3,3,0,1
C24035,2025,11,November,4,4,0,1
C24036,2025,5,May,1,1,1,0
C24036,2025,7,July,2,2,0,1
C24036,2025,11,November,3,2,0,1
C24037,2025,3,March,1,1,1,0
C24038,2024,10,October,1,1,1,0
C24038,2025,5,May,2,2,0,1
C24039,2024,12,December,1,0,1,0
C24039,2025,3,March,2,2,0,1
C24039,2025,8,August,4,3,0,1
C24039,2025,11,November,5,4,0,1
C24039,2025,12,December,6,5,0,1
C24040,2024,8,August,1,1,1,0
C24040,2024,10,October,2,2,0,1
C24040,2024,12,December,3,3,0,1
C24040,2025,1,January,4,3,0,1
C24040,2025,10,October,5,4,0,1
C24040,2025,12,December,6,5,0,1
C24041,2024,7,July,1,1,1,0
C24041,2024,11,November,2,2,0,1
C24041,2024,12,December,3,3,0,1
C24041,2025,1,January,4,4,0,1
C24042,2024,11,November,1,0,1,0
C24042,2025,9,September,2,1,0,0
C24043,2024,9,September,1,1,1,0
C24043,2024,11,November,2,2,0,1
C24043,2025,3,March,5,3,0,1
C24043,2025,8,August,6,4,0,1
C24044,2024,7,July,1,1,1,0
C24044,2024,10,October,2,2,0,1
C24044,2025,6,June,3,3,0,1
C24044,2025,8,August,4,4,0,1
C24045,2024,9,September,1,1,1,0
C24045,2024,11,November,2,2,0,1
C24045,2025,4,April,3,3,0,1
C24045,2025,11,November,4,4,0,1
C24046,2024,8,August,1,0,1,0
C24046,2025,6,June,2,1,0,0
C24047,2024,8,August,1,1,1,0
C24047,2025,12,December,2,2,0,1
C24048,2024,9,September,1,1,1,0
C24048,2025,4,April,2,2,0,1
C24048,2025,5,May,3,3,0,1
C24048,2025,6,June,4,3,0,1
C24048,2025,8,August,5,4,0,1
C24048,2025,9,September,6,5,0,1
C24048,2025,12,December,7,6,0,1
C24049,2024,8,August,1,1,1,0
C24049,2025,3,March,2,2,0,1
C24050,2024,10,October,1,1,1,0
C24050,2024,12,December,2,2,0,1
C24050,2025,3,March,3,4,0,1
C24050,2025,5,May,5,5,0,1
C24050,2025,8,August,6,6,0,1
C24051,2025,9,September,1,1,1,0
C24052,2024,12,December,1,1,1,0
C24052,2025,2,February,2,1,0,0
C24052,2025,9,September,3,3,0,1
C24054,2024,9,September,1,1,1,0
C24055,2024,12,December,1,1,1,0
C24055,2025,2,February,2,1,0,0
C24055,2025,5,May,3,1,0,0
C24055,2025,8,August,4,2,0,1
C24055,2025,9,September,5,3,0,1
C24056,2024,7,July,1,1,1,0
C24056,2024,8,August,2,2,0,1
C24056,2024,12,December,3,3,0,1
C24056,2025,5,May,4,4,0,1
C24056,2025,7,July,5,5,0,1
C24056,2025,8,August,6,6,0,1
C24056,2025,12,December,7,7,0,1
C24057,2024,11,November,1,1,1,0
C24057,2025,3,March,2,2,0,1
C24057,2025,5,May,3,3,0,1
C24057,2025,6,June,4,4,0,1
C24057,2025,8,August,5,5,0,1
C24057,2025,10,October,6,7,0,1
C24058,2025,5,May,1,1,1,0
C24058,2025,6,June,2,2,0,1
C24058,2025,8,August,3,3,0,1
C24058,2025,9,September,4,4,0,1
C24058,2025,12,December,5,5,0,1
C24059,2024,10,October,1,1,1,0
C24059,2024,12,December,2,2,0,1
C24059,2025,1,January,3,3,0,1
C24059,2025,10,October,4,4,0,1
C24060,2024,8,August,1,0,1,0
C24060,2024,9,September,2,2,0,1
C24060,2025,4,April,4,3,0,1
C24060,2025,5,May,5,4,0,1
C24060,2025,8,August,6,6,0,1
C24060,2025,11,November,9,7,0,1
C24061,2024,10,October,1,1,1,0
C24062,2024,11,November,1,0,1,0
C24062,2025,1,January,2,1,0,0
C24062,2025,6,June,3,1,0,0
C24063,2024,10,October,1,1,1,0
C24063,2024,12,December,2,2,0,1
C24063,2025,1,January,3,3,0,1
C24063,2025,6,June,4,5,0,1
C24063,2025,7,July,6,6,0,1
C24063,2025,12,December,7,7,0,1
C24064,2025,4,April,1,1,1,0
C24064,2025,9,September,2,2,0,1
C24064,2025,10,October,3,3,0,1
C24065,2024,8,August,1,2,0,1
C24065,2024,10,October,3,3,0,1
C24065,2025,1,January,4,4,0,1
C24065,2025,11,November,5,5,0,1
C24066,2024,9,September,1,1,1,0
C24066,2025,1,January,2,2,0,1
C24066,2025,3,March,3,3,0,1
C24066,2025,10,October,4,4,0,1
C24067,2024,7,July,1,0,1,0
C24067,2025,1,January,3,2,0,1
C24067,2025,7,July,5,2,0,1
C24067,2025,11,November,6,3,0,1
C24068,2024,7,July,1,1,1,0
C24068,2025,3,March,2,2,0,1
C24068,2025,12,December,3,3,0,1
C24069,2024,8,August,1,1,1,0
C24069,2025,7,July,2,2,0,1
C24069,2025,8,August,3,3,0,1
C24070,2025,6,June,1,1,1,0
C24070,2025,7,July,3,1,0,0
C24071,2024,7,July,1,1,1,0
C24071,2025,3,March,2,2,0,1
C24072,2024,7,July,1,0,1,0
C24072,2025,1,January,2,1,0,0
C24072,2025,3,March,3,2,0,1
C24072,2025,4,April,4,3,0,1
C24072,2025,5,May,5,4,0,1
C24072,2025,6,June,6,5,0,1
C24073,2024,8,August,1,1,1,0
C24075,2024,10,October,1,1,1,0
C24075,2024,11,November,2,2,0,1
C24075,2025,4,April,3,2,0,1
C24075,2025,7,July,4,3,0,1
C24076,2024,7,July,1,1,1,0
C24076,2024,11,November,2,1,0,0
C24076,2025,11,November,3,2,0,1
C24077,2024,9,September,1,0,1,0
C24077,2025,1,January,2,1,0,0
C24077,2025,3,March,3,1,0,0
C24077,2025,6,June,4,2,0,1
C24078,2024,9,September,1,0,1,0
C24078,2024,12,December,2,0,0,0
C24078,2025,6,June,3,0,0,0
C24078,2025,9,September,4,1,0,0
C24078,2025,12,December,5,2,0,1
C24079,2024,8,August,1,1,1,0
C24079,2024,9,September,2,2,0,1
C24079,2025,7,July,3,3,0,1
C24079,2025,11,November,4,4,0,1
C24080,2025,1,January,1,1,1,0
C24080,2025,7,July,2,2,0,1
C24080,2025,8,August,3,2,0,1
C24081,2024,7,July,1,1,1,0
C24081,2024,10,October,2,2,0,1
C24082,2024,7,July,1,2,0,1
C24082,2024,11,November,3,4,0,1
C24082,2025,1,January,5,4,0,1
C24082,2025,3,March,6,4,0,1
C24082,2025,5,May,7,5,0,1
C24083,2025,7,July,1,0,1,0
C24083,2025,10,October,2,1,0,0
C24084,2025,3,March,1,1,1,0
C24085,2025,6,June,1,1,1,0
C24085,2025,8,August,2,2,0,1
C24086,2024,9,September,1,1,1,0
C24086,2024,11,November,2,2,0,1
C24086,2024,12,December,3,3,0,1
C24086,2025,5,May,5,4,0,1
C24086,2025,6,June,6,5,0,1
C24086,2025,7,July,8,6,0,1
C24086,2025,8,August,10,7,0,1
C24086,2025,11,November,11,8,0,1
C24086,2025,12,December,12,9,0,1
C24087,2024,9,September,1,2,0,1
C24087,2025,1,January,3,3,0,1
C24087,2025,10,October,4,3,0,1
C24087,2025,11,November,5,4,0,1
C24087,2025,12,December,7,5,0,1
C24088,2024,9,September,1,1,1,0
C24088,2024,11,November,2,2,0,1
C24088,2025,4,April,3,3,0,1
C24088,2025,6,June,4,5,0,1
C24088,2025,9,September,6,6,0,1
C24089,2025,2,February,1,1,1,0
C24089,2025,9,September,2,2,0,1
C24090,2024,8,August,1,1,1,0
C24090,2025,3,March,2,1,0,0
C24090,2025,8,August,3,3,0,1
C24090,2025,11,November,5,3,0,1
C24091,2025,2,February,1,1,1,0
C24092,2024,7,July,1,1,1,0
C24092,2024,8,August,2,2,0,1
C24092,2025,4,April,4,3,0,1
C24092,2025,5,May,5,4,0,1
C24092,2025,7,July,6,5,0,1
C24092,2025,9,September,7,6,0,1
C24092,2025,11,November,8,7,0,1
C24093,2024,8,August,1,1,1,0
C24093,2025,11,November,2,2,0,1
C24094,2024,8,August,1,1,1,0
C24094,2025,4,April,2,2,0,1
C24094,2025,6,June,3,2,0,1
C24094,2025,8,August,4,3,0,1
C24095,2025,2,February,1,1,1,0
C24095,2025,4,April,2,1,0,0
C24095,2025,7,July,3,2,0,1
C24095,2025,10,October,4,4,0,1
C24096,2024,12,December,1,2,0,1
C24096,2025,9,September,3,3,0,1
C24096,2025,10,October,4,4,0,1
C24097,2025,5,May,1,1,1,0
C24098,2024,9,September,1,1,1,0
C24098,2024,11,November,2,2,0,1
C24098,2025,2,February,3,3,0,1
C24098,2025,9,September,4,4,0,1
C24098,2025,10,October,5,4,0,1
C24099,2025,4,April,1,1,1,0
C24099,2025,12,December,2,2,0,1
C24100,2024,12,December,1,0,1,0
C24100,2025,5,May,2,1,0,0
C24100,2025,7,July,3,2,0,1
C24100,2025,8,August,4,3,0,1
C24101,2024,9,September,1,0,1,0
C24101,2024,10,October,2,1,0,0
C24101,2024,12,December,3,3,0,1
C24101,2025,2,February,5,5,0,1
C24101,2025,3,March,7,6,0,1
C24101,2025,6,June,8,7,0,1
C24101,2025,9,September,9,8,0,1
C24101,2025,12,December,10,10,0,1
C24102,2024,12,December,1,1,1,0
C24102,2025,2,February,2,1,0,0
C24102,2025,3,March,3,2,0,1
C24102,2025,10,October,5,3,0,1
C24103,2025,1,January,1,1,1,0
C24103,2025,2,February,2,2,0,1
C24103,2025,5,May,3,3,0,1
C24103,2025,9,September,4,5,0,1
C24103,2025,11,November,6,6,0,1
C24104,2025,4,April,1,1,1,0
C24104,2025,7,July,2,2,0,1
C24104,2025,11,November,3,3,0,1
C24105,2024,9,September,1,0,1,0
C24106,2025,7,July,1,1,1,0
C24106,2025,9,September,2,2,0,1
C24106,2025,12,December,3,3,0,1
C24107,2025,1,January,1,2,0,1
C24107,2025,7,July,3,3,0,1
C24107,2025,12,December,4,4,0,1
C24108,2025,2,February,1,1,1,0
C24109,2024,9,September,1,1,1,0
C24109,2024,12,December,2,3,0,1
C24109,2025,9,September,4,4,0,1
C24109,2025,10,October,5,5,0,1
C24109,2025,11,November,6,6,0,1
C24110,2024,12,December,1,1,1,0
C24110,2025,1,January,2,1,0,0
C24110,2025,5,May,3,2,0,1
C24110,2025,11,November,4,3,0,1
C24111,2024,8,August,1,1,1,0
C24112,2024,7,July,1,1,1,0
C24112,2025,1,January,2,2,0,1
C24112,2025,8,August,3,3,0,1
C24112,2025,11,November,4,4,0,1
C24113,2024,8,August,1,2,0,1
C24113,2025,2,February,3,3,0,1
C24113,2025,10,October,4,4,0,1
C24114,2024,7,July,1,1,1,0
C24114,2024,8,August,2,2,0,1
C24114,2025,1,January,3,3,0,1
C24114,2025,2,February,4,4,0,1
C24115,2024,7,July,1,1,1,0
C24115,2025,1,January,2,4,0,1
C24115,2025,2,February,5,7,0,1
C24115,2025,3,March,8,7,0,1
C24115,2025,8,August,9,8,0,1
C24116,2025,6,June,1,1,1,0
C24116,2025,10,October,2,3,0,1
C24116,2025,12,December,4,4,0,1
C24117,2024,9,September,1,1,1,0
C24117,2024,10,October,2,2,0,1
C24117,2025,2,February,3,3,0,1
C24117,2025,3,March,4,6,0,1
C24117,2025,7,July,7,7,0,1
C24118,2024,8,August,1,1,1,0
C24118,2024,11,November,2,2,0,1
C24118,2025,5,May,3,3,0,1
C24118,2025,12,December,4,4,0,1
C24119,2024,10,October,1,1,1,0
C24119,2025,3,March,2,3,0,1
C24119,2025,5,May,4,3,0,1
C24119,2025,11,November,6,4,0,1
C24120,2025,1,January,1,1,1,0
C24120,2025,8,August,2,2,0,1
C24121,2024,10,October,1,1,1,0
C24121,2025,10,October,2,2,0,1
C24122,2024,7,July,1,1,1,0
C24122,2024,11,November,2,2,0,1
C24122,2025,1,January,3,3,0,1
C24122,2025,2,February,5,4,0,1
C24122,2025,4,April,6,4,0,1
C24122,2025,6,June,7,4,0,1
C24122,2025,8,August,8,5,0,1
C24122,2025,9,September,9,5,0,1
C24123,2024,11,November,1,1,1,0
C24123,2025,1,January,2,2,0,1
C24123,2025,8,August,3,3,0,1
C24124,2024,8,August,1,1,1,0
C24124,2025,1,January,2,2,0,1
C24124,2025,12,December,3,3,0,1
C24125,2024,7,July,1,0,1,0
C24125,2024,12,December,2,0,0,0
C24126,2024,10,October,1,1,1,0
C24126,2025,4,April,2,2,0,1
C24127,2024,10,October,1,1,1,0
C24127,2024,11,November,2,2,0,1
C24127,2025,7,July,3,3,0,1
C24127,2025,11,November,4,4,0,1
C24129,2024,8,August,1,1,1,0
C24129,2025,1,January,2,2,0,1
C24129,2025,11,November,3,3,0,1
C24130,2025,6,June,1,1,1,0
C24130,2025,11,November,2,1,0,0
C24130,2025,12,December,3,2,0,1
C24131,2024,9,September,1,1,1,0
C24131,2024,11,November,2,2,0,1
C24131,2024,12,December,3,3,0,1
C24131,2025,10,October,4,4,0,1
C24131,2025,12,December,5,5,0,1
C24132,2025,5,May,1,1,1,0
C24133,2024,11,November,1,1,1,0
C24133,2025,2,February,2,1,0,0
C24133,2025,10,October,3,2,0,1
C24134,2025,9,September,1,1,1,0
C24134,2025,12,December,2,2,0,1
C24135,2024,8,August,1,1,1,0
C24135,2024,12,December,2,2,0,1
C24135,2025,2,February,3,3,0,1
C24135,2025,4,April,4,4,0,1
C24135,2025,5,May,5,4,0,1
C24135,2025,6,June,6,5,0,1
C24135,2025,7,July,7,6,0,1
C24135,2025,9,September,8,7,0,1
C24135,2025,12,December,9,8,0,1
C24136,2024,9,September,1,1,1,0
C24136,2024,11,November,2,2,0,1
C24136,2025,3,March,3,2,0,1
C24136,2025,5,May,4,2,0,1
C24136,2025,6,June,5,3,0,1
C24136,2025,10,October,6,4,0,1
C24137,2024,11,November,1,1,1,0
C24138,2024,7,July,1,1,1,0
C24138,2024,8,August,2,3,0,1
C24138,2024,10,October,4,6,0,1
C24138,2024,11,November,7,7,0,1
C24138,2024,12,December,8,8,0,1
C24138,2025,1,January,9,9,0,1
C24138,2025,4,April,10,9,0,1
C24138,2025,7,July,11,10,0,1
C24138,2025,9,September,12,11,0,1
C24138,2025,11,November,13,12,0,1
C24138,2025,12,December,15,13,0,1
C24139,2024,7,July,1,2,0,1
C24139,2025,6,June,3,3,0,1
C24141,2025,3,March,1,0,1,0
C24141,2025,5,May,2,0,0,0
C24141,2025,8,August,3,1,0,0
C24142,2025,1,January,1,1,1,0
C24142,2025,11,November,2,2,0,1
C24143,2024,8,August,1,2,0,1
C24143,2025,4,April,3,3,0,1
C24143,2025,6,June,4,4,0,1
C24143,2025,10,October,5,5,0,1
C24144,2024,10,October,1,0,1,0
C24144,2024,11,November,2,0,0,0
C24144,2025,1,January,3,0,0,0
C24144,2025,4,April,4,1,0,0
C24144,2025,10,October,5,2,0,1
C24145,2024,7,July,1,1,1,0
C24145,2024,11,November,2,4,0,1
C24145,2024,12,December,5,5,0,1
C24145,2025,5,May,6,5,0,1
C24145,2025,7,July,7,6,0,1
C24145,2025,10,October,10,9,0,1
C24146,2024,8,August,1,1,1,0
C24146,2025,6,June,2,1,0,0
C24146,2025,9,September,3,2,0,1
C24147,2024,8,August,1,1,1,0
C24147,2024,12,December,2,3,0,1
C24147,2025,3,March,4,3,0,1
C24147,2025,8,August,5,4,0,1
C24147,2025,12,December,6,5,0,1
C24148,2024,8,August,1,3,0,1
C24148,2025,1,January,4,4,0,1
C24148,2025,5,May,5,4,0,1
C24148,2025,11,November,6,5,0,1
C24149,2024,8,August,1,0,1,0
C24149,2024,9,September,2,1,0,0
C24149,2024,12,December,4,3,0,1
C24149,2025,7,July,6,4,0,1
C24149,2025,9,September,7,5,0,1
C24149,2025,12,December,8,6,0,1
C24150,2024,7,July,1,2,0,1
C24150,2025,3,March,3,4,0,1
C24151,2025,4,April,1,0,1,0
C24151,2025,5,May,2,1,0,0
C24151,2025,7,July,3,2,0,1
C24153,2025,3,March,1,1,1,0
C24153,2025,7,July,2,2,0,1
C24154,2024,11,November,1,1,1,0
C24154,2025,2,February,2,2,0,1
C24154,2025,10,October,3,3,0,1
C24155,2024,7,July,1,1,1,0
C24155,2024,11,November,2,2,0,1
C24155,2024,12,December,3,3,0,1
C24155,2025,11,November,4,4,0,1
C24155,2025,12,December,5,4,0,1
C24156,2024,10,October,1,1,1,0
C24156,2025,4,April,2,2,0,1
C24156,2025,5,May,3,3,0,1
C24156,2025,6,June,4,4,0,1
C24157,2024,10,October,1,1,1,0
C24157,2024,12,December,2,2,0,1
C24157,2025,6,June,3,2,0,1
C24157,2025,8,August,4,4,0,1
C24158,2024,7,July,1,0,1,0
C24158,2024,9,September,2,1,0,0
C24158,2025,8,August,3,2,0,1
C24158,2025,9,September,4,4,0,1
C24159,2025,3,March,1,1,1,0
C24159,2025,4,April,2,2,0,1
C24159,2025,5,May,3,2,0,1
C24159,2025,6,June,4,4,0,1
C24159,2025,7,July,6,5,0,1
C24159,2025,10,October,7,7,0,1
C24159,2025,12,December,9,8,0,1
C24160,2024,11,November,1,1,1,0
C24160,2025,7,July,2,2,0,1
C24160,2025,8,August,3,3,0,1
C24161,2024,12,December,1,1,1,0
C24161,2025,2,February,2,2,0,1
C24162,2024,11,November,1,2,0,1
C24162,2025,4,April,3,3,0,1
C24162,2025,6,June,4,3,0,1
C24162,2025,10,October,5,3,0,1
C24163,2024,8,August,1,1,1,0
C24163,2024,9,September,3,2,0,1
C24163,2024,10,October,4,3,0,1
C24163,2025,10,October,5,3,0,1
C24163,2025,11,November,6,4,0,1
C24164,2025,3,March,1,1,1,0
C24165,2024,10,October,1,1,1,0
C24165,2024,11,November,3,2,0,1
C24165,2025,3,March,4,4,0,1
C24166,2025,7,July,1,1,1,0
C24167,2024,10,October,1,0,1,0
C24167,2025,8,August,2,1,0,0
C24167,2025,11,November,3,2,0,1
C24167,2025,12,December,4,3,0,1
C24168,2025,2,February,1,0,1,0
C24168,2025,4,April,2,1,0,0
C24168,2025,6,June,3,2,0,1
C24168,2025,8,August,4,3,0,1
C24168,2025,11,November,5,4,0,1
C24169,2025,7,July,1,1,1,0
C24170,2024,11,November,1,1,1,0
C24170,2025,1,January,2,2,0,1
C24170,2025,6,June,3,3,0,1
C24170,2025,9,September,4,4,0,1
C24170,2025,10,October,5,5,0,1
C24171,2024,7,July,1,1,1,0
C24171,2024,11,November,2,3,0,1
C24171,2025,7,July,4,4,0,1
C24171,2025,8,August,5,5,0,1
C24171,2025,10,October,6,6,0,1
C24173,2024,8,August,1,1,1,0
C24173,2024,10,October,3,1,0,0
C24173,2024,11,November,4,2,0,1
C24173,2025,3,March,5,3,0,1
C24173,2025,4,April,6,3,0,1
C24173,2025,7,July,7,4,0,1
C24173,2025,11,November,8,5,0,1
C24174,2024,11,November,1,2,0,1
C24174,2025,1,January,3,3,0,1
C24174,2025,7,July,4,3,0,1
C24174,2025,11,November,5,4,0,1
C24175,2024,8,August,1,1,1,0
C24175,2024,10,October,2,2,0,1
C24175,2024,11,November,3,3,0,1
C24175,2024,12,December,4,4,0,1
C24175,2025,6,June,5,5,0,1
C24175,2025,7,July,6,6,0,1
C24175,2025,8,August,7,6,0,1
C24175,2025,11,November,8,7,0,1
C24176,2024,8,August,1,0,1,0
C24176,2024,11,November,2,1,0,0
C24176,2025,1,January,3,2,0,1
C24176,2025,3,March,4,3,0,1
C24176,2025,7,July,5,4,0,1
C24176,2025,8,August,6,4,0,1
C24176,2025,9,September,7,5,0,1
C24176,2025,10,October,8,6,0,1
C24176,2025,12,December,9,7,0,1
C24177,2024,7,July,1,1,1,0
C24177,2025,11,November,2,2,0,1
C24179,2024,7,July,1,0,1,0
C24179,2024,9,September,2,2,0,1
C24179,2024,11,November,4,3,0,1
C24179,2025,3,March,5,4,0,1
C24179,2025,6,June,6,6,0,1
C24179,2025,10,October,8,7,0,1
C24181,2025,4,April,1,1,1,0
C24181,2025,7,July,2,2,0,1
C24181,2025,10,October,3,2,0,1
C24182,2024,11,November,1,1,1,0
C24182,2024,12,December,3,2,0,1
C24182,2025,5,May,4,3,0,1
C24182,2025,7,July,5,4,0,1
C24182,2025,10,October,6,5,0,1
C24182,2025,12,December,7,5,0,1
C24183,2025,3,March,1,1,1,0
C24184,2025,2,February,1,1,1,0
C24184,2025,4,April,2,2,0,1
C24184,2025,5,May,3,3,0,1
C24184,2025,10,October,4,4,0,1
C24185,2024,11,November,1,0,1,0
C24185,2025,1,January,2,0,0,0
C24185,2025,2,February,3,1,0,0
C24185,2025,8,August,4,2,0,1
C24185,2025,12,December,5,3,0,1
C24186,2025,3,March,1,2,0,1
C24186,2025,6,June,3,3,0,1
C24187,2024,8,August,1,1,1,0
C24187,2025,6,June,2,2,0,1
C24188,2024,12,December,1,1,1,0
C24188,2025,2,February,2,2,0,1
C24189,2025,5,May,1,0,1,0
C24189,2025,8,August,2,1,0,0
C24189,2025,9,September,3,2,0,1
C24189,2025,10,October,4,3,0,1
C24189,2025,12,December,5,4,0,1
C24190,2024,8,August,1,1,1,0
C24190,2025,2,February,2,2,0,1
C24190,2025,3,March,3,3,0,1
C24190,2025,9,September,4,4,0,1
C24191,2025,2,February,1,1,1,0
C24192,2024,10,October,1,1,1,0
C24192,2025,1,January,2,2,0,1
C24192,2025,3,March,3,3,0,1
C24192,2025,4,April,4,5,0,1
C24192,2025,6,June,6,6,0,1
C24192,2025,12,December,7,7,0,1
C24193,2025,1,January,1,0,1,0
C24194,2024,9,September,1,2,0,1
C24194,2025,1,January,3,2,0,1
C24194,2025,5,May,4,2,0,1
C24194,2025,6,June,5,3,0,1
C24195,2024,7,July,1,1,1,0
C24195,2025,2,February,3,2,0,1
C24195,2025,3,March,4,3,0,1
C24195,2025,5,May,6,4,0,1
C24195,2025,6,June,7,5,0,1
C24195,2025,9,September,8,6,0,1
C24195,2025,12,December,9,7,0,1
C24196,2024,7,July,1,1,1,0
C24196,2025,7,July,2,2,0,1
C24196,2025,12,December,3,3,0,1
C24197,2025,1,January,1,1,1,0
C24197,2025,5,May,2,1,0,0
C24197,2025,6,June,3,1,0,0
C24198,2024,7,July,1,1,1,0
C24198,2025,1,January,2,2,0,1
C24198,2025,7,July,3,3,0,1
C24198,2025,9,September,4,4,0,1
C24200,2024,7,July,1,0,1,0
C24200,2024,9,September,2,1,0,0
C24200,2024,11,November,3,2,0,1
C24200,2025,3,March,4,3,0,1
C24200,2025,4,April,5,4,0,1
C24200,2025,5,May,6,5,0,1
C24201,2024,12,December,1,2,0,1
C24201,2025,8,August,3,3,0,1
C24201,2025,12,December,4,4,0,1
C24202,2024,7,July,1,1,1,0
C24202,2025,6,June,2,2,0,1
C24202,2025,12,December,3,3,0,1
C24203,2025,1,January,1,1,1,0
C24203,2025,3,March,2,2,0,1
C24203,2025,10,October,3,3,0,1
C24204,2024,10,October,1,1,1,0
C24204,2024,11,November,2,2,0,1
C24204,2025,9,September,3,4,0,1
C24204,2025,11,November,5,4,0,1
C24204,2025,12,December,6,5,0,1
C24205,2025,4,April,1,1,1,0
C24205,2025,8,August,2,2,0,1
C24206,2025,8,August,1,1,1,0
C24206,2025,9,September,2,2,0,1
C24207,2024,9,September,1,1,1,0
C24207,2024,10,October,2,2,0,1
C24207,2025,6,June,3,4,0,1
C24208,2024,8,August,1,1,1,0
C24208,2025,6,June,2,2,0,1
C24208,2025,7,July,3,3,0,1
C24209,2024,9,September,1,1,1,0
C24209,2025,6,June,2,2,0,1
C24209,2025,8,August,3,3,0,1
C24210,2024,8,August,1,1,1,0
C24210,2025,2,February,2,2,0,1
C24210,2025,8,August,3,3,0,1
C24211,2025,7,July,1,1,1,0
C24212,2024,10,October,1,1,1,0
C24212,2024,11,November,2,1,0,0
C24212,2025,3,March,3,2,0,1
C24213,2024,12,December,1,1,1,0
C24213,2025,6,June,2,1,0,0
C24213,2025,7,July,3,1,0,0
C24213,2025,10,October,4,2,0,1
C24214,2024,8,August,1,1,1,0
C24214,2025,1,January,2,2,0,1
C24214,2025,12,December,3,3,0,1
C24215,2025,2,February,1,1,1,0
C24216,2025,4,April,1,1,1,0
C24217,2024,7,July,1,1,1,0
C24217,2025,2,February,2,2,0,1
C24217,2025,5,May,3,3,0,1
C24217,2025,10,October,4,3,0,1
C24218,2024,8,August,1,1,1,0
C24218,2024,10,October,2,2,0,1
C24218,2024,12,December,3,4,0,1
C24218,2025,5,May,5,5,0,1
C24218,2025,11,November,6,8,0,1
C24219,2024,8,August,1,2,0,1
C24219,2025,3,March,3,3,0,1
C24219,2025,6,June,4,4,0,1
C24220,2025,7,July,1,1,1,0
C24221,2024,8,August,1,1,1,0
C24221,2024,10,October,2,2,0,1
C24221,2025,1,January,3,2,0,1
C24221,2025,4,April,4,3,0,1
C24221,2025,7,July,6,5,0,1
C24221,2025,8,August,8,6,0,1
C24221,2025,10,October,9,6,0,1
C24222,2025,4,April,1,1,1,0
C24222,2025,5,May,2,2,0,1
C24223,2025,12,December,1,0,1,0
C24224,2024,9,September,1,0,1,0
C24224,2025,6,June,2,0,0,0
C24224,2025,11,November,3,0,0,0
C24225,2024,7,July,1,3,0,1
C24225,2024,9,September,4,4,0,1
C24225,2024,12,December,5,4,0,1
C24225,2025,1,January,6,5,0,1
C24225,2025,4,April,7,6,0,1
C24225,2025,8,August,8,9,0,1
C24226,2025,11,November,1,1,1,0
C24227,2024,7,July,1,1,1,0
C24227,2024,9,September,2,3,0,1
C24227,2025,10,October,4,3,0,1
C24228,2024,11,November,1,1,1,0
C24228,2024,12,December,2,2,0,1
C24229,2025,1,January,1,1,1,0
C24229,2025,3,March,2,2,0,1
C24229,2025,6,June,3,3,0,1
C24229,2025,9,September,4,3,0,1
C24229,2025,11,November,5,4,0,1
C24230,2024,11,November,1,0,1,0
C24230,2025,11,November,2,1,0,0
C24231,2025,6,June,1,1,1,0
C24231,2025,9,September,2,2,0,1
C24231,2025,11,November,3,3,0,1
C24232,2024,11,November,1,1,1,0
C24232,2024,12,December,2,2,0,1
C24232,2025,12,December,3,4,0,1
C24233,2024,8,August,1,1,1,0
C24233,2024,9,September,2,2,0,1
C24233,2024,10,October,3,3,0,1
C24233,2025,1,January,4,3,0,1
C24233,2025,2,February,5,6,0,1
C24233,2025,3,March,8,7,0,1
C24233,2025,4,April,9,9,0,1
C24233,2025,7,July,11,10,0,1
C24233,2025,10,October,12,11,0,1
C24234,2024,7,July,1,1,1,0
C24234,2025,8,August,2,4,0,1
C24234,2025,11,November,5,5,0,1
C24235,2024,9,September,1,1,1,0
C24236,2024,11,November,1,1,1,0
C24236,2025,12,December,2,2,0,1
C24237,2024,7,July,1,1,1,0
C24238,2024,10,October,1,1,1,0
C24238,2024,11,November,2,1,0,0
C24238,2025,9,September,3,2,0,1
C24239,2024,9,September,1,1,1,0
C24239,2025,2,February,2,2,0,1
C24239,2025,3,March,3,3,0,1
C24239,2025,9,September,4,5,0,1
C24239,2025,10,October,6,7,0,1
C24239,2025,11,November,8,8,0,1
C24240,2024,12,December,1,1,1,0
C24241,2024,9,September,1,1,1,0
C24242,2025,5,May,1,0,1,0
C24243,2024,11,November,1,1,1,0
C24243,2025,10,October,2,2,0,1
C24244,2025,6,June,1,1,1,0
C24244,2025,8,August,2,2,0,1
C24245,2024,7,July,1,1,1,0
C24245,2024,8,August,2,2,0,1
C24245,2024,9,September,3,3,0,1
C24245,2024,11,November,4,4,0,1
C24245,2024,12,December,5,4,0,1
C24245,2025,8,August,6,6,0,1
C24245,2025,9,September,8,7,0,1
C24246,2024,9,September,1,1,1,0
C24246,2024,12,December,2,2,0,1
C24246,2025,3,March,3,3,0,1
C24247,2024,8,August,1,1,1,0
C24247,2024,9,September,2,2,0,1
C24247,2024,11,November,3,3,0,1
C24247,2025,1,January,4,4,0,1
C24247,2025,3,March,6,5,0,1
C24247,2025,4,April,7,6,0,1
C24247,2025,5,May,8,7,0,1
C24247,2025,9,September,9,7,0,1
C24247,2025,10,October,10,8,0,1
C24248,2025,1,January,1,1,1,0
C24248,2025,5,May,2,2,0,1
C24248,2025,10,October,3,3,0,1
C24248,2025,11,November,4,4,0,1
C24250,2024,9,September,1,0,1,0
C24250,2025,2,February,2,1,0,0
C24250,2025,6,June,3,2,0,1
C24250,2025,11,November,5,3,0,1
C24250,2025,12,December,6,4,0,1
C24251,2024,8,August,1,1,1,0
C24251,2025,2,February,2,1,0,0
C24251,2025,5,May,3,2,0,1
C24252,2024,9,September,1,1,1,0
C24252,2024,10,October,2,2,0,1
C24252,2025,5,May,3,3,0,1
C24252,2025,11,November,4,4,0,1
C24252,2025,12,December,5,5,0,1
C24253,2024,7,July,1,1,1,0
C24254,2024,7,July,1,1,1,0
C24254,2024,9,September,2,2,0,1
C24254,2024,10,October,3,3,0,1
C24254,2024,11,November,4,4,0,1
C24254,2025,10,October,5,5,0,1
C24255,2024,11,November,1,1,1,0
C24255,2025,3,March,2,2,0,1
C24255,2025,6,June,3,3,0,1
C24255,2025,7,July,4,3,0,1
C24255,2025,11,November,5,4,0,1
C24256,2024,12,December,1,1,1,0
C24256,2025,9,September,2,2,0,1
C24257,2024,8,August,1,1,1,0
C24257,2024,10,October,2,2,0,1
C24257,2024,11,November,3,3,0,1
C24257,2025,2,February,4,4,0,1
C24257,2025,3,March,5,6,0,1
C24257,2025,4,April,7,7,0,1
C24257,2025,9,September,8,8,0,1
C24257,2025,10,October,9,9,0,1
C24258,2024,10,October,1,1,1,0
C24258,2025,11,November,2,1,0,0
C24259,2024,7,July,1,1,1,0
C24259,2024,12,December,2,1,0,0
C24259,2025,2,February,3,2,0,1
C24259,2025,3,March,4,3,0,1
C24259,2025,8,August,5,4,0,1
C24259,2025,12,December,6,5,0,1
C24260,2025,5,May,1,1,1,0
C24261,2024,8,August,1,1,1,0
C24261,2024,9,September,2,1,0,0
C24261,2024,11,November,3,1,0,0
C24261,2025,1,January,4,1,0,0
C24261,2025,2,February,5,2,0,1
C24261,2025,5,May,6,2,0,1
C24261,2025,6,June,7,3,0,1
C24261,2025,7,July,8,4,0,1
C24262,2024,8,August,1,1,1,0
C24262,2025,1,January,2,2,0,1
C24262,2025,2,February,3,3,0,1
C24263,2025,6,June,1,1,1,0
C24264,2025,7,July,1,1,1,0
C24265,2024,8,August,1,1,1,0
C24265,2024,10,October,2,2,0,1
C24265,2025,10,October,3,3,0,1
C24265,2025,12,December,4,4,0,1
C24266,2024,10,October,1,1,1,0
C24267,2024,9,September,1,1,1,0
C24267,2024,11,November,2,2,0,1
C24267,2025,2,February,3,3,0,1
C24268,2024,8,August,1,1,1,0
C24268,2025,5,May,2,1,0,0
C24268,2025,6,June,3,2,0,1
C24268,2025,11,November,4,3,0,1
C24269,2024,9,September,1,1,1,0
C24269,2024,10,October,2,2,0,1
C24269,2024,11,November,3,3,0,1
C24269,2025,10,October,4,4,0,1
C24269,2025,11,November,5,5,0,1
C24270,2024,8,August,1,1,1,0
C24270,2025,1,January,2,2,0,1
C24270,2025,6,June,3,3,0,1
C24270,2025,12,December,4,4,0,1
C24271,2024,12,December,1,0,1,0
C24271,2025,7,July,2,2,0,1
C24271,2025,12,December,4,3,0,1
C24272,2025,7,July,1,0,1,0
C24273,2024,9,September,1,1,1,0
C24273,2025,5,May,2,3,0,1
C24273,2025,8,August,4,4,0,1
C24274,2025,3,March,1,1,1,0
C24274,2025,10,October,2,1,0,0
C24275,2024,7,July,1,2,0,1
C24275,2024,10,October,3,4,0,1
C24275,2024,12,December,5,8,0,1
C24275,2025,1,January,9,8,0,1
C24275,2025,5,May,10,8,0,1
C24275,2025,12,December,11,9,0,1
C24276,2025,2,February,1,1,1,0
C24276,2025,9,September,2,2,0,1
C24276,2025,10,October,3,2,0,1
C24277,2024,12,December,1,1,1,0
C24277,2025,7,July,2,2,0,1
C24279,2024,8,August,1,0,1,0
C24279,2024,10,October,2,1,0,0
C24279,2025,1,January,3,1,0,0
C24279,2025,3,March,4,2,0,1
C24279,2025,12,December,5,3,0,1
C24280,2024,11,November,1,1,1,0
C24280,2025,1,January,2,2,0,1
C24280,2025,5,May,3,3,0,1
C24280,2025,8,August,4,3,0,1
C24280,2025,9,September,5,4,0,1
C24280,2025,10,October,6,5,0,1
C24281,2024,7,July,1,0,1,0
C24281,2024,8,August,2,2,0,1
C24281,2024,9,September,4,3,0,1
C24282,2024,8,August,1,2,0,1
C24282,2025,2,February,3,3,0,1
C24282,2025,12,December,4,4,0,1
C24283,2025,1,January,1,1,1,0
C24283,2025,8,August,2,2,0,1
C24284,2024,7,July,1,1,1,0
C24284,2025,1,January,2,2,0,1
C24284,2025,4,April,3,3,0,1
C24284,2025,5,May,4,4,0,1
C24284,2025,12,December,5,5,0,1
C24285,2025,7,July,1,2,0,1
C24285,2025,10,October,3,3,0,1
C24286,2025,8,August,1,1,1,0
C24287,2025,4,April,1,1,1,0
C24287,2025,9,September,2,2,0,1
C24287,2025,12,December,3,4,0,1
C24288,2025,6,June,1,1,1,0
C24288,2025,8,August,2,2,0,1
C24288,2025,11,November,3,3,0,1
C24289,2024,7,July,1,1,1,0
C24289,2024,11,November,2,2,0,1
C24289,2025,1,January,3,3,0,1
C24289,2025,6,June,4,4,0,1
C24290,2024,7,July,1,1,1,0
C24290,2025,1,January,2,2,0,1
C24291,2024,10,October,1,1,1,0
C24292,2024,8,August,1,0,1,0
C24293,2024,10,October,1,0,1,0
C24293,2024,12,December,2,1,0,0
C24294,2024,10,October,1,1,1,0
C24294,2025,4,April,2,2,0,1
C24294,2025,9,September,3,3,0,1
C24294,2025,11,November,4,4,0,1
C24295,2024,7,July,1,0,1,0
C24295,2025,4,April,2,0,0,0
C24295,2025,8,August,3,1,0,0
C24296,2024,7,July,1,1,1,0
C24296,2025,5,May,3,2,0,1
C24296,2025,6,June,4,3,0,1
C24296,2025,7,July,5,4,0,1
C24297,2024,12,December,1,1,1,0
C24297,2025,11,November,2,2,0,1
C24298,2024,12,December,1,1,1,0
C24298,2025,6,June,2,2,0,1
C24299,2024,7,July,1,1,1,0
C24300,2024,7,July,1,1,1,0
C24300,2025,5,May,2,1,0,0
C24300,2025,6,June,3,1,0,0
C24301,2024,8,August,1,1,1,0
C24301,2024,10,October,2,3,0,1
C24301,2025,5,May,4,5,0,1
C24302,2024,9,September,1,0,1,0
C24302,2025,3,March,2,1,0,0
C24302,2025,6,June,3,1,0,0
C24302,2025,7,July,4,2,0,1
C24303,2025,10,October,1,1,1,0
C24304,2024,8,August,1,1,1,0
C24304,2024,9,September,2,2,0,1
C24304,2024,10,October,3,2,0,1
C24304,2025,2,February,4,3,0,1
C24304,2025,3,March,5,3,0,1
C24304,2025,6,June,6,4,0,1
C24304,2025,7,July,7,5,0,1
C24304,2025,8,August,9,6,0,1
C24304,2025,9,September,10,7,0,1
C24305,2025,3,March,1,1,1,0
C24305,2025,8,August,3,1,0,0
C24305,2025,12,December,4,2,0,1
C24306,2024,11,November,1,0,1,0
C24306,2025,2,February,2,1,0,0
C24306,2025,3,March,3,2,0,1
C24307,2024,11,November,1,1,1,0
C24307,2024,12,December,2,1,0,0
C24307,2025,5,May,3,2,0,1
C24307,2025,8,August,4,3,0,1
C24308,2025,4,April,1,1,1,0
C24310,2024,7,July,1,1,1,0
C24310,2024,11,November,2,2,0,1
C24310,2025,1,January,3,3,0,1
C24310,2025,4,April,5,3,0,1
C24311,2025,7,July,1,2,0,1
C24311,2025,8,August,3,2,0,1
C24311,2025,9,September,4,2,0,1
C24311,2025,10,October,5,2,0,1
C24311,2025,11,November,6,3,0,1
C24312,2025,2,February,1,1,1,0
C24312,2025,4,April,3,1,0,0
C24313,2025,5,May,1,3,0,1
C24313,2025,11,November,4,4,0,1
C24315,2024,9,September,1,1,1,0
C24315,2024,10,October,2,1,0,0
C24315,2024,12,December,3,2,0,1
C24315,2025,1,January,4,3,0,1
C24315,2025,5,May,5,3,0,1
C24315,2025,8,August,6,3,0,1
C24316,2025,2,February,1,1,1,0
C24316,2025,10,October,2,2,0,1
C24317,2025,4,April,1,1,1,0
C24317,2025,7,July,2,2,0,1
C24317,2025,9,September,3,2,0,1
C24317,2025,11,November,4,3,0,1
C24318,2024,7,July,1,1,1,0
C24318,2024,8,August,2,2,0,1
C24318,2025,10,October,3,2,0,1
C24318,2025,11,November,4,3,0,1
C24318,2025,12,December,5,4,0,1
C24319,2024,8,August,1,1,1,0
C24319,2025,3,March,2,2,0,1
C24319,2025,8,August,3,2,0,1
C24320,2024,7,July,1,0,1,0
C24320,2024,10,October,2,1,0,0
C24320,2024,12,December,3,2,0,1
C24320,2025,3,March,4,3,0,1
C24320,2025,11,November,5,3,0,1
C24321,2024,11,November,1,2,0,1
C24321,2025,5,May,3,3,0,1
C24322,2024,8,August,1,1,1,0
C24322,2025,3,March,2,1,0,0
C24323,2025,2,February,1,1,1,0
C24323,2025,7,July,2,2,0,1
C24324,2024,10,October,1,2,0,1
C24324,2024,12,December,3,4,0,1
C24324,2025,2,February,5,5,0,1
C24324,2025,6,June,6,7,0,1
C24324,2025,7,July,8,8,0,1
C24325,2024,8,August,1,1,1,0
C24325,2025,1,January,2,2,0,1
C24325,2025,4,April,3,3,0,1
C24325,2025,8,August,4,5,0,1
C24325,2025,12,December,6,6,0,1
C24326,2024,10,October,1,1,1,0
C24326,2025,9,September,2,2,0,1
C24327,2025,1,January,1,1,1,0
C24327,2025,3,March,2,2,0,1
C24327,2025,7,July,3,3,0,1
C24327,2025,11,November,5,4,0,1
C24328,2024,7,July,1,1,1,0
C24328,2024,8,August,2,2,0,1
C24328,2024,9,September,3,3,0,1
C24328,2024,10,October,4,4,0,1
C24328,2024,11,November,5,5,0,1
C24328,2024,12,December,8,6,0,1
C24328,2025,3,March,9,7,0,1
C24328,2025,6,June,10,8,0,1
C24328,2025,7,July,11,9,0,1
C24328,2025,9,September,12,10,0,1
C24328,2025,10,October,13,10,0,1
C24329,2024,11,November,1,1,1,0
C24330,2024,8,August,1,1,1,0
C24330,2025,11,November,2,1,0,0
C24331,2025,2,February,1,1,1,0
C24331,2025,12,December,2,1,0,0
C24332,2024,9,September,1,1,1,0
C24332,2025,6,June,2,3,0,1
C24332,2025,8,August,4,3,0,1
C24333,2024,12,December,1,1,1,0
C24333,2025,4,April,2,2,0,1
C24333,2025,6,June,3,2,0,1
C24334,2025,2,February,1,1,1,0
C24334,2025,6,June,2,2,0,1
C24334,2025,10,October,3,3,0,1
C24335,2024,9,September,1,1,1,0
C24335,2025,1,January,2,2,0,1
C24335,2025,7,July,3,2,0,1
C24335,2025,10,October,4,3,0,1
C24336,2024,8,August,1,1,1,0
C24336,2024,11,November,2,2,0,1
C24336,2025,1,January,3,3,0,1
C24336,2025,6,June,4,4,0,1
C24337,2024,8,August,1,1,1,0
C24337,2025,3,March,2,2,0,1
C24338,2025,9,September,1,1,1,0
C24338,2025,10,October,2,2,0,1
C24338,2025,12,December,3,3,0,1
C24339,2024,10,October,1,1,1,0
C24339,2025,6,June,3,3,0,1
C24340,2024,7,July,1,0,1,0
C24340,2024,11,November,2,1,0,0
C24340,2025,3,March,3,2,0,1
C24340,2025,5,May,4,3,0,1
C24340,2025,7,July,5,4,0,1
C24340,2025,11,November,6,4,0,1
C24341,2024,8,August,1,2,0,1
C24341,2024,9,September,3,3,0,1
C24341,2024,10,October,4,3,0,1
C24341,2025,1,January,5,4,0,1
C24341,2025,7,July,6,5,0,1
C24341,2025,8,August,7,6,0,1
C24342,2024,10,October,1,1,1,0
C24342,2025,1,January,2,2,0,1
C24342,2025,2,February,3,2,0,1
C24342,2025,6,June,4,2,0,1
C24343,2025,2,February,1,1,1,0
C24343,2025,4,April,2,2,0,1
C24343,2025,8,August,3,3,0,1
C24344,2024,10,October,1,1,1,0
C24344,2025,10,October,2,2,0,1
C24345,2025,5,May,1,0,1,0
C24345,2025,7,July,2,1,0,0
C24346,2024,9,September,1,2,0,1
C24346,2024,10,October,3,3,0,1
C24346,2024,12,December,4,3,0,1
C24346,2025,7,July,5,4,0,1
C24347,2024,7,July,1,1,1,0
C24347,2024,10,October,2,1,0,0
C24347,2025,1,January,3,3,0,1
C24347,2025,2,February,5,5,0,1
C24348,2025,1,January,1,1,1,0
C24348,2025,3,March,2,2,0,1
C24348,2025,4,April,3,3,0,1
C24348,2025,7,July,4,4,0,1
C24348,2025,8,August,5,6,0,1
C24348,2025,11,November,7,8,0,1
C24348,2025,12,December,9,9,0,1
C24349,2024,7,July,1,1,1,0
C24349,2024,12,December,2,2,0,1
C24350,2024,7,July,1,1,1,0
C24350,2024,10,October,2,3,0,1
C24351,2025,1,January,1,1,1,0
C24351,2025,6,June,2,2,0,1
C24351,2025,8,August,3,3,0,1
C24351,2025,10,October,4,4,0,1
C24352,2024,8,August,1,1,1,0
C24352,2025,2,February,2,2,0,1
C24352,2025,9,September,3,3,0,1
C24353,2024,12,December,1,1,1,0
C24353,2025,12,December,2,2,0,1
C24354,2024,9,September,1,1,1,0
C24354,2025,6,June,2,2,0,1
C24355,2024,8,August,1,1,1,0
C24355,2024,11,November,2,3,0,1
C24355,2025,4,April,4,4,0,1
C24355,2025,8,August,5,5,0,1
C24355,2025,11,November,6,6,0,1
C24355,2025,12,December,7,7,0,1
C24356,2024,12,December,1,1,1,0
C24357,2025,5,May,1,1,1,0
C24357,2025,7,July,2,2,0,1
C24357,2025,11,November,4,3,0,1
C24358,2024,10,October,1,1,1,0
C24358,2025,3,March,2,1,0,0
C24358,2025,4,April,3,2,0,1
C24358,2025,7,July,4,2,0,1
C24359,2024,7,July,1,1,1,0
C24359,2024,9,September,2,2,0,1
C24359,2024,10,October,3,3,0,1
C24359,2024,11,November,4,4,0,1
C24359,2025,12,December,5,5,0,1
C24360,2024,12,December,1,1,1,0
C24360,2025,5,May,2,1,0,0
C24360,2025,7,July,3,1,0,0
C24360,2025,12,December,4,2,0,1
C24361,2025,2,February,1,0,1,0
C24361,2025,3,March,2,1,0,0
C24361,2025,12,December,3,2,0,1
C24362,2025,1,January,1,1,1,0
C24362,2025,3,March,2,2,0,1
C24362,2025,7,July,3,3,0,1
C24362,2025,8,August,4,4,0,1
C24362,2025,12,December,5,5,0,1
C24363,2024,8,August,1,1,1,0
C24363,2024,10,October,2,2,0,1
C24363,2025,5,May,3,4,0,1
C24363,2025,12,December,6,5,0,1
C24364,2024,8,August,1,1,1,0
C24364,2024,11,November,2,2,0,1
C24364,2025,4,April,3,3,0,1
C24365,2024,11,November,1,1,1,0
C24365,2024,12,December,2,2,0,1
C24365,2025,1,January,3,3,0,1
C24365,2025,11,November,4,4,0,1
C24366,2025,3,March,1,2,0,1
C24366,2025,5,May,3,3,0,1
C24366,2025,9,September,4,4,0,1
C24366,2025,10,October,5,4,0,1
C24367,2025,8,August,1,2,0,1
C24368,2025,4,April,1,1,1,0
C24368,2025,10,October,2,2,0,1
C24370,2024,9,September,1,1,1,0
C24370,2025,1,January,2,2,0,1
C24370,2025,5,May,3,3,0,1
C24370,2025,8,August,4,4,0,1
C24370,2025,9,September,5,4,0,1
C24370,2025,10,October,6,5,0,1
C24370,2025,12,December,7,6,0,1
C24371,2025,1,January,1,1,1,0
C24371,2025,6,June,2,2,0,1
C24371,2025,9,September,3,3,0,1
C24372,2025,12,December,1,0,1,0
C24373,2024,9,September,1,1,1,0
C24373,2024,12,December,2,2,0,1
C24373,2025,2,February,3,3,0,1
C24374,2024,8,August,1,2,0,1
C24374,2024,11,November,3,3,0,1
C24374,2024,12,December,4,5,0,1
C24374,2025,3,March,6,6,0,1
C24374,2025,6,June,7,7,0,1
C24374,2025,8,August,8,8,0,1
C24374,2025,11,November,9,9,0,1
C24374,2025,12,December,11,10,0,1
C24375,2024,8,August,1,1,1,0
C24375,2025,1,January,2,2,0,1
C24375,2025,5,May,3,3,0,1
C24375,2025,7,July,4,4,0,1
C24375,2025,9,September,5,5,0,1
C24375,2025,10,October,6,6,0,1
C24375,2025,12,December,7,7,0,1
C24376,2024,9,September,1,1,1,0
C24376,2025,1,January,2,2,0,1
C24376,2025,2,February,3,3,0,1
C24376,2025,4,April,4,3,0,1
C24376,2025,8,August,5,4,0,1
C24377,2024,8,August,1,1,1,0
C24377,2025,2,February,2,2,0,1
C24377,2025,5,May,3,4,0,1
C24377,2025,12,December,5,5,0,1
C24378,2024,7,July,1,0,1,0
C24378,2024,10,October,2,1,0,0
C24378,2024,11,November,3,2,0,1
C24378,2024,12,December,4,5,0,1
C24378,2025,4,April,7,6,0,1
C24378,2025,5,May,8,7,0,1
C24378,2025,7,July,9,8,0,1
C24378,2025,11,November,10,8,0,1
C24379,2024,9,September,1,1,1,0
C24379,2025,3,March,2,2,0,1
C24379,2025,8,August,3,3,0,1
C24380,2024,7,July,1,0,1,0
C24380,2024,11,November,2,1,0,0
C24380,2025,8,August,3,2,0,1
C24380,2025,12,December,4,3,0,1
C24381,2025,3,March,1,1,1,0
C24381,2025,6,June,2,2,0,1
C24381,2025,8,August,3,4,0,1
C24381,2025,10,October,5,5,0,1
C24382,2024,10,October,1,0,1,0
C24382,2025,3,March,2,0,0,0
C24382,2025,5,May,3,1,0,0
C24382,2025,10,October,4,1,0,0
C24382,2025,11,November,5,2,0,1
C24383,2024,10,October,1,1,1,0
C24383,2025,1,January,2,2,0,1
C24383,2025,2,February,3,3,0,1
C24383,2025,4,April,4,5,0,1
C24383,2025,5,May,6,6,0,1
C24384,2025,3,March,1,0,1,0
C24384,2025,5,May,2,1,0,0
C24384,2025,10,October,3,2,0,1
C24384,2025,11,November,4,3,0,1
C24385,2024,10,October,1,1,1,0
C24385,2025,2,February,2,2,0,1
C24385,2025,7,July,3,3,0,1
C24385,2025,8,August,4,4,0,1
C24386,2024,7,July,1,0,1,0
C24386,2024,12,December,2,1,0,0
C24386,2025,7,July,3,2,0,1
C24386,2025,8,August,4,3,0,1
C24387,2025,3,March,1,1,1,0
C24387,2025,4,April,2,2,0,1
C24387,2025,5,May,3,3,0,1
C24387,2025,9,September,4,4,0,1
C24387,2025,12,December,5,5,0,1
C24388,2025,5,May,1,2,0,1
C24389,2024,8,August,1,1,1,0
C24389,2024,10,October,2,1,0,0
C24389,2025,4,April,3,2,0,1
C24389,2025,5,May,4,3,0,1
C24389,2025,10,October,5,5,0,1
C24389,2025,11,November,7,6,0,1
C24390,2024,8,August,1,1,1,0
C24390,2025,7,July,2,2,0,1
C24390,2025,10,October,3,3,0,1
C24391,2024,7,July,1,1,1,0
C24391,2024,11,November,3,2,0,1
C24391,2025,4,April,4,3,0,1
C24391,2025,9,September,5,4,0,1
C24391,2025,10,October,6,5,0,1
C24392,2024,8,August,1,1,1,0
C24392,2024,9,September,2,3,0,1
C24392,2024,10,October,4,3,0,1
C24392,2025,1,January,5,4,0,1
C24392,2025,3,March,6,5,0,1
C24392,2025,4,April,7,6,0,1
C24392,2025,6,June,8,6,0,1
C24392,2025,7,July,9,7,0,1
C24392,2025,8,August,10,8,0,1
C24392,2025,11,November,11,9,0,1
C24393,2025,1,January,1,1,1,0
C24393,2025,9,September,2,2,0,1
C24393,2025,12,December,3,3,0,1
C24394,2025,7,July,1,1,1,0
C24394,2025,10,October,2,2,0,1
C24394,2025,11,November,3,3,0,1
C24395,2024,9,September,1,1,1,0
C24395,2025,12,December,2,2,0,1
C24396,2025,8,August,1,1,1,0
C24396,2025,12,December,2,2,0,1
C24397,2025,8,August,1,1,1,0
C24398,2025,7,July,1,1,1,0
C24398,2025,12,December,2,3,0,1
C24399,2024,10,October,1,0,1,0
C24399,2025,7,July,2,1,0,0
C24400,2024,8,August,1,0,1,0
C24401,2024,9,September,1,1,1,0
C24401,2025,1,January,2,1,0,0
C24401,2025,3,March,3,2,0,1
C24402,2024,10,October,1,1,1,0
C24403,2025,3,March,1,0,1,0
C24403,2025,6,June,3,2,0,1
C24403,2025,7,July,5,3,0,1
C24403,2025,9,September,6,4,0,1
C24403,2025,10,October,7,6,0,1
C24404,2024,8,August,1,1,1,0
C24404,2024,11,November,2,2,0,1
C24404,2025,4,April,3,3,0,1
C24405,2024,7,July,1,1,1,0
C24405,2024,9,September,3,2,0,1
C24405,2025,4,April,4,3,0,1
C24406,2024,10,October,1,1,1,0
C24406,2025,5,May,2,2,0,1
C24406,2025,9,September,3,2,0,1
C24407,2024,7,July,1,0,1,0
C24407,2024,10,October,2,1,0,0
C24407,2025,1,January,3,2,0,1
C24407,2025,3,March,4,3,0,1
C24407,2025,6,June,5,6,0,1
C24407,2025,8,August,8,7,0,1
C24407,2025,9,September,9,8,0,1
C24407,2025,10,October,10,8,0,1
C24407,2025,12,December,11,8,0,1
C24408,2024,11,November,1,1,1,0
C24408,2025,3,March,2,2,0,1
C24408,2025,7,July,3,3,0,1
C24408,2025,12,December,4,3,0,1
C24409,2025,6,June,1,1,1,0
C24409,2025,7,July,2,1,0,0
C24410,2024,7,July,1,0,1,0
C24410,2025,7,July,2,1,0,0
C24410,2025,8,August,3,2,0,1
C24410,2025,12,December,4,3,0,1
C24411,2024,12,December,1,1,1,0
C24411,2025,5,May,2,2,0,1
C24412,2024,9,September,1,1,1,0
C24412,2024,12,December,2,2,0,1
C24412,2025,2,February,3,3,0,1
C24413,2025,7,July,1,0,1,0
C24413,2025,12,December,2,1,0,0
C24414,2024,9,September,1,1,1,0
C24414,2024,10,October,2,2,0,1
C24414,2024,12,December,3,3,0,1
C24414,2025,10,October,4,4,0,1
C24414,2025,11,November,5,5,0,1
C24414,2025,12,December,6,6,0,1
C24415,2024,11,November,1,1,1,0
C24415,2025,4,April,2,1,0,0
C24416,2025,2,February,1,1,1,0
C24416,2025,4,April,2,2,0,1
C24416,2025,6,June,3,3,0,1
C24416,2025,10,October,5,4,0,1
C24416,2025,12,December,6,5,0,1
C24417,2024,10,October,1,1,1,0
C24417,2025,11,November,2,1,0,0
C24418,2024,7,July,1,0,1,0
C24418,2024,8,August,2,1,0,0
C24418,2024,11,November,3,2,0,1
C24418,2025,4,April,4,3,0,1
C24418,2025,5,May,5,3,0,1
C24418,2025,6,June,6,4,0,1
C24418,2025,11,November,7,5,0,1
C24419,2024,9,September,1,1,1,0
C24419,2025,1,January,2,2,0,1
C24419,2025,3,March,3,3,0,1
C24419,2025,4,April,4,4,0,1
C24419,2025,6,June,5,5,0,1
C24419,2025,11,November,6,6,0,1
C24419,2025,12,December,7,8,0,1
C24420,2025,1,January,1,1,1,0
C24421,2024,7,July,1,2,0,1
C24421,2024,10,October,3,3,0,1
C24421,2025,11,November,4,4,0,1
C24422,2024,7,July,1,1,1,0
C24422,2024,11,November,2,2,0,1
C24422,2024,12,December,3,3,0,1
C24422,2025,2,February,4,3,0,1
C24422,2025,6,June,5,5,0,1
C24422,2025,12,December,7,6,0,1
C24423,2024,8,August,1,1,1,0
C24423,2024,11,November,2,2,0,1
C24423,2024,12,December,3,3,0,1
C24424,2024,9,September,1,1,1,0
C24424,2025,7,July,2,2,0,1
C24425,2024,11,November,1,1,1,0
C24425,2025,11,November,2,2,0,1
C24425,2025,12,December,3,3,0,1
C24426,2025,1,January,1,1,1,0
C24426,2025,7,July,2,2,0,1
C24427,2024,10,October,1,1,1,0
C24427,2024,11,November,2,2,0,1
C24427,2025,2,February,3,3,0,1
C24427,2025,8,August,4,3,0,1
C24427,2025,9,September,5,4,0,1
C24428,2024,7,July,1,1,1,0
C24428,2024,8,August,2,2,0,1
C24428,2025,9,September,3,3,0,1
C24428,2025,10,October,4,5,0,1
C24428,2025,12,December,6,6,0,1
C24429,2025,2,February,1,1,1,0
C24429,2025,3,March,2,2,0,1
C24429,2025,7,July,3,4,0,1
C24429,2025,10,October,5,5,0,1
C24429,2025,11,November,6,6,0,1
C24430,2025,7,July,1,1,1,0
C24431,2024,7,July,1,1,1,0
C24431,2024,12,December,2,2,0,1
C24431,2025,7,July,3,3,0,1
C24431,2025,8,August,4,5,0,1
C24431,2025,11,November,6,6,0,1
C24432,2024,12,December,1,1,1,0
C24433,2025,4,April,1,1,1,0
C24433,2025,6,June,2,2,0,1
C24433,2025,9,September,3,3,0,1
C24433,2025,11,November,4,4,0,1
C24434,2025,1,January,1,0,1,0
C24435,2024,8,August,1,1,1,0
C24435,2025,7,July,3,2,0,1
C24435,2025,8,August,4,3,0,1
C24436,2025,9,September,1,1,1,0
C24437,2025,6,June,1,1,1,0
C24437,2025,9,September,2,1,0,0
C24438,2024,9,September,1,2,0,1
C24438,2024,12,December,3,3,0,1
C24438,2025,1,January,4,3,0,1
C24438,2025,5,May,5,4,0,1
C24438,2025,9,September,6,5,0,1
C24439,2024,7,July,1,2,0,1
C24439,2024,11,November,3,3,0,1
C24439,2024,12,December,4,4,0,1
C24439,2025,1,January,5,4,0,1
C24439,2025,9,September,6,5,0,1
C24439,2025,11,November,7,6,0,1
C24440,2024,10,October,1,1,1,0
C24440,2025,1,January,2,2,0,1
C24440,2025,11,November,3,2,0,1
C24441,2025,5,May,1,1,1,0
C24441,2025,11,November,2,2,0,1
C24442,2024,7,July,1,1,1,0
C24442,2024,9,September,2,2,0,1
C24442,2025,4,April,3,3,0,1
C24443,2024,7,July,1,1,1,0
C24443,2024,10,October,2,1,0,0
C24443,2024,12,December,3,2,0,1
C24444,2024,12,December,1,1,1,0
C24444,2025,2,February,2,2,0,1
C24444,2025,7,July,3,3,0,1
C24445,2024,9,September,1,2,0,1
C24445,2025,4,April,3,3,0,1
C24445,2025,7,July,4,4,0,1
C24446,2025,5,May,1,1,1,0
C24446,2025,6,June,2,2,0,1
C24446,2025,7,July,3,3,0,1
C24446,2025,8,August,4,4,0,1
C24447,2025,2,February,1,1,1,0
C24447,2025,6,June,2,1,0,0
C24448,2024,8,August,1,1,1,0
C24448,2024,9,September,2,2,0,1
C24448,2024,10,October,3,3,0,1
C24448,2025,2,February,4,5,0,1
C24448,2025,3,March,6,5,0,1
C24448,2025,4,April,8,6,0,1
C24448,2025,6,June,9,7,0,1
C24448,2025,9,September,10,8,0,1
C24449,2024,7,July,1,0,1,0
C24449,2024,11,November,2,1,0,0
C24449,2025,3,March,3,1,0,0
C24449,2025,4,April,4,2,0,1
C24449,2025,5,May,5,3,0,1
C24450,2025,6,June,1,0,1,0
C24450,2025,7,July,2,1,0,0
C24450,2025,8,August,3,2,0,1
C24451,2024,7,July,1,0,1,0
C24451,2024,8,August,2,0,0,0
C24451,2024,9,September,3,1,0,0
C24451,2025,2,February,4,2,0,1
C24451,2025,4,April,5,3,0,1
C24451,2025,6,June,6,4,0,1
C24451,2025,9,September,7,4,0,1
C24451,2025,11,November,8,5,0,1
C24452,2025,6,June,1,1,1,0
C24452,2025,9,September,2,2,0,1
C24452,2025,10,October,3,3,0,1
C24453,2024,10,October,1,1,1,0
C24453,2025,9,September,2,2,0,1
C24454,2024,9,September,1,1,1,0
C24455,2025,4,April,1,1,1,0
C24455,2025,6,June,2,1,0,0
C24455,2025,10,October,3,2,0,1
C24456,2025,1,January,1,1,1,0
C24456,2025,2,February,2,2,0,1
C24456,2025,4,April,3,3,0,1
C24456,2025,6,June,4,4,0,1
C24456,2025,11,November,5,5,0,1
C24456,2025,12,December,6,6,0,1
C24457,2024,10,October,1,1,1,0
C24457,2024,11,November,2,2,0,1
C24457,2025,9,September,3,3,0,1
C24458,2024,9,September,1,1,1,0
C24458,2025,7,July,2,1,0,0
C24459,2025,11,November,1,1,1,0
C24460,2025,9,September,1,1,1,0
C24460,2025,12,December,2,1,0,0
C24461,2024,9,September,1,1,1,0
C24461,2025,1,January,2,2,0,1
C24461,2025,3,March,4,3,0,1
C24461,2025,6,June,5,3,0,1
C24461,2025,7,July,6,4,0,1
C24461,2025,8,August,7,5,0,1
C24461,2025,11,November,8,6,0,1
C24461,2025,12,December,9,8,0,1
C24462,2025,12,December,1,1,1,0
C24463,2024,8,August,1,1,1,0
C24463,2024,12,December,2,2,0,1
C24463,2025,2,February,3,3,0,1
C24463,2025,4,April,4,3,0,1
C24463,2025,6,June,5,3,0,1
C24463,2025,8,August,6,4,0,1
C24463,2025,9,September,7,5,0,1
C24463,2025,10,October,8,6,0,1
C24463,2025,11,November,9,7,0,1
C24463,2025,12,December,10,9,0,1
C24464,2024,11,November,1,0,1,0
C24464,2025,8,August,2,1,0,0
C24464,2025,9,September,3,2,0,1
C24464,2025,10,October,5,3,0,1
C24465,2024,7,July,1,1,1,0
C24465,2024,9,September,2,2,0,1
C24465,2024,11,November,3,2,0,1
C24466,2025,9,September,1,1,1,0
C24466,2025,12,December,2,2,0,1
C24467,2024,8,August,1,1,1,0
C24467,2025,9,September,2,2,0,1
C24468,2024,10,October,1,1,1,0
C24468,2025,1,January,2,2,0,1
C24468,2025,2,February,3,3,0,1
C24468,2025,4,April,5,4,0,1
C24469,2024,10,October,1,1,1,0
C24469,2025,1,January,2,2,0,1
C24469,2025,2,February,3,2,0,1
C24469,2025,4,April,4,3,0,1
C24469,2025,9,September,5,4,0,1
C24469,2025,10,October,6,5,0,1
C24469,2025,11,November,7,7,0,1
C24470,2025,6,June,1,1,1,0
C24470,2025,9,September,2,2,0,1
C24471,2025,2,February,1,1,1,0
C24472,2024,12,December,1,1,1,0
C24472,2025,2,February,2,2,0,1
C24472,2025,3,March,3,3,0,1
C24472,2025,4,April,5,4,0,1
C24472,2025,5,May,7,4,0,1
C24472,2025,8,August,8,5,0,1
C24473,2024,7,July,1,1,1,0
C24473,2024,10,October,2,2,0,1
C24473,2025,3,March,3,2,0,1
C24473,2025,6,June,4,2,0,1
C24473,2025,8,August,5,3,0,1
C24474,2024,11,November,1,1,1,0
C24474,2025,3,March,2,2,0,1
C24474,2025,5,May,3,3,0,1
C24475,2025,8,August,1,1,1,0
C24475,2025,11,November,2,2,0,1
C24476,2024,11,November,1,1,1,0
C24476,2025,1,January,2,1,0,0
C24477,2024,7,July,1,1,1,0
C24477,2024,9,September,2,2,0,1
C24477,2024,10,October,3,2,0,1
C24477,2024,12,December,4,3,0,1
C24477,2025,1,January,5,4,0,1
C24478,2025,4,April,1,1,1,0
C24478,2025,5,May,2,2,0,1
C24478,2025,10,October,3,3,0,1
C24479,2025,7,July,1,1,1,0
C24479,2025,9,September,2,2,0,1
C24479,2025,12,December,3,3,0,1
C24480,2024,12,December,1,1,1,0
C24480,2025,12,December,2,2,0,1
C24481,2024,9,September,1,1,1,0
C24481,2024,10,October,2,2,0,1
C24481,2025,7,July,3,3,0,1
C24481,2025,11,November,5,4,0,1
C24482,2024,7,July,1,1,1,0
C24482,2024,10,October,2,2,0,1
C24482,2025,3,March,3,3,0,1
C24482,2025,5,May,4,3,0,1
C24482,2025,11,November,5,4,0,1
C24483,2024,9,September,1,0,1,0
C24483,2024,11,November,2,1,0,0
C24483,2024,12,December,3,2,0,1
C24483,2025,3,March,4,3,0,1
C24483,2025,11,November,5,3,0,1
C24484,2024,12,December,1,0,1,0
C24484,2025,5,May,2,1,0,0
C24484,2025,7,July,3,2,0,1
C24484,2025,10,October,4,3,0,1
C24484,2025,12,December,5,3,0,1
C24485,2024,9,September,1,1,1,0
C24485,2025,4,April,2,2,0,1
C24485,2025,6,June,3,3,0,1
C24485,2025,9,September,4,4,0,1
C24485,2025,10,October,5,6,0,1
C24486,2024,8,August,1,1,1,0
C24486,2024,12,December,2,2,0,1
C24486,2025,9,September,3,3,0,1
C24487,2024,7,July,1,1,1,0
C24487,2024,9,September,2,1,0,0
C24487,2024,11,November,3,4,0,1
C24487,2025,1,January,6,5,0,1
C24487,2025,3,March,7,6,0,1
C24487,2025,8,August,8,7,0,1
C24487,2025,9,September,9,8,0,1
C24487,2025,12,December,10,8,0,1
C24488,2024,8,August,1,1,1,0
C24488,2025,6,June,2,2,0,1
C24489,2024,10,October,1,1,1,0
C24489,2025,4,April,2,1,0,0
C24489,2025,12,December,3,1,0,0
C24490,2024,7,July,1,1,1,0
C24490,2024,11,November,2,1,0,0
C24490,2025,1,January,3,1,0,0
C24490,2025,4,April,4,2,0,1
C24490,2025,9,September,5,3,0,1
C24491,2025,9,September,1,0,1,0
C24492,2024,7,July,1,1,1,0
C24492,2024,11,November,2,2,0,1
C24492,2025,9,September,3,3,0,1
C24493,2024,7,July,1,1,1,0
C24493,2024,9,September,2,2,0,1
C24493,2024,12,December,3,3,0,1
C24493,2025,1,January,4,5,0,1
C24493,2025,4,April,6,7,0,1
C24493,2025,8,August,8,8,0,1
C24493,2025,9,September,9,9,0,1
C24493,2025,11,November,10,10,0,1
C24494,2025,2,February,1,1,1,0
C24494,2025,7,July,2,3,0,1
C24495,2025,1,January,1,1,1,0
C24495,2025,2,February,2,2,0,1
C24495,2025,5,May,3,3,0,1
C24495,2025,9,September,4,4,0,1
C24495,2025,10,October,5,5,0,1
C24495,2025,11,November,6,6,0,1
C24496,2024,11,November,1,1,1,0
C24496,2025,1,January,2,2,0,1
C24497,2024,9,September,1,1,1,0
C24497,2025,2,February,2,3,0,1
C24497,2025,4,April,5,4,0,1
C24497,2025,7,July,6,5,0,1
C24497,2025,11,November,7,6,0,1
C24497,2025,12,December,8,6,0,1
C24498,2024,11,November,1,1,1,0
C24498,2024,12,December,2,2,0,1
C24498,2025,11,November,3,2,0,1
C24498,2025,12,December,4,3,0,1
C24499,2025,2,February,1,1,1,0
C24499,2025,4,April,2,2,0,1
C24499,2025,10,October,3,2,0,1
C24499,2025,12,December,4,2,0,1
C24500,2024,9,September,1,1,1,0
C24500,2024,10,October,2,3,0,1
C24500,2025,3,March,4,4,0,1
C24500,2025,5,May,5,5,0,1
C24500,2025,8,August,6,5,0,1
C24501,2025,9,September,1,1,1,0
C24502,2025,3,March,1,1,1,0
C24502,2025,7,July,2,1,0,0
C24502,2025,10,October,3,2,0,1
C24503,2024,10,October,1,0,1,0
C24503,2025,3,March,2,1,0,0
C24503,2025,11,November,3,2,0,1
C24504,2024,7,July,1,1,1,0
C24504,2025,5,May,2,2,0,1
C24504,2025,9,September,3,3,0,1
C24504,2025,11,November,4,4,0,1
C24505,2024,10,October,1,1,1,0
C24505,2024,11,November,2,2,0,1
C24505,2025,1,January,3,3,0,1
C24505,2025,2,February,4,4,0,1
C24505,2025,6,June,5,4,0,1
C24506,2024,7,July,1,1,1,0
C24506,2025,1,January,2,2,0,1
C24506,2025,2,February,3,3,0,1
C24506,2025,9,September,4,3,0,1
C24506,2025,10,October,5,4,0,1
C24507,2025,1,January,1,0,1,0
C24508,2024,7,July,1,0,1,0
C24508,2024,8,August,2,1,0,0
C24508,2025,2,February,3,2,0,1
C24508,2025,9,September,4,3,0,1
C24509,2025,6,June,1,1,1,0
C24510,2024,7,July,1,1,1,0
C24510,2025,3,March,2,2,0,1
C24510,2025,9,September,3,3,0,1
C24510,2025,10,October,4,4,0,1
C24511,2024,7,July,1,1,1,0
C24511,2024,8,August,2,2,0,1
C24511,2024,9,September,3,3,0,1
C24511,2024,12,December,4,4,0,1
C24512,2025,3,March,1,1,1,0
C24512,2025,6,June,2,2,0,1
C24512,2025,7,July,3,3,0,1
C24512,2025,11,November,4,4,0,1
C24513,2025,3,March,1,1,1,0
C24513,2025,6,June,2,2,0,1
C24513,2025,7,July,3,2,0,1
C24513,2025,10,October,4,2,0,1
C24514,2024,7,July,1,1,1,0
C24514,2025,1,January,2,2,0,1
C24514,2025,4,April,3,4,0,1
C24514,2025,5,May,5,4,0,1
C24514,2025,7,July,6,5,0,1
C24515,2025,3,March,1,1,1,0
C24515,2025,4,April,2,2,0,1
C24515,2025,12,December,3,4,0,1
C24516,2025,2,February,1,2,0,1
C24516,2025,8,August,3,3,0,1
C24516,2025,9,September,4,4,0,1
C24517,2024,7,July,1,1,1,0
C24517,2025,2,February,2,3,0,1
C24517,2025,4,April,4,4,0,1
C24517,2025,6,June,5,4,0,1
C24517,2025,11,November,6,5,0,1
C24517,2025,12,December,7,7,0,1
C24518,2024,11,November,1,1,1,0
C24518,2025,6,June,2,2,0,1
C24520,2024,9,September,1,1,1,0
C24520,2025,2,February,2,2,0,1
C24520,2025,9,September,3,3,0,1
C24521,2025,8,August,1,1,1,0
C24521,2025,9,September,2,2,0,1
C24521,2025,10,October,3,3,0,1
C24522,2025,7,July,1,1,1,0
C24523,2024,10,October,1,1,1,0
C24523,2024,11,November,2,2,0,1
C24523,2025,7,July,4,3,0,1
C24523,2025,9,September,5,4,0,1
C24523,2025,10,October,6,6,0,1
C24524,2025,2,February,1,1,1,0
C24524,2025,3,March,2,2,0,1
C24525,2024,8,August,1,1,1,0
C24525,2024,10,October,2,2,0,1
C24525,2025,3,March,3,3,0,1
C24525,2025,7,July,4,4,0,1
C24526,2024,7,July,1,1,1,0
C24526,2025,2,February,2,1,0,0
C24526,2025,11,November,3,2,0,1
C24527,2024,8,August,1,1,1,0
C24527,2024,11,November,2,2,0,1
C24527,2024,12,December,3,3,0,1
C24527,2025,3,March,4,4,0,1
C24527,2025,8,August,5,5,0,1
C24527,2025,11,November,6,7,0,1
C24527,2025,12,December,8,8,0,1
C24528,2024,7,July,1,1,1,0
C24528,2024,10,October,2,2,0,1
C24528,2024,12,December,3,3,0,1
C24528,2025,2,February,4,4,0,1
C24528,2025,9,September,6,5,0,1
C24529,2025,6,June,1,0,1,0
C24530,2024,10,October,1,1,1,0
C24530,2025,1,January,2,2,0,1
C24530,2025,5,May,3,3,0,1
C24530,2025,7,July,4,4,0,1
C24530,2025,11,November,5,4,0,1
C24531,2024,10,October,1,1,1,0
C24531,2025,5,May,2,2,0,1
C24532,2024,7,July,1,2,0,1
C24532,2024,9,September,3,3,0,1
C24532,2024,10,October,4,3,0,1
C24532,2025,2,February,5,3,0,1
C24532,2025,6,June,6,4,0,1
C24533,2024,10,October,1,1,1,0
C24533,2024,12,December,2,2,0,1
C24533,2025,2,February,3,3,0,1
C24533,2025,6,June,4,4,0,1
C24534,2025,2,February,1,1,1,0
C24534,2025,9,September,2,2,0,1
C24534,2025,10,October,3,3,0,1
C24534,2025,11,November,4,4,0,1
C24535,2024,8,August,1,1,1,0
C24535,2025,8,August,2,2,0,1
C24535,2025,12,December,3,3,0,1
C24536,2024,7,July,1,1,1,0
C24536,2024,11,November,2,2,0,1
C24536,2024,12,December,3,3,0,1
C24536,2025,7,July,4,4,0,1
C24536,2025,11,November,6,5,0,1
C24537,2024,11,November,1,1,1,0
C24537,2025,3,March,2,2,0,1
C24537,2025,6,June,3,3,0,1
C24537,2025,11,November,4,4,0,1
C24537,2025,12,December,5,5,0,1
C24538,2024,8,August,1,1,1,0
C24538,2024,10,October,2,2,0,1
C24538,2025,2,February,3,2,0,1
C24538,2025,4,April,4,2,0,1
C24538,2025,6,June,5,3,0,1
C24538,2025,9,September,6,3,0,1
C24540,2024,7,July,1,1,1,0
C24541,2024,10,October,1,1,1,0
C24541,2024,11,November,2,2,0,1
C24541,2025,2,February,3,4,0,1
C24542,2024,12,December,1,1,1,0
C24542,2025,1,January,2,2,0,1
C24542,2025,5,May,3,2,0,1
C24543,2024,11,November,1,1,1,0
C24543,2025,5,May,2,2,0,1
C24543,2025,10,October,3,3,0,1
C24544,2024,10,October,1,1,1,0
C24545,2024,7,July,1,0,1,0
C24545,2025,12,December,2,1,0,0
C24546,2024,8,August,1,0,1,0
C24546,2024,9,September,2,0,0,0
C24546,2024,12,December,3,1,0,0
C24546,2025,12,December,4,2,0,1
C24547,2025,6,June,1,1,1,0
C24548,2024,7,July,1,1,1,0
C24548,2024,9,September,2,2,0,1
C24548,2025,5,May,3,3,0,1
C24549,2024,11,November,1,1,1,0
C24549,2025,2,February,2,2,0,1
C24549,2025,6,June,3,3,0,1
C24549,2025,10,October,5,4,0,1
C24550,2024,9,September,1,1,1,0
C24550,2024,11,November,2,2,0,1
C24550,2025,9,September,3,3,0,1
C24550,2025,12,December,4,4,0,1
C24551,2024,9,September,1,1,1,0
C24551,2024,11,November,2,2,0,1
C24551,2025,1,January,3,3,0,1
C24551,2025,10,October,4,4,0,1
C24551,2025,11,November,5,5,0,1
C24552,2024,10,October,1,1,1,0
C24552,2025,2,February,2,2,0,1
C24553,2025,12,December,1,1,1,0
C24554,2024,9,September,1,0,1,0
C24554,2025,6,June,2,1,0,0
C24554,2025,11,November,3,2,0,1
C24554,2025,12,December,4,3,0,1
C24555,2025,1,January,1,1,1,0
C24555,2025,3,March,2,2,0,1
C24555,2025,8,August,3,3,0,1
C24555,2025,11,November,4,4,0,1
C24556,2024,7,July,1,1,1,0
C24556,2025,1,January,2,1,0,0
C24556,2025,12,December,3,2,0,1
C24557,2024,8,August,1,1,1,0
C24557,2025,5,May,2,2,0,1
C24557,2025,8,August,3,2,0,1
C24559,2024,12,December,1,1,1,0
C24559,2025,3,March,2,2,0,1
C24560,2024,12,December,1,1,1,0
C24560,2025,8,August,3,1,0,0
C24561,2024,7,July,1,1,1,0
C24561,2024,9,September,2,1,0,0
C24561,2025,5,May,3,2,0,1
C24561,2025,10,October,4,3,0,1
C24562,2024,9,September,1,0,1,0
C24562,2024,10,October,2,0,0,0
C24562,2024,11,November,3,1,0,0
C24562,2025,1,January,4,2,0,1
C24562,2025,3,March,5,3,0,1
C24562,2025,5,May,6,4,0,1
C24562,2025,7,July,7,5,0,1
C24562,2025,11,November,8,6,0,1
C24563,2024,9,September,1,0,1,0
C24563,2025,1,January,2,1,0,0
C24563,2025,3,March,3,2,0,1
C24563,2025,5,May,4,3,0,1
C24563,2025,6,June,5,4,0,1
C24563,2025,9,September,6,5,0,1
C24563,2025,10,October,7,8,0,1
C24563,2025,11,November,10,8,0,1
C24564,2024,10,October,1,1,1,0
C24564,2025,1,January,2,2,0,1
C24564,2025,8,August,3,3,0,1
C24565,2024,8,August,1,1,1,0
C24565,2025,11,November,2,1,0,0
C24566,2025,4,April,1,1,1,0
C24566,2025,10,October,2,1,0,0
C24567,2024,7,July,1,0,1,0
C24567,2025,7,July,2,0,0,0
C24567,2025,12,December,3,1,0,0
C24568,2024,12,December,1,1,1,0
C24569,2024,11,November,1,1,1,0
C24569,2025,1,January,2,1,0,0
C24569,2025,2,February,3,2,0,1
C24569,2025,4,April,4,3,0,1
C24569,2025,7,July,5,4,0,1
C24569,2025,8,August,6,5,0,1
C24569,2025,11,November,7,5,0,1
C24570,2024,12,December,1,1,1,0
C24570,2025,3,March,2,2,0,1
C24570,2025,10,October,3,3,0,1
C24570,2025,12,December,4,3,0,1
C24571,2025,1,January,1,1,1,0
C24571,2025,11,November,2,2,0,1
C24572,2024,11,November,1,1,1,0
C24572,2025,7,July,2,1,0,0
C24572,2025,8,August,3,2,0,1
C24573,2024,12,December,1,0,1,0
C24573,2025,1,January,2,1,0,0
C24573,2025,4,April,4,1,0,0
C24573,2025,7,July,5,2,0,1
C24574,2025,3,March,1,1,1,0
C24574,2025,7,July,2,2,0,1
C24574,2025,9,September,3,3,0,1
C24575,2025,8,August,1,1,1,0
C24575,2025,9,September,2,2,0,1
C24575,2025,10,October,3,2,0,1
C24575,2025,11,November,4,3,0,1
C24576,2024,7,July,1,1,1,0
C24576,2024,10,October,2,2,0,1
C24576,2025,3,March,3,3,0,1
C24576,2025,10,October,4,4,0,1
C24577,2024,12,December,1,1,1,0
C24577,2025,3,March,2,1,0,0
C24577,2025,4,April,3,2,0,1
C24577,2025,6,June,4,3,0,1
C24577,2025,10,October,5,3,0,1
C24577,2025,11,November,6,4,0,1
C24578,2024,9,September,1,1,1,0
C24578,2025,1,January,2,2,0,1
C24578,2025,3,March,3,2,0,1
C24579,2024,7,July,1,0,1,0
C24579,2024,10,October,2,1,0,0
C24579,2025,5,May,3,2,0,1
C24579,2025,10,October,4,3,0,1
C24580,2024,8,August,1,2,0,1
C24580,2025,5,May,3,2,0,1
C24581,2025,3,March,1,1,1,0
C24581,2025,6,June,2,2,0,1
C24581,2025,10,October,3,3,0,1
C24582,2024,10,October,1,0,1,0
C24582,2025,12,December,2,1,0,0
C24583,2025,7,July,1,1,1,0
C24584,2024,7,July,1,1,1,0
C24584,2025,10,October,2,2,0,1
C24584,2025,11,November,3,3,0,1
C24585,2024,10,October,1,1,1,0
C24585,2024,11,November,2,2,0,1
C24585,2024,12,December,3,3,0,1
C24586,2024,7,July,1,1,1,0
C24586,2024,9,September,2,3,0,1
C24586,2024,11,November,4,4,0,1
C24586,2025,6,June,5,5,0,1
C24586,2025,7,July,6,5,0,1
C24586,2025,8,August,7,5,0,1
C24586,2025,9,September,8,5,0,1
C24587,2024,10,October,1,0,1,0
C24587,2025,4,April,2,1,0,0
C24588,2025,3,March,1,1,1,0
C24589,2025,1,January,1,1,1,0
C24590,2024,8,August,1,1,1,0
C24590,2024,10,October,2,2,0,1
C24592,2024,9,September,1,1,1,0
C24592,2024,11,November,2,2,0,1
C24592,2024,12,December,3,2,0,1
C24592,2025,3,March,4,3,0,1
C24592,2025,5,May,6,4,0,1
C24593,2024,8,August,1,1,1,0
C24593,2025,4,April,2,1,0,0
C24593,2025,5,May,3,2,0,1
C24593,2025,8,August,4,3,0,1
C24593,2025,9,September,5,4,0,1
C24593,2025,10,October,6,5,0,1
C24593,2025,11,November,7,7,0,1
C24594,2024,8,August,1,1,1,0
C24594,2025,1,January,2,2,0,1
C24594,2025,4,April,4,2,0,1
C24594,2025,5,May,5,4,0,1
C24594,2025,8,August,7,5,0,1
C24594,2025,10,October,8,6,0,1
C24594,2025,11,November,9,7,0,1
C24595,2025,12,December,1,1,1,0
C24596,2024,9,September,1,1,1,0
C24596,2025,7,July,2,2,0,1
C24596,2025,9,September,3,3,0,1
C24597,2025,1,January,1,1,1,0
C24597,2025,3,March,2,2,0,1
C24598,2024,11,November,1,2,0,1
C24598,2025,4,April,3,3,0,1
C24598,2025,6,June,4,4,0,1
C24599,2024,7,July,1,1,1,0
C24599,2024,9,September,2,1,0,0
C24599,2024,11,November,3,2,0,1
C24599,2025,7,July,4,3,0,1
C24599,2025,12,December,5,4,0,1
C24600,2024,10,October,1,1,1,0
C24601,2024,8,August,1,1,1,0
C24601,2025,4,April,2,2,0,1
C24601,2025,8,August,3,3,0,1
C24602,2024,12,December,1,1,1,0
C24602,2025,1,January,2,2,0,1
C24602,2025,7,July,3,3,0,1
C24602,2025,10,October,4,4,0,1
C24603,2024,8,August,1,0,1,0
C24603,2024,10,October,2,1,0,0
C24603,2025,3,March,3,2,0,1
C24603,2025,4,April,4,2,0,1
C24603,2025,8,August,5,3,0,1
C24603,2025,10,October,6,4,0,1
C24604,2024,10,October,1,1,1,0
C24604,2025,5,May,2,1,0,0
C24604,2025,11,November,3,2,0,1
C24605,2024,7,July,1,1,1,0
C24605,2025,4,April,2,2,0,1
C24605,2025,5,May,3,3,0,1
C24605,2025,6,June,4,4,0,1
C24606,2025,7,July,1,0,1,0
C24606,2025,10,October,2,1,0,0
C24607,2024,7,July,1,1,1,0
C24607,2025,6,June,2,2,0,1
C24608,2024,11,November,1,0,1,0
C24608,2025,6,June,2,1,0,0
C24609,2024,8,August,1,1,1,0
C24609,2024,11,November,2,3,0,1
C24609,2025,12,December,4,4,0,1
C24610,2025,3,March,1,1,1,0
C24610,2025,11,November,2,2,0,1
C24610,2025,12,December,3,2,0,1
C24612,2025,1,January,1,1,1,0
C24612,2025,4,April,2,2,0,1
C24612,2025,10,October,3,3,0,1
C24612,2025,11,November,5,4,0,1
C24612,2025,12,December,6,5,0,1
C24613,2024,9,September,1,1,1,0
C24613,2024,10,October,2,2,0,1
C24613,2024,11,November,3,2,0,1
C24613,2025,1,January,4,3,0,1
C24613,2025,5,May,6,4,0,1
C24613,2025,8,August,7,5,0,1
C24613,2025,10,October,9,6,0,1
C24613,2025,11,November,10,7,0,1
C24613,2025,12,December,11,8,0,1
C24614,2025,7,July,1,0,1,0
C24614,2025,9,September,2,1,0,0
C24614,2025,11,November,3,1,0,0
C24615,2024,7,July,1,1,1,0
C24615,2024,10,October,2,2,0,1
C24615,2024,12,December,3,3,0,1
C24615,2025,5,May,4,4,0,1
C24615,2025,8,August,5,6,0,1
C24615,2025,9,September,7,6,0,1
C24615,2025,12,December,8,7,0,1
C24616,2024,8,August,1,0,1,0
C24616,2024,9,September,2,1,0,0
C24616,2024,11,November,3,2,0,1
C24616,2025,1,January,4,3,0,1
C24616,2025,4,April,5,4,0,1
C24616,2025,8,August,6,4,0,1
C24616,2025,9,September,7,5,0,1
C24616,2025,11,November,8,6,0,1
C24617,2025,8,August,1,1,1,0
C24618,2025,2,February,1,1,1,0
C24618,2025,9,September,2,2,0,1
C24619,2024,7,July,1,1,1,0
C24619,2024,8,August,2,1,0,0
C24620,2024,9,September,1,1,1,0
C24620,2025,3,March,2,2,0,1
C24620,2025,4,April,3,3,0,1
C24621,2025,2,February,1,0,1,0
C24621,2025,7,July,2,1,0,0
C24621,2025,12,December,3,2,0,1
C24622,2024,7,July,1,0,1,0
C24622,2024,10,October,2,1,0,0
C24622,2025,1,January,3,2,0,1
C24622,2025,2,February,4,3,0,1
C24622,2025,4,April,5,5,0,1
C24622,2025,6,June,7,6,0,1
C24622,2025,7,July,9,7,0,1
C24622,2025,8,August,10,8,0,1
C24622,2025,11,November,11,8,0,1
C24623,2025,10,October,1,3,0,1
C24624,2024,8,August,1,0,1,0
C24624,2024,9,September,2,1,0,0
C24625,2024,10,October,1,1,1,0
C24625,2024,11,November,2,1,0,0
C24625,2025,9,September,3,2,0,1
C24625,2025,11,November,4,3,0,1
C24625,2025,12,December,5,4,0,1
C24626,2025,3,March,1,2,0,1
C24626,2025,7,July,3,3,0,1
C24626,2025,9,September,4,4,0,1
C24627,2024,10,October,1,1,1,0
C24627,2025,4,April,2,2,0,1
C24627,2025,11,November,3,3,0,1
C24628,2024,10,October,1,1,1,0
C24628,2025,1,January,2,2,0,1
C24628,2025,3,March,3,3,0,1
C24629,2025,4,April,1,1,1,0
C24629,2025,5,May,2,2,0,1
C24630,2024,7,July,1,1,1,0
C24630,2024,10,October,2,2,0,1
C24630,2025,4,April,3,2,0,1
C24630,2025,5,May,4,2,0,1
C24630,2025,9,September,5,3,0,1
C24630,2025,12,December,6,4,0,1
C24631,2025,11,November,1,1,1,0
C24632,2024,11,November,1,1,1,0
C24632,2025,4,April,2,2,0,1
C24632,2025,9,September,3,3,0,1
C24633,2024,7,July,1,1,1,0
C24633,2024,8,August,2,2,0,1
C24634,2025,5,May,1,1,1,0
C24634,2025,7,July,2,2,0,1
C24634,2025,8,August,3,3,0,1
C24634,2025,9,September,5,4,0,1
C24635,2024,9,September,1,1,1,0
C24635,2025,6,June,2,1,0,0
C24635,2025,9,September,3,2,0,1
C24635,2025,10,October,4,3,0,1
C24635,2025,11,November,5,4,0,1
C24636,2025,3,March,1,0,1,0
C24637,2024,9,September,1,0,1,0
C24637,2025,7,July,2,1,0,0
C24638,2025,6,June,1,2,0,1
C24639,2024,12,December,1,1,1,0
C24640,2025,12,December,1,0,1,0
C24641,2024,9,September,1,0,1,0
C24641,2025,12,December,2,1,0,0
C24642,2025,7,July,1,1,1,0
C24642,2025,12,December,2,2,0,1
C24643,2025,1,January,1,1,1,0
C24643,2025,3,March,2,2,0,1
C24643,2025,4,April,3,3,0,1
C24644,2024,8,August,1,1,1,0
C24644,2024,9,September,2,2,0,1
C24644,2025,1,January,3,4,0,1
C24644,2025,11,November,5,5,0,1
C24645,2024,9,September,1,2,0,1
C24645,2025,1,January,4,3,0,1
C24645,2025,9,September,5,4,0,1
C24645,2025,10,October,6,5,0,1
C24647,2025,4,April,1,0,1,0
C24647,2025,8,August,2,1,0,0
C24648,2024,7,July,1,1,1,0
C24648,2024,10,October,2,2,0,1
C24648,2024,11,November,3,3,0,1
C24648,2025,1,January,4,4,0,1
C24648,2025,2,February,5,5,0,1
C24648,2025,5,May,7,6,0,1
C24648,2025,7,July,8,7,0,1
C24648,2025,8,August,9,7,0,1
C24648,2025,9,September,11,8,0,1
C24650,2024,12,December,1,1,1,0
C24650,2025,5,May,2,2,0,1
C24650,2025,7,July,3,3,0,1
C24651,2024,10,October,1,1,1,0
C24651,2025,4,April,2,1,0,0
C24651,2025,6,June,3,2,0,1
C24651,2025,12,December,4,3,0,1
C24652,2024,8,August,1,1,1,0
C24652,2024,9,September,2,3,0,1
C24652,2025,3,March,4,4,0,1
C24652,2025,7,July,5,5,0,1
C24652,2025,8,August,6,6,0,1
C24652,2025,9,September,7,7,0,1
C24652,2025,10,October,8,8,0,1
C24653,2024,10,October,1,1,1,0
C24653,2025,1,January,2,2,0,1
C24654,2024,7,July,1,2,0,1
C24654,2024,11,November,3,2,0,1
C24654,2024,12,December,4,3,0,1
C24654,2025,6,June,5,4,0,1
C24654,2025,8,August,6,6,0,1
C24654,2025,10,October,8,7,0,1
C24655,2024,9,September,1,1,1,0
C24655,2024,10,October,2,2,0,1
C24655,2024,11,November,3,3,0,1
C24655,2025,2,February,4,4,0,1
C24655,2025,3,March,5,6,0,1
C24656,2025,8,August,1,1,1,0
C24657,2024,7,July,1,1,1,0
C24657,2024,9,September,2,2,0,1
C24657,2024,10,October,3,3,0,1
C24657,2024,11,November,4,3,0,1
C24657,2025,1,January,5,4,0,1
C24657,2025,2,February,6,4,0,1
C24657,2025,4,April,7,4,0,1
C24657,2025,7,July,8,6,0,1
C24657,2025,8,August,10,7,0,1
C24657,2025,10,October,11,8,0,1
C24657,2025,11,November,12,10,0,1
C24658,2025,7,July,1,0,1,0
C24659,2024,10,October,1,1,1,0
C24659,2025,11,November,2,2,0,1
C24660,2024,9,September,1,0,1,0
C24660,2024,12,December,2,1,0,0
C24660,2025,1,January,3,3,0,1
C24660,2025,2,February,5,3,0,1
C24661,2024,7,July,1,0,1,0
C24661,2024,10,October,2,0,0,0
C24661,2025,2,February,4,1,0,0
C24661,2025,9,September,5,1,0,0
C24662,2025,3,March,1,1,1,0
C24662,2025,4,April,2,2,0,1
C24662,2025,7,July,3,2,0,1
C24662,2025,11,November,4,3,0,1
C24663,2024,11,November,1,0,1,0
C24663,2024,12,December,2,1,0,0
C24663,2025,1,January,3,2,0,1
C24663,2025,4,April,4,3,0,1
C24663,2025,5,May,5,4,0,1
C24663,2025,6,June,6,5,0,1
C24663,2025,7,July,7,6,0,1
C24663,2025,8,August,8,7,0,1
C24663,2025,9,September,9,8,0,1
C24664,2025,2,February,1,0,1,0
C24664,2025,4,April,2,1,0,0
C24664,2025,5,May,4,2,0,1
C24664,2025,8,August,5,3,0,1
C24665,2024,8,August,1,0,1,0
C24665,2025,6,June,2,0,0,0
C24666,2024,10,October,1,1,1,0
C24666,2025,3,March,2,2,0,1
C24666,2025,8,August,3,2,0,1
C24667,2024,12,December,1,1,1,0
C24668,2024,7,July,1,1,1,0
C24668,2025,6,June,2,2,0,1
C24668,2025,7,July,3,3,0,1
C24668,2025,12,December,4,4,0,1
C24669,2024,7,July,1,1,1,0
C24669,2024,11,November,2,2,0,1
C24669,2025,12,December,3,2,0,1
C24670,2024,9,September,1,1,1,0
C24670,2025,1,January,2,2,0,1
C24670,2025,3,March,4,3,0,1
C24670,2025,6,June,5,4,0,1
C24671,2024,7,July,1,0,1,0
C24671,2025,1,January,2,2,0,1
C24671,2025,5,May,4,3,0,1
C24671,2025,9,September,5,4,0,1
C24672,2024,7,July,1,2,0,1
C24672,2024,8,August,3,3,0,1
C24672,2024,10,October,4,4,0,1
C24672,2024,12,December,5,5,0,1
C24672,2025,1,January,6,6,0,1
C24672,2025,2,February,7,7,0,1
C24672,2025,4,April,8,8,0,1
C24672,2025,5,May,9,9,0,1
C24672,2025,11,November,10,10,0,1
C24673,2024,11,November,1,1,1,0
C24673,2025,3,March,2,2,0,1
C24673,2025,5,May,3,2,0,1
C24673,2025,8,August,4,3,0,1
C24673,2025,12,December,5,4,0,1
C24674,2024,8,August,1,0,1,0
C24674,2025,1,January,2,1,0,0
C24674,2025,8,August,3,4,0,1
C24675,2025,5,May,1,1,1,0
C24676,2025,4,April,1,0,1,0
C24676,2025,6,June,2,2,0,1
C24677,2025,11,November,1,1,1,0
C24678,2024,7,July,1,1,1,0
C24678,2024,10,October,2,2,0,1
C24678,2025,10,October,3,3,0,1
C24679,2025,8,August,1,1,1,0
C24681,2025,3,March,1,2,0,1
C24681,2025,8,August,3,3,0,1
C24681,2025,12,December,4,4,0,1
C24682,2024,8,August,1,1,1,0
C24682,2024,11,November,2,2,0,1
C24682,2025,4,April,3,3,0,1
C24683,2024,9,September,1,1,1,0
C24683,2025,8,August,3,2,0,1
C24684,2024,7,July,1,1,1,0
C24684,2025,3,March,2,2,0,1
C24684,2025,6,June,3,3,0,1
C24685,2024,10,October,1,1,1,0
C24685,2025,8,August,2,2,0,1
C24686,2024,12,December,1,0,1,0
C24686,2025,1,January,2,1,0,0
C24686,2025,3,March,3,2,0,1
C24686,2025,5,May,4,3,0,1
C24686,2025,8,August,5,4,0,1
C24686,2025,12,December,6,5,0,1
C24687,2024,10,October,1,0,1,0
C24687,2024,12,December,2,2,0,1
C24687,2025,1,January,4,3,0,1
C24687,2025,2,February,5,4,0,1
C24687,2025,4,April,6,5,0,1
C24687,2025,9,September,7,6,0,1
C24687,2025,12,December,8,6,0,1
C24688,2024,8,August,1,1,1,0
C24688,2025,3,March,2,2,0,1
C24688,2025,6,June,3,3,0,1
C24688,2025,9,September,4,4,0,1
C24689,2025,10,October,1,1,1,0
C24690,2024,10,October,1,1,1,0
C24690,2025,1,January,2,2,0,1
C24690,2025,2,February,3,2,0,1
C24690,2025,4,April,4,3,0,1
C24690,2025,7,July,5,4,0,1
C24690,2025,11,November,6,5,0,1
C24690,2025,12,December,7,6,0,1
C24691,2024,10,October,1,2,0,1
C24691,2024,12,December,3,3,0,1
C24691,2025,1,January,4,7,0,1
C24691,2025,3,March,8,8,0,1
C24691,2025,4,April,10,9,0,1
C24691,2025,5,May,11,10,0,1
C24691,2025,9,September,12,11,0,1
C24692,2024,9,September,1,1,1,0
C24692,2025,9,September,2,2,0,1
C24693,2025,1,January,1,0,1,0
C24693,2025,3,March,2,0,0,0
C24693,2025,4,April,3,0,0,0
C24693,2025,10,October,4,1,0,0
C24694,2025,4,April,1,0,1,0
C24694,2025,10,October,2,1,0,0
C24695,2024,10,October,1,1,1,0
C24695,2025,2,February,2,2,0,1
C24695,2025,3,March,3,3,0,1
C24695,2025,4,April,4,5,0,1
C24695,2025,6,June,6,6,0,1
C24695,2025,9,September,7,7,0,1
C24695,2025,12,December,8,8,0,1
C24696,2024,7,July,1,1,1,0
C24696,2024,8,August,2,2,0,1
C24696,2024,10,October,3,3,0,1
C24696,2025,1,January,4,5,0,1
C24696,2025,3,March,6,6,0,1
C24696,2025,4,April,7,6,0,1
C24696,2025,11,November,8,7,0,1
C24697,2025,3,March,1,2,0,1
C24697,2025,5,May,3,4,0,1
C24697,2025,9,September,5,5,0,1
C24698,2024,10,October,1,1,1,0
C24698,2025,4,April,2,2,0,1
C24698,2025,5,May,3,4,0,1
C24698,2025,6,June,5,4,0,1
C24698,2025,10,October,6,5,0,1
C24699,2024,12,December,1,1,1,0
C24699,2025,5,May,2,2,0,1
C24699,2025,8,August,3,2,0,1
C24700,2025,7,July,1,1,1,0
C24701,2025,5,May,1,2,0,1
C24701,2025,8,August,3,3,0,1
C24701,2025,12,December,4,4,0,1
C24702,2025,4,April,1,2,0,1
C24702,2025,8,August,3,2,0,1
C24702,2025,9,September,4,3,0,1
C24703,2025,2,February,1,1,1,0
C24703,2025,11,November,2,2,0,1
C24705,2024,7,July,1,1,1,0
C24705,2024,12,December,2,1,0,0
C24705,2025,4,April,3,2,0,1
C24705,2025,8,August,4,3,0,1
C24705,2025,9,September,5,5,0,1
C24705,2025,11,November,7,5,0,1
C24706,2025,1,January,1,0,1,0
C24706,2025,2,February,2,1,0,0
C24706,2025,7,July,3,1,0,0
C24706,2025,9,September,4,1,0,0
C24707,2024,10,October,1,2,0,1
C24707,2024,11,November,3,3,0,1
C24707,2025,11,November,4,4,0,1
C24708,2025,3,March,1,1,1,0
C24708,2025,12,December,2,1,0,0
C24710,2025,3,March,1,1,1,0
C24710,2025,11,November,2,2,0,1
C24711,2024,9,September,1,1,1,0
C24712,2025,7,July,1,0,1,0
C24712,2025,8,August,2,0,0,0
C24713,2024,7,July,1,1,1,0
C24713,2025,3,March,2,2,0,1
C24713,2025,8,August,3,3,0,1
C24713,2025,10,October,4,4,0,1
C24714,2025,1,January,1,1,1,0
C24714,2025,3,March,2,1,0,0
C24714,2025,4,April,3,2,0,1
C24714,2025,7,July,4,3,0,1
C24714,2025,8,August,5,4,0,1
C24715,2024,8,August,1,1,1,0
C24715,2025,5,May,2,2,0,1
C24715,2025,9,September,3,3,0,1
C24716,2024,7,July,1,1,1,0
C24716,2025,1,January,2,2,0,1
C24716,2025,2,February,3,3,0,1
C24716,2025,6,June,4,3,0,1
C24717,2024,8,August,1,1,1,0
C24717,2025,1,January,2,1,0,0
C24717,2025,7,July,3,2,0,1
C24718,2024,11,November,1,1,1,0
C24718,2024,12,December,2,2,0,1
C24718,2025,6,June,3,3,0,1
C24718,2025,12,December,4,4,0,1
C24719,2025,8,August,1,1,1,0
C24719,2025,11,November,2,2,0,1
C24719,2025,12,December,3,4,0,1
C24720,2024,7,July,1,0,1,0
C24720,2024,8,August,2,1,0,0
C24720,2024,10,October,3,2,0,1
C24720,2025,5,May,4,3,0,1
C24720,2025,6,June,5,4,0,1
C24720,2025,10,October,6,5,0,1
C24721,2025,2,February,1,1,1,0
C24721,2025,5,May,2,1,0,0
C24721,2025,9,September,3,2,0,1
C24722,2024,10,October,1,1,1,0
C24722,2025,2,February,2,2,0,1
C24722,2025,10,October,3,3,0,1
C24723,2024,10,October,1,1,1,0
C24723,2025,3,March,3,3,0,1
C24723,2025,4,April,6,7,0,1
C24723,2025,8,August,10,8,0,1
C24723,2025,11,November,11,10,0,1
C24724,2025,1,January,1,1,1,0
C24725,2024,8,August,1,0,1,0
C24725,2024,12,December,2,1,0,0
C24725,2025,10,October,3,2,0,1
C24726,2024,7,July,1,1,1,0
C24726,2024,11,November,2,2,0,1
C24726,2025,2,February,3,3,0,1
C24726,2025,3,March,4,4,0,1
C24726,2025,5,May,5,5,0,1
C24726,2025,10,October,6,5,0,1
C24726,2025,11,November,7,6,0,1
C24727,2024,7,July,1,1,1,0
C24727,2024,9,September,2,1,0,0
C24727,2024,10,October,3,1,0,0
C24727,2024,11,November,4,2,0,1
C24727,2025,2,February,5,3,0,1
C24727,2025,12,December,6,5,0,1
C24728,2024,9,September,1,1,1,0
C24728,2024,12,December,2,3,0,1
C24728,2025,10,October,4,4,0,1
C24729,2024,9,September,1,1,1,0
C24729,2025,3,March,3,2,0,1
C24729,2025,10,October,4,3,0,1
C24730,2024,8,August,1,1,1,0
C24730,2024,10,October,2,2,0,1
C24730,2024,11,November,3,3,0,1
C24730,2025,2,February,4,4,0,1
C24730,2025,3,March,5,5,0,1
C24730,2025,8,August,6,7,0,1
C24730,2025,9,September,8,7,0,1
C24731,2024,11,November,1,1,1,0
C24731,2025,2,February,2,2,0,1
C24731,2025,4,April,3,3,0,1
C24732,2025,3,March,1,0,1,0
C24732,2025,10,October,2,1,0,0
C24733,2024,8,August,1,1,1,0
C24733,2024,10,October,2,2,0,1
C24733,2025,8,August,4,4,0,1
C24733,2025,10,October,7,5,0,1
C24733,2025,11,November,8,6,0,1
C24733,2025,12,December,9,8,0,1
C24734,2024,12,December,1,1,1,0
C24734,2025,8,August,2,2,0,1
C24735,2024,7,July,1,1,1,0
C24735,2024,11,November,3,2,0,1
C24735,2025,6,June,4,4,0,1
C24736,2024,12,December,1,1,1,0
C24736,2025,7,July,2,2,0,1
C24737,2024,7,July,1,1,1,0
C24737,2024,9,September,2,2,0,1
C24737,2025,5,May,3,2,0,1
C24737,2025,12,December,4,3,0,1
C24738,2025,1,January,1,1,1,0
C24738,2025,5,May,2,1,0,0
C24739,2024,9,September,1,1,1,0
C24739,2024,12,December,2,2,0,1
C24739,2025,2,February,3,3,0,1
C24739,2025,4,April,4,4,0,1
C24739,2025,7,July,5,5,0,1
C24739,2025,10,October,6,6,0,1
C24739,2025,12,December,7,6,0,1
C24740,2024,7,July,1,1,1,0
C24740,2024,8,August,2,2,0,1
C24740,2025,11,November,3,3,0,1
C24741,2025,3,March,1,1,1,0
C24742,2025,7,July,1,1,1,0
C24743,2024,8,August,1,0,1,0
C24743,2024,11,November,2,1,0,0
C24743,2025,1,January,3,2,0,1
C24743,2025,2,February,4,3,0,1
C24743,2025,6,June,5,4,0,1
C24743,2025,9,September,6,4,0,1
C24743,2025,10,October,7,4,0,1
C24744,2024,9,September,1,1,1,0
C24744,2024,12,December,2,2,0,1
C24744,2025,2,February,3,3,0,1
C24744,2025,5,May,4,4,0,1
C24745,2024,12,December,1,1,1,0
C24746,2025,4,April,1,1,1,0
C24747,2025,2,February,1,1,1,0
C24747,2025,11,November,2,2,0,1
C24748,2024,7,July,1,1,1,0
C24748,2024,8,August,2,2,0,1
C24748,2025,8,August,3,3,0,1
C24750,2025,12,December,1,2,0,1
C24751,2024,9,September,1,1,1,0
C24751,2025,4,April,2,2,0,1
C24751,2025,8,August,3,3,0,1
C24751,2025,11,November,4,4,0,1
C24752,2025,9,September,1,1,1,0
C24753,2024,8,August,1,1,1,0
C24753,2025,3,March,2,2,0,1
C24753,2025,6,June,3,3,0,1
C24753,2025,7,July,4,3,0,1
C24753,2025,11,November,5,4,0,1
C24754,2024,8,August,1,2,0,1
C24754,2024,12,December,3,3,0,1
C24754,2025,1,January,4,4,0,1
C24754,2025,2,February,5,6,0,1
C24754,2025,3,March,7,7,0,1
C24754,2025,8,August,8,8,0,1
C24754,2025,9,September,9,9,0,1
C24755,2025,2,February,1,1,1,0
C24755,2025,6,June,2,2,0,1
C24756,2024,9,September,1,1,1,0
C24756,2024,12,December,2,2,0,1
C24756,2025,4,April,3,2,0,1
C24757,2025,5,May,1,1,1,0
C24757,2025,7,July,2,2,0,1
C24757,2025,10,October,3,3,0,1
C24758,2024,9,September,1,2,0,1
C24758,2024,12,December,3,2,0,1
C24758,2025,1,January,4,2,0,1
C24758,2025,7,July,5,3,0,1
C24758,2025,12,December,6,4,0,1
C24759,2024,7,July,1,1,1,0
C24759,2024,9,September,2,2,0,1
C24759,2025,5,May,3,3,0,1
C24759,2025,7,July,4,4,0,1
C24760,2024,9,September,1,1,1,0
C24760,2024,12,December,2,1,0,0
C24760,2025,11,November,3,2,0,1
C24761,2024,7,July,1,2,0,1
C24761,2024,8,August,3,3,0,1
C24761,2024,11,November,4,4,0,1
C24761,2025,2,February,5,5,0,1
C24761,2025,5,May,6,6,0,1
C24761,2025,8,August,7,7,0,1
C24761,2025,9,September,8,8,0,1
C24762,2024,7,July,1,1,1,0
C24762,2024,9,September,2,2,0,1
C24762,2024,10,October,3,3,0,1
C24762,2024,12,December,4,5,0,1
C24762,2025,1,January,6,6,0,1
C24762,2025,7,July,7,7,0,1
C24762,2025,8,August,8,8,0,1
C24762,2025,11,November,9,9,0,1
C24763,2024,8,August,1,0,1,0
C24763,2024,11,November,2,1,0,0
C24763,2025,2,February,3,1,0,0
C24763,2025,12,December,4,2,0,1
C24764,2025,2,February,1,1,1,0
C24764,2025,10,October,2,2,0,1
C24764,2025,12,December,3,3,0,1
C24765,2024,7,July,1,0,1,0
C24765,2024,9,September,2,1,0,0
C24765,2025,2,February,3,2,0,1
C24765,2025,3,March,4,4,0,1
C24765,2025,5,May,6,5,0,1
C24765,2025,9,September,7,5,0,1
C24765,2025,12,December,8,5,0,1
C24766,2024,11,November,1,1,1,0
C24766,2024,12,December,2,3,0,1
C24767,2024,10,October,1,1,1,0
C24767,2024,12,December,2,3,0,1
C24767,2025,8,August,4,4,0,1
C24767,2025,9,September,5,5,0,1
C24768,2025,5,May,1,1,1,0
C24768,2025,8,August,2,2,0,1
C24769,2024,8,August,1,1,1,0
C24769,2025,5,May,2,2,0,1
C24770,2024,9,September,1,1,1,0
C24770,2025,2,February,2,2,0,1
C24770,2025,8,August,3,3,0,1
C24770,2025,10,October,4,3,0,1
C24770,2025,11,November,5,4,0,1
C24770,2025,12,December,7,4,0,1
C24771,2024,9,September,1,1,1,0
C24771,2024,11,November,2,2,0,1
C24771,2024,12,December,3,4,0,1
C24771,2025,1,January,5,5,0,1
C24771,2025,4,April,6,7,0,1
C24771,2025,6,June,8,8,0,1
C24771,2025,7,July,9,9,0,1
C24772,2024,7,July,1,1,1,0
C24772,2024,9,September,2,2,0,1
C24772,2025,2,February,3,3,0,1
C24772,2025,10,October,4,4,0,1
C24773,2024,10,October,1,1,1,0
C24773,2025,11,November,2,2,0,1
C24774,2024,9,September,1,1,1,0
C24774,2025,2,February,2,2,0,1
C24775,2024,9,September,1,1,1,0
C24775,2025,3,March,2,2,0,1
C24775,2025,8,August,3,3,0,1
C24775,2025,9,September,4,4,0,1
C24776,2024,10,October,1,2,0,1
C24776,2025,11,November,3,3,0,1
C24777,2024,9,September,1,1,1,0
C24777,2024,12,December,2,2,0,1
C24777,2025,3,March,3,3,0,1
C24777,2025,5,May,4,4,0,1
C24777,2025,6,June,5,5,0,1
C24778,2024,7,July,1,0,1,0
C24778,2024,12,December,2,1,0,0
C24778,2025,1,January,3,2,0,1
C24778,2025,3,March,4,4,0,1
C24778,2025,6,June,6,5,0,1
C24779,2024,7,July,1,2,0,1
C24779,2024,8,August,3,3,0,1
C24779,2025,2,February,4,4,0,1
C24779,2025,5,May,5,5,0,1
C24780,2024,9,September,1,1,1,0
C24780,2025,1,January,2,2,0,1
C24780,2025,2,February,3,3,0,1
C24780,2025,6,June,4,3,0,1
C24780,2025,10,October,5,4,0,1
C24781,2025,2,February,1,0,1,0
C24781,2025,5,May,2,2,0,1
C24781,2025,7,July,4,3,0,1
C24781,2025,8,August,5,3,0,1
C24782,2025,4,April,1,2,0,1
C24782,2025,5,May,3,2,0,1
C24782,2025,7,July,4,2,0,1
C24782,2025,11,November,5,3,0,1
C24783,2024,7,July,1,2,0,1
C24783,2024,8,August,3,3,0,1
C24783,2024,9,September,4,5,0,1
C24783,2024,10,October,6,5,0,1
C24783,2025,2,February,7,6,0,1
C24783,2025,3,March,8,7,0,1
C24783,2025,10,October,9,8,0,1
C24783,2025,11,November,10,10,0,1
C24783,2025,12,December,12,11,0,1
C24784,2025,2,February,1,1,1,0
C24785,2025,4,April,1,1,1,0
C24786,2024,7,July,1,1,1,0
C24786,2024,9,September,2,2,0,1
C24786,2024,10,October,3,3,0,1
C24786,2025,2,February,4,4,0,1
C24786,2025,4,April,5,5,0,1
C24786,2025,9,September,6,6,0,1
C24786,2025,11,November,7,6,0,1
C24787,2024,8,August,1,1,1,0
C24787,2025,1,January,2,1,0,0
C24787,2025,3,March,3,1,0,0
C24787,2025,9,September,4,2,0,1
C24788,2024,7,July,1,0,1,0
C24788,2024,9,September,2,1,0,0
C24788,2025,9,September,3,1,0,0
C24788,2025,10,October,4,2,0,1
C24788,2025,11,November,5,3,0,1
C24788,2025,12,December,6,4,0,1
C24789,2025,1,January,1,0,1,0
C24789,2025,5,May,2,1,0,0
C24789,2025,10,October,3,2,0,1
C24790,2024,8,August,1,1,1,0
C24790,2024,12,December,2,1,0,0
C24790,2025,3,March,4,2,0,1
C24790,2025,10,October,5,3,0,1
C24790,2025,12,December,6,4,0,1
C24791,2024,8,August,1,1,1,0
C24791,2024,10,October,2,2,0,1
C24791,2024,11,November,3,3,0,1
C24791,2025,1,January,4,4,0,1
C24791,2025,4,April,5,5,0,1
C24791,2025,10,October,6,6,0,1
C24792,2024,9,September,1,0,1,0
C24792,2025,2,February,2,1,0,0
C24792,2025,4,April,3,2,0,1
C24792,2025,6,June,4,2,0,1
C24792,2025,7,July,5,3,0,1
C24792,2025,9,September,6,3,0,1
C24792,2025,10,October,7,4,0,1
C24792,2025,11,November,9,4,0,1
C24793,2024,8,August,1,1,1,0
C24793,2025,4,April,2,2,0,1
C24794,2025,1,January,1,1,1,0
C24795,2025,9,September,1,1,1,0
C24796,2024,10,October,1,1,1,0
C24796,2025,6,June,2,2,0,1
C24796,2025,7,July,3,3,0,1
C24796,2025,9,September,4,4,0,1
C24796,2025,11,November,5,5,0,1
C24797,2024,7,July,1,1,1,0
C24797,2024,9,September,2,2,0,1
C24797,2024,12,December,3,3,0,1
C24797,2025,1,January,4,3,0,1
C24797,2025,4,April,5,4,0,1
C24797,2025,5,May,6,4,0,1
C24797,2025,9,September,7,5,0,1
C24797,2025,12,December,8,5,0,1
C24798,2025,1,January,1,1,1,0
C24798,2025,8,August,2,2,0,1
C24798,2025,12,December,3,3,0,1
C24799,2024,11,November,1,1,1,0
C24799,2024,12,December,2,2,0,1
C24799,2025,4,April,3,3,0,1
C24799,2025,6,June,4,5,0,1
C24799,2025,8,August,6,5,0,1
C24800,2025,3,March,1,1,1,0
C24800,2025,6,June,2,2,0,1
C24800,2025,9,September,3,3,0,1
C24801,2024,10,October,1,1,1,0
C24803,2024,9,September,1,1,1,0
C24803,2025,6,June,2,1,0,0
C24803,2025,11,November,3,2,0,1
C24804,2024,9,September,1,1,1,0
C24804,2025,4,April,2,2,0,1
C24805,2024,11,November,1,1,1,0
C24805,2025,7,July,2,2,0,1
C24805,2025,8,August,3,3,0,1
C24805,2025,12,December,4,4,0,1
C24806,2025,2,February,1,1,1,0
C24806,2025,4,April,2,1,0,0
C24806,2025,6,June,3,2,0,1
C24806,2025,7,July,4,4,0,1
C24806,2025,8,August,6,5,0,1
C24806,2025,9,September,8,6,0,1
C24806,2025,12,December,9,7,0,1
C24807,2024,8,August,1,1,1,0
C24807,2024,10,October,2,1,0,0
C24807,2024,12,December,3,1,0,0
C24807,2025,1,January,4,1,0,0
C24807,2025,2,February,5,2,0,1
C24808,2024,8,August,1,1,1,0
C24808,2025,5,May,2,2,0,1
C24808,2025,7,July,3,2,0,1
C24808,2025,8,August,4,3,0,1
C24808,2025,9,September,5,4,0,1
C24808,2025,10,October,6,4,0,1
C24809,2024,12,December,1,1,1,0
C24809,2025,1,January,2,2,0,1
C24809,2025,10,October,3,3,0,1
C24810,2025,1,January,1,1,1,0
C24810,2025,2,February,2,2,0,1
C24810,2025,5,May,3,2,0,1
C24810,2025,6,June,4,2,0,1
C24810,2025,9,September,5,3,0,1
C24811,2025,1,January,1,1,1,0
C24811,2025,5,May,2,3,0,1
C24811,2025,10,October,4,5,0,1
C24811,2025,11,November,6,5,0,1
C24811,2025,12,December,7,5,0,1
C24812,2024,10,October,1,1,1,0
C24812,2025,2,February,2,2,0,1
C24813,2024,7,July,1,1,1,0
C24813,2024,9,September,2,1,0,0
C24814,2024,10,October,1,0,1,0
C24814,2025,12,December,2,1,0,0
C24815,2024,9,September,1,1,1,0
C24816,2025,6,June,1,1,1,0
C24817,2024,8,August,1,0,1,0
C24818,2024,8,August,1,1,1,0
C24818,2024,9,September,2,2,0,1
C24818,2025,2,February,3,3,0,1
C24818,2025,3,March,4,4,0,1
C24818,2025,6,June,5,4,0,1
C24818,2025,7,July,6,4,0,1
C24820,2025,6,June,1,1,1,0
C24820,2025,9,September,2,2,0,1
C24821,2024,8,August,1,1,1,0
C24821,2025,5,May,2,2,0,1
C24821,2025,8,August,3,2,0,1
C24823,2024,7,July,1,1,1,0
C24823,2024,10,October,2,1,0,0
C24823,2024,12,December,3,1,0,0
C24823,2025,5,May,4,2,0,1
C24823,2025,8,August,5,2,0,1
C24824,2025,9,September,1,1,1,0
C24825,2024,8,August,1,0,1,0
C24825,2025,1,January,2,1,0,0
C24825,2025,5,May,3,1,0,0
C24825,2025,9,September,4,2,0,1
C24826,2025,1,January,1,0,1,0
C24826,2025,3,March,2,1,0,0
C24826,2025,7,July,3,1,0,0
C24827,2024,10,October,1,2,0,1
C24827,2025,2,February,3,3,0,1
C24827,2025,6,June,4,4,0,1
C24829,2024,12,December,1,1,1,0
C24829,2025,3,March,2,2,0,1
C24829,2025,4,April,3,2,0,1
C24829,2025,7,July,4,4,0,1
C24829,2025,11,November,6,5,0,1
C24830,2024,7,July,1,0,1,0
C24830,2024,8,August,2,1,0,0
C24830,2024,10,October,3,3,0,1
C24830,2024,12,December,5,4,0,1
C24830,2025,9,September,6,5,0,1
C24831,2025,11,November,1,0,1,0
C24831,2025,12,December,2,0,0,0
C24832,2024,8,August,1,1,1,0
C24832,2025,7,July,2,2,0,1
C24832,2025,10,October,3,3,0,1
C24832,2025,11,November,4,4,0,1
C24833,2024,8,August,1,1,1,0
C24833,2024,10,October,2,2,0,1
C24833,2024,12,December,3,3,0,1
C24833,2025,1,January,4,3,0,1
C24833,2025,3,March,5,3,0,1
C24833,2025,6,June,6,3,0,1
C24833,2025,10,October,7,4,0,1
C24834,2024,7,July,1,1,1,0
C24834,2024,8,August,2,2,0,1
C24834,2024,10,October,3,3,0,1
C24834,2024,11,November,4,4,0,1
C24834,2025,2,February,5,4,0,1
C24834,2025,3,March,6,5,0,1
C24834,2025,5,May,7,5,0,1
C24834,2025,8,August,8,6,0,1
C24834,2025,12,December,9,7,0,1
C24835,2024,7,July,1,0,1,0
C24835,2024,8,August,2,1,0,0
C24835,2024,10,October,3,2,0,1
C24835,2024,12,December,4,3,0,1
C24835,2025,1,January,5,4,0,1
C24835,2025,3,March,6,5,0,1
C24835,2025,5,May,7,5,0,1
C24835,2025,10,October,8,6,0,1
C24835,2025,11,November,9,7,0,1
C24836,2024,7,July,1,2,0,1
C24836,2024,8,August,3,3,0,1
C24836,2024,12,December,4,4,0,1
C24836,2025,2,February,5,5,0,1
C24836,2025,7,July,6,6,0,1
C24836,2025,12,December,7,7,0,1
C24837,2025,6,June,1,1,1,0
C24837,2025,11,November,3,2,0,1
C24837,2025,12,December,4,3,0,1
C24838,2025,6,June,1,1,1,0
C24838,2025,7,July,2,2,0,1
C24838,2025,10,October,3,2,0,1
C24839,2025,3,March,1,1,1,0
C24839,2025,5,May,2,2,0,1
C24839,2025,6,June,3,3,0,1
C24839,2025,10,October,4,4,0,1
C24840,2024,8,August,1,1,1,0
C24840,2024,12,December,2,2,0,1
C24841,2024,8,August,1,2,0,1
C24842,2025,2,February,1,2,0,1
C24842,2025,4,April,3,2,0,1
C24842,2025,9,September,4,2,0,1
C24843,2024,8,August,1,1,1,0
C24843,2024,9,September,3,1,0,0
C24843,2025,1,January,4,2,0,1
C24843,2025,5,May,5,3,0,1
C24843,2025,11,November,6,4,0,1
C24844,2025,1,January,1,1,1,0
C24844,2025,2,February,2,2,0,1
C24845,2024,7,July,1,0,1,0
C24845,2024,8,August,2,1,0,0
C24845,2024,10,October,3,2,0,1
C24845,2024,12,December,4,4,0,1
C24845,2025,7,July,6,5,0,1
C24845,2025,8,August,8,6,0,1
C24845,2025,9,September,9,7,0,1
C24845,2025,10,October,10,8,0,1
C24846,2025,1,January,1,1,1,0
C24846,2025,7,July,2,2,0,1
C24846,2025,11,November,3,3,0,1
C24847,2024,7,July,1,1,1,0
C24848,2025,7,July,1,2,0,1
C24848,2025,8,August,3,3,0,1
C24849,2024,9,September,1,2,0,1
C24849,2024,10,October,3,2,0,1
C24849,2025,1,January,4,2,0,1
C24849,2025,8,August,5,3,0,1
C24849,2025,11,November,6,4,0,1
C24850,2024,11,November,1,2,0,1
C24850,2025,4,April,3,3,0,1
C24850,2025,6,June,4,3,0,1
C24850,2025,8,August,5,4,0,1
C24850,2025,9,September,6,5,0,1
C24850,2025,10,October,7,6,0,1
C24850,2025,12,December,8,7,0,1
C24851,2024,8,August,1,0,1,0
C24851,2024,11,November,2,1,0,0
C24851,2024,12,December,3,2,0,1
C24851,2025,2,February,4,3,0,1
C24851,2025,7,July,6,4,0,1
C24851,2025,9,September,7,5,0,1
C24851,2025,11,November,8,6,0,1
C24851,2025,12,December,9,7,0,1
C24852,2024,12,December,1,1,1,0
C24852,2025,3,March,2,2,0,1
C24852,2025,9,September,3,3,0,1
C24852,2025,10,October,4,4,0,1
C24853,2024,9,September,1,1,1,0
C24853,2024,12,December,2,2,0,1
C24853,2025,1,January,3,3,0,1
C24854,2024,10,October,1,1,1,0
C24854,2025,2,February,2,2,0,1
C24854,2025,7,July,3,3,0,1
C24855,2025,3,March,1,1,1,0
C24856,2025,4,April,1,1,1,0
C24856,2025,6,June,2,2,0,1
C24856,2025,12,December,3,2,0,1
C24857,2024,9,September,1,3,0,1
C24857,2025,5,May,4,4,0,1
C24857,2025,12,December,5,4,0,1
C24858,2024,7,July,1,1,1,0
C24858,2025,1,January,2,2,0,1
C24858,2025,8,August,3,3,0,1
C24859,2025,2,February,1,1,1,0
C24859,2025,3,March,2,2,0,1
C24859,2025,11,November,3,4,0,1
C24859,2025,12,December,5,5,0,1
C24860,2024,9,September,1,1,1,0
C24860,2024,11,November,2,1,0,0
C24860,2025,7,July,3,2,0,1
C24861,2025,10,October,1,1,1,0
C24861,2025,11,November,2,2,0,1
C24863,2025,3,March,1,1,1,0
C24864,2024,12,December,1,1,1,0
C24864,2025,4,April,2,2,0,1
C24864,2025,5,May,3,3,0,1
C24864,2025,10,October,4,4,0,1
C24865,2024,12,December,1,1,1,0
C24866,2024,9,September,1,1,1,0
C24866,2025,5,May,2,2,0,1
C24867,2024,7,July,1,1,1,0
C24867,2024,9,September,2,2,0,1
C24867,2025,2,February,3,3,0,1
C24867,2025,7,July,4,3,0,1
C24867,2025,8,August,5,4,0,1
C24867,2025,9,September,6,5,0,1
C24867,2025,12,December,8,6,0,1
C24868,2024,10,October,1,0,1,0
C24868,2024,11,November,2,1,0,0
C24868,2024,12,December,3,2,0,1
C24868,2025,4,April,4,2,0,1
C24869,2024,7,July,1,1,1,0
C24869,2024,10,October,2,3,0,1
C24869,2025,1,January,4,4,0,1
C24869,2025,2,February,5,5,0,1
C24869,2025,5,May,6,6,0,1
C24869,2025,9,September,7,7,0,1
C24869,2025,10,October,8,8,0,1
C24870,2025,3,March,1,1,1,0
C24870,2025,10,October,2,2,0,1
C24871,2025,5,May,1,1,1,0
C24872,2024,8,August,1,1,1,0
C24873,2024,8,August,1,2,0,1
C24873,2025,3,March,3,3,0,1
C24873,2025,5,May,4,3,0,1
C24874,2025,5,May,1,1,1,0
C24874,2025,9,September,2,3,0,1
C24874,2025,10,October,4,4,0,1
C24874,2025,11,November,5,5,0,1
C24874,2025,12,December,6,5,0,1
C24875,2024,9,September,1,1,1,0
C24875,2025,3,March,2,2,0,1
C24875,2025,6,June,3,3,0,1
C24875,2025,12,December,4,4,0,1
C24876,2024,10,October,1,1,1,0
C24877,2024,7,July,1,1,1,0
C24877,2024,9,September,2,2,0,1
C24877,2024,10,October,3,4,0,1
C24877,2025,1,January,5,5,0,1
C24877,2025,10,October,6,6,0,1
C24878,2025,12,December,1,1,1,0
C24879,2024,10,October,1,1,1,0
C24879,2024,11,November,2,2,0,1
C24879,2025,3,March,3,3,0,1
C24879,2025,6,June,4,4,0,1
C24879,2025,7,July,5,5,0,1
C24879,2025,12,December,6,6,0,1
C24880,2025,5,May,1,0,1,0
C24880,2025,9,September,2,1,0,0
C24881,2024,9,September,1,1,1,0
C24881,2025,2,February,2,1,0,0
C24881,2025,8,August,3,1,0,0
C24881,2025,10,October,4,2,0,1
C24882,2024,9,September,1,1,1,0
C24882,2024,12,December,2,3,0,1
C24882,2025,8,August,4,4,0,1
C24883,2024,10,October,1,2,0,1
C24883,2024,11,November,3,3,0,1
C24883,2025,7,July,4,4,0,1
C24883,2025,11,November,5,5,0,1
C24884,2025,10,October,1,1,1,0
C24885,2024,12,December,1,1,1,0
C24885,2025,5,May,2,2,0,1
C24886,2024,7,July,1,1,1,0
C24886,2025,3,March,2,2,0,1
C24886,2025,11,November,3,2,0,1
C24887,2025,6,June,1,1,1,0
C24888,2024,8,August,1,1,1,0
C24889,2024,11,November,1,1,1,0
C24889,2025,6,June,2,2,0,1
C24889,2025,7,July,3,3,0,1
C24890,2024,7,July,1,1,1,0
C24890,2024,12,December,2,2,0,1
C24890,2025,1,January,3,3,0,1
C24891,2025,3,March,1,1,1,0
C24892,2024,8,August,1,1,1,0
C24892,2024,9,September,2,2,0,1
C24892,2024,11,November,3,3,0,1
C24892,2025,2,February,4,3,0,1
C24892,2025,5,May,5,3,0,1
C24892,2025,8,August,6,4,0,1
C24893,2024,8,August,1,1,1,0
C24893,2025,10,October,2,2,0,1
C24894,2024,7,July,1,1,1,0
C24894,2024,8,August,2,2,0,1
C24894,2025,1,January,3,3,0,1
C24894,2025,2,February,4,4,0,1
C24894,2025,3,March,5,5,0,1
C24894,2025,4,April,6,6,0,1
C24894,2025,5,May,7,7,0,1
C24894,2025,8,August,8,8,0,1
C24894,2025,10,October,9,9,0,1
C24894,2025,12,December,11,10,0,1
C24895,2024,7,July,1,1,1,0
C24895,2024,8,August,2,2,0,1
C24895,2024,10,October,3,3,0,1
C24895,2024,12,December,4,3,0,1
C24895,2025,2,February,5,5,0,1
C24897,2024,12,December,1,1,1,0
C24898,2025,3,March,1,1,1,0
C24898,2025,4,April,2,3,0,1
C24898,2025,5,May,4,4,0,1
C24898,2025,11,November,5,5,0,1
C24899,2025,2,February,1,0,1,0
C24900,2024,7,July,1,1,1,0
C24900,2024,9,September,2,2,0,1
C24900,2025,11,November,3,3,0,1
C24900,2025,12,December,4,4,0,1
C24901,2024,8,August,1,1,1,0
C24901,2024,11,November,2,2,0,1
C24901,2025,4,April,3,3,0,1
C24901,2025,7,July,5,4,0,1
C24901,2025,10,October,6,5,0,1
C24901,2025,11,November,7,6,0,1
C24902,2024,9,September,1,1,1,0
C24902,2024,11,November,2,2,0,1
C24903,2024,7,July,1,1,1,0
C24903,2024,9,September,2,2,0,1
C24903,2025,4,April,4,4,0,1
C24903,2025,12,December,6,5,0,1
C24904,2024,9,September,1,1,1,0
C24904,2024,10,October,2,3,0,1
C24904,2025,1,January,4,4,0,1
C24904,2025,10,October,5,5,0,1
C24904,2025,12,December,6,6,0,1
C24905,2025,5,May,1,1,1,0
C24906,2024,7,July,1,2,0,1
C24906,2025,2,February,3,3,0,1
C24906,2025,12,December,4,4,0,1
C24908,2024,9,September,1,1,1,0
C24908,2025,2,February,2,2,0,1
C24908,2025,7,July,3,3,0,1
C24908,2025,8,August,4,4,0,1
C24908,2025,11,November,5,5,0,1
C24909,2024,10,October,1,1,1,0
C24909,2025,2,February,2,2,0,1
C24909,2025,10,October,3,4,0,1
C24910,2025,6,June,1,1,1,0
C24911,2025,3,March,1,1,1,0
C24911,2025,9,September,2,1,0,0
C24911,2025,12,December,3,2,0,1
C24912,2025,1,January,1,0,1,0
C24912,2025,10,October,2,1,0,0
C24913,2024,7,July,1,1,1,0
C24913,2025,2,February,2,2,0,1
C24913,2025,6,June,3,4,0,1
C24914,2024,7,July,1,1,1,0
C24914,2025,7,July,2,2,0,1
C24914,2025,10,October,3,3,0,1
C24915,2024,9,September,1,1,1,0
C24915,2024,12,December,2,2,0,1
C24915,2025,2,February,3,3,0,1
C24915,2025,3,March,4,4,0,1
C24915,2025,4,April,5,5,0,1
C24915,2025,7,July,6,6,0,1
C24915,2025,9,September,7,7,0,1
C24916,2025,1,January,1,1,1,0
C24916,2025,5,May,2,2,0,1
C24916,2025,9,September,3,3,0,1
C24917,2024,12,December,1,1,1,0
C24917,2025,8,August,2,2,0,1
C24917,2025,11,November,3,3,0,1
C24918,2025,3,March,1,2,0,1
C24918,2025,4,April,3,2,0,1
C24918,2025,5,May,4,4,0,1
C24918,2025,10,October,6,5,0,1
C24919,2024,7,July,1,1,1,0
C24919,2024,12,December,2,2,0,1
C24919,2025,9,September,3,3,0,1
C24920,2025,8,August,1,0,1,0
C24920,2025,11,November,3,1,0,0
C24921,2024,8,August,1,1,1,0
C24921,2024,10,October,2,1,0,0
C24921,2025,10,October,3,2,0,1
C24922,2024,8,August,1,0,1,0
C24922,2024,9,September,3,1,0,0
C24922,2025,4,April,4,2,0,1
C24922,2025,5,May,5,3,0,1
C24922,2025,11,November,6,4,0,1
C24923,2024,10,October,1,1,1,0
C24923,2025,3,March,2,2,0,1
C24923,2025,4,April,3,3,0,1
C24923,2025,12,December,4,4,0,1
C24924,2024,10,October,1,1,1,0
C24924,2024,11,November,2,3,0,1
C24924,2025,4,April,5,4,0,1
C24924,2025,6,June,6,5,0,1
C24924,2025,11,November,7,6,0,1
C24925,2024,7,July,1,1,1,0
C24925,2025,5,May,2,2,0,1
C24927,2024,12,December,1,0,1,0
C24927,2025,3,March,2,2,0,1
C24927,2025,7,July,4,3,0,1
C24927,2025,11,November,5,4,0,1
C24928,2025,1,January,1,0,1,0
C24929,2024,11,November,1,1,1,0
C24929,2025,9,September,2,2,0,1
C24929,2025,10,October,3,3,0,1
C24930,2025,3,March,1,1,1,0
C24930,2025,4,April,2,2,0,1
C24931,2024,11,November,1,0,1,0
C24931,2025,12,December,2,1,0,0
C24932,2024,9,September,1,1,1,0
C24932,2025,5,May,2,1,0,0
C24933,2024,11,November,1,1,1,0
C24933,2024,12,December,2,2,0,1
C24933,2025,10,October,3,3,0,1
C24934,2024,7,July,1,0,1,0
C24934,2024,9,September,2,0,0,0
C24934,2024,10,October,3,1,0,0
C24934,2025,2,February,4,2,0,1
C24934,2025,4,April,5,3,0,1
C24934,2025,7,July,6,4,0,1
C24934,2025,9,September,7,6,0,1
C24935,2024,11,November,1,0,1,0
C24935,2024,12,December,2,0,0,0
C24935,2025,1,January,3,1,0,0
C24935,2025,3,March,4,2,0,1
C24935,2025,4,April,5,3,0,1
C24936,2024,9,September,1,2,0,1
C24936,2024,10,October,3,2,0,1
C24936,2024,12,December,4,3,0,1
C24936,2025,5,May,5,5,0,1
C24936,2025,7,July,7,6,0,1
C24936,2025,10,October,8,6,0,1
C24936,2025,11,November,9,7,0,1
C24936,2025,12,December,10,8,0,1
C24937,2024,7,July,1,0,1,0
C24937,2024,10,October,2,1,0,0
C24937,2024,11,November,3,2,0,1
C24937,2024,12,December,4,2,0,1
C24937,2025,5,May,5,3,0,1
C24937,2025,10,October,6,4,0,1
C24938,2024,8,August,1,1,1,0
C24938,2024,9,September,2,2,0,1
C24938,2024,12,December,3,2,0,1
C24939,2024,10,October,1,0,1,0
C24939,2024,12,December,2,1,0,0
C24939,2025,3,March,3,2,0,1
C24939,2025,4,April,4,3,0,1
C24940,2024,7,July,1,0,1,0
C24940,2024,8,August,2,0,0,0
C24940,2024,9,September,3,1,0,0
C24940,2025,1,January,4,2,0,1
C24940,2025,3,March,5,3,0,1
C24940,2025,4,April,6,4,0,1
C24940,2025,12,December,7,6,0,1
C24941,2024,9,September,1,1,1,0
C24941,2024,10,October,2,2,0,1
C24941,2025,1,January,3,2,0,1
C24941,2025,4,April,4,3,0,1
C24941,2025,5,May,5,3,0,1
C24941,2025,6,June,6,4,0,1
C24941,2025,9,September,7,5,0,1
C24941,2025,11,November,8,6,0,1
C24941,2025,12,December,9,7,0,1
C24942,2024,9,September,1,1,1,0
C24942,2024,10,October,2,1,0,0
C24942,2025,1,January,3,1,0,0
C24942,2025,3,March,4,2,0,1
C24942,2025,9,September,5,3,0,1
C24942,2025,10,October,6,3,0,1
C24943,2025,5,May,1,0,1,0
C24943,2025,7,July,2,1,0,0
C24944,2024,11,November,1,1,1,0
C24944,2025,1,January,2,2,0,1
C24944,2025,7,July,3,4,0,1
C24944,2025,11,November,5,5,0,1
C24944,2025,12,December,6,6,0,1
C24945,2024,7,July,1,1,1,0
C24945,2024,10,October,2,2,0,1
C24947,2024,8,August,1,0,1,0
C24947,2024,9,September,2,1,0,0
C24947,2024,10,October,3,1,0,0
C24947,2024,11,November,4,2,0,1
C24947,2025,9,September,5,3,0,1
C24948,2025,3,March,1,0,1,0
C24948,2025,5,May,2,1,0,0
C24949,2024,10,October,1,1,1,0
C24950,2024,8,August,1,2,0,1
C24950,2025,1,January,3,2,0,1
C24950,2025,5,May,4,3,0,1
C24950,2025,10,October,5,5,0,1
C24951,2024,8,August,1,1,1,0
C24951,2025,12,December,2,2,0,1
C24952,2024,9,September,1,1,1,0
C24952,2025,2,February,2,2,0,1
C24952,2025,6,June,3,3,0,1
C24952,2025,11,November,4,3,0,1
C24953,2024,7,July,1,0,1,0
C24953,2025,11,November,2,1,0,0
C24954,2025,11,November,1,1,1,0
C24954,2025,12,December,2,2,0,1
C24955,2024,7,July,1,1,1,0
C24955,2024,9,September,2,2,0,1
C24955,2024,12,December,3,3,0,1
C24955,2025,2,February,4,4,0,1
C24956,2024,10,October,1,1,1,0
C24956,2025,3,March,2,2,0,1
C24956,2025,6,June,3,3,0,1
C24957,2025,5,May,1,1,1,0
C24957,2025,6,June,2,2,0,1
C24957,2025,9,September,3,3,0,1
C24957,2025,10,October,4,3,0,1
C24958,2025,3,March,1,0,1,0
C24958,2025,6,June,2,1,0,0
C24958,2025,7,July,3,2,0,1
C24958,2025,10,October,4,4,0,1
C24958,2025,12,December,6,5,0,1
C24959,2024,8,August,1,0,1,0
C24959,2024,10,October,2,0,0,0
C24959,2024,11,November,3,1,0,0
C24959,2025,3,March,4,2,0,1
C24959,2025,10,October,5,3,0,1
C24959,2025,11,November,6,4,0,1
C24960,2024,8,August,1,0,1,0
C24960,2024,11,November,2,1,0,0
C24960,2025,5,May,3,2,0,1
C24960,2025,8,August,4,3,0,1
C24961,2025,3,March,1,0,1,0
C24961,2025,5,May,2,1,0,0
C24961,2025,6,June,3,2,0,1
C24962,2025,10,October,1,1,1,0
C24963,2024,7,July,1,1,1,0
C24963,2025,1,January,2,2,0,1
C24963,2025,2,February,3,3,0,1
C24964,2024,8,August,1,1,1,0
C24964,2024,9,September,2,2,0,1
C24964,2024,10,October,3,4,0,1
C24964,2025,2,February,5,7,0,1
C24964,2025,3,March,8,7,0,1
C24964,2025,7,July,9,8,0,1
C24964,2025,9,September,10,9,0,1
C24965,2025,4,April,1,1,1,0
C24965,2025,5,May,2,2,0,1
C24965,2025,6,June,3,3,0,1
C24966,2024,9,September,1,1,1,0
C24966,2024,11,November,2,2,0,1
C24966,2025,7,July,3,2,0,1
C24966,2025,9,September,4,3,0,1
C24966,2025,10,October,5,4,0,1
C24967,2024,7,July,1,2,0,1
C24967,2025,2,February,3,2,0,1
C24967,2025,3,March,4,3,0,1
C24967,2025,4,April,5,3,0,1
C24968,2024,10,October,1,1,1,0
C24968,2025,1,January,2,2,0,1
C24968,2025,6,June,3,3,0,1
C24968,2025,12,December,4,4,0,1
C24969,2025,7,July,1,1,1,0
C24970,2025,2,February,1,1,1,0
C24970,2025,7,July,2,2,0,1
C24971,2024,8,August,1,1,1,0
C24971,2024,9,September,2,2,0,1
C24971,2025,1,January,3,3,0,1
C24972,2024,8,August,1,0,1,0
C24972,2024,11,November,2,2,0,1
C24972,2024,12,December,4,3,0,1
C24972,2025,2,February,5,4,0,1
C24972,2025,9,September,6,5,0,1
C24972,2025,11,November,7,6,0,1
C24973,2025,4,April,1,1,1,0
C24974,2024,9,September,1,2,0,1
C24974,2025,6,June,3,3,0,1
C24975,2024,8,August,1,1,1,0
C24976,2024,10,October,1,1,1,0
C24976,2024,12,December,2,2,0,1
C24976,2025,7,July,3,2,0,1
C24976,2025,9,September,4,3,0,1
C24976,2025,11,November,5,4,0,1
C24977,2025,2,February,1,0,1,0
C24977,2025,11,November,2,1,0,0
C24978,2024,7,July,1,2,0,1
C24978,2024,8,August,3,3,0,1
C24978,2024,9,September,4,4,0,1
C24978,2025,1,January,5,6,0,1
C24978,2025,2,February,7,7,0,1
C24978,2025,4,April,8,8,0,1
C24978,2025,9,September,9,9,0,1
C24978,2025,11,November,11,10,0,1
C24978,2025,12,December,12,12,0,1
C24979,2025,1,January,1,1,1,0
C24979,2025,9,September,2,1,0,0
C24980,2024,7,July,1,0,1,0
C24980,2025,2,February,2,1,0,0
C24980,2025,9,September,3,2,0,1
C24980,2025,10,October,4,3,0,1
C24981,2025,6,June,1,1,1,0
C24981,2025,9,September,2,2,0,1
C24982,2024,7,July,1,1,1,0
C24983,2024,11,November,1,1,1,0
C24983,2025,6,June,2,2,0,1
C24984,2024,7,July,1,1,1,0
C24984,2024,12,December,2,2,0,1
C24984,2025,5,May,3,4,0,1
C24984,2025,6,June,5,5,0,1
C24984,2025,7,July,6,7,0,1
C24984,2025,10,October,8,8,0,1
C24984,2025,12,December,9,9,0,1
C24985,2024,7,July,1,1,1,0
C24985,2024,8,August,2,2,0,1
C24985,2024,10,October,4,3,0,1
C24985,2024,12,December,5,5,0,1
C24985,2025,4,April,7,6,0,1
C24985,2025,5,May,8,7,0,1
C24985,2025,9,September,9,8,0,1
C24985,2025,10,October,11,9,0,1
C24985,2025,11,November,12,10,0,1
C24986,2024,8,August,1,0,1,0
C24986,2024,9,September,2,0,0,0
C24986,2024,12,December,3,1,0,0
C24986,2025,4,April,4,2,0,1
C24986,2025,6,June,5,3,0,1
C24986,2025,11,November,6,3,0,1
C24987,2024,7,July,1,1,1,0
C24987,2025,3,March,2,2,0,1
C24987,2025,6,June,3,3,0,1
C24987,2025,7,July,4,4,0,1
C24987,2025,12,December,5,5,0,1
C24988,2024,10,October,1,1,1,0
C24989,2025,2,February,1,1,1,0
C24989,2025,3,March,2,2,0,1
C24989,2025,6,June,3,3,0,1
C24990,2024,11,November,1,2,0,1
C24990,2025,7,July,3,3,0,1
C24990,2025,9,September,4,3,0,1
C24991,2024,11,November,1,1,1,0
C24991,2025,12,December,2,2,0,1
C24992,2024,11,November,1,0,1,0
C24992,2025,2,February,2,1,0,0
C24993,2024,10,October,1,1,1,0
C24993,2024,12,December,2,2,0,1
C24993,2025,3,March,3,3,0,1
C24993,2025,10,October,4,4,0,1
C24993,2025,12,December,5,5,0,1
C24994,2024,11,November,1,1,1,0
C24994,2025,3,March,2,2,0,1
C24995,2024,9,September,1,1,1,0
C24995,2024,11,November,2,2,0,1
C24995,2025,4,April,3,3,0,1
C24995,2025,12,December,4,5,0,1
C24996,2024,11,November,1,1,1,0
C24996,2025,2,February,2,3,0,1
C24996,2025,4,April,4,3,0,1
C24996,2025,7,July,5,4,0,1
C24997,2024,8,August,1,1,1,0
C24997,2024,10,October,2,3,0,1
C24997,2025,5,May,4,4,0,1
C24998,2024,9,September,1,1,1,0
C24998,2025,2,February,2,2,0,1
C24998,2025,3,March,3,3,0,1
C24998,2025,7,July,4,3,0,1
C24999,2024,12,December,1,1,1,0
C24999,2025,3,March,2,2,0,1
C25000,2024,7,July,1,2,0,1
C25000,2024,11,November,3,4,0,1
C25000,2025,1,January,5,4,0,1
C25000,2025,5,May,6,4,0,1
C25000,2025,6,June,7,5,0,1
C25000,2025,11,November,8,6,0,1
